#Parameters = {r1=0.5; r2=10; N=5; gap=0.5; Linear_Spiral_cst_torrus_orientation=0; Linear_Spiral_cst_torrus_N=5; Linear_Spiral_cst_torrus_phi=15; Linear_Spiral_cst_torrus_ri=0.5; Linear_Spiral_cst_torrus_ra=10; Linear_Spiral_cst_torrus_h=102}
#"Frequency / GHz"	"Z1,1 [Real/Imaginary Part] [Re]"	"Z1,1 [Real/Imaginary Part] [Im]"
#-------------------------------------------------------------------------------------
0.0000000000000	0.089275038275521	0.13276026053145
0.00050000000000000	0.091359205513035	1.8843029211168
0.0010000000000000	0.093493526647024	3.6360461978756
0.0015000000000000	0.095678767560925	5.3880210199083
0.0020000000000000	0.097915729417396	7.1402583575405
0.0025000000000000	0.10020525038648	8.8927892243927
0.0030000000000000	0.10254820747729	10.645644679445
0.0035000000000000	0.10494551847750	12.398855829089
0.0040000000000000	0.10739814400917	14.152453829173
0.0045000000000000	0.10990708970761	15.906469887019
0.0050000000000000	0.11247340853184	17.660935263435
0.0055000000000000	0.11509820321422	19.415881274694
0.0060000000000000	0.11778262885926	21.171339294482
0.0065000000000000	0.12052789570134	22.927340755823
0.0070000000000000	0.12333527203078	24.683917152950
0.0075000000000000	0.12620608730038	26.441100043144
0.0080000000000000	0.12914173542317	28.198921048504
0.0085000000000000	0.13214367827512	29.957411857665
0.0090000000000000	0.13521344941475	31.716604227437
0.0095000000000000	0.13835265803537	33.476529984361
0.010000000000000	0.14156299316342	35.237221026171
0.010500000000000	0.14484622812082	36.998709323145
0.011000000000000	0.14820422526635	38.761026919328
0.011500000000000	0.15163894103640	40.524205933616
0.012000000000000	0.15515243130200	42.288278560676
0.012500000000000	0.15874685706389	44.053277071679
0.013000000000000	0.16242449050718	45.819233814827
0.013500000000000	0.16618772143552	47.586181215644
0.014000000000000	0.17003906411359	49.354151776998
0.014500000000000	0.17398116453644	51.123178078816
0.015000000000000	0.17801680815677	52.893292777468
0.015500000000000	0.18214892809441	54.664528604761
0.016000000000000	0.18638061385680	56.436918366493
0.016500000000000	0.19071512059986	58.210494940535
0.017000000000000	0.19515587895692	59.985291274345
0.017500000000000	0.19970650546790	61.761340381883
0.018000000000000	0.20437081363864	63.538675339814
0.018500000000000	0.20915282566010	65.317329282949
0.019000000000000	0.21405678481490	67.097335398795
0.019500000000000	0.21908716860538	68.878726921132
0.020000000000000	0.22424870262208	70.661537122485
0.020500000000000	0.22954637518406	72.445799305360
0.021000000000000	0.23498545276390	74.231546792092
0.021500000000000	0.24057149621767	76.018812913151
0.022000000000000	0.24631037782457	77.807630993702
0.022500000000000	0.25220829913729	79.598034338223
0.023000000000000	0.25827180962931	81.390056212959
0.023500000000000	0.26450782611440	83.183729825940
0.024000000000000	0.27092365289718	84.979088304293
0.024500000000000	0.27752700258370	86.776164668533
0.025000000000000	0.28432601747157	88.574991803483
0.025500000000000	0.29132929138271	90.375602425449
0.026000000000000	0.29854589179325	92.178029045223
0.026500000000000	0.30598538203902	93.982303926465
0.027000000000000	0.31365784332842	95.788459038952
0.027500000000000	0.32157389625681	97.596526006161
0.028000000000000	0.32974472136374	99.406536046588
0.028500000000000	0.33818207827324	101.21851990818
0.029000000000000	0.34689832275309	103.03250779520
0.029500000000000	0.35590642096664	104.84852928681
0.030000000000000	0.36521995999043	106.66661324663
0.030500000000000	0.37485315351083	108.48678772254
0.031000000000000	0.38482084138331	110.30907983590
0.031500000000000	0.39513848153440	112.13351565949
0.032000000000000	0.40582213232722	113.96012008338
0.032500000000000	0.41688842331145	115.78891666821
0.033000000000000	0.42835451177959	117.61992748524
0.033500000000000	0.44023802230825	119.45317294301
0.034000000000000	0.45255696584759	121.28867160030
0.034500000000000	0.46532963467047	123.12643996604
0.035000000000000	0.47857446867698	124.96649228664
0.035500000000000	0.49230988844536	126.80884032228
0.036000000000000	0.50655408940540	128.65349311445
0.036500000000000	0.52132479154929	130.50045674775
0.037000000000000	0.53663893815759	132.34973411053
0.037500000000000	0.55251233717388	134.20132466025
0.038000000000000	0.56895923842628	136.05522420131
0.038500000000000	0.58599184023565	137.91142468511
0.039000000000000	0.60361971944670	139.76991404463
0.039500000000000	0.62184918002824	141.63067607842
0.040000000000000	0.64068251706936	143.49369040185
0.040500000000000	0.66011719570384	145.35893248667
0.041000000000000	0.68014494792904	147.22637381263
0.041500000000000	0.70075079527672	149.09598215817
0.042000000000000	0.72191201123652	150.96772205904
0.042500000000000	0.74359704504230	152.84155546505
0.043000000000000	0.76576443725747	154.71744262466
0.043500000000000	0.78836176777445	156.59534322498
0.044000000000000	0.81132468798010	158.47521780899
0.044500000000000	0.83457609980349	160.35702948336
0.045000000000000	0.85802555499610	162.24074591723
0.045500000000000	0.88156895616424	164.12634161522
0.046000000000000	0.90508864579667	166.01380042641
0.046500000000000	0.92845396870595	167.90311822559
0.047000000000000	0.95152238501844	169.79430567580
0.047500000000000	0.97414119397021	171.68739095255
0.048000000000000	0.99614990164989	173.58242228551
0.048500000000000	1.0173832291648	175.47947015361
0.049000000000000	1.0376747122750	177.37862896072
0.049500000000000	1.0568607928950	179.28001802365
0.050000000000000	1.0747852508003	181.18378172493
0.050500000000000	1.0913037770580	183.09008872147
0.051000000000000	1.1062884546475	184.99913015452
0.051500000000000	1.1196318932504	186.91111687343
0.052000000000000	1.1312507681094	188.82627575872
0.052500000000000	1.1410885396883	190.74484530172
0.053000000000000	1.1491171803063	192.66707065911
0.053500000000000	1.1553378013618	194.59319844429
0.054000000000000	1.1597801532692	196.52347153742
0.054500000000000	1.1625010505945	198.45812419012
0.055000000000000	1.1635818482167	200.39737767021
0.055500000000000	1.1631251530873	202.34143664140
0.056000000000000	1.1612509939613	204.29048640830
0.056500000000000	1.1580926875966	206.24469108829
0.057000000000000	1.1537926337837	208.20419270470
0.057500000000000	1.1484982475379	210.16911113799
0.058000000000000	1.1423581995525	212.13954482748
0.058500000000000	1.1355190916150	214.11557208691
0.059000000000000	1.1281226474238	216.09725288395
0.059500000000000	1.1203034558134	218.08463093343
0.060000000000000	1.1121872661412	220.07773596464
0.060500000000000	1.1038898060673	222.07658604140
0.061000000000000	1.0955160710219	224.08118983511
0.061500000000000	1.0871600218577	226.09154877476
0.062000000000000	1.0789046211547	228.10765902041
0.062500000000000	1.0708221385648	230.12951322671
0.063000000000000	1.0629746593415	232.15710208036
0.063500000000000	1.0554147367410	234.19041560894
0.064000000000000	1.0481861370336	236.22944426878
0.064500000000000	1.0413246345607	238.27417982661
0.065000000000000	1.0348588225063	240.32461605436
0.065500000000000	1.0288109130636	242.38074925851
0.066000000000000	1.0231975074202	244.44257866639
0.066500000000000	1.0180303221276	246.51010669112
0.067000000000000	1.0133168629446	248.58333909564
0.067500000000000	1.0090610415596	250.66228507444
0.068000000000000	1.0052637331632	252.74695726954
0.068500000000000	1.0019232754311	254.83737173515
0.069000000000000	0.99903591100491	256.93354786340
0.069500000000000	0.99659617644544	259.03550828129
0.070000000000000	0.99459724165140	261.14327872772
0.070500000000000	0.99303120386486	263.25688791738
0.071000000000000	0.99188934050121	265.37636739710
0.071500000000000	0.99116232522424	267.50175139923
0.072000000000000	0.99084041127403	269.63307669529
0.072500000000000	0.99091358586077	271.77038245255
0.073000000000000	0.99137169941962	273.91371009541
0.073500000000000	0.99220457268411	276.06310317305
0.074000000000000	0.99340208480191	278.21860723394
0.074500000000000	0.99495424507323	280.38026970814
0.075000000000000	0.99685125050286	282.54813979736
0.075500000000000	0.99908353134466	284.72226837300
0.076000000000000	1.0016417866803	286.90270788202
0.076500000000000	1.0045170110843	289.08951226044
0.077000000000000	1.0077005142870	291.28273685414
0.077500000000000	1.0111839346758	293.48243834674
0.078000000000000	1.0149592478711	295.68867469394
0.078500000000000	1.0190187710266	297.90150506423
0.079000000000000	1.0233551638894	300.12098978523
0.079500000000000	1.0279614269990	302.34719029556
0.080000000000000	1.0328308977083	304.58016910162
0.080500000000000	1.0379572444435	306.81998973907
0.081000000000000	1.0433344595947	309.06671673846
0.081500000000000	1.0489568514145	311.32041559494
0.082000000000000	1.0548190350226	313.58115274144
0.082500000000000	1.0609159229682	315.84899552521
0.083000000000000	1.0672427154457	318.12401218742
0.083500000000000	1.0737948901561	320.40627184550
0.084000000000000	1.0805681923108	322.69584447803
0.084500000000000	1.0875586244327	324.99280091198
0.085000000000000	1.0947624364366	327.29721281204
0.085500000000000	1.1021761157434	329.60915267197
0.086000000000000	1.1097963777236	331.92869380765
0.086500000000000	1.1176201563757	334.25591035184
0.087000000000000	1.1256445951911	336.59087725042
0.087500000000000	1.1338670384986	338.93367025995
0.088000000000000	1.1422850229790	341.28436594660
0.088500000000000	1.1508962696308	343.64304168614
0.089000000000000	1.1596986759903	346.00977566510
0.089500000000000	1.1686903087585	348.38464688281
0.090000000000000	1.1778693967060	350.76773515444
0.090500000000000	1.1872343239486	353.15912111486
0.091000000000000	1.1967836235341	355.55888622324
0.091500000000000	1.2065159713503	357.96711276846
0.092000000000000	1.2164301803327	360.38388387514
0.092500000000000	1.2265251950101	362.80928351029
0.093000000000000	1.2368000862519	365.24339649064
0.093500000000000	1.2472540464351	367.68630849043
0.094000000000000	1.2578863847058	370.13810604980
0.094500000000000	1.2686965226152	372.59887658361
0.095000000000000	1.2796839900223	375.06870839085
0.095500000000000	1.2908484211065	377.54769066430
0.096000000000000	1.3021895507055	380.03591350088
0.096500000000000	1.3137072108558	382.53346791216
0.097000000000000	1.3254013275009	385.04044583544
0.097500000000000	1.3372719174113	387.55694014511
0.098000000000000	1.3493190853067	390.08304466448
0.098500000000000	1.3615430211547	392.61885417784
0.099000000000000	1.3739439975734	395.16446444298
0.099500000000000	1.3865223674895	397.71997220400
0.10000000000000	1.3992785618899	400.28547520448
0.10050000000000	1.4122130877173	402.86107220093
0.10100000000000	1.4253265259102	405.44686297664
0.10150000000000	1.4386195296480	408.04294835580
0.10200000000000	1.4520928225689	410.64943021795
0.10250000000000	1.4657471972116	413.26641151277
0.10300000000000	1.4795835135831	415.89399627513
0.10350000000000	1.4936026977919	418.53228964054
0.10400000000000	1.5078057407239	421.18139786082
0.10450000000000	1.5221936970080	423.84142832018
0.10500000000000	1.5367676838532	426.51248955154
0.10550000000000	1.5515288800811	429.19469125325
0.10600000000000	1.5664785253180	431.88814430601
0.10650000000000	1.5816179190845	434.59296079027
0.10700000000000	1.5969484200991	437.30925400382
0.10750000000000	1.6124714456883	440.03713847982
0.10800000000000	1.6281884710687	442.77673000505
0.10850000000000	1.6441010289661	445.52814563863
0.10900000000000	1.6602107091230	448.29150373097
0.10950000000000	1.6765191578454	451.06692394316
0.11000000000000	1.6930280777752	453.85452726661
0.11050000000000	1.7097392275144	456.65443604317
0.11100000000000	1.7266544215806	459.46677398552
0.11150000000000	1.7437755300662	462.29166619799
0.11200000000000	1.7611044786970	465.12923919773
0.11250000000000	1.7786432486263	467.97962093624
0.11300000000000	1.7963938765922	470.84294082137
0.11350000000000	1.8143584548293	473.71932973965
0.11400000000000	1.8325391312766	476.60892007904
0.11450000000000	1.8509381096297	479.51184575210
0.11500000000000	1.8695576495534	482.42824221960
0.11550000000000	1.8884000669854	485.35824651456
0.11600000000000	1.9074677342519	488.30199726666
0.11650000000000	1.9267630805496	491.25963472721
0.11700000000000	1.9462885921526	494.23130079448
0.11750000000000	1.9660468129428	497.21713903956
0.11800000000000	1.9860403447156	500.21729473268
0.11850000000000	2.0062718477637	503.23191486998
0.11900000000000	2.0267440413716	506.26114820082
0.11950000000000	2.0474597042160	509.30514525561
0.12000000000000	2.0684216752075	512.36405837408
0.12050000000000	2.0896328539022	515.43804173419
0.12100000000000	2.1110962013128	518.52725138148
0.12150000000000	2.1328147405260	521.63184525902
0.12200000000000	2.1547915574306	524.75198323795
0.12250000000000	2.1770298015243	527.88782714852
0.12300000000000	2.1995326868553	531.03954081181
0.12350000000000	2.2223034925412	534.20729007198
0.12400000000000	2.2453455640522	537.39124282918
0.12450000000000	2.2686623137666	540.59156907307
0.12500000000000	2.2922572222660	543.80844091700
0.12550000000000	2.3161338391236	547.04203263282
0.12600000000000	2.3402957839154	550.29252068640
0.12650000000000	2.3647467475455	553.56008377383
0.12700000000000	2.3894904930331	556.84490285829
0.12750000000000	2.4145308569729	560.14716120768
0.12800000000000	2.4398717504565	563.46704443300
0.12850000000000	2.4655171605178	566.80474052741
0.12900000000000	2.4914711512606	570.16043990619
0.12950000000000	2.5177378653204	573.53433544732
0.13000000000000	2.5443215250785	576.92662253305
0.13050000000000	2.5712264341492	580.33749909213
0.13100000000000	2.5984569788241	583.76716564305
0.13150000000000	2.6260176294509	587.21582533800
0.13200000000000	2.6539129421081	590.68368400780
0.13250000000000	2.6821475601315	594.17095020774
0.13300000000000	2.7107262157363	597.67783526430
0.13350000000000	2.7396537316233	601.20455332289
0.13400000000000	2.7689350228505	604.75132139648
0.13450000000000	2.7985750984588	608.31835941535
0.13500000000000	2.8285790632864	611.90589027771
0.13550000000000	2.8589521200098	615.51413990152
0.13600000000000	2.8896995709167	619.14333727725
0.13650000000000	2.9208268199276	622.79371452187
0.13700000000000	2.9523393746653	626.46550693384
0.13750000000000	2.9842428483579	630.15895304937
0.13800000000000	3.0165429624265	633.87429469974
0.13850000000000	3.0492455481004	637.61177706997
0.13900000000000	3.0823565492828	641.37164875860
0.13950000000000	3.1158820242961	645.15416183886
0.14000000000000	3.1498281488445	648.95957192104
0.14050000000000	3.1842012181163	652.78813821629
0.14100000000000	3.2190076493639	656.64012360173
0.14150000000000	3.2542539845394	660.51579468698
0.14200000000000	3.2899468930617	664.41542188215
0.14250000000000	3.3260931744748	668.33927946729
0.14300000000000	3.3626997611120	672.28764566337
0.14350000000000	3.3997737214476	676.26080270482
0.14400000000000	3.4373222623949	680.25903691362
0.14450000000000	3.4753527329513	684.28263877510
0.14500000000000	3.5138726271994	688.33190301535
0.14550000000000	3.5528895873490	692.40712868042
0.14600000000000	3.5924114071982	696.50861921721
0.14650000000000	3.6324460354734	700.63668255626
0.14700000000000	3.6730015794182	704.79163119632
0.14750000000000	3.7140863084557	708.97378229089
0.14800000000000	3.7557086575838	713.18345773671
0.14850000000000	3.7978772315082	717.42098426422
0.14900000000000	3.8406008084704	721.68669353020
0.14950000000000	3.8838883440333	725.98092221236
0.15000000000000	3.9277489755855	730.30401210629
0.15050000000000	3.9721920262720	734.65631022452
0.15100000000000	4.0172270095400	739.03816889797
0.15150000000000	4.0628636336102	743.44994587967
0.15200000000000	4.1091118060479	747.89200445103
0.15250000000000	4.1559816384680	752.36471353048
0.15300000000000	4.2034834515056	756.86844778472
0.15350000000000	4.2516277799080	761.40358774268
0.15400000000000	4.3004253773935	765.97051991206
0.15450000000000	4.3498872223047	770.56963689873
0.15500000000000	4.4000245229496	775.20133752898
0.15550000000000	4.4508487232379	779.86602697469
0.15600000000000	4.5023715082192	784.56411688155
0.15650000000000	4.5546048106843	789.29602550037
0.15700000000000	4.6075608164600	794.06217782164
0.15750000000000	4.6612519715030	798.86300571324
0.15800000000000	4.7156909877805	803.69894806173
0.15850000000000	4.7708908503673	808.57045091697
0.15900000000000	4.8268648241624	813.47796764037
0.15950000000000	4.8836264608903	818.42195905687
0.16000000000000	4.9411896065514	823.40289361062
0.16050000000000	4.9995684090451	828.42124752466
0.16100000000000	5.0587773256614	833.47750496455
0.16150000000000	5.1188311311199	838.57215820619
0.16200000000000	5.1797449259158	843.70570780786
0.16250000000000	5.2415341449087	848.87866278665
0.16300000000000	5.3042145654721	854.09154079945
0.16350000000000	5.3678023172437	859.34486832855
0.16400000000000	5.4323138909066	864.63918087207
0.16450000000000	5.4977661479590	869.97502313927
0.16500000000000	5.5641763304826	875.35294925105
0.16550000000000	5.6315620713674	880.77352294557
0.16600000000000	5.6999414046689	886.23731778942
0.16650000000000	5.7693327767112	891.74491739421
0.16700000000000	5.8397550568675	897.29691563905
0.16750000000000	5.9112275496911	902.89391689885
0.16800000000000	5.9837700057042	908.53653627878
0.16850000000000	6.0574026346953	914.22539985501
0.16900000000000	6.1321461182082	919.96114492196
0.16950000000000	6.2080216219344	925.74442024627
0.17000000000000	6.2850508099589	931.57588632766
0.17050000000000	6.3632558582682	937.45621566694
0.17100000000000	6.4426594690642	943.38609304140
0.17150000000000	6.5232848860313	949.36621578779
0.17200000000000	6.6051559092013	955.39729409316
0.17250000000000	6.6882969111474	961.48005129381
0.17300000000000	6.7727328531492	967.61522418264
0.17350000000000	6.8584893020863	973.80356332505
0.17400000000000	6.9455924482047	980.04583338392
0.17450000000000	7.0340691228358	986.34281345369
0.17500000000000	7.1239468169597	992.69529740406
0.17550000000000	7.2152537014369	999.10409423349
0.17600000000000	7.3080186458834	1005.5700284329
0.17650000000000	7.4022712398952	1012.0939403601
0.17700000000000	7.4980418144438	1018.6766866245
0.17750000000000	7.5953614638852	1025.3191404840
0.17800000000000	7.6942620687204	1032.0221922526
0.17850000000000	7.7947763197940	1038.7867497209
0.17900000000000	7.8969377420817	1045.6137385884
0.17950000000000	8.0007807205660	1052.5041029088
0.18000000000000	8.1063405267933	1059.4588055493
0.18050000000000	8.2136533452430	1066.4788286627
0.18100000000000	8.3227563025772	1073.5651741746
0.18150000000000	8.4336874959068	1080.7188642853
0.18200000000000	8.5464860241304	1087.9409419864
0.18250000000000	8.6611920183213	1095.2324715943
0.18300000000000	8.7778466745883	1102.5945392993
0.18350000000000	8.8964922884929	1110.0282537323
0.18400000000000	9.0171722890955	1117.5347465489
0.18450000000000	9.1399312757612	1125.1151730319
0.18500000000000	9.2648150556421	1132.7707127131
0.18550000000000	9.3918706829846	1140.5025700143
0.18600000000000	9.5211464992634	1148.3119749089
0.18650000000000	9.6526921755532	1156.2001836050
0.18700000000000	9.7865587564472	1164.1684792504
0.18750000000000	9.9227987046704	1172.2181726600
0.18800000000000	10.061465948917	1180.3506030676
0.18850000000000	10.202615932861	1188.5671389017
0.18900000000000	10.346305664803	1196.8691785873
0.18950000000000	10.492593772339	1205.2581513738
0.19000000000000	10.641540555753	1213.7355181911
0.19050000000000	10.793208045754	1222.3027725337
0.19100000000000	10.947660062962	1230.9614413749
0.19150000000000	11.104962279852	1239.7130861119
0.19200000000000	11.265182283811	1248.5593035434
0.19250000000000	11.428389645759	1257.5017268797
0.19300000000000	11.594655988442	1266.5420267892
0.19350000000000	11.764055058985	1275.6819124792
0.19400000000000	11.936662805079	1284.9231328160
0.19450000000000	12.112557452870	1294.2674774837
0.19500000000000	12.291819588902	1303.7167781832
0.19550000000000	12.474532245217	1313.2729098748
0.19600000000000	12.660780989192	1322.9377920646
0.19650000000000	12.850654014564	1332.7133901367
0.19700000000000	13.044242239170	1342.6017167340
0.19750000000000	13.241639405706	1352.6048331895
0.19800000000000	13.442942186018	1362.7248510084
0.19850000000000	13.648250291655	1372.9639334069
0.19900000000000	13.857666588025	1383.3242969056
0.19950000000000	14.071297213335	1393.8082129840
0.20000000000000	14.289251704087	1404.4180097961
0.20050000000000	14.511643125737	1415.1560739508
0.20100000000000	14.738588207541	1426.0248523597
0.20150000000000	14.970207486848	1437.0268541557
0.20200000000000	15.206625455611	1448.1646526853
0.20250000000000	15.447970718323	1459.4408875774
0.20300000000000	15.694376153366	1470.8582668932
0.20350000000000	15.945979083947	1482.4195693599
0.20400000000000	16.202921455786	1494.1276466927
0.20450000000000	16.465350024614	1505.9854260087
0.20500000000000	16.733416550777	1517.9959123374
0.20550000000000	17.007278004468	1530.1621912318
0.20600000000000	17.287096780668	1542.4874314858
0.20650000000000	17.573040923118	1554.9748879618
0.20700000000000	17.865284360190	1567.6279045344
0.20750000000000	18.164007153113	1580.4499171561
0.20800000000000	18.469395755181	1593.4444570500
0.20850000000000	18.781643282477	1606.6151540364
0.20900000000000	19.100949802978	1619.9657400002
0.20950000000000	19.427522633215	1633.5000525048
0.21000000000000	19.761576656376	1647.2220385614
0.21050000000000	20.103334653378	1661.1357585600
0.21100000000000	20.453027649642	1675.2453903715
0.21150000000000	20.810895284447	1689.5552336291
0.21200000000000	21.177186194012	1704.0697141981
0.21250000000000	21.552158419115	1718.7933888438
0.21300000000000	21.936079830331	1733.7309501086
0.21350000000000	22.329228581893	1748.8872314083
0.21400000000000	22.731893581286	1764.2672123594
0.21450000000000	23.144374992043	1779.8760243504
0.21500000000000	23.566984759419	1795.7189563698
0.21550000000000	24.000047167746	1811.8014611038
0.21600000000000	24.443899425145	1828.1291613202
0.21650000000000	24.898892284492	1844.7078565528
0.21700000000000	25.365390696255	1861.5435301037
0.21750000000000	25.843774500571	1878.6423563805
0.21800000000000	26.334439157854	1896.0107085884
0.21850000000000	26.837796520820	1913.6551667965
0.21900000000000	27.354275652692	1931.5825263994
0.21950000000000	27.884323691172	1949.7998069983
0.22000000000000	28.428406766069	1968.3142617246
0.22050000000000	28.987010970015	1987.1333870327
0.22100000000000	29.560643385133	2006.2649329894
0.22150000000000	30.149833177339	2025.7169140899
0.22200000000000	30.755132752204	2045.4976206316
0.22250000000000	31.377118983224	2065.6156306805
0.22300000000000	32.016394518424	2086.0798226647
0.22350000000000	32.673589166116	2106.8993886363
0.22400000000000	33.349361370106	2128.0838482407
0.22450000000000	34.044399777388	2149.6430634393
0.22500000000000	34.759424905806	2171.5872540338
0.22550000000000	35.495190925410	2193.9270140420
0.22600000000000	36.252487546875	2216.6733289805
0.22650000000000	37.032142045224	2239.8375941151
0.22700000000000	37.835021410884	2263.4316337399
0.22750000000000	38.662034648310	2287.4677215555
0.22800000000000	39.514135231182	2311.9586022192
0.22850000000000	40.392323726124	2336.9175141471
0.22900000000000	41.297650597679	2362.3582136522
0.22950000000000	42.231219208317	2388.2950005138
0.23000000000000	43.194189034294	2414.7427450740
0.23050000000000	44.187779107962	2441.7169169727
0.23100000000000	45.213271707951	2469.2336156348
0.23150000000000	46.272016321272	2497.3096026380
0.23200000000000	47.365433895466	2525.9623360950
0.23250000000000	48.495021404186	2555.2100072012
0.23300000000000	49.662356761418	2585.0715791051
0.23350000000000	50.869104107392	2615.5668282782
0.23400000000000	52.117019495526	2646.7163885730
0.23450000000000	53.407957030643	2678.5417981735
0.23500000000000	54.743875479298	2711.0655496645
0.23550000000000	56.126845410067	2744.3111434623
0.23600000000000	57.559056908466	2778.3031448733
0.23650000000000	59.042827914639	2813.0672450715
0.23700000000000	60.580613246784	2848.6303263119
0.23750000000000	62.175014376381	2885.0205317261
0.23800000000000	63.828790027052	2922.2673400822
0.23850000000000	65.544867667433	2960.4016459232
0.23900000000000	67.326356008731	2999.4558455415
0.23950000000000	69.176558571833	3039.4639292923
0.24000000000000	71.098988474150	3080.4615807943
0.24050000000000	73.097384524758	3122.4862836285
0.24100000000000	75.175728777346	3165.5774362009
0.24150000000000	77.338265703315	3209.7764755075
0.24200000000000	79.589523131945	3255.1270106186
0.24250000000000	81.934335182414	3301.6749667799
0.24300000000000	84.377867356748	3349.4687411325
0.24350000000000	86.925644089196	3398.5593711545
0.24400000000000	89.583578982981	3449.0007170556
0.24450000000000	92.358008047520	3500.8496594893
0.24500000000000	95.255726308929	3554.1663141030
0.24550000000000	98.284028148657	3609.0142646225
0.24600000000000	101.45075184001	3665.4608163638
0.24650000000000	104.76432877768	3723.5772722891
0.24700000000000	108.23383796838	3783.4392339796
0.24750000000000	111.86906645159	3845.1269301856
0.24800000000000	115.68057636516	3908.7255759440
0.24850000000000	119.67977956116	3974.3257656287
0.24900000000000	123.87902067927	4042.0239037330
0.24950000000000	128.29166985228	4111.9226776693
0.25000000000000	132.93222633244	4184.1315774419
0.25050000000000	137.81643449028	4258.7674676990
0.25100000000000	142.96141394330	4335.9552184185
0.25150000000000	148.38580580311	4415.8284013503
0.25200000000000	154.10993735272	4498.5300603450
0.25250000000000	160.15600783994	4584.2135648626
0.25300000000000	166.54829858694	4673.0435573142
0.25350000000000	173.31341104030	4765.1970064787
0.25400000000000	180.48053715643	4860.8643810874
0.25450000000000	188.08176718232	4960.2509598507
0.25500000000000	196.15244087409	5063.5782967649
0.25550000000000	204.73154929377	5171.0858635588
0.25600000000000	213.86219566399	5283.0328947272
0.25650000000000	223.59212539931	5399.7004648496
0.25700000000000	233.97433740529	5521.3938329676
0.25750000000000	245.06779125219	5648.4450948481
0.25800000000000	256.93822762866	5781.2161912546
0.25850000000000	269.65912346503	5920.1023290856
0.25900000000000	283.31280731895	6065.5358828692
0.25950000000000	297.99176669174	6217.9908569300
0.26000000000000	313.80018570021	6377.9880042599
0.26050000000000	330.85576075696	6546.1007172927
0.26100000000000	349.29185298662	6722.9618294187
0.26150000000000	369.26005070178	6909.2714952240
0.26200000000000	390.93323335568	7105.8063536965
0.26250000000000	414.50925232341	7313.4302238307
0.26300000000000	440.21537415086	7533.1066388425
0.26350000000000	468.31367199512	7765.9135968039
0.26400000000000	499.10760321705	8013.0609964444
0.26450000000000	532.95008027134	8275.9113430245
0.26500000000000	570.25343443335	8556.0044585234
0.26550000000000	611.50179593913	8855.0871237312
0.26600000000000	657.26658228707	9175.1488319635
0.26650000000000	708.22601734997	9518.4651652685
0.26700000000000	765.18992245368	9887.6507426200
0.26750000000000	829.13146661151	10285.724275174
0.26800000000000	901.22819394808	10716.189052373
0.26850000000000	982.91554915455	11183.133254814
0.26900000000000	1075.9574316524	11691.355961013
0.26950000000000	1182.5402367547	12246.526754268
0.27000000000000	1305.3997205830	12855.389691197
0.27050000000000	1447.9943971324	13526.026434284
0.27100000000000	1614.7459310774	14268.199130477
0.27150000000000	1811.3776338963	15093.801971662
0.27200000000000	2045.3992927730	16017.462566930
0.27250000000000	2326.8147405658	17057.352205247
0.27300000000000	2669.1761184965	18236.290646880
0.27350000000000	3091.1912130751	19583.270356340
0.27400000000000	3619.2374924452	21135.582417205
0.27450000000000	4291.4082301677	22941.806736165
0.27500000000000	5164.2359036834	25066.029630037
0.27550000000000	6324.2713181884	27593.732986539
0.27600000000000	7908.8360451128	30639.681679879
0.27650000000000	10144.876919576	34357.128887844
0.27700000000000	13425.130615879	38943.173556045
0.27750000000000	18463.885199189	44617.247525353
0.27800000000000	26621.866639146	51479.389561203
0.27850000000000	40533.959419235	58877.999425908
0.27900000000000	64699.028528039	62949.523108060
0.27950000000000	101076.29231879	50024.805805093
0.28000000000000	125679.86356580	2317.8463271694
0.28050000000000	103949.83236993	-47451.038233890
0.28100000000000	67304.669688132	-62583.233075607
0.28150000000000	42292.888322967	-59280.650948869
0.28200000000000	27812.364481041	-52063.143456471
0.28250000000000	19318.265022026	-45217.713433700
0.28300000000000	14075.101274026	-39520.915943232
0.28350000000000	10663.329690879	-34906.529692332
0.28400000000000	8337.8123339316	-31163.640483863
0.28450000000000	6689.3398911539	-28096.654849482
0.28500000000000	5481.7598313196	-25551.965830562
0.28550000000000	4572.3450444479	-23414.076748833
0.28600000000000	3871.2192734064	-21596.807444182
0.28650000000000	3319.7167688964	-20035.499507393
0.28700000000000	2878.3241823816	-18681.127448974
0.28750000000000	2519.6874877073	-17496.058956590
0.28800000000000	2224.4078811788	-16451.041002250
0.28850000000000	1978.4318088379	-15523.054141338
0.28900000000000	1771.3834419672	-14693.773030105
0.28950000000000	1595.4715317968	-13948.450241918
0.29000000000000	1444.7560485909	-13275.097587457
0.29050000000000	1314.6458334928	-12663.878532872
0.29100000000000	1201.5479422638	-12106.652043055
0.29150000000000	1102.6186459067	-11596.626280653
0.29200000000000	1015.5838329189	-11128.092906720
0.29250000000000	938.60760399490	-10696.221171854
0.29300000000000	870.19485668958	-10296.896830689
0.29350000000000	809.11818936333	-9926.5949991494
0.29400000000000	754.36243688529	-9582.2789619382
0.29450000000000	705.08214721876	-9261.3190000017
0.29500000000000	660.56866438053	-8961.4267956792
0.29550000000000	620.22441853827	-8680.6020572757
0.29600000000000	583.54267669402	-8417.0888022869
0.29650000000000	550.09146891298	-8169.3393304633
0.29700000000000	519.50073525449	-7935.9843611352
0.29750000000000	491.45197710411	-7715.8081438990
0.29800000000000	465.66987081219	-7507.7276064581
0.29850000000000	441.91542979071	-7310.7747987272
0.29900000000000	419.98039716615	-7124.0820430752
0.29950000000000	399.68262212761	-6946.8693179338
0.30000000000000	380.86222796630	-6778.4334937042
0.30050000000000	363.37842042177	-6618.1391122583
0.30100000000000	347.10681707439	-6465.4104585404
0.30150000000000	331.93720286208	-6319.7247184159
0.30200000000000	317.77163561114	-6180.6060534806
0.30250000000000	304.52284079981	-6047.6204529199
0.30300000000000	292.11284597223	-5920.3712463705
0.30350000000000	280.47181491824	-5798.4951810472
0.30400000000000	269.53704883766	-5681.6589822349
0.30450000000000	259.25212772212	-5569.5563291955
0.30500000000000	249.56616991728	-5461.9051892222
0.30550000000000	240.43319162072	-5358.4454614063
0.30600000000000	231.81155118598	-5258.9368890125
0.30650000000000	223.66346566674	-5163.1572054603
0.30700000000000	215.95458901161	-5070.9004840289
0.30750000000000	208.65364315471	-4981.9756656716
0.30800000000000	201.73209447961	-4896.2052429514
0.30850000000000	195.16386945306	-4813.4240811392
0.30900000000000	188.92510404170	-4733.4783601092
0.30950000000000	182.99392246188	-4656.2246228496
0.31000000000000	177.35024133449	-4581.5289182822
0.31050000000000	171.97559603588	-4509.2660276717
0.31100000000000	166.85298632989	-4439.3187652849
0.31150000000000	161.96673898868	-4371.5773451166
0.31200000000000	157.30238514422	-4305.9388065339
0.31250000000000	152.84655075235	-4242.3064925362
0.31300000000000	148.58685846490	-4180.5895751070
0.31350000000000	144.51183964842	-4120.7026227723
0.31400000000000	140.61085533095	-4062.5652060573
0.31450000000000	136.87402506163	-4006.1015370256
0.31500000000000	133.29216279873	-3951.2401395183
0.31550000000000	129.85671904096	-3897.9135470868
0.31600000000000	126.55972850731	-3846.0580259472
0.31650000000000	123.39376277876	-3795.6133205729
0.31700000000000	120.35188735246	-3746.5224197974
0.31750000000000	117.42762267215	-3698.7313415260
0.31800000000000	114.61490868584	-3652.1889343527
0.31850000000000	111.90807260211	-3606.8466945550
0.31900000000000	109.30179949583	-3562.6585970945
0.31950000000000	106.79110549020	-3519.5809393901
0.32000000000000	104.37131325877	-3477.5721967506
0.32050000000000	102.03802961631	-3436.5928884675
0.32100000000000	99.787125003391	-3396.6054536596
0.32150000000000	97.614714675973	-3357.5741360542
0.32200000000000	95.517141456075	-3319.4648769609
0.32250000000000	93.490959871187	-3282.2452157702
0.32300000000000	91.532921578345	-3245.8841973633
0.32350000000000	89.639961948619	-3210.3522858837
0.32400000000000	87.809187701946	-3175.6212843633
0.32450000000000	86.037865505754	-3141.6642597471
0.32500000000000	84.323411452968	-3108.4554728973
0.32550000000000	82.663381335936	-3075.9703131954
0.32600000000000	81.055461649544	-3044.1852373946
0.32650000000000	79.497461275192	-3013.0777124026
0.32700000000000	77.987303764441	-2982.6261617052
0.32750000000000	76.523020192871	-2952.8099151610
0.32800000000000	75.102742526256	-2923.6091619252
0.32850000000000	73.724697461094	-2895.0049062746
0.32900000000000	72.387200697012	-2866.9789261294
0.32950000000000	71.088651615156	-2839.5137340817
0.33000000000000	69.827528323979	-2812.5925407536
0.33050000000000	68.602383036345	-2786.1992203275
0.33100000000000	67.411837774212	-2760.3182780973
0.33150000000000	66.254580348000	-2734.9348199042
0.33200000000000	65.129360618167	-2710.0345233316
0.33250000000000	64.034986986532	-2685.6036105412
0.33300000000000	62.970323132865	-2661.6288226429
0.33350000000000	61.934284950364	-2638.0973954978
0.33400000000000	60.925837686138	-2614.9970368619
0.33450000000000	59.943993259456	-2592.3159047856
0.33500000000000	58.987807746236	-2570.0425871880
0.33550000000000	58.056379026682	-2548.1660825322
0.33600000000000	57.148844572890	-2526.6757815343
0.33650000000000	56.264379375932	-2505.5614498407
0.33700000000000	55.402193994306	-2484.8132116155
0.33750000000000	54.561532727065	-2464.4215339818
0.33800000000000	53.741671886206	-2444.3772122665
0.33850000000000	52.941918180948	-2424.6713559997
0.33900000000000	52.161607191196	-2405.2953756248
0.33950000000000	51.400101927976	-2386.2409698774
0.34000000000000	50.656791485746	-2367.5001137935
0.34050000000000	49.931089762741	-2349.0650473114
0.34100000000000	49.222434256467	-2330.9282644332
0.34150000000000	48.530284930592	-2313.0825029138
0.34200000000000	47.854123140037	-2295.5207344481
0.34250000000000	47.193450619713	-2278.2361553276
0.34300000000000	46.547788526210	-2261.2221775424
0.34350000000000	45.916676532597	-2244.4724203015
0.34400000000000	45.299671971903	-2227.9807019508
0.34450000000000	44.696349026574	-2211.7410322658
0.34500000000000	44.106297964044	-2195.7476050997
0.34550000000000	43.529124405500	-2179.9947913676
0.34600000000000	42.964448641191	-2164.4771323490
0.34650000000000	42.411904975889	-2149.1893332921
0.34700000000000	41.871141111242	-2134.1262573035
0.34750000000000	41.341817556273	-2119.2829195100
0.34800000000000	40.823607072382	-2104.6544814768
0.34850000000000	40.316194142920	-2090.2362458697
0.34900000000000	39.819274472046	-2076.0236513497
0.34950000000000	39.332554505181	-2062.0122676872
0.35000000000000	38.855750975804	-2048.1977910849
0.35050000000000	38.388590473774	-2034.5760397007
0.35100000000000	37.930809034923	-2021.1429493579
0.35150000000000	37.482151750734	-2007.8945694364
0.35200000000000	37.042372395434	-1994.8270589341
0.35250000000000	36.611233070921	-1981.9366826917
0.35300000000000	36.188503871770	-1969.2198077716
0.35350000000000	35.773962562757	-1956.6728999853
0.35400000000000	35.367394270225	-1944.2925205609
0.35450000000000	34.968591192620	-1932.0753229443
0.35500000000000	34.577352320401	-1920.0180497293
0.35550000000000	34.193483170454	-1908.1175297082
0.35600000000000	33.816795531977	-1896.3706750396
0.35650000000000	33.447107223469	-1884.7744785267
0.35700000000000	33.084241862223	-1873.3260110018
0.35750000000000	32.728028642335	-1862.0224188117
0.35800000000000	32.378302124306	-1850.8609213997
0.35850000000000	32.034902031439	-1839.8388089800
0.35900000000000	31.697673058909	-1828.9534403004
0.35950000000000	31.366464685394	-1818.2022404891
0.36000000000000	31.041131000378	-1807.5826989824
0.36050000000000	30.721530531958	-1797.0923675292
0.36100000000000	30.407526086335	-1786.7288582698
0.36150000000000	30.098984590921	-1776.4898418848
0.36200000000000	29.795776949833	-1766.3730458123
0.36250000000000	29.497777896602	-1756.3762525293
0.36300000000000	29.204865859415	-1746.4972978953
0.36350000000000	28.916922832895	-1736.7340695556
0.36400000000000	28.633834249312	-1727.0845054011
0.36450000000000	28.355488860214	-1717.5465920834
0.36500000000000	28.081778620248	-1708.1183635814
0.36550000000000	27.812598577615	-1698.7978998191
0.36600000000000	27.547846766053	-1689.5833253306
0.36650000000000	27.287424104472	-1680.4728079723
0.36700000000000	27.031234297592	-1671.4645576787
0.36750000000000	26.779183743769	-1662.5568252610
0.36800000000000	26.531181442596	-1653.7479012472
0.36850000000000	26.287138909767	-1645.0361147606
0.36900000000000	26.046970091652	-1636.4198324368
0.36950000000000	25.810591287906	-1627.8974573765
0.37000000000000	25.577921071182	-1619.4674281332
0.37050000000000	25.348880214290	-1611.1282177349
0.37100000000000	25.123391620529	-1602.8783327377
0.37150000000000	24.901380251667	-1594.7163123098
0.37200000000000	24.682773064432	-1586.6407273468
0.37250000000000	24.467498945586	-1578.6501796142
0.37300000000000	24.255488651217	-1570.7433009184
0.37350000000000	24.046674747045	-1562.9187523039
0.37400000000000	23.840991553083	-1555.1752232764
0.37450000000000	23.638375086707	-1547.5114310503
0.37500000000000	23.438763011522	-1539.9261198199
0.37550000000000	23.242094586222	-1532.4180600539
0.37600000000000	23.048310615427	-1524.9860478111
0.37650000000000	22.857353401512	-1517.6289040787
0.37700000000000	22.669166701091	-1510.3454741292
0.37750000000000	22.483695678228	-1503.1346268992
0.37800000000000	22.300886865443	-1495.9952543851
0.37850000000000	22.120688119621	-1488.9262710591
0.37900000000000	21.943048583788	-1481.9266133013
0.37950000000000	21.767918649827	-1474.9952388499
0.38000000000000	21.595249920069	-1468.1311262676
0.38050000000000	21.424995172849	-1461.3332744239
0.38100000000000	21.257108328043	-1454.6007019925
0.38150000000000	21.091544412728	-1447.9324469642
0.38200000000000	20.928259531494	-1441.3275661736
0.38250000000000	20.767210833480	-1434.7851348396
0.38300000000000	20.608356482136	-1428.3042461195
0.38350000000000	20.451655628702	-1421.8840106761
0.38400000000000	20.297068381840	-1415.5235562573
0.38450000000000	20.144555782076	-1409.2220272869
0.38500000000000	19.994079774637	-1402.9785844687
0.38550000000000	19.845603184505	-1396.7924044002
0.38600000000000	19.699089692493	-1390.6626791985
0.38650000000000	19.554503811015	-1384.5886161357
0.38700000000000	19.411810860970	-1378.5694372854
0.38750000000000	19.270976950731	-1372.6043791787
0.38800000000000	19.131968952361	-1366.6926924692
0.38850000000000	18.994754483569	-1360.8336416085
0.38900000000000	18.859301885792	-1355.0265045293
0.38950000000000	18.725580205441	-1349.2705723381
0.39000000000000	18.593559174409	-1343.5651490159
0.39050000000000	18.463209192794	-1337.9095511272
0.39100000000000	18.334501309775	-1332.3031075363
0.39150000000000	18.207407207936	-1326.7451591321
0.39200000000000	18.081899185436	-1321.2350585599
0.39250000000000	17.957950140378	-1315.7721699598
0.39300000000000	17.835533555644	-1310.3558687130
0.39350000000000	17.714623482672	-1304.9855411941
0.39400000000000	17.595194527435	-1299.6605845300
0.39450000000000	17.477221836266	-1294.3804063659
0.39500000000000	17.360681081649	-1289.1444246358
0.39550000000000	17.245548448531	-1283.9520673406
0.39600000000000	17.131800622865	-1278.8027723312
0.39650000000000	17.019414776858	-1273.6959870970
0.39700000000000	16.908368557911	-1268.6311685600
0.39750000000000	16.798640076619	-1263.6077828746
0.39800000000000	16.690207895040	-1258.6253052317
0.39850000000000	16.583051015652	-1253.6832196684
0.39900000000000	16.477148870112	-1248.7810188821
0.39950000000000	16.372481309203	-1243.9182040494
0.40000000000000	16.269028591952	-1239.0942846498
0.40050000000000	16.166771376172	-1234.3087782932
0.40100000000000	16.065690708507	-1229.5612105520
0.40150000000000	15.965768015017	-1224.8511147978
0.40200000000000	15.866985092021	-1220.1780320411
0.40250000000000	15.769324097539	-1215.5415107757
0.40300000000000	15.672767542060	-1210.9411068268
0.40350000000000	15.577298280478	-1206.3763832025
0.40400000000000	15.482899504073	-1201.8469099490
0.40450000000000	15.389554732248	-1197.3522640096
0.40500000000000	15.297247804803	-1192.8920290866
0.40550000000000	15.205962874588	-1188.4657955068
0.40600000000000	15.115684400427	-1184.0731600901
0.40650000000000	15.026397139456	-1179.7137260213
0.40700000000000	14.938086140605	-1175.3871027246
0.40750000000000	14.850736737714	-1171.0929057419
0.40800000000000	14.764334542985	-1166.8307566127
0.40850000000000	14.678865440838	-1162.6002827580
0.40900000000000	14.594315581185	-1158.4011173659
0.40950000000000	14.510671373844	-1154.2328992808
0.41000000000000	14.427919483107	-1150.0952728943
0.41050000000000	14.346046820464	-1145.9878880392
0.41100000000000	14.265040541095	-1141.9103998856
0.41150000000000	14.184888036326	-1137.8624688395
0.41200000000000	14.105576930311	-1133.8437604437
0.41250000000000	14.027095073295	-1129.8539452810
0.41300000000000	13.949430537892	-1125.8926988792
0.41350000000000	13.872571613135	-1121.9597016191
0.41400000000000	13.796506800289	-1118.0546386433
0.41450000000000	13.721224808145	-1114.1771997685
0.41500000000000	13.646714548637	-1110.3270793981
0.41550000000000	13.572965131962	-1106.5039764385
0.41600000000000	13.499965862902	-1102.7075942159
0.41650000000000	13.427706236169	-1098.9376403952
0.41700000000000	13.356175932262	-1095.1938269013
0.41750000000000	13.285364814297	-1091.4758698415
0.41800000000000	13.215262922993	-1087.7834894298
0.41850000000000	13.145860473895	-1084.1164099125
0.41900000000000	13.077147852956	-1080.4743594964
0.41950000000000	13.009115613469	-1076.8570702770
0.42000000000000	12.941754472047	-1073.2642781698
0.42050000000000	12.875055305839	-1069.6957228420
0.42100000000000	12.809009148683	-1066.1511476461
0.42150000000000	12.743607187981	-1062.6302995549
0.42200000000000	12.678840761395	-1059.1329290975
0.42250000000000	12.614701354191	-1055.6587902973
0.42300000000000	12.551180596017	-1052.2076406108
0.42350000000000	12.488270257581	-1048.7792408677
0.42400000000000	12.425962247963	-1045.3733552125
0.42450000000000	12.364248612282	-1041.9897510472
0.42500000000000	12.303121528286	-1038.6281989752
0.42550000000000	12.242573303969	-1035.2884727459
0.42600000000000	12.182596375074	-1031.9703492014
0.42650000000000	12.123183302178	-1028.6736082237
0.42700000000000	12.064326768729	-1025.3980326824
0.42750000000000	12.006019577726	-1022.1434083850
0.42800000000000	11.948254650678	-1018.9095240266
0.42850000000000	11.891025023769	-1015.6961711415
0.42900000000000	11.834323846740	-1012.5031440559
0.42950000000000	11.778144380096	-1009.3302398406
0.43000000000000	11.722479993103	-1006.1772582660
0.43050000000000	11.667324161728	-1003.0440017568
0.43100000000000	11.612670466285	-999.93027534794
0.43150000000000	11.558512589802	-996.83588664223
0.43200000000000	11.504844315983	-993.76064576746
0.43250000000000	11.451659526778	-990.70436533534
0.43300000000000	11.398952200940	-987.66686040088
0.43350000000000	11.346716412384	-984.64794842259
0.43400000000000	11.294946328054	-981.64744922352
0.43450000000000	11.243636205729	-978.66518495298
0.43500000000000	11.192780393319	-975.70098004906
0.43550000000000	11.142373326362	-972.75466120185
0.43600000000000	11.092409526651	-969.82605731736
0.43650000000000	11.042883600555	-966.91499948213
0.43700000000000	10.993790237603	-964.02132092857
0.43750000000000	10.945124208824	-961.14485700084
0.43800000000000	10.896880365039	-958.28544512153
0.43850000000000	10.849053635785	-955.44292475884
0.43900000000000	10.801639027410	-952.61713739447
0.43950000000000	10.754631622267	-949.80792649203
0.44000000000000	10.708026576715	-947.01513746613
0.44050000000000	10.661819119824	-944.23861765200
0.44100000000000	10.616004552739	-941.47821627565
0.44150000000000	10.570578246390	-938.73378442466
0.44200000000000	10.525535641106	-936.00517501942
0.44250000000000	10.480872244542	-933.29224278499
0.44300000000000	10.436583631430	-930.59484422341
0.44350000000000	10.392665441321	-927.91283758656
0.44400000000000	10.349113378336	-925.24608284945
0.44450000000000	10.305923209346	-922.59444168414
0.44500000000000	10.263090763430	-919.95777743394
0.44550000000000	10.220611930065	-917.33595508824
0.44600000000000	10.178482659086	-914.72884125770
0.44650000000000	10.136698958421	-912.13630414995
0.44700000000000	10.095256894036	-909.55821354566
0.44750000000000	10.054152588511	-906.99444077511
0.44800000000000	10.013382219910	-904.44485869512
0.44850000000000	9.9729420212769	-901.90934166640
0.44900000000000	9.9328282790892	-899.38776553135
0.44950000000000	9.8930373330115	-896.88000759218
0.45000000000000	9.8535655743521	-894.38594658950
0.45050000000000	9.8144094455316	-891.90546268118
0.45100000000000	9.7755654392943	-889.43843742171
0.45150000000000	9.7370300974097	-886.98475374177
0.45200000000000	9.6988000101883	-884.54429592832
0.45250000000000	9.6608718157420	-882.11694960489
0.45300000000000	9.6232421987442	-879.70260171233
0.45350000000000	9.5859078902437	-877.30114048978
0.45400000000000	9.5488656662013	-874.91245545608
0.45450000000000	9.5121123472884	-872.53643739141
0.45500000000000	9.4756447978847	-870.17297831930
0.45550000000000	9.4394599255579	-867.82197148891
0.45600000000000	9.4035546799280	-865.48331135765
0.45650000000000	9.3679260523437	-863.15689357406
0.45700000000000	9.3325710752737	-860.84261496101
0.45750000000000	9.2974868211347	-858.54037349916
0.45800000000000	9.2626704020852	-856.25006831069
0.45850000000000	9.2281189692500	-853.97159964336
0.45900000000000	9.1938297120025	-851.70486885476
0.45950000000000	9.1597998574607	-849.44977839689
0.46000000000000	9.1260266697932	-847.20623180094
0.46050000000000	9.0925074495787	-844.97413366239
0.46100000000000	9.0592395332564	-842.75338962628
0.46150000000000	9.0262202928225	-840.54390637277
0.46200000000000	8.9934471347481	-838.34559160295
0.46250000000000	8.9609174996229	-836.15835402484
0.46300000000000	8.9286288620343	-833.98210333964
0.46350000000000	8.8965787292915	-831.81675022822
0.46400000000000	8.8647646414814	-829.66220633783
0.46450000000000	8.8331841707187	-827.51838426897
0.46500000000000	8.8018349206386	-825.38519756255
0.46550000000000	8.7707145257871	-823.26256068722
0.46600000000000	8.7398206515470	-821.15038902688
0.46650000000000	8.7091509932419	-819.04859886845
0.46700000000000	8.6787032758164	-816.95710738979
0.46750000000000	8.6484752534109	-814.87583264784
0.46800000000000	8.6184647088322	-812.80469356692
0.46850000000000	8.5886694530730	-810.74360992722
0.46900000000000	8.5590873249841	-808.69250235353
0.46950000000000	8.5297161909879	-806.65129230406
0.47000000000000	8.5005539442212	-804.61990205952
0.47050000000000	8.4715985044478	-802.59825471229
0.47100000000000	8.4428478177570	-800.58627415582
0.47150000000000	8.4142998555928	-798.58388507420
0.47200000000000	8.3859526151455	-796.59101293183
0.47250000000000	8.3578041185361	-794.60758396332
0.47300000000000	8.3298524122292	-792.63352516352
0.47350000000000	8.3020955671177	-790.66876427768
0.47400000000000	8.2745316779108	-788.71322979181
0.47450000000000	8.2471588627067	-786.76685092315
0.47500000000000	8.2199752629847	-784.82955761080
0.47550000000000	8.1929790428440	-782.90128050651
0.47600000000000	8.1661683889385	-780.98195096558
0.47650000000000	8.1395415099041	-779.07150103791
0.47700000000000	8.1130966363012	-777.16986345921
0.47750000000000	8.0868320201884	-775.27697164231
0.47800000000000	8.0607459347711	-773.39275966859
0.47850000000000	8.0348366741227	-771.51716227963
0.47900000000000	8.0091025526799	-769.65011486887
0.47950000000000	7.9835419054035	-767.79155347345
0.48000000000000	7.9581530870193	-765.94141476617
0.48050000000000	7.9329344718608	-764.09963604760
0.48100000000000	7.9078844538741	-762.26615523823
0.48150000000000	7.8830014458810	-760.44091087080
0.48200000000000	7.8582838796268	-758.62384208277
0.48250000000000	7.8337302053148	-756.81488860876
0.48300000000000	7.8093388915307	-755.01399077331
0.48350000000000	7.7851084247562	-753.22108948356
0.48400000000000	7.7610373093639	-751.43612622214
0.48450000000000	7.7371240671416	-749.65904304016
0.48500000000000	7.7133672371682	-747.88978255022
0.48550000000000	7.6897653755667	-746.12828791967
0.48600000000000	7.6663170551079	-744.37450286380
0.48650000000000	7.6430208651586	-742.62837163926
0.48700000000000	7.6198754114768	-740.88983903749
0.48750000000000	7.5968793158277	-739.15885037834
0.48800000000000	7.5740312157282	-737.43535150363
0.48850000000000	7.5513297644069	-735.71928877098
0.48900000000000	7.5287736305828	-734.01060904761
0.48950000000000	7.5063614980095	-732.30925970425
0.49000000000000	7.4840920654743	-730.61518860915
0.49050000000000	7.4619640465589	-728.92834412222
0.49100000000000	7.4399761693745	-727.24867508914
0.49150000000000	7.4181271764782	-725.57613083568
0.49200000000000	7.3964158245555	-723.91066116198
0.49250000000000	7.3748408841970	-722.25221633705
0.49300000000000	7.3534011398517	-720.60074709320
0.49350000000000	7.3320953895498	-718.95620462066
0.49400000000000	7.3109224447453	-717.31854056219
0.49450000000000	7.2898811301038	-715.68770700787
0.49500000000000	7.2689702833504	-714.06365648985
0.49550000000000	7.2481887550362	-712.44634197725
0.49600000000000	7.2275354084195	-710.83571687108
0.49650000000000	7.2070091194340	-709.23173499930
0.49700000000000	7.1866087760708	-707.63435061185
0.49750000000000	7.1663332787998	-706.04351837584
0.49800000000000	7.1461815400682	-704.45919337074
0.49850000000000	7.1261524840031	-702.88133108371
0.49900000000000	7.1062450466936	-701.30988740489
0.49950000000000	7.0864581756478	-699.74481862286
0.50000000000000	7.0667908296957	-698.18608142008
