#Parameters = {GP=60; Linear_Spiral_cst_torrus_N=10; Linear_Spiral_cst_torrus_h=10; Linear_Spiral_cst_torrus_orientation=0; Linear_Spiral_cst_torrus_phi=30; Linear_Spiral_cst_torrus_ra=5; Linear_Spiral_cst_torrus_ri=5; Nturns=3; blend_radius=2; mainCoil_H=22; mainCoil_L=29; mainCoil_WG=0.5; mainCoil_winding_gap=2.55; mountingOffset=6; mountingThicnkess=21.15; turnLength=102}
#"Frequency / GHz"	"Z1,1 [Real/Imaginary Part] [Re]"	"Z1,1 [Real/Imaginary Part] [Im]"
#-------------------------------------------------------------------------------------
0.0000000000000	0.021173980871288	0.022291158173466
0.00050000000000000	0.036920435913475	1.2826430487728
0.0010000000000000	0.050335544640480	2.5411148179026
0.0014990000000000	0.061698034299345	3.7952771270499
0.0015000000000000	0.061718955461772	3.7977887423757
0.0020000000000000	0.071336429960991	5.0527603118811
0.0025000000000000	0.079422940610917	6.3061339745479
0.0030000000000000	0.086185703015292	7.5580197727610
0.0035000000000000	0.091807064902605	8.8085307153015
0.0040000000000000	0.096447205300130	10.057780752128
0.0045000000000000	0.10024661971771	11.305883237823
0.0050000000000000	0.10332838282376	12.552949787921
0.0055000000000000	0.10580019068001	13.799089448559
0.0060000000000000	0.10775619144822	15.044408114009
0.0065000000000000	0.10927861762489	16.289008138676
0.0070000000000000	0.11043923508740	17.532988100298
0.0075000000000000	0.11130062513619	18.776442679508
0.0080000000000000	0.11191731572398	20.019462627883
0.0085000000000000	0.11233677749868	21.262134802275
0.0090000000000000	0.11260029936533	22.504542247885
0.0095000000000000	0.11274375716706	23.746764316232
0.010000000000000	0.11279828789046	24.988876807241
0.010500000000000	0.11279088059686	26.230952127053
0.011000000000000	0.11274489412413	27.473059455095
0.011500000000000	0.11268051049550	28.715264915490
0.012000000000000	0.11261513196302	29.957631749102
0.012500000000000	0.11256372868068	31.200220483455
0.013000000000000	0.11253914316788	32.443089098533
0.013500000000000	0.11255235696770	33.686293187057
0.014000000000000	0.11261272425027	34.929886108264
0.014500000000000	0.11272817649668	36.173919134605
0.015000000000000	0.11290540191103	37.418441591016
0.015500000000000	0.11315000271025	38.663500986641
0.016000000000000	0.11346663307932	39.909143139018
0.016500000000000	0.11385912019715	41.155412290876
0.017000000000000	0.11433057044959	42.402351219745
0.017500000000000	0.11488346266467	43.650001340657
0.018000000000000	0.11551972998439	44.898402802250
0.018500000000000	0.11624083177346	46.147594576590
0.019000000000000	0.11704781679728	47.397614543052
0.019500000000000	0.11794137872279	48.648499566634
0.020000000000000	0.11892190490288	49.900285570997
0.020500000000000	0.11998951924799	51.153007606590
0.021000000000000	0.12114411990801	52.406699914185
0.021500000000000	0.12238541237752	53.661395984106
0.022000000000000	0.12371293860774	54.917128611466
0.022500000000000	0.12512610255966	56.173929947676
0.023000000000000	0.12662419267239	57.431831548494
0.023500000000000	0.12820640156776	58.690864418853
0.024000000000000	0.12987184335947	59.951059054701
0.024500000000000	0.13161956882250	61.212445482068
0.025000000000000	0.13344857869384	62.475053293564
0.025500000000000	0.13535783531155	63.738911682481
0.026000000000000	0.13734627279550	65.004049474692
0.026500000000000	0.13941280595225	66.270495158482
0.027000000000000	0.14155633802032	67.538276912492
0.027500000000000	0.14377576742529	68.807422631895
0.028000000000000	0.14606999364890	70.077959952920
0.028500000000000	0.14843792231593	71.349916275881
0.029000000000000	0.15087846958815	72.623318786778
0.029500000000000	0.15339056594328	73.898194477611
0.030000000000000	0.15597315943024	75.174570165467
0.030500000000000	0.15862521844431	76.452472510488
0.031000000000000	0.16134573406607	77.731928032807
0.031500000000000	0.16413372208361	79.012963128485
0.032000000000000	0.16698822461055	80.295604084594
0.032500000000000	0.16990831149769	81.579877093423
0.033000000000000	0.17289308144966	82.865808265926
0.033500000000000	0.17594166292391	84.153423644452
0.034000000000000	0.17905321485465	85.442749214797
0.034500000000000	0.18222692718374	86.733810917646
0.035000000000000	0.18546202127113	88.026634659407
0.035500000000000	0.18875775014729	89.321246322546
0.036000000000000	0.19211339867943	90.617671775386
0.036500000000000	0.19552828362089	91.915936881458
0.037000000000000	0.19900175358111	93.216067508424
0.037500000000000	0.20253318893659	94.518089536566
0.038000000000000	0.20612200164892	95.822028866950
0.038500000000000	0.20976763507269	97.127911429171
0.039000000000000	0.21346956367596	98.435763188848
0.039500000000000	0.21722729274576	99.745610154766
0.040000000000000	0.22104035806228	101.05747838574
0.040500000000000	0.22490832554089	102.37139399723
0.041000000000000	0.22883079083889	103.68738316772
0.041500000000000	0.23280737898510	105.00547214486
0.042000000000000	0.23683774395609	106.32568725137
0.042500000000000	0.24092156826075	107.64805489077
0.043000000000000	0.24505856252994	108.97260155296
0.043500000000000	0.24924846506512	110.29935381957
0.044000000000000	0.25349104143411	111.62833836919
0.044500000000000	0.25778608401532	112.95958198244
0.045000000000000	0.26213341160055	114.29311154690
0.045500000000000	0.26653286895138	115.62895406192
0.046000000000000	0.27098432638499	116.96713664335
0.046500000000000	0.27548767936771	118.30768652804
0.047000000000000	0.28004284810452	119.65063107844
0.047500000000000	0.28464977713728	120.99599778688
0.048000000000000	0.28930843496457	122.34381427995
0.048500000000000	0.29401881366696	123.69410832269
0.049000000000000	0.29878092851332	125.04690782278
0.049500000000000	0.30359481763009	126.40224083459
0.050000000000000	0.30846054162753	127.76013556324
0.050500000000000	0.31337818327058	129.12062036858
0.051000000000000	0.31834784716060	130.48372376907
0.051500000000000	0.32336965939289	131.84947444572
0.052000000000000	0.32844376727531	133.21790124589
0.052500000000000	0.33357033902237	134.58903318709
0.053000000000000	0.33874956346756	135.96289946080
0.053500000000000	0.34398164979452	137.33952943615
0.054000000000000	0.34926682727484	138.71895266368
0.054500000000000	0.35460534502527	140.10119887902
0.055000000000000	0.35999747175269	141.48629800658
0.055500000000000	0.36544349553560	142.87428016322
0.056000000000000	0.37094372360041	144.26517566188
0.056500000000000	0.37649848213287	145.65901501525
0.057000000000000	0.38210811605240	147.05582893941
0.057500000000000	0.38777298883591	148.45564835744
0.058000000000000	0.39349348236394	149.85850440309
0.058500000000000	0.39926999671868	151.26442842441
0.059000000000000	0.40510295007195	152.67345198737
0.059500000000000	0.41099277849285	154.08560687953
0.060000000000000	0.41693993584858	155.50092511370
0.060500000000000	0.42294489365254	156.91943893161
0.061000000000000	0.42900814097499	158.34118080758
0.061500000000000	0.43513018432001	159.76618345221
0.062000000000000	0.44131154752113	161.19447981614
0.062500000000000	0.44755277165594	162.62610309371
0.063000000000000	0.45385441498677	164.06108672679
0.063500000000000	0.46021705286244	165.49946440850
0.064000000000000	0.46664127767706	166.94127008703
0.064500000000000	0.47312769880294	168.38653796948
0.065000000000000	0.47967694253940	169.83530252568
0.065500000000000	0.48628965211055	171.28759849210
0.066000000000000	0.49296648758615	172.74346087576
0.066500000000000	0.49970812590900	174.20292495816
0.067000000000000	0.50651526084963	175.66602629928
0.067500000000000	0.51338860301283	177.13280074157
0.068000000000000	0.52032887985404	178.60328441402
0.068500000000000	0.52733683566081	180.07751373626
0.069000000000000	0.53441323161180	181.55552542264
0.069500000000000	0.54155884576166	183.03735648647
0.070000000000000	0.54877447310369	184.52304424417
0.070500000000000	0.55606092559605	186.01262631957
0.071000000000000	0.56341903223155	187.50614064821
0.071500000000000	0.57084963905243	189.00362548164
0.072000000000000	0.57835360925978	190.50511939190
0.072500000000000	0.58593182326909	192.01066127590
0.073000000000000	0.59358517876623	193.52029035996
0.073500000000000	0.60131459082483	195.03404620432
0.074000000000000	0.60912099197228	196.55196870780
0.074500000000000	0.61700533230803	198.07409811243
0.075000000000000	0.62496857959764	199.60047500818
0.075500000000000	0.63301171939767	201.13114033770
0.076000000000000	0.64113575515230	202.66613540122
0.076500000000000	0.64934170836282	204.20550186141
0.077000000000000	0.65763061867736	205.74928174835
0.077500000000000	0.66600354404984	207.29751746453
0.078000000000000	0.67446156089720	208.85025179000
0.078500000000000	0.68300576425257	210.40752788746
0.079000000000000	0.69163726790958	211.96938930755
0.079500000000000	0.70035720460901	213.53587999408
0.080000000000000	0.70916672621288	215.10704428947
0.080500000000000	0.71806700389589	216.68292694014
0.081000000000000	0.72705922829752	218.26357310205
0.081500000000000	0.73614460977400	219.84902834629
0.082000000000000	0.74532437857791	221.43933866474
0.082500000000000	0.75459978504196	223.03455047586
0.083000000000000	0.76397209986612	224.63471063048
0.083500000000000	0.77344261427423	226.23986641774
0.084000000000000	0.78301264029238	227.85006557107
0.084500000000000	0.79268351097592	229.46535627432
0.085000000000000	0.80245658066817	231.08578716790
0.085500000000000	0.81233322523582	232.71140735506
0.086000000000000	0.82231484233776	234.34226640825
0.086500000000000	0.83240285173450	235.97841437557
0.087000000000000	0.84259869552586	237.61990178733
0.087500000000000	0.85290383844859	239.26677966266
0.088000000000000	0.86331976818060	240.91909951634
0.088500000000000	0.87384799564673	242.57691336554
0.089000000000000	0.88449005532022	244.24027373685
0.089500000000000	0.89524750555295	245.90923367331
0.090000000000000	0.90612192889581	247.58384674160
0.090500000000000	0.91711493242768	249.26416703928
0.091000000000000	0.92822814816243	250.95024920220
0.091500000000000	0.93946323329808	252.64214841199
0.092000000000000	0.95082187066388	254.33992040372
0.092500000000000	0.96230576909761	256.04362147358
0.093000000000000	0.97391666375716	257.75330848679
0.093500000000000	0.98565631657308	259.46903888556
0.094000000000000	0.99752651662797	261.19087069722
0.094500000000000	1.0095290805693	262.91886254242
0.095000000000000	1.0216658530499	264.65307364357
0.095500000000000	1.0339387071189	266.39356383327
0.096000000000000	1.0463495446898	268.14039356301
0.096500000000000	1.0589002970010	269.89362391192
0.097000000000000	1.0715929250331	271.65331659573
0.097500000000000	1.0844294200650	273.41953397578
0.098000000000000	1.0974118040491	275.19233906830
0.098500000000000	1.1105421301944	276.97179555375
0.099000000000000	1.1238224834363	278.75796778634
0.099500000000000	1.1372549809614	280.55092080371
0.10000000000000	1.1508417727353	282.35072033679
0.10050000000000	1.1645850420364	284.15743281979
0.10100000000000	1.1784870060292	285.97112540035
0.10150000000000	1.1925499163228	287.79186594992
0.10200000000000	1.2067760595465	289.61972307425
0.10250000000000	1.2211677579455	291.45476612410
0.10300000000000	1.2357273699796	293.29706520608
0.10350000000000	1.2504572909705	295.14669119374
0.10400000000000	1.2653599537085	297.00371573879
0.10450000000000	1.2804378291049	298.86821128256
0.10500000000000	1.2956934268492	300.74025106763
0.10550000000000	1.3111292961331	302.61990914964
0.10600000000000	1.3267480262600	304.50726040935
0.10650000000000	1.3425522474604	306.40238056488
0.10700000000000	1.3585446314910	308.30534618416
0.10750000000000	1.3747278924954	310.21623469763
0.10800000000000	1.3911047876892	312.13512441109
0.10850000000000	1.4076781181539	314.06209451889
0.10900000000000	1.4244507296208	315.99722511723
0.10950000000000	1.4414255133159	317.94059721776
0.11000000000000	1.4586054067329	319.89229276142
0.11050000000000	1.4759933945297	321.85239463254
0.11100000000000	1.4935925093565	323.82098667312
0.11150000000000	1.5114058327765	325.79815369744
0.11200000000000	1.5294364961445	327.78398150691
0.11250000000000	1.5476876815206	329.77855690517
0.11300000000000	1.5661626227003	331.78196771349
0.11350000000000	1.5848646060280	333.79430278641
0.11400000000000	1.6037969715689	335.81565202773
0.11450000000000	1.6229631139811	337.84610640670
0.11500000000000	1.6423664836076	339.88575797463
0.11550000000000	1.6620105875613	341.93469988163
0.11600000000000	1.6818989907625	343.99302639387
0.11650000000000	1.7020353170600	346.06083291096
0.11700000000000	1.7224232503664	348.13821598382
0.11750000000000	1.7430665358468	350.22527333273
0.11800000000000	1.7639689810653	352.32210386586
0.11850000000000	1.7851344572140	354.42880769801
0.11900000000000	1.8065669003598	356.54548616985
0.11950000000000	1.8282703127463	358.67224186736
0.12000000000000	1.8502487640106	360.80917864180
0.12050000000000	1.8725063925931	362.95640162991
0.12100000000000	1.8950474070601	365.11401727462
0.12150000000000	1.9178760875558	367.28213334608
0.12200000000000	1.9409967871376	369.46085896309
0.12250000000000	1.9644139333039	371.65030461500
0.12300000000000	1.9881320294698	373.85058218400
0.12350000000000	2.0121556565152	376.06180496780
0.12400000000000	2.0364894742871	378.28408770283
0.12450000000000	2.0611382233047	380.51754658783
0.12500000000000	2.0861067263140	382.76229930794
0.12550000000000	2.1113998900187	385.01846505925
0.12600000000000	2.1370227068055	387.28616457378
0.12650000000000	2.1629802564430	389.56552014507
0.12700000000000	2.1892777079811	391.85665565418
0.12750000000000	2.2159203215139	394.15969659623
0.12800000000000	2.2429134501405	396.47477010748
0.12850000000000	2.2702625418751	398.80200499298
0.12900000000000	2.2979731416169	401.14153175469
0.12950000000000	2.3260508932450	403.49348262026
0.13000000000000	2.3545015416196	405.85799157235
0.13050000000000	2.3833309348029	408.23519437855
0.13100000000000	2.4125450261985	410.62522862188
0.13150000000000	2.4421498768080	413.02823373200
0.13200000000000	2.4721516575456	415.44435101693
0.13250000000000	2.5025566515455	417.87372369557
0.13300000000000	2.5333712566661	420.31649693074
0.13350000000000	2.5646019879143	422.77281786305
0.13400000000000	2.5962554799052	425.24283564538
0.13450000000000	2.6283384896277	427.72670147808
0.13500000000000	2.6608578990283	430.22456864498
0.13550000000000	2.6938207177148	432.73659255008
0.13600000000000	2.7272340858201	435.26293075506
0.13650000000000	2.7611052768335	437.80374301756
0.13700000000000	2.7954417005980	440.35919133029
0.13750000000000	2.8302509063321	442.92943996094
0.13800000000000	2.8655405856959	445.51465549303
0.13850000000000	2.9013185759807	448.11500686751
0.13900000000000	2.9375928634620	450.73066542538
0.13950000000000	2.9743715866283	453.36180495113
0.14000000000000	3.0116630396883	456.00860171723
0.14050000000000	3.0494756761408	458.67123452946
0.14100000000000	3.0878181123506	461.34988477335
0.14150000000000	3.1266991312195	464.04473646159
0.14200000000000	3.1661276860804	466.75597628247
0.14250000000000	3.2061129046660	469.48379364940
0.14300000000000	3.2466640930067	472.22838075158
0.14350000000000	3.2877907395844	474.98993260570
0.14400000000000	3.3295025197586	477.76864710890
0.14450000000000	3.3718092997891	480.56472509285
0.14500000000000	3.4147211416753	483.37837037907
0.14550000000000	3.4582483075221	486.20978983552
0.14600000000000	3.5024012642637	489.05919343443
0.14650000000000	3.5471906887012	491.92679431152
0.14700000000000	3.5926274722903	494.81280882646
0.14750000000000	3.6387227263804	497.71745662489
0.14800000000000	3.6854877874478	500.64096070166
0.14850000000000	3.7329342224586	503.58354746573
0.14900000000000	3.7810738345197	506.54544680647
0.14950000000000	3.8299186685616	509.52689216150
0.15000000000000	3.8794810171643	512.52812058618
0.15050000000000	3.9297734267527	515.54937282469
0.15100000000000	3.9808087036148	518.59089338282
0.15150000000000	4.0325999204016	521.65293060242
0.15200000000000	4.0851604227569	524.73573673772
0.15250000000000	4.1385038359552	527.83956803340
0.15300000000000	4.1926440719779	530.96468480453
0.15350000000000	4.2475953365311	534.11135151849
0.15400000000000	4.3033721366176	537.27983687883
0.15450000000000	4.3599892879342	540.47041391117
0.15500000000000	4.4174619226785	543.68336005120
0.15550000000000	4.4758054977881	546.91895723483
0.15600000000000	4.5350358029473	550.17749199058
0.15650000000000	4.5951689691995	553.45925553419
0.15700000000000	4.6562214778058	556.76454386563
0.15750000000000	4.7182101691345	560.09365786852
0.15800000000000	4.7811522520623	563.44690341201
0.15850000000000	4.8450653134371	566.82459145522
0.15900000000000	4.9099673280083	570.22703815434
0.15950000000000	4.9758766686493	573.65456497236
0.16000000000000	5.0428121166420	577.10749879172
0.16050000000000	5.1107928726679	580.58617202974
0.16100000000000	5.1798385678494	584.09092275698
0.16150000000000	5.2499692751941	587.62209481876
0.16200000000000	5.3212055214586	591.18003795972
0.16250000000000	5.3935682992148	594.76510795164
0.16300000000000	5.4670790796550	598.37766672464
0.16350000000000	5.5417598252146	602.01808250175
0.16400000000000	5.6176330032592	605.68672993706
0.16450000000000	5.6947215997751	609.38399025747
0.16500000000000	5.7730491333961	613.11025140830
0.16550000000000	5.8526396703875	616.86590820266
0.16600000000000	5.9335178395997	620.65136247491
0.16650000000000	6.0157088480782	624.46702323820
0.16700000000000	6.0992384974315	628.31330684628
0.16750000000000	6.1841332002633	632.19063715969
0.16800000000000	6.2704199973676	636.09944571651
0.16850000000000	6.3581265758179	640.04017190774
0.16900000000000	6.4472812867357	644.01326315755
0.16950000000000	6.5379131650309	648.01917510845
0.17000000000000	6.6300519481725	652.05837181167
0.17050000000000	6.7237280970671	656.13132592280
0.17100000000000	6.8189728165682	660.23851890297
0.17150000000000	6.9158180773584	664.38044122556
0.17200000000000	7.0142966380768	668.55759258896
0.17250000000000	7.1144420685573	672.77048213518
0.17300000000000	7.2162887738296	677.01962867481
0.17350000000000	7.3198720185783	681.30556091841
0.17400000000000	7.4252279528682	685.62881771458
0.17450000000000	7.5323936385986	689.98994829490
0.17500000000000	7.6414070766823	694.38951252601
0.17550000000000	7.7523072357258	698.82808116906
0.17600000000000	7.8651340809547	703.30623614680
0.17650000000000	7.9799286048005	707.82457081856
0.17700000000000	8.0967328582360	712.38369026332
0.17750000000000	8.2155899833283	716.98421157136
0.17800000000000	8.3365442470638	721.62676414450
0.17850000000000	8.4596410760066	726.31199000549
0.17900000000000	8.5849270926049	731.04054411675
0.17950000000000	8.7124501528133	735.81309470875
0.18000000000000	8.8422593846602	740.63032361850
0.18050000000000	8.9744052289181	745.49292663842
0.18100000000000	9.1089394802517	750.40161387599
0.18150000000000	9.2459153313113	755.35711012454
0.18200000000000	9.3853874171162	760.36015524570
0.18250000000000	9.5274118617177	765.41150456374
0.18300000000000	9.6720463266779	770.51192927244
0.18350000000000	9.8193500611479	775.66221685483
0.18400000000000	9.9693839542076	780.86317151628
0.18450000000000	10.122210588559	786.11561463151
0.18500000000000	10.277894296987	791.42038520602
0.18550000000000	10.436501220479	796.77834035242
0.18600000000000	10.598099368976	802.19035578228
0.18650000000000	10.762758684207	807.65732631413
0.18700000000000	10.930551105232	813.18016639814
0.18750000000000	11.101550636463	818.75981065820
0.18800000000000	11.275833417875	824.39721445201
0.18850000000000	11.453477799305	830.09335444997
0.18900000000000	11.634564416505	835.84922923352
0.18950000000000	11.819176270559	841.66585991376
0.19000000000000	12.007398810944	847.54429077107
0.19050000000000	12.199320021417	853.48558991672
0.19100000000000	12.395030510189	859.49084997719
0.19150000000000	12.594623602587	865.56118880223
0.19200000000000	12.798195438735	871.69775019754
0.19250000000000	13.005845075122	877.90170468315
0.19300000000000	13.217674589648	884.17425027852
0.19350000000000	13.433789191869	890.51661331546
0.19400000000000	13.654297337700	896.93004928005
0.19450000000000	13.879310848975	903.41584368470
0.19500000000000	14.108945038441	909.97531297178
0.19550000000000	14.343318839247	916.60980544996
0.19600000000000	14.582554941382	923.32070226477
0.19650000000000	14.826779932872	930.10941840485
0.19700000000000	15.076124448171	936.97740374535
0.19750000000000	15.330723322404	943.92614413017
0.19800000000000	15.590715752813	950.95716249469
0.19850000000000	15.856245467177	958.07202003084
0.19900000000000	16.127460900441	965.27231739617
0.19950000000000	16.404515378743	972.55969596925
0.20000000000000	16.687567311616	979.93583915304
0.20050000000000	16.976780394354	987.40247372872
0.20100000000000	17.272323818076	994.96137126217
0.20150000000000	17.574372490579	1002.6143495654
0.20200000000000	17.883107267446	1010.3632742154
0.20250000000000	18.198715193818	1018.2100601338
0.20300000000000	18.521389757693	1026.1566732287
0.20350000000000	18.851331155093	1034.2051321029
0.20400000000000	19.188746568992	1042.3575098316
0.20450000000000	19.533850460311	1050.6159358115
0.20500000000000	19.886864874434	1058.9825976866
0.20550000000000	20.248019761535	1067.4597433531
0.20600000000000	20.617553313731	1076.0496830473
0.20650000000000	20.995712318767	1084.7547915216
0.20700000000000	21.382752530897	1093.5775103115
0.20750000000000	21.778939061746	1102.5203500991
0.20800000000000	22.184546788531	1111.5858931773
0.20850000000000	22.599860787146	1120.7767960208
0.20900000000000	23.025176783421	1130.0957919674
0.20950000000000	23.460801630320	1139.5456940173
0.21000000000000	23.907053809396	1149.1293977547
0.21050000000000	24.364263959248	1158.8498844000
0.21100000000000	24.832775430475	1168.7102239966
0.21150000000000	25.312944872237	1178.7135787423
0.21200000000000	25.805142849215	1188.8632064707
0.21250000000000	26.309754492277	1199.1624642922
0.21300000000000	26.827180184647	1209.6148124018
0.21350000000000	27.357836286865	1220.2238180635
0.21400000000000	27.902155899954	1230.9931597811
0.21450000000000	28.460589674142	1241.9266316644
0.21500000000000	29.033606660411	1253.0281480035
0.21550000000000	29.621695212002	1264.3017480610
0.21600000000000	30.225363937317	1275.7516010951
0.21650000000000	30.845142708447	1287.3820116272
0.21700000000000	31.481583726863	1299.1974249668
0.21750000000000	32.135262653735	1311.2024330091
0.21800000000000	32.806779804712	1323.4017803217
0.21850000000000	33.496761418806	1335.8003705361
0.21900000000000	34.205861001936	1348.4032730625
0.21950000000000	34.934760751804	1361.2157301481
0.22000000000000	35.684173071763	1374.2431642970
0.22050000000000	36.454842175575	1387.4911860770
0.22100000000000	37.247545794979	1400.9656023332
0.22150000000000	38.063096992656	1414.6724248369
0.22200000000000	38.902346090313	1428.6178793938
0.22250000000000	39.766182721110	1442.8084154427
0.22300000000000	40.655538013529	1457.2507161738
0.22350000000000	41.571386917928	1471.9517092009
0.22400000000000	42.514750686116	1486.9185778228
0.22450000000000	43.486699514808	1502.1587729116
0.22500000000000	44.488355366664	1517.6800254700
0.22550000000000	45.520894982393	1533.4903599008
0.22600000000000	46.585553096139	1549.5981080367
0.22650000000000	47.683625876743	1566.0119239816
0.22700000000000	48.816474603254	1582.7407998182
0.22750000000000	49.985529601279	1599.7940822415
0.22800000000000	51.192294459015	1617.1814901834
0.22850000000000	52.438350545522	1634.9131334955
0.22900000000000	53.725361852087	1652.9995327676
0.22950000000000	55.055080193553	1671.4516403608
0.23000000000000	56.429350789103	1690.2808627444
0.23050000000000	57.850118261397	1709.4990842307
0.23100000000000	59.319433088337	1729.1186922109
0.23150000000000	60.839458546300	1749.1526040035
0.23200000000000	62.412478188821	1769.6142954374
0.23250000000000	64.040903905480	1790.5178313006
0.23300000000000	65.727284618879	1811.8778977972
0.23350000000000	67.474315672303	1833.7098371709
0.23400000000000	69.284848971331	1856.0296846625
0.23450000000000	71.161903955066	1878.8542079884
0.23500000000000	73.108679468993	1902.2009495412
0.23550000000000	75.128566626359	1926.0882715347
0.23600000000000	77.225162757020	1950.5354043340
0.23650000000000	79.402286541545	1975.5624982349
0.23700000000000	81.663994457492	2001.1906789845
0.23750000000000	84.014598659466	2027.4421073583
0.23800000000000	86.458686442179	2054.3400431451
0.23850000000000	89.001141448242	2081.9089139223
0.23900000000000	91.647166800972	2110.1743890447
0.23950000000000	94.402310357855	2139.1634593114
0.24000000000000	97.272492323291	2168.9045228245
0.24050000000000	100.26403545843	2199.4274776063
0.24100000000000	103.38369818276	2230.7638216012
0.24150000000000	106.63871088068	2262.9467607561
0.24200000000000	110.03681577533	2296.0113259475
0.24250000000000	113.58631077226	2329.9944996089
0.24300000000000	117.29609772850	2364.9353530061
0.24350000000000	121.17573566993	2400.8751952149
0.24400000000000	125.23549953367	2437.8577349767
0.24450000000000	129.48644511093	2475.9292567435
0.24500000000000	133.94048093294	2515.1388123776
0.24550000000000	138.61044797742	2555.5384301455
0.24600000000000	143.51020815458	2597.1833428466
0.24650000000000	148.65474272230	2640.1322371373
0.24700000000000	154.06026189558	2684.4475263732
0.24750000000000	159.74432713505	2730.1956495832
0.24800000000000	165.72598781691	2777.4473995227
0.24850000000000	172.02593423601	2826.2782831404
0.24900000000000	178.66666920547	2876.7689182306
0.24950000000000	185.67270088045	2929.0054705513
0.25000000000000	193.07075983511	2983.0801362718
0.25050000000000	200.89004395163	3039.0916752872
0.25100000000000	209.16249522893	3097.1460017179
0.25150000000000	217.92311335588	3157.3568388165
0.25200000000000	227.21031172327	3219.8464465539
0.25250000000000	237.06632250734	3284.7464313872
0.25300000000000	247.53765873285	3352.1986491324
0.25350000000000	258.67564257455	3422.3562135480
0.25400000000000	270.53701095970	3495.3846251953
0.25450000000000	283.18461161987	3571.4630374471
0.25500000000000	296.68820527699	3650.7856792490
0.25550000000000	311.12539281716	3733.5634574480
0.25600000000000	326.58269007987	3820.0257653251
0.25650000000000	343.15677764005	3910.4225285015
0.25700000000000	360.95595874649	4005.0265247904
0.25750000000000	380.10186578614	4104.1360210284
0.25800000000000	400.73146467022	4208.0777776418
0.25850000000000	422.99941771463	4317.2104810104
0.25900000000000	447.08087983669	4431.9286748567
0.25950000000000	473.17482072497	4552.6672754054
0.26000000000000	501.50798842927	4679.9067713941
0.26050000000000	532.33965900471	4814.1792298151
0.26100000000000	565.96735418208	4956.0752523624
0.26150000000000	602.73375766638	5106.2520568123
0.26200000000000	643.03512368459	5265.4428932563
0.26250000000000	687.33155430224	5434.4680485168
0.26300000000000	736.15963130231	5614.2477449415
0.26350000000000	790.14803384573	5805.8173039106
0.26400000000000	850.03696807039	6010.3450218586
0.26450000000000	916.70249795570	6229.1532994525
0.26500000000000	991.18722554428	6463.7436742245
0.26550000000000	1074.7392614077	6715.8265336954
0.26600000000000	1168.8621095816	6987.3564269284
0.26650000000000	1275.3790477010	7280.5740383216
0.26700000000000	1396.5169351085	7598.0560165550
0.26750000000000	1535.0163112849	7942.7739185562
0.26800000000000	1694.2774305303	8318.1634414434
0.26850000000000	1878.5559332775	8728.2046973631
0.26900000000000	2093.2278218512	9177.5131939189
0.26950000000000	2345.1522719517	9671.4387598982
0.27000000000000	2643.1740866158	10216.164637049
0.27050000000000	2998.8275982939	10818.788894978
0.27100000000000	3427.3340033740	11487.350430630
0.27150000000000	3949.0293779752	12230.722630768
0.27200000000000	4591.4270964581	13058.220435063
0.27250000000000	5392.2109127644	13978.613079183
0.27300000000000	6403.5670143759	14997.928774144
0.27350000000000	7698.3428326155	16114.827113540
0.27400000000000	9378.3640883565	17311.112431983
0.27450000000000	11584.188033640	18532.693225445
0.27500000000000	14501.683536393	19652.519342858
0.27550000000000	18349.137865238	20403.051419403
0.27600000000000	23299.718052459	20272.111436382
0.27650000000000	29247.616310338	18412.854863469
0.27700000000000	35353.051994711	13802.005667981
0.27750000000000	39718.500487774	6061.5920501993
0.27800000000000	40262.974224737	-3375.2453310474
0.27850000000000	36713.939817448	-11709.316386586
0.27900000000000	30908.976188879	-17083.538945231
0.27950000000000	24902.554514349	-19552.243572831
0.28000000000000	19754.367445028	-20075.907915814
0.28050000000000	15693.012646057	-19554.942366123
0.28100000000000	12589.147323104	-18563.998098522
0.28150000000000	10232.395503541	-17413.663403559
0.28200000000000	8432.8858482848	-16256.411626450
0.28250000000000	7043.6361573391	-15160.579177860
0.28300000000000	5956.9779116859	-14152.246390023
0.28350000000000	5095.4490893141	-13237.140014191
0.28400000000000	4403.3956324369	-12411.701201784
0.28450000000000	3840.5690987870	-11668.569776307
0.28500000000000	3377.5613040028	-10999.244716919
0.28550000000000	2992.6275674137	-10395.327056355
0.28600000000000	2669.4893342151	-9849.0555968045
0.28650000000000	2395.8095806018	-9353.4943854064
0.28700000000000	2162.1269053045	-8902.5536140720
0.28750000000000	1961.1028736674	-8490.9357448833
0.28800000000000	1786.9846889431	-8114.0528199035
0.28850000000000	1635.2172183574	-7767.9374210855
0.28900000000000	1502.1596821935	-7449.1577053401
0.28950000000000	1384.8764820422	-7154.7408149514
0.29000000000000	1280.9811206251	-6882.1059107514
0.29050000000000	1188.5185500481	-6629.0066193144
0.29100000000000	1105.8756269925	-6393.4820527084
0.29150000000000	1031.7123324999	-6173.8153450699
0.29200000000000	964.90848071330	-5968.4986396001
0.29250000000000	904.52208779308	-5776.2035415114
0.29300000000000	849.75659575537	-5595.7561690239
0.29350000000000	799.93487726693	-5426.1160570153
0.29400000000000	754.47847424939	-5266.3582831808
0.29450000000000	712.89090677191	-5115.6582888394
0.29500000000000	674.74417006275	-4973.2789546567
0.29550000000000	639.66774557567	-4838.5595660592
0.29600000000000	607.33960759928	-4710.9063652549
0.29650000000000	577.47882345845	-4589.7844384352
0.29700000000000	549.83943386803	-4474.7107293399
0.29750000000000	524.20536738128	-4365.2480055261
0.29800000000000	500.38619463620	-4260.9996326436
0.29850000000000	478.21356807230	-4161.6050358892
0.29900000000000	457.53822387123	-4066.7357475096
0.29950000000000	438.22744718068	-3976.0919554857
0.30000000000000	420.16292079193	-3889.3994820037
0.30050000000000	403.23889254115	-3806.4071314864
0.30100000000000	387.36060869947	-3726.8843572518
0.30150000000000	372.44297024269	-3650.6192035950
0.30200000000000	358.40937654094	-3577.4164865665
0.30250000000000	345.19072723333	-3507.0961821334
0.30300000000000	332.72455808943	-3439.4919949506
0.30350000000000	320.95429069585	-3374.4500848146
0.30400000000000	309.82857919570	-3311.8279310865
0.30450000000000	299.30074001411	-3251.4933181180
0.30500000000000	289.32825273550	-3193.3234270327
0.30550000000000	279.87232220139	-3137.2040211815
0.30600000000000	270.89749336919	-3083.0287142871
0.30650000000000	262.37131184466	-3030.6983117102
0.30700000000000	254.26402396252	-2980.1202165238
0.30750000000000	246.54831126407	-2931.2078931225
0.30800000000000	239.19905493490	-2883.8803820115
0.30850000000000	232.19312640314	-2838.0618602023
0.30900000000000	225.50920082898	-2793.6812423220
0.30950000000000	219.12759067554	-2750.6718181288
0.31000000000000	213.03009692220	-2708.9709226363
0.31050000000000	207.19987582860	-2668.5196354930
0.31100000000000	201.62131940190	-2629.2625066504
0.31150000000000	196.27994799939	-2591.1473056879
0.31200000000000	191.16231365854	-2554.1247924625
0.31250000000000	186.25591296853	-2518.1485070015
0.31300000000000	181.54910840873	-2483.1745767929
0.31350000000000	177.03105722597	-2449.1615398217
0.31400000000000	172.69164704432	-2416.0701818763
0.31450000000000	168.52143748331	-2383.8633868073
0.31500000000000	164.51160715268	-2352.5059985548
0.31550000000000	160.65390546750	-2321.9646938842
0.31600000000000	156.94060878357	-2292.2078648757
0.31650000000000	153.36448042451	-2263.2055103104
0.31700000000000	149.91873420303	-2234.9291351788
0.31750000000000	146.59700109210	-2207.3516576156
0.31800000000000	143.39329874735	-2180.4473226275
0.31850000000000	140.30200359167	-2154.1916220484
0.31900000000000	137.31782523381	-2128.5612202009
0.31950000000000	134.43578298448	-2103.5338848008
0.32000000000000	131.65118429008	-2079.0884226755
0.32050000000000	128.95960489704	-2055.2046199143
0.32100000000000	126.35687059501	-2031.8631860955
0.32150000000000	123.83904039665	-2009.0457022739
0.32200000000000	121.40239102109	-1986.7345724352
0.32250000000000	119.04340257299	-1964.9129781519
0.32300000000000	116.75874531087	-1943.5648361975
0.32350000000000	114.54526740859	-1922.6747588971
0.32400000000000	112.39998363033	-1902.2280170105
0.32450000000000	110.32006483572	-1882.2105049618
0.32500000000000	108.30282825252	-1862.6087082447
0.32550000000000	106.34572844959	-1843.4096728465
0.32600000000000	104.44634895408	-1824.6009765467
0.32650000000000	102.60239445965	-1806.1707019579
0.32700000000000	100.81168358144	-1788.1074111868
0.32750000000000	99.072142110172	-1770.4001220038
0.32800000000000	97.381796731426	-1753.0382854165
0.32850000000000	95.738769167336	-1736.0117645529
0.32900000000000	94.141270716916	-1719.3108147650
0.32950000000000	92.587597154472	-1702.9260648726
0.33000000000000	91.076123968923	-1686.8484994710
0.33050000000000	89.605301911132	-1671.0694422333
0.33100000000000	88.173652830573	-1655.5805401427
0.33150000000000	86.779765777360	-1640.3737485959
0.33200000000000	85.422293356567	-1625.4413173196
0.33250000000000	84.099948303211	-1610.7757770528
0.33300000000000	82.811500280657	-1596.3699269425
0.33350000000000	81.555772869788	-1582.2168226122
0.33400000000000	80.331640746268	-1568.3097648593
0.33450000000000	79.138027027035	-1554.6422889451
0.33500000000000	77.973900779048	-1541.2081544399
0.33550000000000	76.838274674472	-1528.0013355903
0.33600000000000	75.730202784980	-1515.0160121792
0.33650000000000	74.648778506860	-1502.2465608466
0.33700000000000	73.593132604552	-1489.6875468475
0.33750000000000	72.562431369639	-1477.3337162188
0.33800000000000	71.555874883311	-1465.1799883330
0.33850000000000	70.572695376842	-1453.2214488174
0.33900000000000	69.612155687385	-1441.4533428157
0.33950000000000	68.673547796452	-1429.8710685754
0.34000000000000	67.756191451532	-1418.4701713417
0.34050000000000	66.859432862498	-1407.2463375398
0.34100000000000	65.982643469717	-1396.1953892327
0.34150000000000	65.125218777167	-1385.3132788365
0.34200000000000	64.286577251745	-1374.5960840807
0.34250000000000	63.466159275623	-1364.0400032012
0.34300000000000	62.663426159756	-1353.6413503516
0.34350000000000	61.877859205097	-1343.3965512226
0.34400000000000	61.108958814583	-1333.3021388588
0.34450000000000	60.356243649604	-1323.3547496621
0.34500000000000	59.619249831920	-1313.5511195712
0.34550000000000	58.897530183414	-1303.8880804107
0.34600000000000	58.190653505952	-1294.3625563982
0.34650000000000	57.498203897973	-1284.9715608035
0.34700000000000	56.819780102005	-1275.7121927519
0.34750000000000	56.154994889284	-1266.5816341628
0.34800000000000	55.503474469748	-1257.5771468198
0.34850000000000	54.864857933350	-1248.6960695634
0.34900000000000	54.238796718118	-1239.9358156011
0.34950000000000	53.624954104352	-1231.2938699294
0.35000000000000	53.023004729860	-1222.7677868631
0.35050000000000	52.432634133213	-1214.3551876638
0.35100000000000	51.853538313323	-1206.0537582677
0.35150000000000	51.285423313656	-1197.8612471025
0.35200000000000	50.728004823731	-1189.7754629944
0.35250000000000	50.181007798611	-1181.7942731571
0.35300000000000	49.644166097223	-1173.9156012611
0.35350000000000	49.117222136880	-1166.1374255789
0.35400000000000	48.599926561766	-1158.4577772031
0.35450000000000	48.092037928701	-1150.8747383336
0.35500000000000	47.593322405211	-1143.3864406303
0.35550000000000	47.103553481503	-1135.9910636306
0.35600000000000	46.622511695896	-1128.6868332255
0.35650000000000	46.149984370571	-1121.4720201947
0.35700000000000	45.685765360149	-1114.3449387965
0.35750000000000	45.229654810977	-1107.3039454103
0.35800000000000	44.781458930080	-1100.3474372296
0.35850000000000	44.340989765361	-1093.4738510040
0.35900000000000	43.908064992424	-1086.6816618264
0.35950000000000	43.482507714366	-1079.9693819652
0.36000000000000	43.064146265801	-1073.3355597390
0.36050000000000	42.652814027943	-1066.7787784311
0.36100000000000	42.248349250370	-1060.2976552440
0.36150000000000	41.850594879570	-1053.8908402900
0.36200000000000	41.459398395846	-1047.5570156192
0.36250000000000	41.074611655200	-1041.2948942799
0.36300000000000	40.696090738946	-1035.1032194134
0.36350000000000	40.323695809044	-1028.9807633794
0.36400000000000	39.957290968338	-1022.9263269125
0.36450000000000	39.596744127630	-1016.9387383068
0.36500000000000	39.241926877461	-1011.0168526293
0.36550000000000	38.892714364316	-1005.1595509598
0.36600000000000	38.548985172832	-999.36573965600
0.36650000000000	38.210621211630	-993.63434964434
0.36700000000000	37.877507603938	-987.96433573371
0.36750000000000	37.549532582461	-982.35467595247
0.36800000000000	37.226587387836	-976.80437090733
0.36850000000000	36.908566171944	-971.31244316329
0.36900000000000	36.595365903343	-965.87793664396
0.36950000000000	36.286886277715	-960.49991605135
0.37000000000000	35.983029630813	-955.17746630451
0.37050000000000	35.683700854864	-949.90969199628
0.37100000000000	35.388807318134	-944.69571686736
0.37150000000000	35.098258787268	-939.53468329730
0.37200000000000	34.811967352454	-934.42575181147
0.37250000000000	34.529847356031	-929.36810060370
0.37300000000000	34.251815322193	-924.36092507392
0.37350000000000	33.977789890644	-919.40343738012
0.37400000000000	33.707691752196	-914.49486600433
0.37450000000000	33.441443585871	-909.63445533202
0.37500000000000	33.178969999473	-904.82146524434
0.37550000000000	32.920197471875	-900.05517072292
0.37600000000000	32.665054296121	-895.33486146670
0.37650000000000	32.413470526827	-890.65984152028
0.37700000000000	32.165377926969	-886.02942891356
0.37750000000000	31.920709918307	-881.44295531216
0.37800000000000	31.679401532425	-876.89976567825
0.37850000000000	31.441389364548	-872.39921794142
0.37900000000000	31.206611526944	-867.94068267940
0.37950000000000	30.975007606796	-863.52354280798
0.38000000000000	30.746518622528	-859.14719328016
0.38050000000000	30.521086983830	-854.81104079399
0.38100000000000	30.298656451580	-850.51450350888
0.38150000000000	30.079172099977	-846.25701077009
0.38200000000000	29.862580279571	-842.03800284110
0.38250000000000	29.648828581305	-837.85693064373
0.38300000000000	29.437865802389	-833.71325550548
0.38350000000000	29.229641912176	-829.60644891418
0.38400000000000	29.024108020694	-825.53599227944
0.38450000000000	28.821216346535	-821.50137670083
0.38500000000000	28.620920186969	-817.50210274253
0.38550000000000	28.423173888565	-813.53768021421
0.38600000000000	28.227932818669	-809.60762795801
0.38650000000000	28.035153337933	-805.71147364136
0.38700000000000	27.844792773843	-801.84875355541
0.38750000000000	27.656809394586	-798.01901241912
0.38800000000000	27.471162384289	-794.22180318847
0.38850000000000	27.287811818885	-790.45668687099
0.38900000000000	27.106718642070	-786.72323234518
0.38950000000000	26.927844643338	-783.02101618477
0.39000000000000	26.751152435318	-779.34962248776
0.39050000000000	26.576605432552	-775.70864270989
0.39100000000000	26.404167831043	-772.09767550251
0.39150000000000	26.233804587597	-768.51632655483
0.39200000000000	26.065481400831	-764.96420844022
0.39250000000000	25.899164691841	-761.44094046646
0.39300000000000	25.734821586253	-757.94614853003
0.39350000000000	25.572419895996	-754.47946497403
0.39400000000000	25.411928102295	-751.04052844987
0.39450000000000	25.253315338678	-747.62898378237
0.39500000000000	25.096551375138	-744.24448183846
0.39550000000000	24.941606601586	-740.88667939911
0.39600000000000	24.788452013067	-737.55523903453
0.39650000000000	24.637059194765	-734.24982898255
0.39700000000000	24.487400307376	-730.97012302996
0.39750000000000	24.339448073082	-727.71580039697
0.39800000000000	24.193175762072	-724.48654562437
0.39850000000000	24.048557178888	-721.28204846364
0.39900000000000	23.905566649853	-718.10200376967
0.39950000000000	23.764179010535	-714.94611139617
0.40000000000000	23.624369593281	-711.81407609362
0.40050000000000	23.486114215826	-708.70560740973
0.40100000000000	23.349389169216	-705.62041959228
0.40150000000000	23.214171207094	-702.55823149437
0.40200000000000	23.080437534611	-699.51876648188
0.40250000000000	22.948165797842	-696.50175234322
0.40300000000000	22.817334073565	-693.50692120120
0.40350000000000	22.687920859190	-690.53400942698
0.40400000000000	22.559905062979	-687.58275755614
0.40450000000000	22.433265994699	-684.65291020661
0.40500000000000	22.307983356330	-681.74421599866
0.40550000000000	22.184037232982	-678.85642747668
0.40600000000000	22.061408084430	-675.98930103282
0.40650000000000	21.940076736295	-673.14259683238
0.40700000000000	21.820024372030	-670.31607874097
0.40750000000000	21.701232524700	-667.50951425332
0.40800000000000	21.583683069222	-664.72267442373
0.40850000000000	21.467358214755	-661.95533379812
0.40900000000000	21.352240497147	-659.20727034763
0.40950000000000	21.238312771742	-656.47826540373
0.41000000000000	21.125558206379	-653.76810359480
0.41050000000000	21.013960274442	-651.07657278411
0.41100000000000	20.903502748261	-648.40346400928
0.41150000000000	20.794169692446	-645.74857142296
0.41200000000000	20.685945457592	-643.11169223498
0.41250000000000	20.578814674156	-640.49262665568
0.41300000000000	20.472762246335	-637.89117784053
0.41350000000000	20.367773346272	-635.30715183600
0.41400000000000	20.263833408031	-632.74035752656
0.41450000000000	20.160928122388	-630.19060658291
0.41500000000000	20.059043431243	-627.65771341125
0.41550000000000	19.958165522096	-625.14149510377
0.41600000000000	19.858280823114	-622.64177139012
0.41650000000000	19.759375998011	-620.15836458993
0.41700000000000	19.661437940995	-617.69109956644
0.41750000000000	19.564453772111	-615.23980368099
0.41800000000000	19.468410832522	-612.80430674862
0.41850000000000	19.373296679731	-610.38444099452
0.41900000000000	19.279099083315	-607.98004101141
0.41950000000000	19.185806020630	-605.59094371789
0.42000000000000	19.093405672281	-603.21698831760
0.42050000000000	19.001886418197	-600.85801625922
0.42100000000000	18.911236833428	-598.51387119742
0.42150000000000	18.821445684319	-596.18439895449
0.42200000000000	18.732501924607	-593.86944748283
0.42250000000000	18.644394691459	-591.56886682823
0.42300000000000	18.557113302135	-589.28250909389
0.42350000000000	18.470647250069	-587.01022840514
0.42400000000000	18.384986201595	-584.75188087496
0.42450000000000	18.300119992354	-582.50732457017
0.42500000000000	18.216038623927	-580.27641947825
0.42550000000000	18.132732260795	-578.05902747494
0.42600000000000	18.050191226825	-575.85501229240
0.42650000000000	17.968406002369	-573.66423948808
0.42700000000000	17.887367221141	-571.48657641417
0.42750000000000	17.807065667177	-569.32189218767
0.42800000000000	17.727492272101	-567.17005766109
0.42850000000000	17.648638111927	-565.03094539367
0.42900000000000	17.570494404741	-562.90442962324
0.42950000000000	17.493052507596	-560.79038623856
0.43000000000000	17.416303913987	-558.68869275231
0.43050000000000	17.340240251296	-556.59922827448
0.43100000000000	17.264853278218	-554.52187348637
0.43150000000000	17.190134882200	-552.45651061508
0.43200000000000	17.116077077116	-550.40302340850
0.43250000000000	17.042672000856	-548.36129711073
0.43300000000000	16.969911912972	-546.33121843804
0.43350000000000	16.897789192423	-544.31267555529
0.43400000000000	16.826296335331	-542.30555805275
0.43450000000000	16.755425952902	-540.30975692339
0.43500000000000	16.685170769119	-538.32516454066
0.43550000000000	16.615523618858	-536.35167463655
0.43600000000000	16.546477445691	-534.38918228024
0.43650000000000	16.478025300007	-532.43758385700
0.43700000000000	16.410160336930	-530.49677704764
0.43750000000000	16.342875814574	-528.56666080815
0.43800000000000	16.276165092110	-526.64713534990
0.43850000000000	16.210021627852	-524.73810212014
0.43900000000000	16.144438977559	-522.83946378283
0.43950000000000	16.079410792731	-520.95112419988
0.44000000000000	16.014930818719	-519.07298841271
0.44050000000000	15.950992893231	-517.20496262413
0.44100000000000	15.887590944603	-515.34695418061
0.44150000000000	15.824718990156	-513.49887155483
0.44200000000000	15.762371134745	-511.66062432854
0.44250000000000	15.700541569027	-509.83212317576
0.44300000000000	15.639224568148	-508.01327984627
0.44350000000000	15.578414490175	-506.20400714943
0.44400000000000	15.518105774558	-504.40421893825
0.44450000000000	15.458292940929	-502.61383009370
0.44500000000000	15.398970587461	-500.83275650948
0.44550000000000	15.340133389674	-499.06091507684
0.44600000000000	15.281776099081	-497.29822366983
0.44650000000000	15.223893541827	-495.54460113075
0.44700000000000	15.166480617373	-493.79996725582
0.44750000000000	15.109532297435	-492.06424278123
0.44800000000000	15.053043624552	-490.33734936925
0.44850000000000	14.997009710849	-488.61920959478
0.44900000000000	14.941425737165	-486.90974693198
0.44950000000000	14.886286951507	-485.20888574124
0.45000000000000	14.831588668154	-483.51655125628
0.45050000000000	14.777326266542	-481.83266957156
0.45100000000000	14.723495189994	-480.15716762988
0.45150000000000	14.670090944886	-478.48997321015
0.45200000000000	14.617109099434	-476.83101491544
0.45250000000000	14.564545282723	-475.18022216119
0.45300000000000	14.512395183680	-473.53752516364
0.45350000000000	14.460654550138	-471.90285492845
0.45400000000000	14.409319187836	-470.27614323948
0.45450000000000	14.358384959389	-468.65732264786
0.45500000000000	14.307847783506	-467.04632646113
0.45550000000000	14.257703634000	-465.44308873263
0.45600000000000	14.207948538834	-463.84754425104
0.45650000000000	14.158578579309	-462.25962853012
0.45700000000000	14.109589889269	-460.67927779860
0.45750000000000	14.060978654081	-459.10642899025
0.45800000000000	14.012741109975	-457.54101973411
0.45850000000000	13.964873543136	-455.98298834488
0.45900000000000	13.917372288916	-454.43227381347
0.45950000000000	13.870233731002	-452.88881579772
0.46000000000000	13.823454300864	-451.35255461326
0.46050000000000	13.777030476657	-449.82343122451
0.46100000000000	13.730958782771	-448.30138723582
0.46150000000000	13.685235788993	-446.78636488283
0.46200000000000	13.639858109766	-445.27830702386
0.46250000000000	13.594822403492	-443.77715713151
0.46300000000000	13.550125371971	-442.28285928437
0.46350000000000	13.505763759539	-440.79535815890
0.46400000000000	13.461734352513	-439.31459902138
0.46450000000000	13.418033978506	-437.84052772003
0.46500000000000	13.374659505873	-436.37309067727
0.46550000000000	13.331607842918	-434.91223488204
0.46600000000000	13.288875937480	-433.45790788233
0.46650000000000	13.246460776081	-432.01005777775
0.46700000000000	13.204359383627	-430.56863321227
0.46750000000000	13.162568822574	-429.13358336702
0.46800000000000	13.121086192472	-427.70485795330
0.46850000000000	13.079908629407	-426.28240720559
0.46900000000000	13.039033305418	-424.86618187469
0.46950000000000	12.998457427950	-423.45613322110
0.47000000000000	12.958178239353	-422.05221300827
0.47050000000000	12.918193016334	-420.65437349619
0.47100000000000	12.878499069409	-419.26256743491
0.47150000000000	12.839093742503	-417.87674805823
0.47200000000000	12.799974412334	-416.49686907750
0.47250000000000	12.761138488022	-415.12288467549
0.47300000000000	12.722583410581	-413.75474950033
0.47350000000000	12.684306652360	-412.39241865962
0.47400000000000	12.646305716715	-411.03584771456
0.47450000000000	12.608578137451	-409.68499267416
0.47500000000000	12.571121478483	-408.33980998962
0.47550000000000	12.533933333299	-407.00025654874
0.47600000000000	12.497011324559	-405.66628967036
0.47650000000000	12.460353103692	-404.33786709902
0.47700000000000	12.423956350429	-403.01494699957
0.47750000000000	12.387818772480	-401.69748795195
0.47800000000000	12.351938105011	-400.38544894598
0.47850000000000	12.316312110363	-399.07878937628
0.47900000000000	12.280938577627	-397.77746903725
0.47950000000000	12.245815322242	-396.48144811809
0.48000000000000	12.210940185571	-395.19068719795
0.48050000000000	12.176311034649	-393.90514724115
0.48100000000000	12.141925761764	-392.62478959237
0.48150000000000	12.107782284049	-391.34957597207
0.48200000000000	12.073878543187	-390.07946847184
0.48250000000000	12.040212505127	-388.81442954990
0.48300000000000	12.006782159511	-387.55442202662
0.48350000000000	11.973585519639	-386.29940908014
0.48400000000000	11.940620621995	-385.04935424201
0.48450000000000	11.907885525837	-383.80422139296
0.48500000000000	11.875378313050	-382.56397475864
0.48550000000000	11.843097087718	-381.32857890554
0.48600000000000	11.811039975900	-380.09799873684
0.48650000000000	11.779205125171	-378.87219948839
0.48700000000000	11.747590704598	-377.65114672478
0.48750000000000	11.716194904127	-376.43480633538
0.48800000000000	11.685015934545	-375.22314453050
0.48850000000000	11.654052027051	-374.01612783759
0.48900000000000	11.623301433055	-372.81372309747
0.48950000000000	11.592762423885	-371.61589746066
0.49000000000000	11.562433290483	-370.42261838370
0.49050000000000	11.532312343189	-369.23385362560
0.49100000000000	11.502397911432	-368.04957124426
0.49150000000000	11.472688343494	-366.86973959300
0.49200000000000	11.443182006281	-365.69432731708
0.49250000000000	11.413877285037	-364.52330335036
0.49300000000000	11.384772583141	-363.35663691189
0.49350000000000	11.355866321794	-362.19429750267
0.49400000000000	11.327156939827	-361.03625490233
0.49450000000000	11.298642893535	-359.88247916595
0.49500000000000	11.270322656295	-358.73294062090
0.49550000000000	11.242194718468	-357.58760986370
0.49600000000000	11.214257587097	-356.44645775695
0.49650000000000	11.186509785752	-355.30945542627
0.49700000000000	11.158949854271	-354.17657425733
0.49750000000000	11.131576348559	-353.04778589288
0.49800000000000	11.104387840365	-351.92306222982
0.49850000000000	11.077382917104	-350.80237541635
0.49900000000000	11.050560181626	-349.68569784912
0.49950000000000	11.023918252052	-348.57300217043
0.50000000000000	10.997455761532	-347.46426126546
