#Parameters = {H=5; L=20; N=8; a=70; circumf=45.707963267949; gap=1; offset=1; planeW=0.5; spread_factor=1.2; wg=0.25}
#"Frequency / GHz"	"S2,2 [Real/Imaginary Part] [Re]"	"S2,2 [Real/Imaginary Part] [Im]"
#-------------------------------------------------------------------------------------
0.10000000000000	0.99999276164668	0.00072105169662584
0.10010000000000	0.99999277196425	0.00071940567860960
0.10020000000000	0.99999278225250	0.00071776177432394
0.10030000000000	0.99999279251152	0.00071611997638119
0.10040000000000	0.99999280274139	0.00071448027741959
0.10050000000000	0.99999281294219	0.00071284267010301
0.10060000000000	0.99999282311399	0.00071120714712090
0.10070000000000	0.99999283325688	0.00070957370118808
0.10080000000000	0.99999284337094	0.00070794232504464
0.10090000000000	0.99999285345624	0.00070631301145585
0.10100000000000	0.99999286351286	0.00070468575321183
0.10110000000000	0.99999287354088	0.00070306054312769
0.10120000000000	0.99999288354039	0.00070143737404314
0.10130000000000	0.99999289351145	0.00069981623882250
0.10140000000000	0.99999290345414	0.00069819713035448
0.10150000000000	0.99999291336854	0.00069658004155213
0.10160000000000	0.99999292325472	0.00069496496535261
0.10170000000000	0.99999293311276	0.00069335189471714
0.10180000000000	0.99999294294274	0.00069174082263079
0.10190000000000	0.99999295274473	0.00069013174210239
0.10200000000000	0.99999296251881	0.00068852464616443
0.10210000000000	0.99999297226504	0.00068691952787283
0.10220000000000	0.99999298198351	0.00068531638030688
0.10230000000000	0.99999299167428	0.00068371519656913
0.10240000000000	0.99999300133743	0.00068211596978520
0.10250000000000	0.99999301097303	0.00068051869310366
0.10260000000000	0.99999302058116	0.00067892335969594
0.10270000000000	0.99999303016188	0.00067732996275615
0.10280000000000	0.99999303971528	0.00067573849550102
0.10290000000000	0.99999304924141	0.00067414895116973
0.10300000000000	0.99999305874034	0.00067256132302375
0.10310000000000	0.99999306821216	0.00067097560434677
0.10320000000000	0.99999307765693	0.00066939178844458
0.10330000000000	0.99999308707472	0.00066780986864489
0.10340000000000	0.99999309646560	0.00066622983829726
0.10350000000000	0.99999310582964	0.00066465169077294
0.10360000000000	0.99999311516691	0.00066307541946479
0.10370000000000	0.99999312447747	0.00066150101778711
0.10380000000000	0.99999313376139	0.00065992847917553
0.10390000000000	0.99999314301875	0.00065835779708694
0.10400000000000	0.99999315224961	0.00065678896499929
0.10410000000000	0.99999316145403	0.00065522197641152
0.10420000000000	0.99999317063208	0.00065365682484346
0.10430000000000	0.99999317978384	0.00065209350383564
0.10440000000000	0.99999318890936	0.00065053200694924
0.10450000000000	0.99999319800871	0.00064897232776595
0.10460000000000	0.99999320708196	0.00064741445988784
0.10470000000000	0.99999321612916	0.00064585839693727
0.10480000000000	0.99999322515040	0.00064430413255675
0.10490000000000	0.99999323414572	0.00064275166040883
0.10500000000000	0.99999324311520	0.00064120097417602
0.10510000000000	0.99999325205890	0.00063965206756059
0.10520000000000	0.99999326097688	0.00063810493428459
0.10530000000000	0.99999326986920	0.00063655956808959
0.10540000000000	0.99999327873593	0.00063501596273669
0.10550000000000	0.99999328757714	0.00063347411200635
0.10560000000000	0.99999329639287	0.00063193400969824
0.10570000000000	0.99999330518319	0.00063039564963124
0.10580000000000	0.99999331394818	0.00062885902564323
0.10590000000000	0.99999332268787	0.00062732413159100
0.10600000000000	0.99999333140235	0.00062579096135021
0.10610000000000	0.99999334009166	0.00062425950881520
0.10620000000000	0.99999334875587	0.00062272976789887
0.10630000000000	0.99999335739504	0.00062120173253268
0.10640000000000	0.99999336600922	0.00061967539666645
0.10650000000000	0.99999337459848	0.00061815075426827
0.10660000000000	0.99999338316288	0.00061662779932440
0.10670000000000	0.99999339170247	0.00061510652583918
0.10680000000000	0.99999340021731	0.00061358692783491
0.10690000000000	0.99999340870747	0.00061206899935176
0.10700000000000	0.99999341717299	0.00061055273444761
0.10710000000000	0.99999342561393	0.00060903812719804
0.10720000000000	0.99999343403036	0.00060752517169615
0.10730000000000	0.99999344242233	0.00060601386205248
0.10740000000000	0.99999345078990	0.00060450419239493
0.10750000000000	0.99999345913311	0.00060299615686863
0.10760000000000	0.99999346745204	0.00060148974963583
0.10770000000000	0.99999347574672	0.00059998496487583
0.10780000000000	0.99999348401723	0.00059848179678490
0.10790000000000	0.99999349226361	0.00059698023957608
0.10800000000000	0.99999350048592	0.00059548028747919
0.10810000000000	0.99999350868421	0.00059398193474068
0.10820000000000	0.99999351685854	0.00059248517562352
0.10830000000000	0.99999352500896	0.00059099000440715
0.10840000000000	0.99999353313552	0.00058949641538732
0.10850000000000	0.99999354123828	0.00058800440287605
0.10860000000000	0.99999354931729	0.00058651396120147
0.10870000000000	0.99999355737261	0.00058502508470782
0.10880000000000	0.99999356540428	0.00058353776775523
0.10890000000000	0.99999357341236	0.00058205200471971
0.10900000000000	0.99999358139689	0.00058056778999304
0.10910000000000	0.99999358935794	0.00057908511798265
0.10920000000000	0.99999359729555	0.00057760398311157
0.10930000000000	0.99999360520977	0.00057612437981828
0.10940000000000	0.99999361310066	0.00057464630255664
0.10950000000000	0.99999362096826	0.00057316974579581
0.10960000000000	0.99999362881263	0.00057169470402015
0.10970000000000	0.99999363663380	0.00057022117172911
0.10980000000000	0.99999364443185	0.00056874914343715
0.10990000000000	0.99999365220680	0.00056727861367368
0.11000000000000	0.99999365995871	0.00056580957698287
0.11010000000000	0.99999366768764	0.00056434202792369
0.11020000000000	0.99999367539363	0.00056287596106973
0.11030000000000	0.99999368307672	0.00056141137100910
0.11040000000000	0.99999369073696	0.00055994825234441
0.11050000000000	0.99999369837441	0.00055848659969264
0.11060000000000	0.99999370598911	0.00055702640768505
0.11070000000000	0.99999371358110	0.00055556767096706
0.11080000000000	0.99999372115044	0.00055411038419822
0.11090000000000	0.99999372869717	0.00055265454205212
0.11100000000000	0.99999373622133	0.00055120013921621
0.11110000000000	0.99999374372297	0.00054974717039183
0.11120000000000	0.99999375120215	0.00054829563029406
0.11130000000000	0.99999375865889	0.00054684551365164
0.11140000000000	0.99999376609325	0.00054539681520685
0.11150000000000	0.99999377350528	0.00054394952971553
0.11160000000000	0.99999378089501	0.00054250365194687
0.11170000000000	0.99999378826250	0.00054105917668338
0.11180000000000	0.99999379560778	0.00053961609872081
0.11190000000000	0.99999380293090	0.00053817441286805
0.11200000000000	0.99999381023190	0.00053673411394703
0.11210000000000	0.99999381751083	0.00053529519679271
0.11220000000000	0.99999382476773	0.00053385765625288
0.11230000000000	0.99999383200264	0.00053242148718814
0.11240000000000	0.99999383921560	0.00053098668447186
0.11250000000000	0.99999384640667	0.00052955324298997
0.11260000000000	0.99999385357587	0.00052812115764102
0.11270000000000	0.99999386072325	0.00052669042333600
0.11280000000000	0.99999386784885	0.00052526103499830
0.11290000000000	0.99999387495271	0.00052383298756357
0.11300000000000	0.99999388203488	0.00052240627597972
0.11310000000000	0.99999388909539	0.00052098089520681
0.11320000000000	0.99999389613429	0.00051955684021691
0.11330000000000	0.99999390315161	0.00051813410599413
0.11340000000000	0.99999391014740	0.00051671268753440
0.11350000000000	0.99999391712169	0.00051529257984549
0.11360000000000	0.99999392407453	0.00051387377794693
0.11370000000000	0.99999393100595	0.00051245627686987
0.11380000000000	0.99999393791599	0.00051104007165704
0.11390000000000	0.99999394480468	0.00050962515736265
0.11400000000000	0.99999395167208	0.00050821152905232
0.11410000000000	0.99999395851822	0.00050679918180302
0.11420000000000	0.99999396534312	0.00050538811070293
0.11430000000000	0.99999397214684	0.00050397831085144
0.11440000000000	0.99999397892941	0.00050256977735903
0.11450000000000	0.99999398569087	0.00050116250534716
0.11460000000000	0.99999399243125	0.00049975648994825
0.11470000000000	0.99999399915058	0.00049835172630558
0.11480000000000	0.99999400584892	0.00049694820957318
0.11490000000000	0.99999401252628	0.00049554593491579
0.11500000000000	0.99999401918271	0.00049414489750880
0.11510000000000	0.99999402581825	0.00049274509253812
0.11520000000000	0.99999403243292	0.00049134651520011
0.11530000000000	0.99999403902677	0.00048994916070156
0.11540000000000	0.99999404559982	0.00048855302425952
0.11550000000000	0.99999405215212	0.00048715810110133
0.11560000000000	0.99999405868370	0.00048576438646447
0.11570000000000	0.99999406519458	0.00048437187559650
0.11580000000000	0.99999407168481	0.00048298056375497
0.11590000000000	0.99999407815442	0.00048159044620739
0.11600000000000	0.99999408460344	0.00048020151823111
0.11610000000000	0.99999409103191	0.00047881377511325
0.11620000000000	0.99999409743985	0.00047742721215065
0.11630000000000	0.99999410382730	0.00047604182464980
0.11640000000000	0.99999411019429	0.00047465760792668
0.11650000000000	0.99999411654086	0.00047327455730680
0.11660000000000	0.99999412286704	0.00047189266812507
0.11670000000000	0.99999412917285	0.00047051193572571
0.11680000000000	0.99999413545833	0.00046913235546221
0.11690000000000	0.99999414172351	0.00046775392269722
0.11700000000000	0.99999414796842	0.00046637663280253
0.11710000000000	0.99999415419310	0.00046500048115895
0.11720000000000	0.99999416039756	0.00046362546315621
0.11730000000000	0.99999416658185	0.00046225157419300
0.11740000000000	0.99999417274598	0.00046087880967676
0.11750000000000	0.99999417889000	0.00045950716502368
0.11760000000000	0.99999418501393	0.00045813663565863
0.11770000000000	0.99999419111780	0.00045676721701507
0.11780000000000	0.99999419720164	0.00045539890453499
0.11790000000000	0.99999420326547	0.00045403169366879
0.11800000000000	0.99999420930933	0.00045266557987526
0.11810000000000	0.99999421533325	0.00045130055862151
0.11820000000000	0.99999422133724	0.00044993662538287
0.11830000000000	0.99999422732135	0.00044857377564281
0.11840000000000	0.99999423328559	0.00044721200489292
0.11850000000000	0.99999423922999	0.00044585130863274
0.11860000000000	0.99999424515459	0.00044449168236982
0.11870000000000	0.99999425105940	0.00044313312161954
0.11880000000000	0.99999425694445	0.00044177562190508
0.11890000000000	0.99999426280978	0.00044041917875735
0.11900000000000	0.99999426865540	0.00043906378771493
0.11910000000000	0.99999427448134	0.00043770944432395
0.11920000000000	0.99999428028763	0.00043635614413807
0.11930000000000	0.99999428607429	0.00043500388271840
0.11940000000000	0.99999429184134	0.00043365265563339
0.11950000000000	0.99999429758882	0.00043230245845882
0.11960000000000	0.99999430331674	0.00043095328677768
0.11970000000000	0.99999430902514	0.00042960513618011
0.11980000000000	0.99999431471403	0.00042825800226336
0.11990000000000	0.99999432038343	0.00042691188063168
0.12000000000000	0.99999432603338	0.00042556676689624
0.12010000000000	0.99999433166389	0.00042422265667514
0.12020000000000	0.99999433727499	0.00042287954559323
0.12030000000000	0.99999434286671	0.00042153742928213
0.12040000000000	0.99999434843905	0.00042019630338009
0.12050000000000	0.99999435399205	0.00041885616353200
0.12060000000000	0.99999435952572	0.00041751700538922
0.12070000000000	0.99999436504010	0.00041617882460961
0.12080000000000	0.99999437053519	0.00041484161685736
0.12090000000000	0.99999437601103	0.00041350537780302
0.12100000000000	0.99999438146763	0.00041217010312337
0.12110000000000	0.99999438690501	0.00041083578850136
0.12120000000000	0.99999439232320	0.00040950242962603
0.12130000000000	0.99999439772221	0.00040817002219247
0.12140000000000	0.99999440310207	0.00040683856190174
0.12150000000000	0.99999440846279	0.00040550804446078
0.12160000000000	0.99999441380439	0.00040417846558236
0.12170000000000	0.99999441912690	0.00040284982098499
0.12180000000000	0.99999442443033	0.00040152210639289
0.12190000000000	0.99999442971470	0.00040019531753589
0.12200000000000	0.99999443498003	0.00039886945014937
0.12210000000000	0.99999444022634	0.00039754449997415
0.12220000000000	0.99999444545365	0.00039622046275651
0.12230000000000	0.99999445066196	0.00039489733424805
0.12240000000000	0.99999445585131	0.00039357511020564
0.12250000000000	0.99999446102171	0.00039225378639131
0.12260000000000	0.99999446617318	0.00039093335857230
0.12270000000000	0.99999447130573	0.00038961382252082
0.12280000000000	0.99999447641937	0.00038829517401415
0.12290000000000	0.99999448151414	0.00038697740883444
0.12300000000000	0.99999448659003	0.00038566052276873
0.12310000000000	0.99999449164707	0.00038434451160882
0.12320000000000	0.99999449668528	0.00038302937115122
0.12330000000000	0.99999450170466	0.00038171509719710
0.12340000000000	0.99999450670524	0.00038040168555221
0.12350000000000	0.99999451168703	0.00037908913202679
0.12360000000000	0.99999451665004	0.00037777743243553
0.12370000000000	0.99999452159429	0.00037646658259746
0.12380000000000	0.99999452651979	0.00037515657833595
0.12390000000000	0.99999453142655	0.00037384741547857
0.12400000000000	0.99999453631459	0.00037253908985706
0.12410000000000	0.99999454118393	0.00037123159730724
0.12420000000000	0.99999454603457	0.00036992493366896
0.12430000000000	0.99999455086653	0.00036861909478602
0.12440000000000	0.99999455567982	0.00036731407650608
0.12450000000000	0.99999456047445	0.00036600987468066
0.12460000000000	0.99999456525044	0.00036470648516496
0.12470000000000	0.99999457000780	0.00036340390381791
0.12480000000000	0.99999457474653	0.00036210212650198
0.12490000000000	0.99999457946666	0.00036080114908325
0.12500000000000	0.99999458416818	0.00035950096743118
0.12510000000000	0.99999458885112	0.00035820157741868
0.12520000000000	0.99999459351548	0.00035690297492196
0.12530000000000	0.99999459816127	0.00035560515582049
0.12540000000000	0.99999460278850	0.00035430811599692
0.12550000000000	0.99999460739718	0.00035301185133700
0.12560000000000	0.99999461198733	0.00035171635772955
0.12570000000000	0.99999461655895	0.00035042163106632
0.12580000000000	0.99999462111204	0.00034912766724200
0.12590000000000	0.99999462564663	0.00034783446215411
0.12600000000000	0.99999463016271	0.00034654201170289
0.12610000000000	0.99999463466030	0.00034525031179131
0.12620000000000	0.99999463913939	0.00034395935832494
0.12630000000000	0.99999464360001	0.00034266914721190
0.12640000000000	0.99999464804216	0.00034137967436280
0.12650000000000	0.99999465246584	0.00034009093569062
0.12660000000000	0.99999465687106	0.00033880292711073
0.12670000000000	0.99999466125783	0.00033751564454070
0.12680000000000	0.99999466562616	0.00033622908390035
0.12690000000000	0.99999466997604	0.00033494324111158
0.12700000000000	0.99999467430750	0.00033365811209837
0.12710000000000	0.99999467862052	0.00033237369278663
0.12720000000000	0.99999468291512	0.00033108997910425
0.12730000000000	0.99999468719130	0.00032980696698087
0.12740000000000	0.99999469144907	0.00032852465234795
0.12750000000000	0.99999469568842	0.00032724303113861
0.12760000000000	0.99999469990938	0.00032596209928762
0.12770000000000	0.99999470411193	0.00032468185273125
0.12780000000000	0.99999470829608	0.00032340228740727
0.12790000000000	0.99999471246184	0.00032212339925484
0.12800000000000	0.99999471660920	0.00032084518421446
0.12810000000000	0.99999472073818	0.00031956763822786
0.12820000000000	0.99999472484877	0.00031829075723796
0.12830000000000	0.99999472894097	0.00031701453718881
0.12840000000000	0.99999473301479	0.00031573897402544
0.12850000000000	0.99999473707023	0.00031446406369390
0.12860000000000	0.99999474110729	0.00031318980214106
0.12870000000000	0.99999474512597	0.00031191618531467
0.12880000000000	0.99999474912628	0.00031064320916317
0.12890000000000	0.99999475310820	0.00030937086963568
0.12900000000000	0.99999475707175	0.00030809916268191
0.12910000000000	0.99999476101692	0.00030682808425206
0.12920000000000	0.99999476494371	0.00030555763029680
0.12930000000000	0.99999476885212	0.00030428779676716
0.12940000000000	0.99999477274215	0.00030301857961442
0.12950000000000	0.99999477661380	0.00030174997479013
0.12960000000000	0.99999478046706	0.00030048197824594
0.12970000000000	0.99999478430194	0.00029921458593355
0.12980000000000	0.99999478811844	0.00029794779380469
0.12990000000000	0.99999479191654	0.00029668159781095
0.13000000000000	0.99999479569625	0.00029541599390379
0.13010000000000	0.99999479945756	0.00029415097803439
0.13020000000000	0.99999480320048	0.00029288654615364
0.13030000000000	0.99999480692499	0.00029162269421201
0.13040000000000	0.99999481063109	0.00029035941815950
0.13050000000000	0.99999481431878	0.00028909671394555
0.13060000000000	0.99999481798805	0.00028783457751898
0.13070000000000	0.99999482163891	0.00028657300482789
0.13080000000000	0.99999482527133	0.00028531199181958
0.13090000000000	0.99999482888533	0.00028405153444051
0.13100000000000	0.99999483248088	0.00028279162863616
0.13110000000000	0.99999483605799	0.00028153227035102
0.13120000000000	0.99999483961665	0.00028027345552844
0.13130000000000	0.99999484315686	0.00027901518011060
0.13140000000000	0.99999484667859	0.00027775744003841
0.13150000000000	0.99999485018186	0.00027650023125144
0.13160000000000	0.99999485366664	0.00027524354968784
0.13170000000000	0.99999485713294	0.00027398739128423
0.13180000000000	0.99999486058073	0.00027273175197566
0.13190000000000	0.99999486401002	0.00027147662769549
0.13200000000000	0.99999486742080	0.00027022201437537
0.13210000000000	0.99999487081305	0.00026896790794506
0.13220000000000	0.99999487418677	0.00026771430433243
0.13230000000000	0.99999487754194	0.00026646119946336
0.13240000000000	0.99999488087856	0.00026520858926166
0.13250000000000	0.99999488419661	0.00026395646964891
0.13260000000000	0.99999488749609	0.00026270483654452
0.13270000000000	0.99999489077697	0.00026145368586551
0.13280000000000	0.99999489403926	0.00026020301352650
0.13290000000000	0.99999489728293	0.00025895281543962
0.13300000000000	0.99999490050798	0.00025770308751439
0.13310000000000	0.99999490371439	0.00025645382565769
0.13320000000000	0.99999490690215	0.00025520502577358
0.13330000000000	0.99999491007125	0.00025395668376336
0.13340000000000	0.99999491322166	0.00025270879552532
0.13350000000000	0.99999491635339	0.00025146135695478
0.13360000000000	0.99999491946640	0.00025021436394394
0.13370000000000	0.99999492256070	0.00024896781238179
0.13380000000000	0.99999492563625	0.00024772169815407
0.13390000000000	0.99999492869305	0.00024647601714313
0.13400000000000	0.99999493173109	0.00024523076522787
0.13410000000000	0.99999493475033	0.00024398593828363
0.13420000000000	0.99999493775078	0.00024274153218212
0.13430000000000	0.99999494073240	0.00024149754279133
0.13440000000000	0.99999494369519	0.00024025396597543
0.13450000000000	0.99999494663912	0.00023901079759467
0.13460000000000	0.99999494956418	0.00023776803350532
0.13470000000000	0.99999495247035	0.00023652566955953
0.13480000000000	0.99999495535760	0.00023528370160529
0.13490000000000	0.99999495822592	0.00023404212548630
0.13500000000000	0.99999496107530	0.00023280093704190
0.13510000000000	0.99999496390570	0.00023156013210697
0.13520000000000	0.99999496671711	0.00023031970651182
0.13530000000000	0.99999496950951	0.00022907965608211
0.13540000000000	0.99999497228287	0.00022783997663877
0.13550000000000	0.99999497503718	0.00022660066399787
0.13560000000000	0.99999497777242	0.00022536171397055
0.13570000000000	0.99999498048855	0.00022412312236292
0.13580000000000	0.99999498318556	0.00022288488497595
0.13590000000000	0.99999498586342	0.00022164699760538
0.13600000000000	0.99999498852211	0.00022040945604163
0.13610000000000	0.99999499116161	0.00021917225606970
0.13620000000000	0.99999499378189	0.00021793539346907
0.13630000000000	0.99999499638292	0.00021669886401358
0.13640000000000	0.99999499896469	0.00021546266347134
0.13650000000000	0.99999500152716	0.00021422678760468
0.13660000000000	0.99999500407031	0.00021299123216996
0.13670000000000	0.99999500659411	0.00021175599291753
0.13680000000000	0.99999500909853	0.00021052106559161
0.13690000000000	0.99999501158355	0.00020928644593020
0.13700000000000	0.99999501404915	0.00020805212966496
0.13710000000000	0.99999501649528	0.00020681811252109
0.13720000000000	0.99999501892192	0.00020558439021727
0.13730000000000	0.99999502132905	0.00020435095846553
0.13740000000000	0.99999502371663	0.00020311781297114
0.13750000000000	0.99999502608463	0.00020188494943251
0.13760000000000	0.99999502843302	0.00020065236354107
0.13770000000000	0.99999503076178	0.00019942005098122
0.13780000000000	0.99999503307086	0.00019818800743011
0.13790000000000	0.99999503536024	0.00019695622855764
0.13800000000000	0.99999503762989	0.00019572471002632
0.13810000000000	0.99999503987976	0.00019449344749112
0.13820000000000	0.99999504210984	0.00019326243659939
0.13830000000000	0.99999504432008	0.00019203167299076
0.13840000000000	0.99999504651045	0.00019080115229699
0.13850000000000	0.99999504868092	0.00018957087014192
0.13860000000000	0.99999505083145	0.00018834082214127
0.13870000000000	0.99999505296200	0.00018711100390261
0.13880000000000	0.99999505507254	0.00018588141102519
0.13890000000000	0.99999505716303	0.00018465203909985
0.13900000000000	0.99999505923344	0.00018342288370888
0.13910000000000	0.99999506128372	0.00018219394042595
0.13920000000000	0.99999506331384	0.00018096520481592
0.13930000000000	0.99999506532375	0.00017973667243479
0.13940000000000	0.99999506731343	0.00017850833882954
0.13950000000000	0.99999506928283	0.00017728019953804
0.13960000000000	0.99999507123191	0.00017605225008888
0.13970000000000	0.99999507316063	0.00017482448600130
0.13980000000000	0.99999507506894	0.00017359690278507
0.13990000000000	0.99999507695682	0.00017236949594028
0.14000000000000	0.99999507882420	0.00017114226095735
0.14010000000000	0.99999508067106	0.00016991519331676
0.14020000000000	0.99999508249734	0.00016868828848908
0.14030000000000	0.99999508430300	0.00016746154193469
0.14040000000000	0.99999508608801	0.00016623494910377
0.14050000000000	0.99999508785230	0.00016500850543611
0.14060000000000	0.99999508959585	0.00016378220636098
0.14070000000000	0.99999509131860	0.00016255604729705
0.14080000000000	0.99999509302050	0.00016133002365219
0.14090000000000	0.99999509470151	0.00016010413082340
0.14100000000000	0.99999509636157	0.00015887836419663
0.14110000000000	0.99999509800065	0.00015765271914667
0.14120000000000	0.99999509961869	0.00015642719103703
0.14130000000000	0.99999510121564	0.00015520177521976
0.14140000000000	0.99999510279146	0.00015397646703535
0.14150000000000	0.99999510434608	0.00015275126181259
0.14160000000000	0.99999510587947	0.00015152615486840
0.14170000000000	0.99999510739156	0.00015030114150773
0.14180000000000	0.99999510888231	0.00014907621702340
0.14190000000000	0.99999511035166	0.00014785137669595
0.14200000000000	0.99999511179955	0.00014662661579353
0.14210000000000	0.99999511322594	0.00014540192957170
0.14220000000000	0.99999511463077	0.00014417731327335
0.14230000000000	0.99999511601398	0.00014295276212852
0.14240000000000	0.99999511737552	0.00014172827135422
0.14250000000000	0.99999511871532	0.00014050383615437
0.14260000000000	0.99999512003334	0.00013927945171958
0.14270000000000	0.99999512132951	0.00013805511322699
0.14280000000000	0.99999512260377	0.00013683081584019
0.14290000000000	0.99999512385607	0.00013560655470900
0.14300000000000	0.99999512508634	0.00013438232496936
0.14310000000000	0.99999512629453	0.00013315812174313
0.14320000000000	0.99999512748056	0.00013193394013799
0.14330000000000	0.99999512864439	0.00013070977524723
0.14340000000000	0.99999512978594	0.00012948562214962
0.14350000000000	0.99999513090515	0.00012826147590927
0.14360000000000	0.99999513200196	0.00012703733157541
0.14370000000000	0.99999513307631	0.00012581318418229
0.14380000000000	0.99999513412812	0.00012458902874897
0.14390000000000	0.99999513515733	0.00012336486027917
0.14400000000000	0.99999513616387	0.00012214067376115
0.14410000000000	0.99999513714768	0.00012091646416746
0.14420000000000	0.99999513810869	0.00011969222645482
0.14430000000000	0.99999513904682	0.00011846795556395
0.14440000000000	0.99999513996201	0.00011724364641940
0.14450000000000	0.99999514085419	0.00011601929392937
0.14460000000000	0.99999514172327	0.00011479489298551
0.14470000000000	0.99999514256920	0.00011357043846280
0.14480000000000	0.99999514339190	0.00011234592521932
0.14490000000000	0.99999514419129	0.00011112134809612
0.14500000000000	0.99999514496731	0.00010989670191699
0.14510000000000	0.99999514571986	0.00010867198148834
0.14520000000000	0.99999514644888	0.00010744718159894
0.14530000000000	0.99999514715430	0.00010622229701981
0.14540000000000	0.99999514783602	0.00010499732250398
0.14550000000000	0.99999514849398	0.00010377225278635
0.14560000000000	0.99999514912809	0.00010254708258345
0.14570000000000	0.99999514973827	0.00010132180659330
0.14580000000000	0.99999515032444	0.00010009641949520
0.14590000000000	0.99999515088653	9.8870915949484e-05
0.14600000000000	0.99999515142444	9.7645290597438e-05
0.14610000000000	0.99999515193809	9.6419538060988e-05
0.14620000000000	0.99999515242740	9.5193652942567e-05
0.14630000000000	0.99999515289228	9.3967629824918e-05
0.14640000000000	0.99999515333265	9.2741463270849e-05
0.14650000000000	0.99999515374841	9.1515147823069e-05
0.14660000000000	0.99999515413949	9.0288678003958e-05
0.14670000000000	0.99999515450578	8.9062048315385e-05
0.14680000000000	0.99999515484721	8.7835253238475e-05
0.14690000000000	0.99999515516367	8.6608287233398e-05
0.14700000000000	0.99999515545508	8.5381144739193e-05
0.14710000000000	0.99999515572134	8.4153820173513e-05
0.14720000000000	0.99999515596237	8.2926307932430e-05
0.14730000000000	0.99999515617806	8.1698602390198e-05
0.14740000000000	0.99999515636831	8.0470697899073e-05
0.14750000000000	0.99999515653304	7.9242588789024e-05
0.14760000000000	0.99999515667215	7.8014269367598e-05
0.14770000000000	0.99999515678553	7.6785733919617e-05
0.14780000000000	0.99999515687308	7.5556976706991e-05
0.14790000000000	0.99999515693472	7.4327991968469e-05
0.14800000000000	0.99999515697032	7.3098773919427e-05
0.14810000000000	0.99999515697979	7.1869316751607e-05
0.14820000000000	0.99999515696303	7.0639614632924e-05
0.14830000000000	0.99999515691994	6.9409661707177e-05
0.14840000000000	0.99999515685039	6.8179452093846e-05
0.14850000000000	0.99999515675430	6.6948979887838e-05
0.14860000000000	0.99999515663154	6.5718239159231e-05
0.14870000000000	0.99999515648202	6.4487223953053e-05
0.14880000000000	0.99999515630561	6.3255928289007e-05
0.14890000000000	0.99999515610222	6.2024346161230e-05
0.14900000000000	0.99999515587172	6.0792471538062e-05
0.14910000000000	0.99999515561400	5.9560298361749e-05
0.14920000000000	0.99999515532895	5.8327820548203e-05
0.14930000000000	0.99999515501645	5.7095031986763e-05
0.14940000000000	0.99999515467639	5.5861926539893e-05
0.14950000000000	0.99999515430864	5.4628498042942e-05
0.14960000000000	0.99999515391309	5.3394740303885e-05
0.14970000000000	0.99999515348961	5.2160647103020e-05
0.14980000000000	0.99999515303809	5.0926212192720e-05
0.14990000000000	0.99999515255839	4.9691429297149e-05
0.15000000000000	0.99999515205041	4.8456292112000e-05
0.15010000000000	0.99999515151400	4.7220794304180e-05
0.15020000000000	0.99999515094905	4.5984929511564e-05
0.15030000000000	0.99999515035542	4.4748691342678e-05
0.15040000000000	0.99999514973298	4.3512073376451e-05
0.15050000000000	0.99999514908162	4.2275069161862e-05
0.15060000000000	0.99999514840118	4.1037672217712e-05
0.15070000000000	0.99999514769154	3.9799876032280e-05
0.15080000000000	0.99999514695257	3.8561674063043e-05
0.15090000000000	0.99999514618413	3.7323059736374e-05
0.15100000000000	0.99999514538607	3.6084026447237e-05
0.15110000000000	0.99999514455827	3.4844567558860e-05
0.15120000000000	0.99999514370058	3.3604676402449e-05
0.15130000000000	0.99999514281286	3.2364346276863e-05
0.15140000000000	0.99999514189497	3.1123570448287e-05
0.15150000000000	0.99999514094676	2.9882342149926e-05
0.15160000000000	0.99999513996809	2.8640654581674e-05
0.15170000000000	0.99999513895881	2.7398500909785e-05
0.15180000000000	0.99999513791877	2.6155874266560e-05
0.15190000000000	0.99999513684781	2.4912767749974e-05
0.15200000000000	0.99999513574580	2.3669174423389e-05
0.15210000000000	0.99999513461257	2.2425087315178e-05
0.15220000000000	0.99999513344798	2.1180499418391e-05
0.15230000000000	0.99999513225185	1.9935403690415e-05
0.15240000000000	0.99999513102404	1.8689793052619e-05
0.15250000000000	0.99999512976439	1.7443660390000e-05
0.15260000000000	0.99999512847274	1.6196998550823e-05
0.15270000000000	0.99999512714892	1.4949800346259e-05
0.15280000000000	0.99999512579276	1.3702058550038e-05
0.15290000000000	0.99999512440411	1.2453765898060e-05
0.15300000000000	0.99999512298279	1.1204915088016e-05
0.15310000000000	0.99999512152864	9.9554987790470e-06
0.15320000000000	0.99999512004148	8.7055095913261e-06
0.15330000000000	0.99999511852114	7.4549401057015e-06
0.15340000000000	0.99999511696745	6.2037828633143e-06
0.15350000000000	0.99999511538023	4.9520303651591e-06
0.15360000000000	0.99999511375931	3.6996750717415e-06
0.15370000000000	0.99999511210449	2.4467094026693e-06
0.15380000000000	0.99999511041561	1.1931257362175e-06
0.15390000000000	0.99999510869248	-6.1083591049119e-08
0.15400000000000	0.99999510693490	-1.3159262846891e-06
0.15410000000000	0.99999510514271	-2.5714100928156e-06
0.15420000000000	0.99999510331570	-3.8275428065119e-06
0.15430000000000	0.99999510145368	-5.0843322602489e-06
0.15440000000000	0.99999509955647	-6.3417863323121e-06
0.15450000000000	0.99999509762386	-7.5999129452673e-06
0.15460000000000	0.99999509565567	-8.8587200663459e-06
0.15470000000000	0.99999509365169	-1.0118215707944e-05
0.15480000000000	0.99999509161172	-1.1378407928019e-05
0.15490000000000	0.99999508953556	-1.2639304830586e-05
0.15500000000000	0.99999508742300	-1.3900914566136e-05
0.15510000000000	0.99999508527384	-1.5163245332130e-05
0.15520000000000	0.99999508308787	-1.6426305373456e-05
0.15530000000000	0.99999508086488	-1.7690102982879e-05
0.15540000000000	0.99999507860465	-1.8954646501565e-05
0.15550000000000	0.99999507630696	-2.0219944319510e-05
0.15560000000000	0.99999507397161	-2.1486004876077e-05
0.15570000000000	0.99999507159837	-2.2752836660442e-05
0.15580000000000	0.99999506918702	-2.4020448212112e-05
0.15590000000000	0.99999506673734	-2.5288848121470e-05
0.15600000000000	0.99999506424909	-2.6558045030205e-05
0.15610000000000	0.99999506172205	-2.7828047631880e-05
0.15620000000000	0.99999505915599	-2.9098864672431e-05
0.15630000000000	0.99999505655067	-3.0370504950711e-05
0.15640000000000	0.99999505390587	-3.1642977319006e-05
0.15650000000000	0.99999505122133	-3.2916290683567e-05
0.15660000000000	0.99999504849682	-3.4190454005177e-05
0.15670000000000	0.99999504573210	-3.5465476299679e-05
0.15680000000000	0.99999504292692	-3.6741366638530e-05
0.15690000000000	0.99999504008103	-3.8018134149382e-05
0.15700000000000	0.99999503719418	-3.9295788016631e-05
0.15710000000000	0.99999503426612	-4.0574337481988e-05
0.15720000000000	0.99999503129659	-4.1853791845096e-05
0.15730000000000	0.99999502828534	-4.3134160464053e-05
0.15740000000000	0.99999502523209	-4.4415452756075e-05
0.15750000000000	0.99999502213660	-4.5697678198035e-05
0.15760000000000	0.99999501899858	-4.6980846327115e-05
0.15770000000000	0.99999501581778	-4.8264966741397e-05
0.15780000000000	0.99999501259391	-4.9550049100486e-05
0.15790000000000	0.99999500932671	-5.0836103126132e-05
0.15800000000000	0.99999500601590	-5.2123138602885e-05
0.15810000000000	0.99999500266119	-5.3411165378727e-05
0.15820000000000	0.99999499926230	-5.4700193365689e-05
0.15830000000000	0.99999499581895	-5.5990232540579e-05
0.15840000000000	0.99999499233084	-5.7281292945566e-05
0.15850000000000	0.99999498879768	-5.8573384688907e-05
0.15860000000000	0.99999498521918	-5.9866517945611e-05
0.15870000000000	0.99999498159503	-6.1160702958113e-05
0.15880000000000	0.99999497792495	-6.2455950036992e-05
0.15890000000000	0.99999497420861	-6.3752269561656e-05
0.15900000000000	0.99999497044571	-6.5049671981032e-05
0.15910000000000	0.99999496663594	-6.6348167814381e-05
0.15920000000000	0.99999496277899	-6.7647767651894e-05
0.15930000000000	0.99999495887453	-6.8948482155510e-05
0.15940000000000	0.99999495492225	-7.0250322059670e-05
0.15950000000000	0.99999495092182	-7.1553298172008e-05
0.15960000000000	0.99999494687290	-7.2857421374171e-05
0.15970000000000	0.99999494277518	-7.4162702622554e-05
0.15980000000000	0.99999493862831	-7.5469152949124e-05
0.15990000000000	0.99999493443196	-7.6776783462159e-05
0.16000000000000	0.99999493018578	-7.8085605347076e-05
0.16010000000000	0.99999492588942	-7.9395629867253e-05
0.16020000000000	0.99999492154254	-8.0706868364801e-05
0.16030000000000	0.99999491714478	-8.2019332261433e-05
0.16040000000000	0.99999491269579	-8.3333033059303e-05
0.16050000000000	0.99999490819520	-8.4647982341840e-05
0.16060000000000	0.99999490364264	-8.5964191774584e-05
0.16070000000000	0.99999489903776	-8.7281673106099e-05
0.16080000000000	0.99999489438017	-8.8600438168843e-05
0.16090000000000	0.99999488966950	-8.9920498880026e-05
0.16100000000000	0.99999488490536	-9.1241867242545e-05
0.16110000000000	0.99999488008738	-9.2564555345881e-05
0.16120000000000	0.99999487521516	-9.3888575367021e-05
0.16130000000000	0.99999487028831	-9.5213939571390e-05
0.16140000000000	0.99999486530642	-9.6540660313838e-05
0.16150000000000	0.99999486026911	-9.7868750039501e-05
0.16160000000000	0.99999485517596	-9.9198221284903e-05
0.16170000000000	0.99999485002655	-0.00010052908667877
0.16180000000000	0.99999484482048	-0.00010186135894322
0.16190000000000	0.99999483955733	-0.00010319505089461
0.16200000000000	0.99999483423666	-0.00010453017544460
0.16210000000000	0.99999482885806	-0.00010586674560121
0.16220000000000	0.99999482342108	-0.00010720477446988
0.16230000000000	0.99999481792529	-0.00010854427525441
0.16240000000000	0.99999481237024	-0.00010988526125821
0.16250000000000	0.99999480675548	-0.00011122774588520
0.16260000000000	0.99999480108057	-0.00011257174264105
0.16270000000000	0.99999479534503	-0.00011391726513420
0.16280000000000	0.99999478954842	-0.00011526432707704
0.16290000000000	0.99999478369025	-0.00011661294228699
0.16300000000000	0.99999477777006	-0.00011796312468774
0.16310000000000	0.99999477178736	-0.00011931488831032
0.16320000000000	0.99999476574168	-0.00012066824729436
0.16330000000000	0.99999475963251	-0.00012202321588923
0.16340000000000	0.99999475345937	-0.00012337980845530
0.16350000000000	0.99999474722175	-0.00012473803946514
0.16360000000000	0.99999474091915	-0.00012609792350480
0.16370000000000	0.99999473455105	-0.00012745947527499
0.16380000000000	0.99999472811694	-0.00012882270959246
0.16390000000000	0.99999472161629	-0.00013018764139123
0.16400000000000	0.99999471504857	-0.00013155428572389
0.16410000000000	0.99999470841324	-0.00013292265776301
0.16420000000000	0.99999470170977	-0.00013429277280236
0.16430000000000	0.99999469493759	-0.00013566464625838
0.16440000000000	0.99999468809617	-0.00013703829367152
0.16450000000000	0.99999468118494	-0.00013841373070761
0.16460000000000	0.99999467420332	-0.00013979097315934
0.16470000000000	0.99999466715075	-0.00014117003694762
0.16480000000000	0.99999466002665	-0.00014255093812310
0.16490000000000	0.99999465283042	-0.00014393369286762
0.16500000000000	0.99999464556148	-0.00014531831749568
0.16510000000000	0.99999463821922	-0.00014670482845599
0.16520000000000	0.99999463080303	-0.00014809324233300
0.16530000000000	0.99999462331230	-0.00014948357584839
0.16540000000000	0.99999461574642	-0.00015087584586275
0.16550000000000	0.99999460810474	-0.00015227006937709
0.16560000000000	0.99999460038663	-0.00015366626353450
0.16570000000000	0.99999459259144	-0.00015506444562178
0.16580000000000	0.99999458471854	-0.00015646463307110
0.16590000000000	0.99999457676725	-0.00015786684346166
0.16600000000000	0.99999456873690	-0.00015927109452145
0.16610000000000	0.99999456062684	-0.00016067740412893
0.16620000000000	0.99999455243636	-0.00016208579031484
0.16630000000000	0.99999454416478	-0.00016349627126387
0.16640000000000	0.99999453581140	-0.00016490886531662
0.16650000000000	0.99999452737552	-0.00016632359097128
0.16660000000000	0.99999451885641	-0.00016774046688556
0.16670000000000	0.99999451025336	-0.00016915951187856
0.16680000000000	0.99999450156562	-0.00017058074493266
0.16690000000000	0.99999449279246	-0.00017200418519546
0.16700000000000	0.99999448393313	-0.00017342985198174
0.16710000000000	0.99999447498687	-0.00017485776477541
0.16720000000000	0.99999446595290	-0.00017628794323158
0.16730000000000	0.99999445683045	-0.00017772040717855
0.16740000000000	0.99999444761873	-0.00017915517661994
0.16750000000000	0.99999443831695	-0.00018059227173669
0.16760000000000	0.99999442892430	-0.00018203171288930
0.16770000000000	0.99999441943995	-0.00018347352061991
0.16780000000000	0.99999440986309	-0.00018491771565452
0.16790000000000	0.99999440019288	-0.00018636431890522
0.16800000000000	0.99999439042847	-0.00018781335147240
0.16810000000000	0.99999438056900	-0.00018926483464710
0.16820000000000	0.99999437061360	-0.00019071878991326
0.16830000000000	0.99999436056140	-0.00019217523895012
0.16840000000000	0.99999435041151	-0.00019363420363457
0.16850000000000	0.99999434016302	-0.00019509570604360
0.16860000000000	0.99999432981502	-0.00019655976845671
0.16870000000000	0.99999431936660	-0.00019802641335845
0.16880000000000	0.99999430881681	-0.00019949566344095
0.16890000000000	0.99999429816472	-0.00020096754160638
0.16900000000000	0.99999428740935	-0.00020244207096971
0.16910000000000	0.99999427654975	-0.00020391927486119
0.16920000000000	0.99999426558492	-0.00020539917682915
0.16930000000000	0.99999425451388	-0.00020688180064266
0.16940000000000	0.99999424333562	-0.00020836717029429
0.16950000000000	0.99999423204911	-0.00020985531000291
0.16960000000000	0.99999422065333	-0.00021134624421653
0.16970000000000	0.99999420914723	-0.00021283999761521
0.16980000000000	0.99999419752974	-0.00021433659511393
0.16990000000000	0.99999418579980	-0.00021583606186557
0.17000000000000	0.99999417395632	-0.00021733842326399
0.17010000000000	0.99999416199820	-0.00021884370494702
0.17020000000000	0.99999414992432	-0.00022035193279958
0.17030000000000	0.99999413773356	-0.00022186313295680
0.17040000000000	0.99999412542476	-0.00022337733180730
0.17050000000000	0.99999411299678	-0.00022489455599640
0.17060000000000	0.99999410044844	-0.00022641483242937
0.17070000000000	0.99999408777854	-0.00022793818827481
0.17080000000000	0.99999407498589	-0.00022946465096813
0.17090000000000	0.99999406206927	-0.00023099424821482
0.17100000000000	0.99999404902743	-0.00023252700799416
0.17110000000000	0.99999403585913	-0.00023406295856263
0.17120000000000	0.99999402256309	-0.00023560212845759
0.17130000000000	0.99999400913804	-0.00023714454650093
0.17140000000000	0.99999399558267	-0.00023869024180278
0.17150000000000	0.99999398189565	-0.00024023924376537
0.17160000000000	0.99999396807566	-0.00024179158208679
0.17170000000000	0.99999395412132	-0.00024334728676491
0.17180000000000	0.99999394003129	-0.00024490638810138
0.17190000000000	0.99999392580415	-0.00024646891670567
0.17200000000000	0.99999391143850	-0.00024803490349908
0.17210000000000	0.99999389693292	-0.00024960437971898
0.17220000000000	0.99999388228594	-0.00025117737692302
0.17230000000000	0.99999386749611	-0.00025275392699337
0.17240000000000	0.99999385256193	-0.00025433406214115
0.17250000000000	0.99999383748189	-0.00025591781491083
0.17260000000000	0.99999382225448	-0.00025750521818467
0.17270000000000	0.99999380687812	-0.00025909630518741
0.17280000000000	0.99999379135127	-0.00026069110949083
0.17290000000000	0.99999377567231	-0.00026228966501851
0.17300000000000	0.99999375983964	-0.00026389200605060
0.17310000000000	0.99999374385163	-0.00026549816722874
0.17320000000000	0.99999372770660	-0.00026710818356096
0.17330000000000	0.99999371140288	-0.00026872209042679
0.17340000000000	0.99999369493876	-0.00027033992358230
0.17350000000000	0.99999367831251	-0.00027196171916539
0.17360000000000	0.99999366152237	-0.00027358751370102
0.17370000000000	0.99999364456657	-0.00027521734410660
0.17380000000000	0.99999362744331	-0.00027685124769747
0.17390000000000	0.99999361015075	-0.00027848926219246
0.17400000000000	0.99999359268703	-0.00028013142571960
0.17410000000000	0.99999357505028	-0.00028177777682166
0.17420000000000	0.99999355723859	-0.00028342835446229
0.17430000000000	0.99999353925003	-0.00028508319803172
0.17440000000000	0.99999352108262	-0.00028674234735297
0.17450000000000	0.99999350273438	-0.00028840584268783
0.17460000000000	0.99999348420329	-0.00029007372474327
0.17470000000000	0.99999346548729	-0.00029174603467773
0.17480000000000	0.99999344658432	-0.00029342281410752
0.17490000000000	0.99999342749225	-0.00029510410511354
0.17500000000000	0.99999340820896	-0.00029678995024781
0.17510000000000	0.99999338873227	-0.00029848039254039
0.17520000000000	0.99999336905997	-0.00030017547550630
0.17530000000000	0.99999334918984	-0.00030187524315239
0.17540000000000	0.99999332911961	-0.00030357973998478
0.17550000000000	0.99999330884697	-0.00030528901101593
0.17560000000000	0.99999328836959	-0.00030700310177219
0.17570000000000	0.99999326768510	-0.00030872205830124
0.17580000000000	0.99999324679110	-0.00031044592717982
0.17590000000000	0.99999322568514	-0.00031217475552156
0.17600000000000	0.99999320436475	-0.00031390859098493
0.17610000000000	0.99999318282741	-0.00031564748178131
0.17620000000000	0.99999316107058	-0.00031739147668323
0.17630000000000	0.99999313909166	-0.00031914062503280
0.17640000000000	0.99999311688802	-0.00032089497675019
0.17650000000000	0.99999309445699	-0.00032265458234230
0.17660000000000	0.99999307179587	-0.00032441949291174
0.17670000000000	0.99999304890190	-0.00032618976016568
0.17680000000000	0.99999302577228	-0.00032796543642513
0.17690000000000	0.99999300240419	-0.00032974657463418
0.17700000000000	0.99999297879474	-0.00033153322836957
0.17710000000000	0.99999295494101	-0.00033332545185036
0.17720000000000	0.99999293084002	-0.00033512329994784
0.17730000000000	0.99999290648877	-0.00033692682819544
0.17740000000000	0.99999288188418	-0.00033873609279903
0.17750000000000	0.99999285702316	-0.00034055115064742
0.17760000000000	0.99999283190253	-0.00034237205932278
0.17770000000000	0.99999280651910	-0.00034419887711156
0.17780000000000	0.99999278086960	-0.00034603166301558
0.17790000000000	0.99999275495072	-0.00034787047676304
0.17800000000000	0.99999272875909	-0.00034971537882011
0.17810000000000	0.99999270229131	-0.00035156643040247
0.17820000000000	0.99999267554389	-0.00035342369348729
0.17830000000000	0.99999264851332	-0.00035528723082517
0.17840000000000	0.99999262119600	-0.00035715710595256
0.17850000000000	0.99999259358830	-0.00035903338320429
0.17860000000000	0.99999256568652	-0.00036091612772631
0.17870000000000	0.99999253748690	-0.00036280540548883
0.17880000000000	0.99999250898561	-0.00036470128329950
0.17890000000000	0.99999248017877	-0.00036660382881704
0.17900000000000	0.99999245106244	-0.00036851311056502
0.17910000000000	0.99999242163260	-0.00037042919794599
0.17920000000000	0.99999239188518	-0.00037235216125567
0.17930000000000	0.99999236181603	-0.00037428207169780
0.17940000000000	0.99999233142093	-0.00037621900139898
0.17950000000000	0.99999230069561	-0.00037816302342380
0.17960000000000	0.99999226963571	-0.00038011421179052
0.17970000000000	0.99999223823679	-0.00038207264148677
0.17980000000000	0.99999220649436	-0.00038403838848581
0.17990000000000	0.99999217440384	-0.00038601152976289
0.18000000000000	0.99999214196058	-0.00038799214331210
0.18010000000000	0.99999210915983	-0.00038998030816350
0.18020000000000	0.99999207599678	-0.00039197610440065
0.18030000000000	0.99999204246654	-0.00039397961317838
0.18040000000000	0.99999200856413	-0.00039599091674103
0.18050000000000	0.99999197428447	-0.00039801009844100
0.18060000000000	0.99999193962242	-0.00040003724275771
0.18070000000000	0.99999190457272	-0.00040207243531703
0.18080000000000	0.99999186913006	-0.00040411576291084
0.18090000000000	0.99999183328899	-0.00040616731351734
0.18100000000000	0.99999179704401	-0.00040822717632158
0.18110000000000	0.99999176038948	-0.00041029544173644
0.18120000000000	0.99999172331970	-0.00041237220142406
0.18130000000000	0.99999168582883	-0.00041445754831775
0.18140000000000	0.99999164791097	-0.00041655157664432
0.18150000000000	0.99999160956009	-0.00041865438194696
0.18160000000000	0.99999157077005	-0.00042076606110842
0.18170000000000	0.99999153153460	-0.00042288671237503
0.18180000000000	0.99999149184740	-0.00042501643538073
0.18190000000000	0.99999145170196	-0.00042715533117210
0.18200000000000	0.99999141109171	-0.00042930350223369
0.18210000000000	0.99999137000994	-0.00043146105251391
0.18220000000000	0.99999132844981	-0.00043362808745149
0.18230000000000	0.99999128640437	-0.00043580471400259
0.18240000000000	0.99999124386654	-0.00043799104066834
0.18250000000000	0.99999120082911	-0.00044018717752323
0.18260000000000	0.99999115728473	-0.00044239323624386
0.18270000000000	0.99999111322592	-0.00044460933013850
0.18280000000000	0.99999106864505	-0.00044683557417722
0.18290000000000	0.99999102353437	-0.00044907208502271
0.18300000000000	0.99999097788596	-0.00045131898106193
0.18310000000000	0.99999093169177	-0.00045357638243814
0.18320000000000	0.99999088494359	-0.00045584441108393
0.18330000000000	0.99999083763304	-0.00045812319075495
0.18340000000000	0.99999078975161	-0.00046041284706438
0.18350000000000	0.99999074129061	-0.00046271350751808
0.18360000000000	0.99999069224117	-0.00046502530155066
0.18370000000000	0.99999064259428	-0.00046734836056242
0.18380000000000	0.99999059234073	-0.00046968281795696
0.18390000000000	0.99999054147116	-0.00047202880917988
0.18400000000000	0.99999048997598	-0.00047438647175815
0.18410000000000	0.99999043784546	-0.00047675594534066
0.18420000000000	0.99999038506966	-0.00047913737173935
0.18430000000000	0.99999033163844	-0.00048153089497176
0.18440000000000	0.99999027754147	-0.00048393666130418
0.18450000000000	0.99999022276821	-0.00048635481929603
0.18460000000000	0.99999016730790	-0.00048878551984529
0.18470000000000	0.99999011114958	-0.00049122891623487
0.18480000000000	0.99999005428206	-0.00049368516418029
0.18490000000000	0.99998999669393	-0.00049615442187838
0.18500000000000	0.99998993837356	-0.00049863685005709
0.18510000000000	0.99998987930904	-0.00050113261202673
0.18520000000000	0.99998981948828	-0.00050364187373217
0.18530000000000	0.99998975889889	-0.00050616480380660
0.18540000000000	0.99998969752824	-0.00050870157362642
0.18550000000000	0.99998963536346	-0.00051125235736748
0.18560000000000	0.99998957239139	-0.00051381733206276
0.18570000000000	0.99998950859860	-0.00051639667766156
0.18580000000000	0.99998944397138	-0.00051899057709006
0.18590000000000	0.99998937849573	-0.00052159921631333
0.18600000000000	0.99998931215737	-0.00052422278439908
0.18610000000000	0.99998924494170	-0.00052686147358296
0.18620000000000	0.99998917683381	-0.00052951547933526
0.18630000000000	0.99998910781848	-0.00053218500042984
0.18640000000000	0.99998903788016	-0.00053487023901417
0.18650000000000	0.99998896700297	-0.00053757140068183
0.18660000000000	0.99998889517067	-0.00054028869454630
0.18670000000000	0.99998882236668	-0.00054302233331701
0.18680000000000	0.99998874857407	-0.00054577253337724
0.18690000000000	0.99998867377551	-0.00054853951486411
0.18700000000000	0.99998859795331	-0.00055132350175060
0.18710000000000	0.99998852108938	-0.00055412472192978
0.18720000000000	0.99998844316523	-0.00055694340730119
0.18730000000000	0.99998836416197	-0.00055977979385970
0.18740000000000	0.99998828406027	-0.00056263412178649
0.18750000000000	0.99998820284036	-0.00056550663554267
0.18760000000000	0.99998812048205	-0.00056839758396528
0.18770000000000	0.99998803696467	-0.00057130722036605
0.18780000000000	0.99998795226707	-0.00057423580263249
0.18790000000000	0.99998786636765	-0.00057718359333243
0.18800000000000	0.99998777924427	-0.00058015085982055
0.18810000000000	0.99998769087433	-0.00058313787434839
0.18820000000000	0.99998760123464	-0.00058614491417749
0.18830000000000	0.99998751030153	-0.00058917226169520
0.18840000000000	0.99998741805074	-0.00059222020453422
0.18850000000000	0.99998732445745	-0.00059528903569501
0.18860000000000	0.99998722949625	-0.00059837905367208
0.18870000000000	0.99998713314113	-0.00060149056258383
0.18880000000000	0.99998703536544	-0.00060462387230552
0.18890000000000	0.99998693614192	-0.00060777929860678
0.18900000000000	0.99998683544263	-0.00061095716329265
0.18910000000000	0.99998673323897	-0.00061415779434875
0.18920000000000	0.99998662950163	-0.00061738152609069
0.18930000000000	0.99998652420059	-0.00062062869931782
0.18940000000000	0.99998641730508	-0.00062389966147157
0.18950000000000	0.99998630878359	-0.00062719476679834
0.18960000000000	0.99998619860381	-0.00063051437651704
0.18970000000000	0.99998608673263	-0.00063385885899216
0.18980000000000	0.99998597313612	-0.00063722858991121
0.18990000000000	0.99998585777948	-0.00064062395246838
0.19000000000000	0.99998574062703	-0.00064404533755286
0.19010000000000	0.99998562164219	-0.00064749314394362
0.19020000000000	0.99998550078744	-0.00065096777850941
0.19030000000000	0.99998537802430	-0.00065446965641571
0.19040000000000	0.99998525331328	-0.00065799920133716
0.19050000000000	0.99998512661388	-0.00066155684567724
0.19060000000000	0.99998499788453	-0.00066514303079443
0.19070000000000	0.99998486708260	-0.00066875820723580
0.19080000000000	0.99998473416428	-0.00067240283497707
0.19090000000000	0.99998459908465	-0.00067607738367154
0.19100000000000	0.99998446179756	-0.00067978233290573
0.19110000000000	0.99998432225564	-0.00068351817246392
0.19120000000000	0.99998418041024	-0.00068728540260097
0.19130000000000	0.99998403621138	-0.00069108453432361
0.19140000000000	0.99998388960772	-0.00069491608968153
0.19150000000000	0.99998374054655	-0.00069878060206731
0.19160000000000	0.99998358897365	-0.00070267861652641
0.19170000000000	0.99998343483334	-0.00070661069007767
0.19180000000000	0.99998327806837	-0.00071057739204402
0.19190000000000	0.99998311861990	-0.00071457930439414
0.19200000000000	0.99998295642743	-0.00071861702209609
0.19210000000000	0.99998279142874	-0.00072269115348241
0.19220000000000	0.99998262355985	-0.00072680232062778
0.19230000000000	0.99998245275492	-0.00073095115973941
0.19240000000000	0.99998227894625	-0.00073513832156101
0.19250000000000	0.99998210206416	-0.00073936447179025
0.19260000000000	0.99998192203694	-0.00074363029151152
0.19270000000000	0.99998173879079	-0.00074793647764276
0.19280000000000	0.99998155224971	-0.00075228374339865
0.19290000000000	0.99998136233546	-0.00075667281877021
0.19300000000000	0.99998116896749	-0.00076110445102036
0.19310000000000	0.99998097206280	-0.00076557940519889
0.19320000000000	0.99998077153589	-0.00077009846467420
0.19330000000000	0.99998056729867	-0.00077466243168559
0.19340000000000	0.99998035926037	-0.00077927212791457
0.19350000000000	0.99998014732742	-0.00078392839507780
0.19360000000000	0.99997993140334	-0.00078863209554152
0.19370000000000	0.99997971138867	-0.00079338411295830
0.19380000000000	0.99997948718083	-0.00079818535292891
0.19390000000000	0.99997925867402	-0.00080303674368710
0.19400000000000	0.99997902575904	-0.00080793923681105
0.19410000000000	0.99997878832327	-0.00081289380796296
0.19420000000000	0.99997854625042	-0.00081790145765418
0.19430000000000	0.99997829942048	-0.00082296321204269
0.19440000000000	0.99997804770951	-0.00082808012375911
0.19450000000000	0.99997779098953	-0.00083325327276615
0.19460000000000	0.99997752912833	-0.00083848376725135
0.19470000000000	0.99997726198933	-0.00084377274455484
0.19480000000000	0.99997698943137	-0.00084912137213393
0.19490000000000	0.99997671130856	-0.00085453084856647
0.19500000000000	0.99997642747007	-0.00086000240459469
0.19510000000000	0.99997613775992	-0.00086553730421035
0.19520000000000	0.99997584201681	-0.00087113684578519
0.19530000000000	0.99997554007385	-0.00087680236324737
0.19540000000000	0.99997523175833	-0.00088253522730616
0.19550000000000	0.99997491689152	-0.00088833684672794
0.19560000000000	0.99997459528838	-0.00089420866966541
0.19570000000000	0.99997426675729	-0.00090015218504324
0.19580000000000	0.99997393109979	-0.00090616892400198
0.19590000000000	0.99997358811026	-0.00091226046140410
0.19600000000000	0.99997323757563	-0.00091842841740467
0.19610000000000	0.99997287927504	-0.00092467445909035
0.19620000000000	0.99997251297950	-0.00093100030219002
0.19630000000000	0.99997213845153	-0.00093740771286043
0.19640000000000	0.99997175544478	-0.00094389850955095
0.19650000000000	0.99997136370362	-0.00095047456495222
0.19660000000000	0.99997096296274	-0.00095713780803137
0.19670000000000	0.99997055294668	-0.00096389022616110
0.19680000000000	0.99997013336939	-0.00097073386734385
0.19690000000000	0.99996970393371	-0.00097767084254022
0.19700000000000	0.99996926433085	-0.00098470332810446
0.19710000000000	0.99996881423990	-0.00099183356833348
0.19720000000000	0.99996835332714	-0.00099906387813720
0.19730000000000	0.99996788124554	-0.0010063966458330
0.19740000000000	0.99996739763405	-0.0010138343360774
0.19750000000000	0.99996690211692	-0.0010213794929362
0.19760000000000	0.99996639430300	-0.0010290347431042
0.19770000000000	0.99996587378499	-0.0010368027992850
0.19780000000000	0.99996534013857	-0.0010446864637339
0.19790000000000	0.99996479292161	-0.0010526886319809
0.19800000000000	0.99996423167322	-0.0010608122967374
0.19810000000000	0.99996365591281	-0.0010690605520039
0.19820000000000	0.99996306513907	-0.0010774365973845
0.19830000000000	0.99996245882888	-0.0010859437426251
0.19840000000000	0.99996183643618	-0.0010945854123868
0.19850000000000	0.99996119739075	-0.0011033651512698
0.19860000000000	0.99996054109687	-0.0011122866291013
0.19870000000000	0.99995986693202	-0.0011213536465072
0.19880000000000	0.99995917424537	-0.0011305701407813
0.19890000000000	0.99995846235623	-0.0011399401920742
0.19900000000000	0.99995773055241	-0.0011494680299207
0.19910000000000	0.99995697808843	-0.0011591580401274
0.19920000000000	0.99995620418365	-0.0011690147720438
0.19930000000000	0.99995540802028	-0.0011790429462432
0.19940000000000	0.99995458874122	-0.0011892474626395
0.19950000000000	0.99995374544776	-0.0011996334090683
0.19960000000000	0.99995287719718	-0.0012102060703656
0.19970000000000	0.99995198300009	-0.0012209709379756
0.19980000000000	0.99995106181768	-0.0012319337201265
0.19990000000000	0.99995011255869	-0.0012431003526105
0.20000000000000	0.99994913407624	-0.0012544770102134
