-9.308743e+00 4.712389e+00 -8.963496e+00 9.424778e+00 
-8.397539e+00 1.413717e+01 -7.624806e+00 1.884956e+01 
-6.664324e+00 2.356194e+01 -5.539745e+00 2.827433e+01 
-4.278760e+00 3.298672e+01 -2.912417e+00 3.769911e+01 
-1.474360e+00 4.241150e+01 -5.771012e-16 4.712389e+01 
5.771012e-16 4.712389e+01 1.474360e+00 4.241150e+01 
2.912417e+00 3.769911e+01 4.278760e+00 3.298672e+01 
5.539745e+00 2.827433e+01 6.664324e+00 2.356194e+01 
7.624806e+00 1.884956e+01 8.397539e+00 1.413717e+01 
8.963496e+00 9.424778e+00 9.308743e+00 4.712389e+00 
9.540813e+00 4.712389e+00 9.886059e+00 9.424778e+00 
1.045202e+01 1.413717e+01 1.122475e+01 1.884956e+01 
1.218523e+01 2.356194e+01 1.330981e+01 2.827433e+01 
1.457080e+01 3.298672e+01 1.593714e+01 3.769911e+01 
1.737520e+01 4.241150e+01 1.884956e+01 4.712389e+01 
1.884956e+01 4.712389e+01 2.032392e+01 4.241150e+01 
2.176197e+01 3.769911e+01 2.312832e+01 3.298672e+01 
2.438930e+01 2.827433e+01 2.551388e+01 2.356194e+01 
2.647436e+01 1.884956e+01 2.724709e+01 1.413717e+01 
2.781305e+01 9.424778e+00 2.815830e+01 4.712389e+00 
2.839037e+01 4.712389e+00 2.873562e+01 9.424778e+00 
2.930157e+01 1.413717e+01 3.007431e+01 1.884956e+01 
3.103479e+01 2.356194e+01 3.215937e+01 2.827433e+01 
3.342035e+01 3.298672e+01 3.478670e+01 3.769911e+01 
3.622475e+01 4.241150e+01 3.769911e+01 4.712389e+01 
3.769911e+01 4.712389e+01 3.917347e+01 4.241150e+01 
4.061153e+01 3.769911e+01 4.197787e+01 3.298672e+01 
4.323886e+01 2.827433e+01 4.436344e+01 2.356194e+01 
4.532392e+01 1.884956e+01 4.609665e+01 1.413717e+01 
4.666261e+01 9.424778e+00 4.700786e+01 4.712389e+00 
4.723992e+01 4.712389e+00 4.758517e+01 9.424778e+00 
4.815113e+01 1.413717e+01 4.892386e+01 1.884956e+01 
4.988434e+01 2.356194e+01 5.100892e+01 2.827433e+01 
5.226991e+01 3.298672e+01 5.363625e+01 3.769911e+01 
5.507431e+01 4.241150e+01 5.654867e+01 4.712389e+01 
5.654867e+01 4.712389e+01 5.802303e+01 4.241150e+01 
5.946108e+01 3.769911e+01 6.082743e+01 3.298672e+01 
6.208841e+01 2.827433e+01 6.321299e+01 2.356194e+01 
6.417347e+01 1.884956e+01 6.494621e+01 1.413717e+01 
6.551216e+01 9.424778e+00 6.585741e+01 4.712389e+00 
6.608948e+01 4.712389e+00 6.643473e+01 9.424778e+00 
6.700069e+01 1.413717e+01 6.777342e+01 1.884956e+01 
6.873390e+01 2.356194e+01 6.985848e+01 2.827433e+01 
7.111946e+01 3.298672e+01 7.248581e+01 3.769911e+01 
7.392386e+01 4.241150e+01 7.539822e+01 4.712389e+01 
7.539822e+01 4.712389e+01 7.687258e+01 4.241150e+01 
7.831064e+01 3.769911e+01 7.967698e+01 3.298672e+01 
8.093797e+01 2.827433e+01 8.206255e+01 2.356194e+01 
8.302303e+01 1.884956e+01 8.379576e+01 1.413717e+01 
8.436172e+01 9.424778e+00 8.470697e+01 4.712389e+00 
8.493904e+01 4.712389e+00 8.528428e+01 9.424778e+00 
8.585024e+01 1.413717e+01 8.662297e+01 1.884956e+01 
8.758346e+01 2.356194e+01 8.870803e+01 2.827433e+01 
8.996902e+01 3.298672e+01 9.133536e+01 3.769911e+01 
9.277342e+01 4.241150e+01 9.424778e+01 4.712389e+01 
9.424778e+01 4.712389e+01 9.572214e+01 4.241150e+01 
9.716020e+01 3.769911e+01 9.852654e+01 3.298672e+01 
9.978753e+01 2.827433e+01 1.009121e+02 2.356194e+01 
1.018726e+02 1.884956e+01 1.026453e+02 1.413717e+01 
1.032113e+02 9.424778e+00 1.035565e+02 4.712389e+00 
1.037886e+02 4.712389e+00 1.041338e+02 9.424778e+00 
1.046998e+02 1.413717e+01 1.054725e+02 1.884956e+01 
1.064330e+02 2.356194e+01 1.075576e+02 2.827433e+01 
1.088186e+02 3.298672e+01 1.101849e+02 3.769911e+01 
1.116230e+02 4.241150e+01 1.130973e+02 4.712389e+01 
1.130973e+02 4.712389e+01 1.145717e+02 4.241150e+01 
1.160098e+02 3.769911e+01 1.173761e+02 3.298672e+01 
1.186371e+02 2.827433e+01 1.197617e+02 2.356194e+01 
1.207221e+02 1.884956e+01 1.214949e+02 1.413717e+01 
1.220608e+02 9.424778e+00 1.224061e+02 4.712389e+00 
1.226381e+02 4.712389e+00 1.229834e+02 9.424778e+00 
1.235494e+02 1.413717e+01 1.243221e+02 1.884956e+01 
1.252826e+02 2.356194e+01 1.264071e+02 2.827433e+01 
1.276681e+02 3.298672e+01 1.290345e+02 3.769911e+01 
1.304725e+02 4.241150e+01 1.319469e+02 4.712389e+01 
1.319469e+02 4.712389e+01 1.334213e+02 4.241150e+01 
1.348593e+02 3.769911e+01 1.362257e+02 3.298672e+01 
1.374866e+02 2.827433e+01 1.386112e+02 2.356194e+01 
1.395717e+02 1.884956e+01 1.403444e+02 1.413717e+01 
1.409104e+02 9.424778e+00 1.412556e+02 4.712389e+00 
1.414877e+02 4.712389e+00 1.418330e+02 9.424778e+00 
1.423989e+02 1.413717e+01 1.431716e+02 1.884956e+01 
1.441321e+02 2.356194e+01 1.452567e+02 2.827433e+01 
1.465177e+02 3.298672e+01 1.478840e+02 3.769911e+01 
1.493221e+02 4.241150e+01 1.507964e+02 4.712389e+01 
1.507964e+02 4.712389e+01 1.522708e+02 4.241150e+01 
1.537089e+02 3.769911e+01 1.550752e+02 3.298672e+01 
1.563362e+02 2.827433e+01 1.574608e+02 2.356194e+01 
1.584213e+02 1.884956e+01 1.591940e+02 1.413717e+01 
1.597599e+02 9.424778e+00 1.601052e+02 4.712389e+00 
1.603373e+02 4.712389e+00 1.606825e+02 9.424778e+00 
1.612485e+02 1.413717e+01 1.620212e+02 1.884956e+01 
1.629817e+02 2.356194e+01 1.641063e+02 2.827433e+01 
1.653672e+02 3.298672e+01 1.667336e+02 3.769911e+01 
1.681716e+02 4.241150e+01 1.696460e+02 4.712389e+01 
1.696460e+02 4.712389e+01 1.711204e+02 4.241150e+01 
1.725584e+02 3.769911e+01 1.739248e+02 3.298672e+01 
1.751857e+02 2.827433e+01 1.763103e+02 2.356194e+01 
1.772708e+02 1.884956e+01 1.780435e+02 1.413717e+01 
1.786095e+02 9.424778e+00 1.789547e+02 4.712389e+00 
1.789547e+02 -4.712389e+00 1.786095e+02 -9.424778e+00 
1.780435e+02 -1.413717e+01 1.772708e+02 -1.884956e+01 
1.763103e+02 -2.356194e+01 1.751857e+02 -2.827433e+01 
1.739248e+02 -3.298672e+01 1.725584e+02 -3.769911e+01 
1.711204e+02 -4.241150e+01 1.696460e+02 -4.712389e+01 
1.696460e+02 -4.712389e+01 1.681716e+02 -4.241150e+01 
1.667336e+02 -3.769911e+01 1.653672e+02 -3.298672e+01 
1.641063e+02 -2.827433e+01 1.629817e+02 -2.356194e+01 
1.620212e+02 -1.884956e+01 1.612485e+02 -1.413717e+01 
1.606825e+02 -9.424778e+00 1.603373e+02 -4.712389e+00 
1.601052e+02 -4.712389e+00 1.597599e+02 -9.424778e+00 
1.591940e+02 -1.413717e+01 1.584213e+02 -1.884956e+01 
1.574608e+02 -2.356194e+01 1.563362e+02 -2.827433e+01 
1.550752e+02 -3.298672e+01 1.537089e+02 -3.769911e+01 
1.522708e+02 -4.241150e+01 1.507964e+02 -4.712389e+01 
1.507964e+02 -4.712389e+01 1.493221e+02 -4.241150e+01 
1.478840e+02 -3.769911e+01 1.465177e+02 -3.298672e+01 
1.452567e+02 -2.827433e+01 1.441321e+02 -2.356194e+01 
1.431716e+02 -1.884956e+01 1.423989e+02 -1.413717e+01 
1.418330e+02 -9.424778e+00 1.414877e+02 -4.712389e+00 
1.412556e+02 -4.712389e+00 1.409104e+02 -9.424778e+00 
1.403444e+02 -1.413717e+01 1.395717e+02 -1.884956e+01 
1.386112e+02 -2.356194e+01 1.374866e+02 -2.827433e+01 
1.362257e+02 -3.298672e+01 1.348593e+02 -3.769911e+01 
1.334213e+02 -4.241150e+01 1.319469e+02 -4.712389e+01 
1.319469e+02 -4.712389e+01 1.304725e+02 -4.241150e+01 
1.290345e+02 -3.769911e+01 1.276681e+02 -3.298672e+01 
1.264071e+02 -2.827433e+01 1.252826e+02 -2.356194e+01 
1.243221e+02 -1.884956e+01 1.235494e+02 -1.413717e+01 
1.229834e+02 -9.424778e+00 1.226381e+02 -4.712389e+00 
1.224061e+02 -4.712389e+00 1.220608e+02 -9.424778e+00 
1.214949e+02 -1.413717e+01 1.207221e+02 -1.884956e+01 
1.197617e+02 -2.356194e+01 1.186371e+02 -2.827433e+01 
1.173761e+02 -3.298672e+01 1.160098e+02 -3.769911e+01 
1.145717e+02 -4.241150e+01 1.130973e+02 -4.712389e+01 
1.130973e+02 -4.712389e+01 1.116230e+02 -4.241150e+01 
1.101849e+02 -3.769911e+01 1.088186e+02 -3.298672e+01 
1.075576e+02 -2.827433e+01 1.064330e+02 -2.356194e+01 
1.054725e+02 -1.884956e+01 1.046998e+02 -1.413717e+01 
1.041338e+02 -9.424778e+00 1.037886e+02 -4.712389e+00 
1.035565e+02 -4.712389e+00 1.032113e+02 -9.424778e+00 
1.026453e+02 -1.413717e+01 1.018726e+02 -1.884956e+01 
1.009121e+02 -2.356194e+01 9.978753e+01 -2.827433e+01 
9.852654e+01 -3.298672e+01 9.716020e+01 -3.769911e+01 
9.572214e+01 -4.241150e+01 9.424778e+01 -4.712389e+01 
9.424778e+01 -4.712389e+01 9.277342e+01 -4.241150e+01 
9.133536e+01 -3.769911e+01 8.996902e+01 -3.298672e+01 
8.870803e+01 -2.827433e+01 8.758346e+01 -2.356194e+01 
8.662297e+01 -1.884956e+01 8.585024e+01 -1.413717e+01 
8.528428e+01 -9.424778e+00 8.493904e+01 -4.712389e+00 
8.470697e+01 -4.712389e+00 8.436172e+01 -9.424778e+00 
8.379576e+01 -1.413717e+01 8.302303e+01 -1.884956e+01 
8.206255e+01 -2.356194e+01 8.093797e+01 -2.827433e+01 
7.967698e+01 -3.298672e+01 7.831064e+01 -3.769911e+01 
7.687258e+01 -4.241150e+01 7.539822e+01 -4.712389e+01 
7.539822e+01 -4.712389e+01 7.392386e+01 -4.241150e+01 
7.248581e+01 -3.769911e+01 7.111946e+01 -3.298672e+01 
6.985848e+01 -2.827433e+01 6.873390e+01 -2.356194e+01 
6.777342e+01 -1.884956e+01 6.700069e+01 -1.413717e+01 
6.643473e+01 -9.424778e+00 6.608948e+01 -4.712389e+00 
6.585741e+01 -4.712389e+00 6.551216e+01 -9.424778e+00 
6.494621e+01 -1.413717e+01 6.417347e+01 -1.884956e+01 
6.321299e+01 -2.356194e+01 6.208841e+01 -2.827433e+01 
6.082743e+01 -3.298672e+01 5.946108e+01 -3.769911e+01 
5.802303e+01 -4.241150e+01 5.654867e+01 -4.712389e+01 
5.654867e+01 -4.712389e+01 5.507431e+01 -4.241150e+01 
5.363625e+01 -3.769911e+01 5.226991e+01 -3.298672e+01 
5.100892e+01 -2.827433e+01 4.988434e+01 -2.356194e+01 
4.892386e+01 -1.884956e+01 4.815113e+01 -1.413717e+01 
4.758517e+01 -9.424778e+00 4.723992e+01 -4.712389e+00 
4.700786e+01 -4.712389e+00 4.666261e+01 -9.424778e+00 
4.609665e+01 -1.413717e+01 4.532392e+01 -1.884956e+01 
4.436344e+01 -2.356194e+01 4.323886e+01 -2.827433e+01 
4.197787e+01 -3.298672e+01 4.061153e+01 -3.769911e+01 
3.917347e+01 -4.241150e+01 3.769911e+01 -4.712389e+01 
3.769911e+01 -4.712389e+01 3.622475e+01 -4.241150e+01 
3.478670e+01 -3.769911e+01 3.342035e+01 -3.298672e+01 
3.215937e+01 -2.827433e+01 3.103479e+01 -2.356194e+01 
3.007431e+01 -1.884956e+01 2.930157e+01 -1.413717e+01 
2.873562e+01 -9.424778e+00 2.839037e+01 -4.712389e+00 
2.815830e+01 -4.712389e+00 2.781305e+01 -9.424778e+00 
2.724709e+01 -1.413717e+01 2.647436e+01 -1.884956e+01 
2.551388e+01 -2.356194e+01 2.438930e+01 -2.827433e+01 
2.312832e+01 -3.298672e+01 2.176197e+01 -3.769911e+01 
2.032392e+01 -4.241150e+01 1.884956e+01 -4.712389e+01 
1.884956e+01 -4.712389e+01 1.737520e+01 -4.241150e+01 
1.593714e+01 -3.769911e+01 1.457080e+01 -3.298672e+01 
1.330981e+01 -2.827433e+01 1.218523e+01 -2.356194e+01 
1.122475e+01 -1.884956e+01 1.045202e+01 -1.413717e+01 
9.886059e+00 -9.424778e+00 9.540813e+00 -4.712389e+00 
9.308743e+00 -4.712389e+00 8.963496e+00 -9.424778e+00 
8.397539e+00 -1.413717e+01 7.624806e+00 -1.884956e+01 
6.664324e+00 -2.356194e+01 5.539745e+00 -2.827433e+01 
4.278760e+00 -3.298672e+01 2.912417e+00 -3.769911e+01 
1.474360e+00 -4.241150e+01 5.771012e-16 -4.712389e+01 
-5.771012e-16 -4.712389e+01 -1.474360e+00 -4.241150e+01 
-2.912417e+00 -3.769911e+01 -4.278760e+00 -3.298672e+01 
-5.539745e+00 -2.827433e+01 -6.664324e+00 -2.356194e+01 
-7.624806e+00 -1.884956e+01 -8.397539e+00 -1.413717e+01 
-8.963496e+00 -9.424778e+00 -9.308743e+00 -4.712389e+00 
