2.408447e-03 	 -1.992249e-01
-3.990461e-01 	 -5.973624e-01
-7.962542e-01 	 -9.955250e-01
-1.194635e+00 	 -1.395328e+00
-1.596853e+00 	 -1.797357e+00
-1.997421e+00 	 -2.194992e+00
-2.391590e+00 	 -2.590100e+00
-2.792513e+00 	 -2.995075e+00
-3.194105e+00 	 -3.391941e+00
-3.589090e+00 	 -3.791615e+00
-3.992549e+00 	 -4.188855e+00
-4.386700e+00 	 -4.588724e+00
-4.789224e+00 	 -4.984204e+00
-5.181764e+00 	 -5.381906e+00
-5.581461e+00 	 -5.779671e+00
-5.976904e+00 	 -6.174768e+00
-6.376701e+00 	 -6.575174e+00
-6.769573e+00 	 -6.964872e+00
-7.164578e+00 	 -7.366676e+00
-7.562603e+00 	 -7.761880e+00
-7.964138e+00 	 -8.164494e+00
-8.364477e+00 	 -8.564921e+00
-8.765701e+00 	 -8.966713e+00
-9.166159e+00 	 -9.365911e+00
-9.567901e+00 	 -9.768607e+00
-9.966057e+00 	 -1.016361e+01
-1.036397e+01 	 -1.056393e+01
-1.076262e+01 	 -1.096043e+01
-1.115769e+01 	 -1.135314e+01
-1.154549e+01 	 -1.173719e+01
-1.192217e+01 	 -1.210780e+01
-1.229108e+01 	 -1.246858e+01
-1.260615e+01 	 -1.271187e+01
-1.279058e+01 	 -1.284708e+01
-1.289064e+01 	 -1.292262e+01
-1.294384e+01 	 -1.295425e+01
-1.295384e+01 	 -1.294260e+01
-1.292043e+01 	 -1.288805e+01
-1.284890e+01 	 -1.280279e+01
-1.274948e+01 	 -1.268877e+01
-1.262043e+01 	 -1.254432e+01
-1.245973e+01 	 -1.236492e+01
-1.226390e+01 	 -1.215685e+01
-1.204319e+01 	 -1.192222e+01
-1.179317e+01 	 -1.165486e+01
-1.150606e+01 	 -1.134372e+01
-1.117250e+01 	 -1.099317e+01
-1.080495e+01 	 -1.060778e+01
-1.041066e+01 	 -1.021357e+01
-1.001650e+01 	 -9.819449e+00
-9.622409e+00 	 -9.425374e+00
-9.228291e+00 	 -9.030619e+00
-8.832957e+00 	 -8.635321e+00
-8.437709e+00 	 -8.240021e+00
-8.041990e+00 	 -7.843960e+00
-7.645937e+00 	 -7.447919e+00
-7.249903e+00 	 -7.051887e+00
-6.853868e+00 	 -6.655844e+00
-6.457813e+00 	 -6.259683e+00
-6.061427e+00 	 -5.863168e+00
-5.664903e+00 	 -5.466632e+00
-5.268354e+00 	 -5.070067e+00
-4.871749e+00 	 -4.673400e+00
-4.475054e+00 	 -4.276711e+00
-4.078371e+00 	 -3.880034e+00
-3.681683e+00 	 -3.483253e+00
-3.284839e+00 	 -3.086451e+00
-2.888087e+00 	 -2.689748e+00
-2.491433e+00 	 -2.292905e+00
-2.094289e+00 	 -1.895672e+00
-1.697054e+00 	 -1.498435e+00
-1.299814e+00 	 -1.101358e+00
-9.029490e-01 	 -7.045378e-01
-5.061240e-01 	 -3.077073e-01
-1.092876e-01 	 8.913533e-02
2.875616e-01 	 4.859915e-01
6.844249e-01 	 8.828621e-01
1.081303e+00 	 1.279748e+00
1.478197e+00 	 1.676650e+00
1.875108e+00 	 2.073623e+00
2.272183e+00 	 2.470743e+00
2.669302e+00 	 2.867862e+00
3.066422e+00 	 3.264983e+00
3.463544e+00 	 3.662045e+00
3.860238e+00 	 4.058434e+00
4.256639e+00 	 4.454853e+00
4.653078e+00 	 4.851314e+00
5.049563e+00 	 5.247824e+00
5.446101e+00 	 5.644392e+00
5.842675e+00 	 6.040832e+00
6.238985e+00 	 6.437137e+00
6.635290e+00 	 6.833446e+00
7.031606e+00 	 7.229773e+00
7.427947e+00 	 7.626131e+00
7.824326e+00 	 8.022508e+00
8.220115e+00 	 8.417712e+00
8.615361e+00 	 8.812997e+00
9.010423e+00 	 9.207861e+00
9.405313e+00 	 9.602781e+00
9.800268e+00 	 9.997775e+00
1.019530e+01 	 1.039286e+01
1.059045e+01 	 1.078806e+01
1.098512e+01 	 1.118212e+01
1.137492e+01 	 1.155535e+01
1.172453e+01 	 1.188359e+01
1.203348e+01 	 1.217498e+01
1.230875e+01 	 1.243536e+01
1.255480e+01 	 1.266566e+01
1.276691e+01 	 1.285900e+01
1.294238e+01 	 1.301761e+01
1.308529e+01 	 1.314590e+01
1.319987e+01 	 1.324753e+01
1.328856e+01 	 1.332062e+01
1.334352e+01 	 1.335718e+01
1.336157e+01 	 1.335672e+01
1.334217e+01 	 1.331746e+01
1.328051e+01 	 1.323054e+01
1.316677e+01 	 1.308969e+01
1.299092e+01 	 1.286753e+01
1.271510e+01 	 1.253034e+01
1.234230e+01 	 1.215689e+01
1.196243e+01 	 1.176546e+01
1.156552e+01 	 1.136321e+01
1.115903e+01 	 1.095111e+01
1.074597e+01 	 1.054421e+01
1.033835e+01 	 1.012918e+01
9.941613e+00 	 9.758769e+00
9.570856e+00 	 9.378594e+00
9.184669e+00 	 8.990930e+00
8.794011e+00 	 8.595101e+00
8.399256e+00 	 8.202159e+00
8.004105e+00 	 7.806538e+00
7.607179e+00 	 7.407975e+00
7.209580e+00 	 7.011112e+00
6.810730e+00 	 6.611995e+00
6.413038e+00 	 6.213610e+00
6.014767e+00 	 5.815089e+00
5.615524e+00 	 5.416020e+00
5.216329e+00 	 5.016883e+00
4.817320e+00 	 4.617014e+00
4.417019e+00 	 4.217954e+00
4.019009e+00 	 3.818840e+00
3.618319e+00 	 3.417672e+00
3.219049e+00 	 3.020562e+00
2.820519e+00 	 2.619914e+00
2.419735e+00 	 2.220536e+00
2.020149e+00 	 1.820470e+00
1.620662e+00 	 1.420990e+00
1.222242e+00 	 1.021286e+00
8.205950e-01 	 6.210222e-01
4.215386e-01 	 2.217488e-01
2.201035e-01 	 4.203137e-01
6.208301e-01 	 8.212573e-01
1.020567e+00 	 1.219611e+00
1.420863e+00 	 1.621190e+00
1.821382e+00 	 2.021703e+00
2.221316e+00 	 2.422117e+00
2.621938e+00 	 2.821333e+00
3.021290e+00 	 3.222803e+00
3.424180e+00 	 3.623533e+00
3.823012e+00 	 4.022843e+00
4.223899e+00 	 4.424834e+00
4.624839e+00 	 4.824533e+00
5.024969e+00 	 5.225523e+00
5.425832e+00 	 5.626328e+00
5.826763e+00 	 6.027086e+00
6.228243e+00 	 6.428814e+00
6.629857e+00 	 6.831122e+00
7.030741e+00 	 7.232272e+00
7.433877e+00 	 7.634673e+00
7.835315e+00 	 8.037747e+00
8.239693e+00 	 8.442596e+00
8.646751e+00 	 8.847841e+00
9.050923e+00 	 9.257183e+00
9.463258e+00 	 9.670996e+00
9.883083e+00 	 1.010024e+01
1.031267e+01 	 1.050351e+01
1.069764e+01 	 1.089588e+01
1.109074e+01 	 1.128283e+01
1.147865e+01 	 1.167633e+01
1.187639e+01 	 1.207942e+01
1.228497e+01 	 1.249955e+01
1.271151e+01 	 1.292676e+01
1.310013e+01 	 1.324118e+01
1.335469e+01 	 1.344381e+01
1.351483e+01 	 1.357056e+01
1.361188e+01 	 1.363962e+01
1.365583e+01 	 1.366147e+01
1.365710e+01 	 1.364279e+01
1.361856e+01 	 1.358455e+01
1.354105e+01 	 1.349137e+01
1.343512e+01 	 1.337186e+01
1.330112e+01 	 1.322235e+01
1.313490e+01 	 1.303822e+01
1.293195e+01 	 1.281568e+01
1.269162e+01 	 1.256111e+01
1.242313e+01 	 1.227707e+01
1.212223e+01 	 1.195779e+01
1.178275e+01 	 1.159589e+01
1.139628e+01 	 1.119328e+01
1.099033e+01 	 1.078795e+01
1.058554e+01 	 1.038309e+01
1.018062e+01 	 9.978129e+00
9.775616e+00 	 9.573084e+00
9.370536e+00 	 9.167974e+00
8.965400e+00 	 8.763036e+00
8.560685e+00 	 8.358282e+00
8.155889e+00 	 7.954071e+00
7.752266e+00 	 7.550450e+00
7.348624e+00 	 7.146791e+00
6.944951e+00 	 6.743107e+00
6.541260e+00 	 6.339412e+00
6.137565e+00 	 5.935722e+00
5.734005e+00 	 5.532296e+00
5.330573e+00 	 5.128834e+00
4.927083e+00 	 4.725319e+00
4.523544e+00 	 4.321758e+00
4.119963e+00 	 3.918159e+00
3.716352e+00 	 3.514853e+00
3.313414e+00 	 3.111975e+00
2.910535e+00 	 2.709095e+00
2.507654e+00 	 2.306214e+00
2.104774e+00 	 1.903289e+00
1.701747e+00 	 1.500200e+00
1.298649e+00 	 1.097094e+00
8.955349e-01 	 6.939721e-01
4.924056e-01 	 2.908354e-01
8.926171e-02 	 -1.123154e-01
-3.138956e-01 	 -5.154790e-01
-7.170652e-01 	 -9.186540e-01
-1.120245e+00 	 -1.321789e+00
-1.523168e+00 	 -1.724548e+00
-1.925930e+00 	 -2.127314e+00
-2.328698e+00 	 -2.530170e+00
-2.731855e+00 	 -2.933516e+00
-3.135152e+00 	 -3.336764e+00
-3.538350e+00 	 -3.739920e+00
-3.941569e+00 	 -4.143231e+00
-4.344891e+00 	 -4.546549e+00
-4.748203e+00 	 -4.949854e+00
-5.151536e+00 	 -5.353249e+00
-5.554971e+00 	 -5.756700e+00
-5.958435e+00 	 -6.160176e+00
-6.361920e+00 	 -6.563790e+00
-6.765759e+00 	 -6.967735e+00
-7.169716e+00 	 -7.371700e+00
-7.573684e+00 	 -7.775666e+00
-7.977643e+00 	 -8.179612e+00
-8.381582e+00 	 -8.583894e+00
-8.786281e+00 	 -8.988646e+00
-9.190984e+00 	 -9.393312e+00
-9.596229e+00 	 -9.799194e+00
-1.000215e+01 	 -1.020510e+01
-1.040804e+01 	 -1.061094e+01
-1.081382e+01 	 -1.101665e+01
-1.121019e+01 	 -1.139449e+01
-1.157032e+01 	 -1.173759e+01
-1.189350e+01 	 -1.203810e+01
-1.217270e+01 	 -1.229851e+01
-1.241647e+01 	 -1.252734e+01
-1.263178e+01 	 -1.272993e+01
-1.281940e+01 	 -1.289980e+01
-1.297185e+01 	 -1.303588e+01
-1.309213e+01 	 -1.314082e+01
-1.318215e+01 	 -1.321636e+01
-1.324060e+01 	 -1.325330e+01
-1.325425e+01 	 -1.324342e+01
-1.322083e+01 	 -1.318661e+01
-1.313969e+01 	 -1.307835e+01
-1.298827e+01 	 -1.286710e+01
-1.271015e+01 	 -1.250892e+01
-1.229220e+01 	 -1.207783e+01
-1.186281e+01 	 -1.165451e+01
-1.144686e+01 	 -1.124231e+01
-1.103957e+01 	 -1.083738e+01
-1.063607e+01 	 -1.043603e+01
-1.023639e+01 	 -1.003394e+01
-9.831393e+00 	 -9.632099e+00
-9.434089e+00 	 -9.233841e+00
-9.033287e+00 	 -8.834299e+00
-8.635079e+00 	 -8.435523e+00
-8.235506e+00 	 -8.035862e+00
-7.838120e+00 	 -7.637397e+00
-7.433324e+00 	 -7.235422e+00
-7.035128e+00 	 -6.830427e+00
-6.624826e+00 	 -6.423299e+00
-6.225232e+00 	 -6.023096e+00
-5.820329e+00 	 -5.618539e+00
-5.418094e+00 	 -5.218236e+00
-5.015796e+00 	 -4.810776e+00
-4.611276e+00 	 -4.413300e+00
-4.211145e+00 	 -4.007451e+00
-3.808385e+00 	 -3.610910e+00
-3.408059e+00 	 -3.205895e+00
-3.004925e+00 	 -2.807487e+00
-2.609900e+00 	 -2.408410e+00
-2.205008e+00 	 -2.002579e+00
-1.802643e+00 	 -1.603147e+00
-1.404672e+00 	 -1.205365e+00
-1.004475e+00 	 -8.037458e-01
-6.026376e-01 	 -4.009539e-01
-2.007751e-01 	 -2.408447e-03
2.408447e-03 	 7.299981e+00
7.303210e+00 	 7.304242e+00
7.305494e+00 	 7.308988e+00
7.313964e+00 	 7.319904e+00
7.327085e+00 	 7.333358e+00
7.337565e+00 	 7.341090e+00
7.344469e+00 	 7.350997e+00
7.362136e+00 	 7.375505e+00
7.385606e+00 	 7.392141e+00
7.399907e+00 	 7.410487e+00
7.425234e+00 	 7.436480e+00
7.446197e+00 	 7.460923e+00
7.478892e+00 	 7.494007e+00
7.507966e+00 	 7.528866e+00
7.553380e+00 	 7.577628e+00
7.602303e+00 	 7.629255e+00
7.660073e+00 	 7.694519e+00
7.725717e+00 	 7.758232e+00
7.798610e+00 	 7.846716e+00
7.895813e+00 	 7.940396e+00
7.991697e+00 	 8.044824e+00
8.094154e+00 	 8.142877e+00
8.191736e+00 	 8.240027e+00
8.287237e+00 	 8.332628e+00
8.378885e+00 	 8.426009e+00
8.469976e+00 	 8.512213e+00
8.558083e+00 	 8.608195e+00
8.657675e+00 	 8.706891e+00
8.757777e+00 	 8.811691e+00
8.869079e+00 	 8.932107e+00
9.006586e+00 	 9.090818e+00
9.202314e+00 	 9.342972e+00
9.528780e+00 	 9.713846e+00
9.898159e+00 	 1.008223e+01
1.027294e+01 	 1.046433e+01
1.065617e+01 	 1.084780e+01
1.103933e+01 	 1.123088e+01
1.142255e+01 	 1.161521e+01
1.181025e+01 	 1.200525e+01
1.220022e+01 	 1.239518e+01
1.259017e+01 	 1.278518e+01
1.297999e+01 	 1.317467e+01
1.337131e+01 	 1.356808e+01
1.376467e+01 	 1.396108e+01
1.415729e+01 	 1.435322e+01
1.454895e+01 	 1.474445e+01
1.494154e+01 	 1.513894e+01
1.533628e+01 	 1.553356e+01
1.573001e+01 	 1.591634e+01
1.609314e+01 	 1.626097e+01
1.642034e+01 	 1.657169e+01
1.671546e+01 	 1.685206e+01
1.698229e+01 	 1.710734e+01
1.722736e+01 	 1.734246e+01
1.745280e+01 	 1.755880e+01
1.766106e+01 	 1.775964e+01
1.785463e+01 	 1.794608e+01
1.803407e+01 	 1.811865e+01
1.819991e+01 	 1.827790e+01
1.835273e+01 	 1.842461e+01
1.849373e+01 	 1.856014e+01
1.862388e+01 	 1.868498e+01
1.874350e+01 	 1.879947e+01
1.885296e+01 	 1.890404e+01
1.895272e+01 	 1.899902e+01
1.904295e+01 	 1.908453e+01
1.912380e+01 	 1.916088e+01
1.919575e+01 	 1.922840e+01
1.925879e+01 	 1.928691e+01
1.931277e+01 	 1.933665e+01
1.935865e+01 	 1.937879e+01
1.939708e+01 	 1.941351e+01
1.942810e+01 	 1.944062e+01
1.945103e+01 	 1.945933e+01
1.946553e+01 	 1.946963e+01
1.947165e+01 	 1.947157e+01
1.946941e+01 	 1.946518e+01
1.945887e+01 	 1.945049e+01
1.944003e+01 	 1.942751e+01
1.941293e+01 	 1.939628e+01
1.937755e+01 	 1.935683e+01
1.933417e+01 	 1.930956e+01
1.928299e+01 	 1.925446e+01
1.922397e+01 	 1.919149e+01
1.915704e+01 	 1.912058e+01
1.908159e+01 	 1.904007e+01
1.899600e+01 	 1.894939e+01
1.890022e+01 	 1.884848e+01
1.879417e+01 	 1.873729e+01
1.867782e+01 	 1.861576e+01
1.855113e+01 	 1.848364e+01
1.841326e+01 	 1.833994e+01
1.826364e+01 	 1.818432e+01
1.810193e+01 	 1.801644e+01
1.792780e+01 	 1.783597e+01
1.774092e+01 	 1.764287e+01
1.754037e+01 	 1.743325e+01
1.732151e+01 	 1.720511e+01
1.708330e+01 	 1.695591e+01
1.682274e+01 	 1.668358e+01
1.653821e+01 	 1.638639e+01
1.622787e+01 	 1.606235e+01
1.588956e+01 	 1.570972e+01
1.551998e+01 	 1.532357e+01
1.512718e+01 	 1.493070e+01
1.473413e+01 	 1.453747e+01
1.434073e+01 	 1.414392e+01
1.394703e+01 	 1.375096e+01
1.355595e+01 	 1.336101e+01
1.316611e+01 	 1.297113e+01
1.277597e+01 	 1.258065e+01
1.238518e+01 	 1.218956e+01
1.199401e+01 	 1.180058e+01
1.160748e+01 	 1.141456e+01
1.122174e+01 	 1.102896e+01
1.083653e+01 	 1.064453e+01
1.045383e+01 	 1.026335e+01
1.007293e+01 	 9.882581e+00
9.695343e+00 	 9.507747e+00
9.319758e+00 	 9.131328e+00
8.945473e+00 	 8.802124e+00
8.686929e+00 	 8.594986e+00
8.511531e+00 	 8.431964e+00
8.351530e+00 	 8.266333e+00
8.171852e+00 	 8.063841e+00
7.947426e+00 	 7.824714e+00
7.686268e+00 	 7.540287e+00
7.424894e+00 	 7.338713e+00
7.270397e+00 	 7.213212e+00
7.164811e+00 	 7.124586e+00
7.088302e+00 	 7.054013e+00
7.025209e+00 	 7.000221e+00
6.977905e+00 	 6.958692e+00
6.940356e+00 	 6.923154e+00
6.908091e+00 	 6.894951e+00
6.881406e+00 	 6.869535e+00
6.859033e+00 	 6.849318e+00
6.841111e+00 	 6.833339e+00
6.826148e+00 	 6.819613e+00
6.813497e+00 	 6.808116e+00
6.803298e+00 	 6.798080e+00
6.792890e+00 	 6.788943e+00
6.786384e+00 	 6.783594e+00
6.780105e+00 	 6.775789e+00
6.773297e+00 	 6.772812e+00
6.772266e+00 	 6.770916e+00
6.769332e+00 	 6.768810e+00
6.767776e+00 	 6.767169e+00
6.766817e+00 	 6.766896e+00
6.768655e+00 	 6.769134e+00
6.768693e+00 	 6.768820e+00
6.769636e+00 	 6.469640e+00
6.468823e+00 	 6.468693e+00
6.469135e+00 	 6.468656e+00
6.466907e+00 	 6.466817e+00
6.467169e+00 	 6.467777e+00
6.468814e+00 	 6.469333e+00
6.470925e+00 	 6.472273e+00
6.472813e+00 	 6.473298e+00
6.475813e+00 	 6.480176e+00
6.483639e+00 	 6.486413e+00
6.488967e+00 	 6.492949e+00
6.498182e+00 	 6.503400e+00
6.508203e+00 	 6.513606e+00
6.519754e+00 	 6.526309e+00
6.533534e+00 	 6.541339e+00
6.549571e+00 	 6.559390e+00
6.569951e+00 	 6.581938e+00
6.595645e+00 	 6.608734e+00
6.624014e+00 	 6.641476e+00
6.659955e+00 	 6.679289e+00
6.702113e+00 	 6.727566e+00
6.757160e+00 	 6.792782e+00
6.829455e+00 	 6.870870e+00
6.922108e+00 	 6.982591e+00
7.055920e+00 	 7.151862e+00
7.285655e+00 	 7.448929e+00
7.574270e+00 	 7.689632e+00
7.803985e+00 	 7.906330e+00
7.993069e+00 	 8.074629e+00
8.153177e+00 	 8.232791e+00
8.318738e+00 	 8.415644e+00
8.546637e+00 	 8.706356e+00
8.918725e+00 	 9.130295e+00
9.342306e+00 	 9.554710e+00
9.767472e+00 	 9.977126e+00
1.018670e+01 	 1.039622e+01
1.060552e+01 	 1.081353e+01
1.102110e+01 	 1.122831e+01
1.143549e+01 	 1.164258e+01
1.184947e+01 	 1.205604e+01
1.226049e+01 	 1.246487e+01
1.266940e+01 	 1.287408e+01
1.307892e+01 	 1.328394e+01
1.348904e+01 	 1.369410e+01
1.389909e+01 	 1.410302e+01
1.430614e+01 	 1.450932e+01
1.471258e+01 	 1.491593e+01
1.511935e+01 	 1.532287e+01
1.552648e+01 	 1.573007e+01
1.592575e+01 	 1.611111e+01
1.628817e+01 	 1.645782e+01
1.662035e+01 	 1.677605e+01
1.692517e+01 	 1.706795e+01
1.720461e+01 	 1.733537e+01
1.746041e+01 	 1.757992e+01
1.769439e+01 	 1.780411e+01
1.790915e+01 	 1.800964e+01
1.810646e+01 	 1.819999e+01
1.829029e+01 	 1.837739e+01
1.846133e+01 	 1.854215e+01
1.861990e+01 	 1.869461e+01
1.876633e+01 	 1.883511e+01
1.890097e+01 	 1.896412e+01
1.902464e+01 	 1.908253e+01
1.913782e+01 	 1.919049e+01
1.924056e+01 	 1.928803e+01
1.933291e+01 	 1.937521e+01
1.941493e+01 	 1.945209e+01
1.948707e+01 	 1.952003e+01
1.955099e+01 	 1.957994e+01
1.960690e+01 	 1.963189e+01
1.965489e+01 	 1.967593e+01
1.969495e+01 	 1.971188e+01
1.972671e+01 	 1.973944e+01
1.975007e+01 	 1.975860e+01
1.976503e+01 	 1.976934e+01
1.977155e+01 	 1.977165e+01
1.976962e+01 	 1.976547e+01
1.975919e+01 	 1.975077e+01
1.974021e+01 	 1.972750e+01
1.971271e+01 	 1.969606e+01
1.967753e+01 	 1.965712e+01
1.963482e+01 	 1.961063e+01
1.958440e+01 	 1.955582e+01
1.952494e+01 	 1.949177e+01
1.945635e+01 	 1.941870e+01
1.937882e+01 	 1.933657e+01
1.929192e+01 	 1.924487e+01
1.919540e+01 	 1.914349e+01
1.908912e+01 	 1.903222e+01
1.897272e+01 	 1.891058e+01
1.884575e+01 	 1.877820e+01
1.870789e+01 	 1.863477e+01
1.855856e+01 	 1.847905e+01
1.839620e+01 	 1.830996e+01
1.822024e+01 	 1.812699e+01
1.803014e+01 	 1.792962e+01
1.782537e+01 	 1.771730e+01
1.760443e+01 	 1.748661e+01
1.736378e+01 	 1.723583e+01
1.710259e+01 	 1.696205e+01
1.681407e+01 	 1.665828e+01
1.649427e+01 	 1.632158e+01
1.613969e+01 	 1.594807e+01
1.574612e+01 	 1.554340e+01
1.534074e+01 	 1.513814e+01
1.493523e+01 	 1.473074e+01
1.452646e+01 	 1.432239e+01
1.411860e+01 	 1.391501e+01
1.371160e+01 	 1.350837e+01
1.330501e+01 	 1.309969e+01
1.289450e+01 	 1.268952e+01
1.248450e+01 	 1.227946e+01
1.207443e+01 	 1.186943e+01
1.166447e+01 	 1.145713e+01
1.124880e+01 	 1.104035e+01
1.083188e+01 	 1.062351e+01
1.041535e+01 	 1.020675e+01
9.997453e+00 	 9.781524e+00
9.565838e+00 	 9.350903e+00
9.136711e+00 	 8.965676e+00
8.834367e+00 	 8.734154e+00
8.652615e+00 	 8.584095e+00
8.523874e+00 	 8.468402e+00
8.416356e+00 	 8.366478e+00
8.316978e+00 	 8.267048e+00
8.219994e+00 	 8.176620e+00
8.132959e+00 	 8.086735e+00
8.040362e+00 	 7.994717e+00
7.947975e+00 	 7.900054e+00
7.851411e+00 	 7.802680e+00
7.753524e+00 	 7.701546e+00
7.649869e+00 	 7.603310e+00
7.555200e+00 	 7.506953e+00
7.464469e+00 	 7.429855e+00
7.398160e+00 	 7.364348e+00
7.332833e+00 	 7.305071e+00
7.279928e+00 	 7.255571e+00
7.231092e+00 	 7.209634e+00
7.194782e+00 	 7.179741e+00
7.162104e+00 	 7.147026e+00
7.136851e+00 	 7.125703e+00
7.111281e+00 	 7.100340e+00
7.092373e+00 	 7.085768e+00
7.075879e+00 	 7.062790e+00
7.051469e+00 	 7.044636e+00
7.041135e+00 	 7.037612e+00
7.033424e+00 	 7.027231e+00
7.020096e+00 	 7.014097e+00
7.009081e+00 	 7.005540e+00
7.004248e+00 	 7.003214e+00
7.000019e+00 	 7.299981e+00
