2.354652e-03 	 -1.985472e-01
-4.002039e-01 	 -6.004902e-01
-7.995654e-01 	 -9.974522e-01
-1.197600e+00 	 -1.400017e+00
-1.600914e+00 	 -1.802166e+00
-2.002073e+00 	 -2.201882e+00
-2.401852e+00 	 -2.602324e+00
-2.803659e+00 	 -3.004274e+00
-3.203502e+00 	 -3.404225e+00
-3.604870e+00 	 -3.805027e+00
-4.005773e+00 	 -4.206785e+00
-4.408169e+00 	 -4.608652e+00
-4.808820e+00 	 -5.009738e+00
-5.211507e+00 	 -5.412210e+00
-5.612421e+00 	 -5.813708e+00
-6.016194e+00 	 -6.219164e+00
-6.419251e+00 	 -6.620500e+00
-6.823090e+00 	 -7.027277e+00
-7.230533e+00 	 -7.433915e+00
-7.637689e+00 	 -7.840447e+00
-8.042703e+00 	 -8.244959e+00
-8.449451e+00 	 -8.651760e+00
-8.849822e+00 	 -9.051029e+00
-9.253905e+00 	 -9.450577e+00
-9.648981e+00 	 -9.846919e+00
-1.004663e+01 	 -1.024448e+01
-1.044263e+01 	 -1.064287e+01
-1.084368e+01 	 -1.104326e+01
-1.124594e+01 	 -1.145006e+01
-1.165660e+01 	 -1.186671e+01
-1.207762e+01 	 -1.229297e+01
-1.250953e+01 	 -1.271208e+01
-1.285475e+01 	 -1.295756e+01
-1.303869e+01 	 -1.309861e+01
-1.313830e+01 	 -1.316072e+01
-1.317161e+01 	 -1.317176e+01
-1.316202e+01 	 -1.314195e+01
-1.311103e+01 	 -1.306888e+01
-1.301682e+01 	 -1.295710e+01
-1.288948e+01 	 -1.281471e+01
-1.273352e+01 	 -1.264551e+01
-1.255027e+01 	 -1.244733e+01
-1.233620e+01 	 -1.221611e+01
-1.208566e+01 	 -1.194348e+01
-1.178956e+01 	 -1.162476e+01
-1.144917e+01 	 -1.126444e+01
-1.107001e+01 	 -1.086706e+01
-1.066409e+01 	 -1.046110e+01
-1.025811e+01 	 -1.005517e+01
-9.852621e+00 	 -9.650072e+00
-9.447512e+00 	 -9.244942e+00
-9.042368e+00 	 -8.839928e+00
-8.637953e+00 	 -8.435937e+00
-8.233880e+00 	 -8.031784e+00
-7.829654e+00 	 -7.627490e+00
-7.425297e+00 	 -7.223078e+00
-7.020919e+00 	 -6.819183e+00
-6.617440e+00 	 -6.415687e+00
-6.213928e+00 	 -6.012162e+00
-5.810392e+00 	 -5.608619e+00
-5.406844e+00 	 -5.205070e+00
-5.003296e+00 	 -4.801524e+00
-4.599756e+00 	 -4.397992e+00
-4.196233e+00 	 -3.994547e+00
-3.792925e+00 	 -3.591314e+00
-3.389713e+00 	 -3.188200e+00
-2.986774e+00 	 -2.785329e+00
-2.583872e+00 	 -2.382425e+00
-2.180947e+00 	 -1.979396e+00
-1.777841e+00 	 -1.576286e+00
-1.374731e+00 	 -1.173176e+00
-9.716220e-01 	 -7.700686e-01
-5.685161e-01 	 -3.669649e-01
-1.654151e-01 	 3.613307e-02
2.376795e-01 	 4.392240e-01
6.407664e-01 	 8.423064e-01
1.043844e+00 	 1.245379e+00
1.446911e+00 	 1.648440e+00
1.849967e+00 	 2.051497e+00
2.253013e+00 	 2.454514e+00
2.655999e+00 	 2.857467e+00
3.059066e+00 	 3.260796e+00
3.462525e+00 	 3.664254e+00
3.865980e+00 	 4.067703e+00
4.269424e+00 	 4.471140e+00
4.672850e+00 	 4.874556e+00
5.076248e+00 	 5.277845e+00
5.479456e+00 	 5.681090e+00
5.882746e+00 	 6.084422e+00
6.286177e+00 	 6.487995e+00
6.689811e+00 	 6.891622e+00
7.093426e+00 	 7.295222e+00
7.497124e+00 	 7.699413e+00
7.901693e+00 	 8.103959e+00
8.306209e+00 	 8.508438e+00
8.711052e+00 	 8.913831e+00
9.116617e+00 	 9.319404e+00
9.522181e+00 	 9.724941e+00
9.927673e+00 	 1.013000e+01
1.033217e+01 	 1.053433e+01
1.073646e+01 	 1.093912e+01
1.114243e+01 	 1.134271e+01
1.152989e+01 	 1.170485e+01
1.186921e+01 	 1.202365e+01
1.216874e+01 	 1.230502e+01
1.243298e+01 	 1.255344e+01
1.266543e+01 	 1.276805e+01
1.286116e+01 	 1.294474e+01
1.301902e+01 	 1.308476e+01
1.314258e+01 	 1.319321e+01
1.323351e+01 	 1.326341e+01
1.328293e+01 	 1.329208e+01
1.329223e+01 	 1.328373e+01
1.326142e+01 	 1.322115e+01
1.316292e+01 	 1.308765e+01
1.299486e+01 	 1.287898e+01
1.272470e+01 	 1.251836e+01
1.230102e+01 	 1.208734e+01
1.187968e+01 	 1.167199e+01
1.146975e+01 	 1.126767e+01
1.106791e+01 	 1.087066e+01
1.067294e+01 	 1.046951e+01
1.027362e+01 	 1.007511e+01
9.876145e+00 	 9.675322e+00
9.475069e+00 	 9.278759e+00
9.080116e+00 	 8.872531e+00
8.672516e+00 	 8.470907e+00
8.266912e+00 	 8.061934e+00
7.858654e+00 	 7.655083e+00
7.451667e+00 	 7.249516e+00
7.048312e+00 	 6.843533e+00
6.641364e+00 	 6.440422e+00
6.240136e+00 	 6.040371e+00
5.839470e+00 	 5.635689e+00
5.435530e+00 	 5.234707e+00
5.033108e+00 	 4.830978e+00
4.630775e+00 	 4.432605e+00
4.233810e+00 	 4.033707e+00
3.831041e+00 	 3.630629e+00
3.430953e+00 	 3.231076e+00
3.028623e+00 	 2.828901e+00
2.630348e+00 	 2.429178e+00
2.229574e+00 	 2.030592e+00
1.831733e+00 	 1.629587e+00
1.427441e+00 	 1.226695e+00
1.027715e+00 	 8.295651e-01
6.278846e-01 	 4.266231e-01
2.270914e-01 	 2.251095e-01
4.255778e-01 	 6.243163e-01
8.226358e-01 	 1.024485e+00
1.225506e+00 	 1.424760e+00
1.622614e+00 	 1.820468e+00
2.021609e+00 	 2.222627e+00
2.423023e+00 	 2.621853e+00
2.823300e+00 	 3.023578e+00
3.221125e+00 	 3.421248e+00
3.621572e+00 	 3.821160e+00
4.018494e+00 	 4.218391e+00
4.419596e+00 	 4.621426e+00
4.821223e+00 	 5.019093e+00
5.217494e+00 	 5.416671e+00
5.616512e+00 	 5.812731e+00
6.011830e+00 	 6.212065e+00
6.411779e+00 	 6.610837e+00
6.808668e+00 	 7.003889e+00
7.202685e+00 	 7.400534e+00
7.597117e+00 	 7.793547e+00
7.990267e+00 	 8.185289e+00
8.381294e+00 	 8.579685e+00
8.779670e+00 	 8.972085e+00
9.173442e+00 	 9.377132e+00
9.576879e+00 	 9.776056e+00
9.977090e+00 	 1.017858e+01
1.038269e+01 	 1.057926e+01
1.078154e+01 	 1.098429e+01
1.118454e+01 	 1.138245e+01
1.158021e+01 	 1.177252e+01
1.196486e+01 	 1.215119e+01
1.233384e+01 	 1.250708e+01
1.263338e+01 	 1.272990e+01
1.281304e+01 	 1.288034e+01
1.293184e+01 	 1.296655e+01
1.298530e+01 	 1.299246e+01
1.299208e+01 	 1.298323e+01
1.296476e+01 	 1.293662e+01
1.289877e+01 	 1.285123e+01
1.279606e+01 	 1.273338e+01
1.266269e+01 	 1.258333e+01
1.249487e+01 	 1.239719e+01
1.229027e+01 	 1.217462e+01
1.205105e+01 	 1.191947e+01
1.177937e+01 	 1.163024e+01
1.147148e+01 	 1.130244e+01
1.112186e+01 	 1.092858e+01
1.073188e+01 	 1.053455e+01
1.033668e+01 	 1.013884e+01
9.941004e+00 	 9.743334e+00
9.546066e+00 	 9.348826e+00
9.151604e+00 	 8.954390e+00
8.757177e+00 	 8.559955e+00
8.362570e+00 	 8.164798e+00
7.967048e+00 	 7.769315e+00
7.571595e+00 	 7.373884e+00
7.175785e+00 	 6.977581e+00
6.779386e+00 	 6.581197e+00
6.383012e+00 	 6.184831e+00
5.986586e+00 	 5.788262e+00
5.589917e+00 	 5.391551e+00
5.193163e+00 	 4.994759e+00
4.796452e+00 	 4.598157e+00
4.399868e+00 	 4.201584e+00
4.003304e+00 	 3.805028e+00
3.606754e+00 	 3.408482e+00
3.210211e+00 	 3.011941e+00
2.813540e+00 	 2.615008e+00
2.416493e+00 	 2.217994e+00
2.019510e+00 	 1.821040e+00
1.622567e+00 	 1.424096e+00
1.225629e+00 	 1.027163e+00
8.287010e-01 	 6.302411e-01
4.317834e-01 	 2.333279e-01
3.487437e-02 	 -1.635774e-01
-3.620276e-01 	 -5.604764e-01
-7.589240e-01 	 -9.573706e-01
-1.155816e+00 	 -1.354262e+00
-1.552707e+00 	 -1.751151e+00
-1.949597e+00 	 -2.148046e+00
-2.346568e+00 	 -2.545120e+00
-2.743663e+00 	 -2.942218e+00
-3.140792e+00 	 -3.339280e+00
-3.537679e+00 	 -3.736067e+00
-3.934446e+00 	 -4.132760e+00
-4.331001e+00 	 -4.529237e+00
-4.727468e+00 	 -4.925697e+00
-5.123923e+00 	 -5.322148e+00
-5.520374e+00 	 -5.718601e+00
-5.916831e+00 	 -6.115065e+00
-6.313305e+00 	 -6.511553e+00
-6.709809e+00 	 -6.908074e+00
-7.105915e+00 	 -7.303695e+00
-7.501502e+00 	 -7.699339e+00
-7.897208e+00 	 -8.095113e+00
-8.293056e+00 	 -8.491039e+00
-8.689064e+00 	 -8.886625e+00
-9.084050e+00 	 -9.281481e+00
-9.478920e+00 	 -9.676372e+00
-9.873824e+00 	 -1.007088e+01
-1.026790e+01 	 -1.046491e+01
-1.066193e+01 	 -1.085898e+01
-1.104783e+01 	 -1.122735e+01
-1.139790e+01 	 -1.155618e+01
-1.170397e+01 	 -1.183912e+01
-1.196293e+01 	 -1.207741e+01
-1.218377e+01 	 -1.228234e+01
-1.237362e+01 	 -1.245802e+01
-1.253596e+01 	 -1.260780e+01
-1.267222e+01 	 -1.272874e+01
-1.277808e+01 	 -1.281701e+01
-1.284517e+01 	 -1.286338e+01
-1.287208e+01 	 -1.287161e+01
-1.286114e+01 	 -1.284006e+01
-1.280387e+01 	 -1.275012e+01
-1.267753e+01 	 -1.258514e+01
-1.246217e+01 	 -1.229047e+01
-1.210703e+01 	 -1.192238e+01
-1.173329e+01 	 -1.154340e+01
-1.134994e+01 	 -1.115406e+01
-1.095674e+01 	 -1.075632e+01
-1.055713e+01 	 -1.035737e+01
-1.015552e+01 	 -9.953371e+00
-9.753081e+00 	 -9.551019e+00
-9.349423e+00 	 -9.146095e+00
-8.948971e+00 	 -8.750178e+00
-8.548240e+00 	 -8.350549e+00
-8.155041e+00 	 -7.957297e+00
-7.759553e+00 	 -7.562311e+00
-7.366085e+00 	 -7.169467e+00
-6.972723e+00 	 -6.776910e+00
-6.579500e+00 	 -6.380749e+00
-6.180836e+00 	 -5.983806e+00
-5.786292e+00 	 -5.587579e+00
-5.387790e+00 	 -5.188493e+00
-4.990262e+00 	 -4.791180e+00
-4.591348e+00 	 -4.391831e+00
-4.193215e+00 	 -3.994227e+00
-3.794973e+00 	 -3.595130e+00
-3.395775e+00 	 -3.196498e+00
-2.995726e+00 	 -2.796341e+00
-2.597676e+00 	 -2.398148e+00
-2.198118e+00 	 -1.997927e+00
-1.797834e+00 	 -1.599086e+00
-1.399983e+00 	 -1.202400e+00
-1.002548e+00 	 -8.004346e-01
-5.995098e-01 	 -3.997961e-01
-2.014528e-01 	 -2.354652e-03
2.354652e-03 	 3.149982e+00
3.153133e+00 	 3.155077e+00
3.154804e+00 	 3.154151e+00
3.154709e+00 	 3.158109e+00
3.161329e+00 	 3.161303e+00
3.160072e+00 	 3.157185e+00
3.154423e+00 	 3.151914e+00
3.149439e+00 	 3.146312e+00
3.141416e+00 	 3.135735e+00
3.131046e+00 	 3.125391e+00
3.118888e+00 	 3.112155e+00
3.104410e+00 	 3.095285e+00
3.084350e+00 	 3.072784e+00
3.060947e+00 	 3.047809e+00
3.032366e+00 	 3.016014e+00
2.999283e+00 	 2.980680e+00
2.958609e+00 	 2.932835e+00
2.906785e+00 	 2.878813e+00
2.846942e+00 	 2.809317e+00
2.766992e+00 	 2.719641e+00
2.666980e+00 	 2.610326e+00
2.550242e+00 	 2.485918e+00
2.415251e+00 	 2.342419e+00
2.271561e+00 	 2.198133e+00
2.122351e+00 	 2.051282e+00
1.982882e+00 	 1.917114e+00
1.852386e+00 	 1.790846e+00
1.731489e+00 	 1.671596e+00
1.610845e+00 	 1.549773e+00
1.484042e+00 	 1.410750e+00
1.324702e+00 	 1.219399e+00
1.087817e+00 	 9.146280e-01
6.951308e-01 	 4.779297e-01
2.659581e-01 	 5.314802e-02
-1.598969e-01 	 -3.716344e-01
-5.798535e-01 	 -7.876187e-01
-9.947616e-01 	 -1.202143e+00
-1.409770e+00 	 -1.617654e+00
-1.824713e+00 	 -2.029709e+00
-2.234877e+00 	 -2.439470e+00
-2.643301e+00 	 -2.847228e+00
-3.051244e+00 	 -3.255339e+00
-3.459505e+00 	 -3.663733e+00
-3.868320e+00 	 -4.073320e+00
-4.278179e+00 	 -4.482105e+00
-4.686007e+00 	 -4.888847e+00
-5.091632e+00 	 -5.294465e+00
-5.495254e+00 	 -5.685388e+00
-5.865545e+00 	 -6.036357e+00
-6.198390e+00 	 -6.352044e+00
-6.499054e+00 	 -6.639723e+00
-6.774288e+00 	 -6.902971e+00
-7.025903e+00 	 -7.143392e+00
-7.256838e+00 	 -7.366261e+00
-7.471678e+00 	 -7.573111e+00
-7.670584e+00 	 -7.764127e+00
-7.853770e+00 	 -7.939513e+00
-8.021397e+00 	 -8.100373e+00
-8.176469e+00 	 -8.249710e+00
-8.320122e+00 	 -8.387731e+00
-8.452566e+00 	 -8.514653e+00
-8.574022e+00 	 -8.630701e+00
-8.684720e+00 	 -8.736106e+00
-8.784889e+00 	 -8.831099e+00
-8.874749e+00 	 -8.915968e+00
-8.954875e+00 	 -8.991500e+00
-9.025857e+00 	 -9.058086e+00
-9.088333e+00 	 -9.116579e+00
-9.142813e+00 	 -9.167060e+00
-9.189291e+00 	 -9.209402e+00
-9.227397e+00 	 -9.243280e+00
-9.257056e+00 	 -9.268731e+00
-9.278309e+00 	 -9.285793e+00
-9.291188e+00 	 -9.294498e+00
-9.295725e+00 	 -9.294871e+00
-9.291939e+00 	 -9.286931e+00
-9.279848e+00 	 -9.270691e+00
-9.259460e+00 	 -9.246155e+00
-9.230777e+00 	 -9.213323e+00
-9.193792e+00 	 -9.172175e+00
-9.148484e+00 	 -9.122733e+00
-9.094937e+00 	 -9.065088e+00
-9.032991e+00 	 -8.998472e+00
-8.961517e+00 	 -8.922112e+00
-8.880243e+00 	 -8.835897e+00
-8.789058e+00 	 -8.739714e+00
-8.687851e+00 	 -8.633455e+00
-8.576546e+00 	 -8.517215e+00
-8.455410e+00 	 -8.391072e+00
-8.324138e+00 	 -8.254524e+00
-8.182074e+00 	 -8.106670e+00
-8.028274e+00 	 -7.946849e+00
-7.862360e+00 	 -7.774719e+00
-7.683549e+00 	 -7.588263e+00
-7.488780e+00 	 -7.385022e+00
-7.276913e+00 	 -7.164137e+00
-7.045877e+00 	 -6.921671e+00
-6.791265e+00 	 -6.654394e+00
-6.510786e+00 	 -6.360165e+00
-6.202545e+00 	 -6.038506e+00
-5.868091e+00 	 -5.691038e+00
-5.506552e+00 	 -5.312216e+00
-5.108533e+00 	 -4.904820e+00
-4.701270e+00 	 -4.497693e+00
-4.294091e+00 	 -4.090476e+00
-3.886861e+00 	 -3.683260e+00
-3.479026e+00 	 -3.274174e+00
-3.069012e+00 	 -2.863599e+00
-2.658122e+00 	 -2.452867e+00
-2.247786e+00 	 -2.042767e+00
-1.835773e+00 	 -1.628554e+00
-1.421194e+00 	 -1.213756e+00
-1.007214e+00 	 -8.011416e-01
-5.916931e-01 	 -3.793786e-01
-1.673289e-01 	 4.334948e-02
2.533759e-01 	 4.633359e-01
6.791267e-01 	 8.962401e-01
1.111258e+00 	 1.278957e+00
1.401227e+00 	 1.493854e+00
1.573044e+00 	 1.638019e+00
1.699475e+00 	 1.757084e+00
1.814301e+00 	 1.875799e+00
1.942624e+00 	 2.001784e+00
2.068075e+00 	 2.136856e+00
2.207926e+00 	 2.277490e+00
2.345237e+00 	 2.419704e+00
2.499599e+00 	 2.564708e+00
2.630304e+00 	 2.694093e+00
2.751956e+00 	 2.801928e+00
2.847141e+00 	 2.887159e+00
2.922110e+00 	 2.953903e+00
2.984486e+00 	 3.008125e+00
3.028676e+00 	 3.047886e+00
3.066659e+00 	 3.085857e+00
3.104044e+00 	 3.116865e+00
3.129512e+00 	 3.141090e+00
3.150528e+00 	 3.157041e+00
3.163209e+00 	 3.171833e+00
3.182132e+00 	 3.192398e+00
3.199002e+00 	 3.205032e+00
3.211501e+00 	 3.218201e+00
3.221560e+00 	 3.225260e+00
3.230954e+00 	 3.235049e+00
3.239655e+00 	 3.245608e+00
3.253189e+00 	 3.257873e+00
3.259664e+00 	 3.260450e+00
3.262572e+00 	 3.267222e+00
3.269611e+00 	 3.270305e+00
2.970312e+00 	 2.969612e+00
2.967243e+00 	 2.962652e+00
2.960467e+00 	 2.959667e+00
2.957885e+00 	 2.953270e+00
2.945819e+00 	 2.939789e+00
2.935130e+00 	 2.931017e+00
2.925380e+00 	 2.921612e+00
2.918243e+00 	 2.911666e+00
2.905189e+00 	 2.899139e+00
2.892561e+00 	 2.882518e+00
2.872230e+00 	 2.863491e+00
2.857187e+00 	 2.850687e+00
2.841417e+00 	 2.830007e+00
2.817458e+00 	 2.804658e+00
2.787051e+00 	 2.768020e+00
2.749202e+00 	 2.730046e+00
2.709682e+00 	 2.686519e+00
2.657210e+00 	 2.625788e+00
2.591548e+00 	 2.552794e+00
2.509078e+00 	 2.460643e+00
2.405410e+00 	 2.344000e+00
2.279432e+00 	 2.214333e+00
2.139830e+00 	 2.064330e+00
1.993926e+00 	 1.924538e+00
1.854045e+00 	 1.784541e+00
1.717235e+00 	 1.655461e+00
1.590801e+00 	 1.527846e+00
1.468973e+00 	 1.411223e+00
1.351004e+00 	 1.287431e+00
1.213647e+00 	 1.127371e+00
1.019051e+00 	 8.747171e-01
6.897354e-01 	 5.068488e-01
3.226396e-01 	 1.325995e-01
-5.737401e-02 	 -2.466957e-01
-4.346459e-01 	 -6.223315e-01
-8.128829e-01 	 -1.006810e+00
-1.200268e+00 	 -1.392831e+00
-1.585471e+00 	 -1.778252e+00
-1.971257e+00 	 -2.166239e+00
-2.361158e+00 	 -2.555902e+00
-2.750425e+00 	 -2.945012e+00
-3.139850e+00 	 -3.334999e+00
-3.530765e+00 	 -3.727163e+00
-3.923549e+00 	 -4.119934e+00
-4.316332e+00 	 -4.512755e+00
-4.709204e+00 	 -4.905491e+00
-5.101809e+00 	 -5.289640e+00
-5.469158e+00 	 -5.642401e+00
-5.809114e+00 	 -5.969565e+00
-6.123481e+00 	 -6.269947e+00
-6.409551e+00 	 -6.542582e+00
-6.669317e+00 	 -6.790026e+00
-6.904966e+00 	 -7.014763e+00
-7.120442e+00 	 -7.221843e+00
-7.319049e+00 	 -7.412141e+00
-7.501201e+00 	 -7.587160e+00
-7.670118e+00 	 -7.750060e+00
-7.827022e+00 	 -7.901043e+00
-7.972161e+00 	 -8.040539e+00
-8.106339e+00 	 -8.169600e+00
-8.230383e+00 	 -8.288746e+00
-8.344734e+00 	 -8.398196e+00
-8.449162e+00 	 -8.497648e+00
-8.543668e+00 	 -8.587237e+00
-8.628369e+00 	 -8.667079e+00
-8.703380e+00 	 -8.737287e+00
-8.768813e+00 	 -8.798171e+00
-8.825547e+00 	 -8.850903e+00
-8.874226e+00 	 -8.895502e+00
-8.914721e+00 	 -8.931895e+00
-8.947024e+00 	 -8.960111e+00
-8.971155e+00 	 -8.980157e+00
-8.987116e+00 	 -8.992032e+00
-8.994903e+00 	 -8.995727e+00
-8.994504e+00 	 -8.991229e+00
-8.985901e+00 	 -8.978516e+00
-8.969070e+00 	 -8.957559e+00
-8.943979e+00 	 -8.928325e+00
-8.910592e+00 	 -8.890774e+00
-8.868870e+00 	 -8.844963e+00
-8.819092e+00 	 -8.791240e+00
-8.761413e+00 	 -8.729626e+00
-8.695769e+00 	 -8.659709e+00
-8.621405e+00 	 -8.580831e+00
-8.537890e+00 	 -8.492464e+00
-8.444512e+00 	 -8.394004e+00
-8.340911e+00 	 -8.285205e+00
-8.226857e+00 	 -8.165838e+00
-8.102119e+00 	 -8.035671e+00
-7.966467e+00 	 -7.894480e+00
-7.819681e+00 	 -7.742046e+00
-7.661545e+00 	 -7.577594e+00
-7.489877e+00 	 -7.398322e+00
-7.302892e+00 	 -7.203556e+00
-7.100284e+00 	 -6.993048e+00
-6.881826e+00 	 -6.766596e+00
-6.646565e+00 	 -6.521081e+00
-6.389856e+00 	 -6.252666e+00
-6.109276e+00 	 -5.959405e+00
-5.801950e+00 	 -5.636038e+00
-5.461051e+00 	 -5.276348e+00
-5.081241e+00 	 -4.884074e+00
-4.686860e+00 	 -4.489699e+00
-4.293601e+00 	 -4.097527e+00
-3.902386e+00 	 -3.707386e+00
-3.511973e+00 	 -3.316201e+00
-3.120367e+00 	 -2.924462e+00
-2.728478e+00 	 -2.532405e+00
-2.336236e+00 	 -2.140829e+00
-1.945997e+00 	 -1.750993e+00
-1.558052e+00 	 -1.365936e+00
-1.173563e+00 	 -9.809445e-01
-7.880875e-01 	 -5.958526e-01
-4.040718e-01 	 -2.158092e-01
-2.885415e-02 	 1.583358e-01
3.463642e-01 	 5.291631e-01
7.096659e-01 	 8.523860e-01
9.626848e-01 	 1.056004e+00
1.132923e+00 	 1.201241e+00
1.264186e+00 	 1.323592e+00
1.384598e+00 	 1.444003e+00
1.503217e+00 	 1.565880e+00
1.631977e+00 	 1.697936e+00
1.767727e+00 	 1.839919e+00
1.918174e+00 	 1.989454e+00
2.059451e+00 	 2.133678e+00
2.202689e+00 	 2.264035e+00
2.322740e+00 	 2.378092e+00
2.429265e+00 	 2.474761e+00
2.515597e+00 	 2.551944e+00
2.582388e+00 	 2.609600e+00
2.635316e+00 	 2.661068e+00
2.682434e+00 	 2.700539e+00
2.717044e+00 	 2.733361e+00
2.748693e+00 	 2.761580e+00
2.773304e+00 	 2.784849e+00
2.795731e+00 	 2.804717e+00
2.812378e+00 	 2.819057e+00
2.825549e+00 	 2.831165e+00
2.835817e+00 	 2.841538e+00
2.846402e+00 	 2.849475e+00
2.851937e+00 	 2.854446e+00
2.857213e+00 	 2.860103e+00
2.861309e+00 	 2.861329e+00
2.858148e+00 	 2.854753e+00
2.854152e+00 	 2.854806e+00
2.855077e+00 	 2.853147e+00
2.850018e+00 	 3.149982e+00
