   -1.1360    3.3870
   -1.2387    3.3702
   -1.3415    3.3523
   -1.4442    3.3332
   -1.5469    3.3128
   -1.6498    3.2912
   -1.7531    3.2681
   -1.8559    3.2439
   -1.9590    3.2181
   -2.0623    3.1908
   -2.1656    3.1621
   -2.2684    3.1321
   -2.3723    3.0999
   -2.4765    3.0657
   -2.5805    3.0296
   -2.6845    2.9915
   -2.7882    2.9516
   -2.8920    2.9097
   -2.9968    2.8650
   -3.1015    2.8176
   -3.2061    2.7677
   -3.3106    2.7153
   -3.4156    2.6597
   -3.5211    2.6004
   -3.6267    2.5373
   -3.7323    2.4704
   -3.8380    2.3994
   -3.9438    2.3238
   -4.0497    2.2435
   -4.1566    2.1564
   -4.2639    2.0618
   -4.3717    1.9584
   -4.4746    1.8503
   -4.5688    1.7418
   -4.6549    1.6329
   -4.7333    1.5237
   -4.8046    1.4143
   -4.8692    1.3045
   -4.9272    1.1937
   -4.9784    1.0815
   -5.0225    0.9678
   -5.0590    0.8527
   -5.0872    0.7357
   -5.1069    0.6180
   -5.1178    0.5000
   -5.1201    0.3816
   -5.1132    0.2623
   -5.0968    0.1427
   -5.0706    0.0232
   -5.0344   -0.0959
   -4.9903   -0.2118
   -4.9393   -0.3252
   -4.8808   -0.4377
   -4.8137   -0.5504
   -4.7378   -0.6625
   -4.6524   -0.7742
   -4.5568   -0.8853
   -4.4536   -0.9941
   -4.3472   -1.0983
   -4.2400   -1.1953
   -4.1325   -1.2850
   -4.0254   -1.3680
   -3.9186   -1.4451
   -3.8121   -1.5170
   -3.7060   -1.5841
   -3.6005   -1.6471
   -3.4958   -1.7065
   -3.3912   -1.7630
   -3.2866   -1.8167
   -3.1823   -1.8678
   -3.0780   -1.9164
   -2.9736   -1.9626
   -2.8692   -2.0064
   -2.7647   -2.0479
   -2.6602   -2.0871
   -2.5562   -2.1241
   -2.4527   -2.1592
   -2.3492   -2.1926
   -2.2457   -2.2243
   -2.1422   -2.2544
   -2.0387   -2.2828
   -1.9352   -2.3097
   -1.8317   -2.3349
   -1.7283   -2.3586
   -1.6249   -2.3808
   -1.5215   -2.4015
   -1.4181   -2.4207
   -1.3147   -2.4385
   -1.2112   -2.4547
   -1.1077   -2.4694
   -1.0043   -2.4827
   -0.9012   -2.4946
   -0.7981   -2.5052
   -0.6950   -2.5146
   -0.5919   -2.5226
   -0.4888   -2.5294
   -0.3858   -2.5349
   -0.2827   -2.5391
   -0.1797   -2.5421
   -0.0766   -2.5438
    0.0265   -2.5442
    0.1298   -2.5433
    0.2331   -2.5410
    0.3362   -2.5374
    0.4394   -2.5325
    0.5425   -2.5264
    0.6456   -2.5189
    0.7487   -2.5101
    0.8519   -2.5000
    0.9550   -2.4887
    1.0581   -2.4760
    1.1612   -2.4620
    1.2643   -2.4466
    1.3674   -2.4300
    1.4705   -2.4120
    1.5741   -2.3924
    1.6779   -2.3710
    1.7819   -2.3479
    1.8857   -2.3231
    1.9894   -2.2966
    2.0931   -2.2684
    2.1968   -2.2385
    2.3006   -2.2068
    2.4043   -2.1734
    2.5080   -2.1382
    2.6116   -2.1012
    2.7153   -2.0623
    2.8190   -2.0215
    2.9237   -1.9779
    3.0293   -1.9309
    3.1345   -1.8812
    3.2392   -1.8289
    3.3440   -1.7737
    3.4489   -1.7156
    3.5537   -1.6543
    3.6586   -1.5897
    3.7635   -1.5218
    3.8697   -1.4485
    3.9765   -1.3693
    4.0837   -1.2837
    4.1916   -1.1901
    4.2999   -1.0873
    4.4038   -0.9791
    4.4987   -0.8694
    4.5844   -0.7587
    4.6610   -0.6471
    4.7287   -0.5345
    4.7880   -0.4217
    4.8391   -0.3085
    4.8824   -0.1925
    4.9166   -0.0745
    4.9416    0.0434
    4.9577    0.1612
    4.9654    0.2786
    4.9650    0.3958
    4.9569    0.5124
    4.9413    0.6282
    4.9184    0.7433
    4.8885    0.8579
    4.8518    0.9714
    4.8107    1.0816
    4.7647    1.1910
    4.7137    1.3000
    4.6574    1.4089
    4.5952    1.5180
    4.5265    1.6272
    4.4509    1.7364
    4.3682    1.8453
    4.2796    1.9529
    4.1836    2.0605
    4.0792    2.1681
    3.9718    2.2699
    3.8640    2.3639
    3.7561    2.4504
    3.6488    2.5301
    3.5415    2.6040
    3.4341    2.6724
    3.3265    2.7357
    3.2189    2.7941
    3.1126    2.8478
    3.0067    2.8978
    2.9008    2.9446
    2.7951    2.9881
    2.6895    3.0287
    2.5841    3.0664
    2.4788    3.1015
    2.3737    3.1339
    2.2687    3.1640
    2.1639    3.1917
    2.0592    3.2173
    1.9547    3.2407
    1.8506    3.2623
    1.7466    3.2820
    1.6427    3.3001
    1.5387    3.3164
    1.4352    3.3312
    1.3319    3.3445
    1.2287    3.3564
    1.1256    3.3671
    1.0227    3.3765
    0.9196    3.3846
    0.8165    3.3914
    0.7134    3.3970
    0.6101    3.4012
    0.5067    3.4040
    0.4036    3.4055
    0.3007    3.4058
    0.1978    3.4049
    0.0951    3.4029
   -0.0075    3.3999
   -1.0908    6.3120
   -1.1919    6.3038
   -1.2930    6.2952
   -1.3938    6.2863
   -1.4947    6.2770
   -1.5959    6.2672
   -1.6976    6.2567
   -1.7997    6.2452
   -1.9004    6.2336
   -1.9996    6.2225
   -2.0997    6.2113
   -2.2006    6.1996
   -2.3026    6.1869
   -2.4051    6.1731
   -2.5083    6.1579
   -2.6108    6.1418
   -2.7125    6.1250
   -2.8141    6.1075
   -2.9156    6.0894
   -3.0169    6.0708
   -3.1182    6.0517
   -3.2193    6.0322
   -3.3204    6.0121
   -3.4216    5.9915
   -3.5231    5.9703
   -3.6248    5.9482
   -3.7268    5.9252
   -3.8288    5.9013
   -3.9306    5.8767
   -4.0325    5.8512
   -4.1346    5.8247
   -4.2371    5.7970
   -4.3397    5.7680
   -4.4420    5.7381
   -4.5445    5.7069
   -4.6470    5.6746
   -4.7491    5.6414
   -4.8513    5.6071
   -4.9536    5.5717
   -5.0560    5.5351
   -5.1584    5.4973
   -5.2610    5.4581
   -5.3636    5.4176
   -5.4660    5.3759
   -5.5684    5.3330
   -5.6710    5.2887
   -5.7736    5.2429
   -5.8763    5.1957
   -5.9789    5.1471
   -6.0816    5.0968
   -6.1845    5.0449
   -6.2873    4.9913
   -6.3902    4.9360
   -6.4930    4.8791
   -6.5959    4.8203
   -6.6988    4.7596
   -6.8019    4.6968
   -6.9052    4.6317
   -7.0085    4.5642
   -7.1117    4.4945
   -7.2151    4.4223
   -7.3184    4.3474
   -7.4218    4.2699
   -7.5253    4.1895
   -7.6287    4.1061
   -7.7321    4.0197
   -7.8355    3.9301
   -7.9390    3.8371
   -8.0425    3.7404
   -8.1461    3.6397
   -8.2484    3.5360
   -8.3466    3.4320
   -8.4405    3.3278
   -8.5303    3.2235
   -8.6160    3.1191
   -8.6979    3.0147
   -8.7762    2.9110
   -8.8515    2.8071
   -8.9238    2.7033
   -8.9932    2.5993
   -9.0599    2.4953
   -9.1238    2.3913
   -9.1850    2.2871
   -9.2436    2.1829
   -9.2996    2.0786
   -9.3530    1.9743
   -9.4038    1.8698
   -9.4521    1.7653
   -9.4979    1.6608
   -9.5414    1.5565
   -9.5826    1.4522
   -9.6215    1.3478
   -9.6583    1.2434
   -9.6929    1.1390
   -9.7253    1.0346
   -9.7556    0.9302
   -9.7839    0.8257
   -9.8101    0.7213
   -9.8343    0.6168
   -9.8565    0.5123
   -9.8767    0.4078
   -9.8949    0.3035
   -9.9114    0.1994
   -9.9260    0.0952
   -9.9390   -0.0087
   -9.9504   -0.1121
   -9.9603   -0.2156
   -9.9688   -0.3191
   -9.9759   -0.4226
   -9.9814   -0.5261
   -9.9855   -0.6297
   -9.9881   -0.7333
   -9.9892   -0.8368
   -9.9888   -0.9406
   -9.9865   -1.0451
   -9.9823   -1.1497
   -9.9761   -1.2544
   -9.9679   -1.3591
   -9.9577   -1.4638
   -9.9455   -1.5685
   -9.9313   -1.6732
   -9.9151   -1.7779
   -9.8968   -1.8826
   -9.8768   -1.9868
   -9.8550   -2.0909
   -9.8312   -2.1951
   -9.8054   -2.2995
   -9.7775   -2.4041
   -9.7482   -2.5077
   -9.7173   -2.6111
   -9.6849   -2.7144
   -9.6509   -2.8177
   -9.6152   -2.9211
   -9.5779   -3.0245
   -9.5388   -3.1279
   -9.4981   -3.2313
   -9.4555   -3.3347
   -9.4112   -3.4380
   -9.3652   -3.5413
   -9.3175   -3.6445
   -9.2679   -3.7477
   -9.2165   -3.8510
   -9.1631   -3.9543
   -9.1078   -4.0576
   -9.0505   -4.1608
   -8.9912   -4.2641
   -8.9297   -4.3674
   -8.8660   -4.4707
   -8.8001   -4.5740
   -8.7320   -4.6773
   -8.6614   -4.7805
   -8.5882   -4.8840
   -8.5124   -4.9874
   -8.4343   -5.0905
   -8.3536   -5.1936
   -8.2703   -5.2967
   -8.1843   -5.3997
   -8.0955   -5.5028
   -8.0038   -5.6058
   -7.9091   -5.7087
   -7.8114   -5.8117
   -7.7104   -5.9146
   -7.6076   -6.0161
   -7.5048   -6.1145
   -7.4021   -6.2099
   -7.2995   -6.3026
   -7.1972   -6.3927
   -7.0947   -6.4805
   -6.9923   -6.5661
   -6.8898   -6.6495
   -6.7872   -6.7308
   -6.6846   -6.8099
   -6.5820   -6.8869
   -6.4793   -6.9618
   -6.3766   -7.0346
   -6.2738   -7.1054
   -6.1711   -7.1742
   -6.0683   -7.2411
   -5.9655   -7.3060
   -5.8629   -7.3691
   -5.7607   -7.4305
   -5.6584   -7.4904
   -5.5559   -7.5489
   -5.4535   -7.6059
   -5.3510   -7.6614
   -5.2486   -7.7154
   -5.1461   -7.7680
   -5.0436   -7.8191
   -4.9411   -7.8689
   -4.8386   -7.9172
   -4.7361   -7.9641
   -4.6336   -8.0097
   -4.5310   -8.0540
   -4.4285   -8.0969
   -4.3260   -8.1385
   -4.2235   -8.1789
   -4.1210   -8.2179
   -4.0185   -8.2557
   -3.9161   -8.2923
   -3.8136   -8.3277
   -3.7112   -8.3620
   -3.6088   -8.3950
   -3.5064   -8.4270
   -3.4039   -8.4578
   -3.3015   -8.4874
   -3.1990   -8.5159
   -3.0965   -8.5433
   -2.9941   -8.5696
   -2.8916   -8.5947
   -2.7891   -8.6188
   -2.6866   -8.6417
   -2.5843   -8.6636
   -2.4822   -8.6846
   -2.3801   -8.7046
   -2.2780   -8.7237
   -2.1760   -8.7419
   -2.0739   -8.7593
   -1.9718   -8.7758
   -1.8697   -8.7914
   -1.7676   -8.8061
   -1.6655   -8.8199
   -1.5635   -8.8328
   -1.4614   -8.8449
   -1.3593   -8.8561
   -1.2572   -8.8665
   -1.1551   -8.8760
   -1.0530   -8.8846
   -0.9509   -8.8923
   -0.8488   -8.8992
   -0.7467   -8.9052
   -0.6446   -8.9103
   -0.5425   -8.9146
   -0.4404   -8.9180
   -0.3383   -8.9206
   -0.2361   -8.9223
   -0.1338   -8.9230
   -0.0313   -8.9228
    0.0712   -8.9215
    0.1736   -8.9192
    0.2761   -8.9159
    0.3785   -8.9116
    0.4809   -8.9063
    0.5834   -8.9000
    0.6858   -8.8927
    0.7885   -8.8843
    0.8911   -8.8748
    0.9937   -8.8642
    1.0963   -8.8525
    1.1988   -8.8398
    1.3013   -8.8260
    1.4037   -8.8112
    1.5060   -8.7955
    1.6082   -8.7789
    1.7103   -8.7613
    1.8125   -8.7429
    1.9146   -8.7235
    2.0167   -8.7033
    2.1188   -8.6821
    2.2208   -8.6600
    2.3229   -8.6371
    2.4249   -8.6132
    2.5269   -8.5885
    2.6289   -8.5629
    2.7312   -8.5362
    2.8335   -8.5084
    2.9359   -8.4795
    3.0382   -8.4496
    3.1405   -8.4186
    3.2428   -8.3865
    3.3452   -8.3533
    3.4475   -8.3190
    3.5498   -8.2836
    3.6521   -8.2471
    3.7544   -8.2094
    3.8568   -8.1705
    3.9593   -8.1303
    4.0618   -8.0889
    4.1643   -8.0461
    4.2668   -8.0020
    4.3693   -7.9566
    4.4718   -7.9099
    4.5743   -7.8617
    4.6769   -7.8121
    4.7796   -7.7609
    4.8825   -7.7079
    4.9855   -7.6531
    5.0885   -7.5964
    5.1915   -7.5379
    5.2943   -7.4778
    5.3969   -7.4161
    5.4995   -7.3526
    5.6021   -7.2874
    5.7047   -7.2205
    5.8073   -7.1517
    5.9099   -7.0810
    6.0124   -7.0084
    6.1150   -6.9339
    6.2176   -6.8573
    6.3201   -6.7787
    6.4227   -6.6980
    6.5252   -6.6151
    6.6278   -6.5299
    6.7303   -6.4424
    6.8335   -6.3513
    6.9368   -6.2569
    7.0401   -6.1589
    7.1434   -6.0573
    7.2445   -5.9540
    7.3421   -5.8508
    7.4364   -5.7478
    7.5276   -5.6452
    7.6163   -5.5426
    7.7026   -5.4401
    7.7867   -5.3376
    7.8686   -5.2351
    7.9483   -5.1322
    8.0257   -5.0293
    8.1008   -4.9264
    8.1736   -4.8235
    8.2443   -4.7206
    8.3128   -4.6173
    8.3790   -4.5137
    8.4428   -4.4101
    8.5043   -4.3065
    8.5634   -4.2030
    8.6203   -4.0994
    8.6750   -3.9958
    8.7275   -3.8922
    8.7781   -3.7887
    8.8266   -3.6851
    8.8731   -3.5816
    8.9178   -3.4779
    8.9605   -3.3738
    9.0010   -3.2698
    9.0395   -3.1658
    9.0760   -3.0618
    9.1105   -2.9579
    9.1432   -2.8541
    9.1741   -2.7504
    9.2032   -2.6467
    9.2307   -2.5430
    9.2564   -2.4393
    9.2804   -2.3350
    9.3023   -2.2304
    9.3223   -2.1259
    9.3403   -2.0214
    9.3564   -1.9172
    9.3707   -1.8131
    9.3833   -1.7091
    9.3943   -1.6052
    9.4036   -1.5014
    9.4113   -1.3976
    9.4175   -1.2939
    9.4221   -1.1902
    9.4252   -1.0866
    9.4269   -0.9829
    9.4269   -0.8791
    9.4252   -0.7749
    9.4216   -0.6704
    9.4160   -0.5658
    9.4085   -0.4611
    9.3991   -0.3566
    9.3878   -0.2521
    9.3746   -0.1477
    9.3596   -0.0433
    9.3427    0.0609
    9.3240    0.1651
    9.3035    0.2693
    9.2812    0.3733
    9.2572    0.4773
    9.2313    0.5813
    9.2035    0.6854
    9.1740    0.7894
    9.1426    0.8933
    9.1094    0.9971
    9.0744    1.1009
    9.0371    1.2051
    8.9977    1.3094
    8.9561    1.4136
    8.9124    1.5178
    8.8665    1.6219
    8.8182    1.7261
    8.7676    1.8302
    8.7147    1.9343
    8.6594    2.0383
    8.6018    2.1422
    8.5421    2.2458
    8.4805    2.3491
    8.4168    2.4522
    8.3511    2.5553
    8.2832    2.6585
    8.2127    2.7618
    8.1398    2.8651
    8.0645    2.9683
    7.9867    3.0714
    7.9066    3.1745
    7.8240    3.2774
    7.7389    3.3802
    7.6515    3.4830
    7.5616    3.5856
    7.4694    3.6881
    7.3749    3.7905
    7.2781    3.8928
    7.1789    3.9950
    7.0772    4.0972
    6.9751    4.1975
    6.8731    4.2954
    6.7712    4.3912
    6.6693    4.4850
    6.5675    4.5769
    6.4655    4.6670
    6.3636    4.7552
    6.2618    4.8417
    6.1600    4.9265
    6.0582    5.0097
    5.9565    5.0914
    5.8547    5.1715
    5.7530    5.2502
    5.6511    5.3275
    5.5490    5.4033
    5.4469    5.4775
    5.3446    5.5500
    5.2416    5.6208
    5.1388    5.6895
    5.0360    5.7562
    4.9329    5.8209
    4.8297    5.8836
    4.7254    5.9441
    4.6204    6.0019
    4.5155    6.0566
    4.4106    6.1084
    4.3056    6.1574
    4.2011    6.2037
    4.0966    6.2475
    3.9912    6.2889
    3.8856    6.3275
    3.7801    6.3632
    3.6748    6.3963
    3.5697    6.4269
    3.4646    6.4551
    3.3598    6.4809
    3.2552    6.5047
    3.1508    6.5264
    3.0467    6.5462
    2.9428    6.5643
    2.8392    6.5808
    2.7363    6.5959
    2.6336    6.6099
    2.5310    6.6227
    2.4285    6.6345
    2.3261    6.6453
    2.2238    6.6550
    2.1217    6.6639
    2.0197    6.6720
    1.9184    6.6795
    1.8168    6.6863
    1.7148    6.6924
    1.6126    6.6976
    1.5103    6.7018
    1.4082    6.7052
    1.3062    6.7077
    1.2049    6.7097
    1.1039    6.7112
    1.0031    6.7125
    0.9020    6.7133
    0.8008    6.7136
    0.6996    6.7135
    0.5985    6.7129
    0.4974    6.7118
    0.3962    6.7103
    0.2951    6.7083
    0.1940    6.7059
    0.0929    6.7030
   -0.0078    6.6999
   -1.0281    9.3138
   -1.1275    9.3135
   -1.2270    9.3134
   -1.3264    9.3136
   -1.4256    9.3141
   -1.5239    9.3153
   -1.6221    9.3171
   -1.7206    9.3196
   -1.8192    9.3226
   -1.9184    9.3259
   -2.0190    9.3291
   -2.1204    9.3317
   -2.2202    9.3343
   -2.3192    9.3374
   -2.4181    9.3408
   -2.5170    9.3447
   -2.6159    9.3490
   -2.7148    9.3538
   -2.8136    9.3591
   -2.9123    9.3648
   -3.0113    9.3710
   -3.1102    9.3776
   -3.2090    9.3846
   -3.3076    9.3922
   -3.4062    9.4004
   -3.5049    9.4091
   -3.6030    9.4185
   -3.7010    9.4287
   -3.7990    9.4397
   -3.8971    9.4514
   -3.9952    9.4639
   -4.0935    9.4772
   -4.1918    9.4911
   -4.2900    9.5057
   -4.3879    9.5211
   -4.4856    9.5374
   -4.5832    9.5547
   -4.6808    9.5730
   -4.7783    9.5923
   -4.8759    9.6127
   -4.9735    9.6340
   -5.0711    9.6563
   -5.1688    9.6796
   -5.2666    9.7039
   -5.3645    9.7291
   -5.4624    9.7552
   -5.5601    9.7823
   -5.6577    9.8104
   -5.7552    9.8396
   -5.8527    9.8699
   -5.9501    9.9013
   -6.0475    9.9339
   -6.1450    9.9677
   -6.2423   10.0026
   -6.3396   10.0389
   -6.4368   10.0764
   -6.5339   10.1153
   -6.6309   10.1556
   -6.7282   10.1973
   -6.8255   10.2405
   -6.9226   10.2851
   -7.0196   10.3312
   -7.1165   10.3788
   -7.2132   10.4282
   -7.3100   10.4794
   -7.4069   10.5324
   -7.5036   10.5872
   -7.6002   10.6440
   -7.6967   10.7029
   -7.7932   10.7640
   -7.8899   10.8273
   -7.9865   10.8929
   -8.0829   10.9608
   -8.1792   11.0313
   -8.2759   11.1046
   -8.3726   11.1804
   -8.4691   11.2589
   -8.5655   11.3404
   -8.6619   11.4251
   -8.7581   11.5132
   -8.8541   11.6050
   -8.9500   11.7010
   -9.0413   11.7968
   -9.1290   11.8928
   -9.2139   11.9894
   -9.2957   12.0859
   -9.3745   12.1824
   -9.4501   12.2787
   -9.5225   12.3748
   -9.5919   12.4708
   -9.6584   12.5667
   -9.7219   12.6624
   -9.7825   12.7581
   -9.8411   12.8543
   -9.8980   12.9511
   -9.9529   13.0477
  -10.0058   13.1443
  -10.0567   13.2409
  -10.1056   13.3374
  -10.1526   13.4338
  -10.1976   13.5301
  -10.2407   13.6264
  -10.2819   13.7227
  -10.3212   13.8188
  -10.3586   13.9150
  -10.3942   14.0110
  -10.4278   14.1070
  -10.4596   14.2030
  -10.4896   14.2989
  -10.5177   14.3947
  -10.5440   14.4905
  -10.5684   14.5861
  -10.5909   14.6816
  -10.6118   14.7775
  -10.6318   14.8747
  -10.6506   14.9718
  -10.6682   15.0690
  -10.6847   15.1660
  -10.7000   15.2631
  -10.7140   15.3600
  -10.7268   15.4570
  -10.7383   15.5538
  -10.7486   15.6507
  -10.7576   15.7474
  -10.7653   15.8441
  -10.7717   15.9408
  -10.7767   16.0374
  -10.7805   16.1339
  -10.7828   16.2304
  -10.7838   16.3268
  -10.7834   16.4232
  -10.7815   16.5195
  -10.7782   16.6157
  -10.7735   16.7119
  -10.7672   16.8080
  -10.7594   16.9041
  -10.7504   17.0010
  -10.7401   17.0980
  -10.7285   17.1944
  -10.7155   17.2908
  -10.7010   17.3872
  -10.6851   17.4836
  -10.6678   17.5800
  -10.6490   17.6765
  -10.6288   17.7731
  -10.6072   17.8697
  -10.5841   17.9663
  -10.5597   18.0630
  -10.5338   18.1597
  -10.5066   18.2566
  -10.4780   18.3534
  -10.4480   18.4504
  -10.4167   18.5475
  -10.3841   18.6450
  -10.3503   18.7424
  -10.3154   18.8398
  -10.2792   18.9372
  -10.2418   19.0345
  -10.2030   19.1318
  -10.1630   19.2290
  -10.1215   19.3262
  -10.0787   19.4234
  -10.0344   19.5205
   -9.9886   19.6176
   -9.9412   19.7147
   -9.8923   19.8117
   -9.8417   19.9087
   -9.7895   20.0057
   -9.7355   20.1031
   -9.6800   20.2006
   -9.6230   20.2981
   -9.5645   20.3957
   -9.5045   20.4931
   -9.4428   20.5904
   -9.3794   20.6877
   -9.3141   20.7850
   -9.2470   20.8823
   -9.1780   20.9797
   -9.1070   21.0770
   -9.0341   21.1744
   -8.9592   21.2718
   -8.8822   21.3692
   -8.8030   21.4666
   -8.7216   21.5639
   -8.6380   21.6616
   -8.5522   21.7594
   -8.4643   21.8572
   -8.3743   21.9549
   -8.2821   22.0527
   -8.1875   22.1504
   -8.0906   22.2481
   -7.9927   22.3443
   -7.8949   22.4381
   -7.7971   22.5297
   -7.6993   22.6191
   -7.6015   22.7064
   -7.5038   22.7915
   -7.4060   22.8747
   -7.3083   22.9558
   -7.2106   23.0350
   -7.1129   23.1122
   -7.0152   23.1876
   -6.9176   23.2612
   -6.8199   23.3330
   -6.7223   23.4030
   -6.6247   23.4713
   -6.5270   23.5380
   -6.4294   23.6030
   -6.3319   23.6663
   -6.2343   23.7281
   -6.1364   23.7887
   -6.0381   23.8485
   -5.9399   23.9071
   -5.8416   23.9647
   -5.7433   24.0213
   -5.6450   24.0769
   -5.5467   24.1314
   -5.4487   24.1847
   -5.3508   24.2366
   -5.2529   24.2874
   -5.1551   24.3369
   -5.0572   24.3853
   -4.9594   24.4324
   -4.8616   24.4784
   -4.7638   24.5233
   -4.6660   24.5670
   -4.5683   24.6095
   -4.4705   24.6509
   -4.3727   24.6912
   -4.2750   24.7304
   -4.1772   24.7685
   -4.0795   24.8055
   -3.9818   24.8414
   -3.8841   24.8762
   -3.7864   24.9100
   -3.6887   24.9427
   -3.5909   24.9743
   -3.4932   25.0050
   -3.3954   25.0347
   -3.2976   25.0634
   -3.1998   25.0911
   -3.1020   25.1179
   -3.0042   25.1437
   -2.9064   25.1686
   -2.8086   25.1925
   -2.7107   25.2156
   -2.6129   25.2377
   -2.5148   25.2590
   -2.4168   25.2796
   -2.3187   25.2993
   -2.2206   25.3183
   -2.1225   25.3364
   -2.0244   25.3538
   -1.9263   25.3704
   -1.8282   25.3862
   -1.7301   25.4013
   -1.6320   25.4156
   -1.5338   25.4291
   -1.4357   25.4419
   -1.3376   25.4539
   -1.2395   25.4652
   -1.1413   25.4758
   -1.0432   25.4855
   -0.9450   25.4946
   -0.8469   25.5029
   -0.7487   25.5105
   -0.6506   25.5174
   -0.5524   25.5235
   -0.4543   25.5289
   -0.3561   25.5336
   -0.2579   25.5375
   -0.1598   25.5408
   -0.0616   25.5433
    0.0366   25.5451
    0.1348   25.5462
    0.2329   25.5465
    0.3308   25.5461
    0.4287   25.5448
    0.5265   25.5427
    0.6244   25.5397
    0.7220   25.5358
    0.8196   25.5309
    0.9172   25.5251
    1.0148   25.5184
    1.1129   25.5109
    1.2110   25.5026
    1.3091   25.4936
    1.4073   25.4839
    1.5054   25.4734
    1.6035   25.4621
    1.7016   25.4501
    1.7997   25.4373
    1.8978   25.4238
    1.9959   25.4094
    2.0939   25.3943
    2.1920   25.3784
    2.2901   25.3618
    2.3882   25.3443
    2.4862   25.3261
    2.5843   25.3070
    2.6824   25.2872
    2.7805   25.2665
    2.8785   25.2450
    2.9766   25.2227
    3.0747   25.1996
    3.1728   25.1757
    3.2708   25.1510
    3.3689   25.1254
    3.4670   25.0990
    3.5651   25.0718
    3.6632   25.0437
    3.7613   25.0148
    3.8593   24.9850
    3.9572   24.9543
    4.0552   24.9227
    4.1531   24.8901
    4.2510   24.8566
    4.3489   24.8221
    4.4467   24.7866
    4.5446   24.7501
    4.6424   24.7125
    4.7401   24.6739
    4.8379   24.6342
    4.9356   24.5933
    5.0337   24.5514
    5.1319   24.5085
    5.2300   24.4647
    5.3282   24.4199
    5.4264   24.3741
    5.5246   24.3274
    5.6227   24.2797
    5.7209   24.2310
    5.8191   24.1813
    5.9173   24.1306
    6.0155   24.0789
    6.1130   24.0261
    6.2106   23.9719
    6.3081   23.9163
    6.4057   23.8592
    6.5033   23.8005
    6.6009   23.7404
    6.6986   23.6788
    6.7963   23.6157
    6.8941   23.5510
    6.9919   23.4848
    7.0897   23.4171
    7.1876   23.3478
    7.2855   23.2770
    7.3835   23.2047
    7.4815   23.1308
    7.5792   23.0553
    7.6768   22.9780
    7.7744   22.8988
    7.8720   22.8175
    7.9695   22.7341
    8.0670   22.6484
    8.1645   22.5604
    8.2620   22.4700
    8.3594   22.3770
    8.4569   22.2813
    8.5533   22.1839
    8.6470   22.0864
    8.7380   21.9890
    8.8266   21.8916
    8.9132   21.7939
    8.9982   21.6959
    9.0814   21.5979
    9.1629   21.4999
    9.2427   21.4019
    9.3209   21.3039
    9.3974   21.2058
    9.4724   21.1078
    9.5458   21.0098
    9.6175   20.9120
    9.6874   20.8142
    9.7557   20.7165
    9.8224   20.6188
    9.8875   20.5211
    9.9511   20.4234
   10.0130   20.3257
   10.0735   20.2281
   10.1324   20.1305
   10.1895   20.0332
   10.2447   19.9361
   10.2982   19.8390
   10.3501   19.7419
   10.4003   19.6448
   10.4489   19.5478
   10.4959   19.4507
   10.5414   19.3536
   10.5854   19.2565
   10.6279   19.1594
   10.6689   19.0623
   10.7081   18.9657
   10.7457   18.8691
   10.7817   18.7724
   10.8162   18.6757
   10.8492   18.5789
   10.8809   18.4820
   10.9112   18.3851
   10.9402   18.2881
   10.9679   18.1911
   10.9943   18.0939
   11.0196   17.9968
   11.0437   17.8995
   11.0667   17.8023
   11.0885   17.7049
   11.1093   17.6075
   11.1291   17.5101
   11.1478   17.4126
   11.1655   17.3150
   11.1822   17.2174
   11.1980   17.1198
   11.2121   17.0235
   11.2245   16.9276
   11.2353   16.8316
   11.2446   16.7356
   11.2524   16.6395
   11.2587   16.5433
   11.2636   16.4470
   11.2670   16.3507
   11.2691   16.2542
   11.2699   16.1577
   11.2693   16.0611
   11.2675   15.9644
   11.2644   15.8677
   11.2601   15.7708
   11.2546   15.6738
   11.2479   15.5768
   11.2401   15.4797
   11.2313   15.3824
   11.2213   15.2851
   11.2103   15.1878
   11.1979   15.0915
   11.1842   14.9950
   11.1690   14.8986
   11.1524   14.8021
   11.1343   14.7057
   11.1148   14.6093
   11.0937   14.5129
   11.0712   14.4166
   11.0471   14.3202
   11.0215   14.2239
   10.9943   14.1276
   10.9656   14.0312
   10.9351   13.9349
   10.9031   13.8386
   10.8694   13.7422
   10.8340   13.6459
   10.7969   13.5495
   10.7581   13.4531
   10.7175   13.3569
   10.6749   13.2616
   10.6299   13.1664
   10.5824   13.0712
   10.5324   12.9759
   10.4797   12.8807
   10.4242   12.7854
   10.3659   12.6900
   10.3047   12.5946
   10.2404   12.4992
   10.1731   12.4037
   10.1025   12.3077
   10.0290   12.2112
    9.9528   12.1146
    9.8737   12.0179
    9.7918   11.9217
    9.7065   11.8259
    9.6172   11.7309
    9.5227   11.6359
    9.4275   11.5453
    9.3322   11.4592
    9.2365   11.3765
    9.1406   11.2972
    9.0446   11.2211
    8.9486   11.1481
    8.8525   11.0780
    8.7575   11.0122
    8.6625   10.9497
    8.5673   10.8902
    8.4721   10.8335
    8.3767   10.7795
    8.2812   10.7280
    8.1853   10.6785
    8.0894   10.6312
    7.9933   10.5859
    7.8975   10.5429
    7.8019   10.5022
    7.7064   10.4637
    7.6108   10.4272
    7.5152   10.3928
    7.4194   10.3602
    7.3235   10.3294
    7.2280   10.3007
    7.1326   10.2741
    7.0371   10.2493
    6.9415   10.2264
    6.8457   10.2051
    6.7498   10.1855
    6.6538   10.1675
    6.5577   10.1510
    6.4613   10.1360
    6.3653   10.1225
    6.2690   10.1105
    6.1726   10.0999
    6.0760   10.0906
    5.9793   10.0826
    5.8825   10.0758
    5.7855   10.0702
    5.6884   10.0657
    5.5910   10.0622
    5.4932   10.0596
    5.3953   10.0578
    5.2972   10.0567
    5.1989   10.0562
    5.1005   10.0564
    5.0019   10.0572
    4.9027   10.0583
    4.8026   10.0593
    4.7025   10.0603
    4.6024   10.0612
    4.5025   10.0622
    4.4025   10.0632
    4.3024   10.0642
    4.2013   10.0648
    4.0994   10.0645
    3.9973   10.0634
    3.8950   10.0614
    3.7931   10.0586
    3.6914   10.0551
    3.5898   10.0509
    3.4881   10.0461
    3.3868   10.0407
    3.2858   10.0350
    3.1849   10.0288
    3.0841   10.0224
    2.9834   10.0157
    2.8828   10.0088
    2.7823   10.0016
    2.6821    9.9944
    2.5820    9.9872
    2.4820    9.9799
    2.3821    9.9727
    2.2823    9.9657
    2.1826    9.9587
    2.0829    9.9518
    1.9835    9.9453
    1.8836    9.9387
    1.7837    9.9322
    1.6840    9.9258
    1.5845    9.9196
    1.4850    9.9136
    1.3855    9.9078
    1.2859    9.9022
    1.1864    9.8968
    1.0867    9.8915
    0.9874    9.8865
    0.8881    9.8818
    0.7888    9.8773
    0.6895    9.8732
    0.5905    9.8694
    0.4913    9.8660
    0.3915    9.8625
    0.2916    9.8592
    0.1917    9.8559
    0.0920    9.8527
   -0.0070    9.8499
   -0.9908   11.8478
   -1.0885   11.8537
   -1.1862   11.8604
   -1.2842   11.8681
   -1.3822   11.8765
   -1.4800   11.8857
   -1.5778   11.8958
   -1.6755   11.9068
   -1.7731   11.9188
   -1.8706   11.9317
   -1.9679   11.9458
   -2.0651   11.9609
   -2.1622   11.9772
   -2.2593   11.9946
   -2.3566   12.0132
   -2.4535   12.0330
   -2.5501   12.0542
   -2.6462   12.0768
   -2.7420   12.1012
   -2.8375   12.1274
   -2.9328   12.1556
   -3.0279   12.1858
   -3.1231   12.2182
   -3.2182   12.2527
   -3.3132   12.2896
   -3.4077   12.3289
   -3.5018   12.3709
   -3.5956   12.4159
   -3.6890   12.4641
   -3.7816   12.5160
   -3.8733   12.5721
   -3.9645   12.6334
   -4.0558   12.7005
   -4.1468   12.7740
   -4.2371   12.8550
   -4.3269   12.9452
   -4.4061   13.0346
   -4.4744   13.1225
   -4.5333   13.2094
   -4.5833   13.2952
   -4.6248   13.3798
   -4.6581   13.4630
   -4.6836   13.5447
   -4.7022   13.6262
   -4.7144   13.7075
   -4.7201   13.7881
   -4.7192   13.8681
   -4.7119   13.9479
   -4.6979   14.0274
   -4.6768   14.1067
   -4.6491   14.1923
   -4.6156   14.2795
   -4.5764   14.3667
   -4.5311   14.4539
   -4.4791   14.5412
   -4.4198   14.6286
   -4.3521   14.7161
   -4.2749   14.8056
   -4.1887   14.8972
   -4.0960   14.9878
   -4.0030   15.0720
   -3.9097   15.1506
   -3.8162   15.2243
   -3.7223   15.2935
   -3.6283   15.3588
   -3.5340   15.4205
   -3.4391   15.4794
   -3.3437   15.5358
   -3.2483   15.5895
   -3.1529   15.6406
   -3.0574   15.6892
   -2.9620   15.7355
   -2.8665   15.7794
   -2.7709   15.8211
   -2.6753   15.8606
   -2.5795   15.8983
   -2.4835   15.9341
   -2.3875   15.9682
   -2.2915   16.0003
   -2.1955   16.0307
   -2.0996   16.0593
   -2.0036   16.0861
   -1.9076   16.1112
   -1.8115   16.1348
   -1.7150   16.1570
   -1.6184   16.1777
   -1.5218   16.1971
   -1.4252   16.2151
   -1.3286   16.2317
   -1.2319   16.2470
   -1.1353   16.2609
   -1.0386   16.2736
   -0.9418   16.2849
   -0.8451   16.2950
   -0.7481   16.3039
   -0.6510   16.3117
   -0.5538   16.3184
   -0.4566   16.3240
   -0.3597   16.3284
   -0.2630   16.3315
   -0.1663   16.3333
   -0.0696   16.3338
    0.0272   16.3331
    0.1239   16.3311
    0.2207   16.3279
    0.3174   16.3234
    0.4142   16.3177
    0.5110   16.3107
    0.6078   16.3024
    0.7046   16.2929
    0.8017   16.2823
    0.8987   16.2704
    0.9958   16.2574
    1.0928   16.2432
    1.1899   16.2278
    1.2867   16.2112
    1.3832   16.1932
    1.4795   16.1737
    1.5759   16.1528
    1.6723   16.1303
    1.7686   16.1063
    1.8649   16.0807
    1.9611   16.0535
    2.0573   16.0247
    2.1535   15.9943
    2.2497   15.9621
    2.3459   15.9282
    2.4421   15.8925
    2.5380   15.8550
    2.6339   15.8156
    2.7297   15.7741
    2.8256   15.7305
    2.9215   15.6848
    3.0174   15.6369
    3.1132   15.5868
    3.2085   15.5343
    3.3030   15.4791
    3.3974   15.4206
    3.4916   15.3585
    3.5856   15.2926
    3.6794   15.2224
    3.7730   15.1475
    3.8669   15.0674
    3.9605   14.9818
    4.0526   14.8898
    4.1367   14.7978
    4.2130   14.7064
    4.2818   14.6155
    4.3436   14.5252
    4.3986   14.4355
    4.4457   14.3478
    4.4831   14.2637
    4.5127   14.1809
    4.5350   14.0991
    4.5502   14.0183
    4.5587   13.9383
    4.5603   13.8590
    4.5552   13.7803
    4.5415   13.7080
    4.5190   13.6370
    4.4864   13.5640
    4.4427   13.4894
    4.3857   13.4127
    4.3130   13.3329
    4.2287   13.2549
    4.1426   13.1860
    4.0543   13.1232
    3.9639   13.0648
    3.8724   13.0108
    3.7800   12.9604
    3.6869   12.9133
    3.5930   12.8689
    3.4984   12.8269
    3.4034   12.7872
    3.3082   12.7497
    3.2128   12.7143
    3.1172   12.6807
    3.0213   12.6490
    2.9252   12.6189
    2.8291   12.5905
    2.7327   12.5635
    2.6358   12.5378
    2.5386   12.5132
    2.4411   12.4895
    2.3436   12.4670
    2.2462   12.4455
    2.1490   12.4253
    2.0518   12.4062
    1.9545   12.3883
    1.8559   12.3706
    1.7581   12.3540
    1.6606   12.3384
    1.5633   12.3240
    1.4660   12.3107
    1.3688   12.2985
    1.2702   12.2867
    1.1717   12.2754
    1.0731   12.2648
    0.9749   12.2549
    0.8770   12.2458
    0.7794   12.2377
    0.6815   12.2305
    0.5832   12.2239
    0.4850   12.2180
    0.3869   12.2128
    0.2888   12.2084
    0.1907   12.2048
    0.0928   12.2020
   -0.0052   12.1999
    0.0052   11.7001
    0.1072   11.7022
    0.2093   11.7051
    0.3112   11.7089
    0.4131   11.7135
    0.5150   11.7189
    0.6168   11.7250
    0.7185   11.7319
    0.8206   11.7395
    0.9230   11.7479
    1.0251   11.7574
    1.1269   11.7677
    1.2283   11.7787
    1.3298   11.7902
    1.4312   11.8024
    1.5340   11.8153
    1.6367   11.8294
    1.7394   11.8447
    1.8419   11.8610
    1.9441   11.8784
    2.0455   11.8966
    2.1482   11.9156
    2.2510   11.9358
    2.3538   11.9572
    2.4564   11.9799
    2.5589   12.0036
    2.6614   12.0285
    2.7642   12.0546
    2.8673   12.0820
    2.9709   12.1110
    3.0748   12.1418
    3.1787   12.1744
    3.2828   12.2090
    3.3872   12.2457
    3.4918   12.2846
    3.5966   12.3260
    3.7016   12.3701
    3.8070   12.4170
    3.9131   12.4674
    4.0200   12.5217
    4.1276   12.5808
    4.2361   12.6454
    4.3457   12.7169
    4.4574   12.7976
    4.5713   12.8907
    4.6870   13.0010
    4.7918   13.1211
    4.8785   13.2444
    4.9472   13.3698
    4.9989   13.4969
    5.0347   13.6258
    5.0545   13.7535
    5.0600   13.8748
    5.0554   13.9956
    5.0407   14.1156
    5.0163   14.2347
    4.9822   14.3529
    4.9385   14.4701
    4.8853   14.5860
    4.8240   14.6983
    4.7555   14.8086
    4.6797   14.9183
    4.5962   15.0275
    4.5049   15.1360
    4.4054   15.2441
    4.2975   15.3512
    4.1910   15.4481
    4.0849   15.5383
    3.9785   15.6230
    3.8724   15.7021
    3.7664   15.7762
    3.6605   15.8457
    3.5549   15.9110
    3.4494   15.9724
    3.3448   16.0299
    3.2406   16.0843
    3.1364   16.1362
    3.0324   16.1857
    2.9282   16.2330
    2.8240   16.2780
    2.7199   16.3208
    2.6158   16.3613
    2.5120   16.3998
    2.4082   16.4363
    2.3044   16.4710
    2.2006   16.5038
    2.0968   16.5348
    1.9931   16.5640
    1.8894   16.5915
    1.7857   16.6173
    1.6820   16.6414
    1.5784   16.6639
    1.4748   16.6847
    1.3712   16.7040
    1.2681   16.7217
    1.1651   16.7380
    1.0621   16.7530
    0.9592   16.7668
    0.8563   16.7793
    0.7533   16.7906
    0.6502   16.8006
    0.5469   16.8094
    0.4437   16.8168
    0.3405   16.8229
    0.2373   16.8276
    0.1340   16.8310
    0.0308   16.8331
   -0.0725   16.8338
   -0.1758   16.8332
   -0.2791   16.8312
   -0.3824   16.8279
   -0.4854   16.8232
   -0.5883   16.8172
   -0.6911   16.8101
   -0.7940   16.8018
   -0.8970   16.7923
   -1.0002   16.7815
   -1.1035   16.7693
   -1.2068   16.7558
   -1.3101   16.7408
   -1.4135   16.7244
   -1.5168   16.7066
   -1.6202   16.6873
   -1.7237   16.6665
   -1.8271   16.6442
   -1.9306   16.6204
   -2.0344   16.5949
   -2.1384   16.5676
   -2.2425   16.5384
   -2.3465   16.5073
   -2.4506   16.4743
   -2.5546   16.4394
   -2.6586   16.4025
   -2.7626   16.3636
   -2.8667   16.3226
   -2.9711   16.2792
   -3.0756   16.2335
   -3.1801   16.1854
   -3.2846   16.1346
   -3.3892   16.0812
   -3.4938   16.0251
   -3.5984   15.9661
   -3.7030   15.9041
   -3.8081   15.8387
   -3.9138   15.7693
   -4.0197   15.6955
   -4.1259   15.6167
   -4.2324   15.5326
   -4.3391   15.4422
   -4.4461   15.3448
   -4.5534   15.2392
   -4.6546   15.1309
   -4.7489   15.0203
   -4.8345   14.9078
   -4.9098   14.7952
   -4.9758   14.6825
   -5.0333   14.5698
   -5.0830   14.4570
   -5.1254   14.3442
   -5.1614   14.2298
   -5.1912   14.1091
   -5.2103   13.9885
   -5.2192   13.8683
   -5.2185   13.7484
   -5.2082   13.6289
   -5.1886   13.5103
   -5.1596   13.3917
   -5.1208   13.2734
   -5.0722   13.1566
   -5.0139   13.0412
   -4.9459   12.9270
   -4.8678   12.8139
   -4.7793   12.7018
   -4.6801   12.5913
   -4.5699   12.4818
   -4.4602   12.3845
   -4.3511   12.2970
   -4.2425   12.2178
   -4.1337   12.1453
   -4.0254   12.0794
   -3.9180   12.0196
   -3.8114   11.9648
   -3.7052   11.9141
   -3.5993   11.8670
   -3.4938   11.8234
   -3.3888   11.7827
   -3.2839   11.7447
   -3.1791   11.7092
   -3.0742   11.6760
   -2.9695   11.6452
   -2.8650   11.6166
   -2.7608   11.5902
   -2.6569   11.5657
   -2.5535   11.5431
   -2.4504   11.5221
   -2.3477   11.5025
   -2.2448   11.4841
   -2.1419   11.4668
   -2.0391   11.4509
   -1.9364   11.4361
   -1.8339   11.4225
   -1.7315   11.4100
   -1.6292   11.3984
   -1.5270   11.3879
   -1.4248   11.3783
   -1.3228   11.3696
   -1.2208   11.3617
   -1.1185   11.3546
   -1.0162   11.3484
    0.0070    9.3501
    0.1080    9.3529
    0.2083    9.3562
    0.3084    9.3595
    0.4085    9.3628
    0.5087    9.3663
    0.6095    9.3698
    0.7105    9.3736
    0.8112    9.3778
    0.9119    9.3823
    1.0126    9.3871
    1.1133    9.3922
    1.2136    9.3975
    1.3141    9.4030
    1.4145    9.4087
    1.5150    9.4145
    1.6155    9.4206
    1.7160    9.4268
    1.8163    9.4333
    1.9164    9.4398
    2.0165    9.4464
    2.1171    9.4530
    2.2174    9.4599
    2.3177    9.4669
    2.4179    9.4740
    2.5180    9.4812
    2.6180    9.4885
    2.7179    9.4957
    2.8177    9.5029
    2.9172    9.5099
    3.0166    9.5168
    3.1159    9.5234
    3.2151    9.5298
    3.3142    9.5358
    3.4132    9.5414
    3.5119    9.5466
    3.6102    9.5513
    3.7086    9.5554
    3.8069    9.5588
    3.9050    9.5615
    4.0027    9.5635
    4.1006    9.5645
    4.1987    9.5648
    4.2976    9.5642
    4.3975    9.5633
    4.4975    9.5623
    4.5976    9.5613
    4.6975    9.5603
    4.7974    9.5593
    4.8973    9.5583
    4.9981    9.5572
    5.0995    9.5564
    5.2011    9.5562
    5.3028    9.5567
    5.4047    9.5579
    5.5068    9.5598
    5.6090    9.5626
    5.7116    9.5663
    5.8145    9.5711
    5.9175    9.5770
    6.0207    9.5843
    6.1240    9.5929
    6.2274    9.6029
    6.3310    9.6144
    6.4347    9.6274
    6.5387    9.6420
    6.6423    9.6582
    6.7462    9.6761
    6.8502    9.6957
    6.9543    9.7170
    7.0585    9.7402
    7.1629    9.7654
    7.2674    9.7926
    7.3720    9.8219
    7.4765    9.8534
    7.5806    9.8869
    7.6848    9.9224
    7.7892    9.9601
    7.8936   10.0000
    7.9981   10.0423
    8.1025   10.0869
    8.2067   10.1338
    8.3106   10.1829
    8.4147   10.2343
    8.5188   10.2881
    8.6233   10.3446
    8.7279   10.4039
    8.8327   10.4664
    8.9375   10.5321
    9.0425   10.6013
    9.1475   10.6742
    9.2514   10.7502
    9.3554   10.8294
    9.4594   10.9120
    9.5635   10.9983
    9.6678   11.0885
    9.7725   11.1834
    9.8773   11.2835
    9.9816   11.3886
   10.0801   11.4936
   10.1726   11.5977
   10.2609   11.7015
   10.3453   11.8049
   10.4269   11.9083
   10.5056   12.0118
   10.5819   12.1158
   10.6554   12.2203
   10.7256   12.3248
   10.7926   12.4294
   10.8564   12.5341
   10.9172   12.6388
   10.9751   12.7435
   11.0300   12.8483
   11.0821   12.9531
   11.1315   13.0579
   11.1782   13.1626
   11.2219   13.2664
   11.2636   13.3700
   11.3034   13.4736
   11.3414   13.5772
   11.3776   13.6809
   11.4120   13.7846
   11.4447   13.8882
   11.4756   13.9919
   11.5048   14.0956
   11.5323   14.1992
   11.5581   14.3029
   11.5823   14.4065
   11.6048   14.5101
   11.6258   14.6138
   11.6451   14.7173
   11.6629   14.8209
   11.6792   14.9245
   11.6939   15.0280
   11.7071   15.1317
   11.7187   15.2343
   11.7292   15.3370
   11.7385   15.4398
   11.7468   15.5427
   11.7538   15.6456
   11.7596   15.7487
   11.7641   15.8518
   11.7674   15.9550
   11.7693   16.0583
   11.7699   16.1617
   11.7690   16.2652
   11.7667   16.3688
   11.7629   16.4725
   11.7576   16.5762
   11.7507   16.6800
   11.7423   16.7839
   11.7321   16.8878
   11.7203   16.9919
   11.7068   17.0960
   11.6916   17.1997
   11.6750   17.3020
   11.6574   17.4044
   11.6388   17.5069
   11.6191   17.6094
   11.5983   17.7119
   11.5764   17.8146
   11.5533   17.9172
   11.5290   18.0199
   11.5035   18.1227
   11.4767   18.2255
   11.4486   18.3284
   11.4192   18.4314
   11.3884   18.5344
   11.3561   18.6374
   11.3224   18.7406
   11.2871   18.8438
   11.2502   18.9470
   11.2117   19.0504
   11.1714   19.1538
   11.1294   19.2571
   11.0859   19.3600
   11.0408   19.4629
   10.9941   19.5659
   10.9458   19.6688
   10.8959   19.7717
   10.8443   19.8746
   10.7911   19.9775
   10.7360   20.0804
   10.6793   20.1834
   10.6207   20.2862
   10.5604   20.3890
   10.4986   20.4914
   10.4352   20.5937
   10.3702   20.6961
   10.3036   20.7984
   10.2354   20.9007
   10.1655   21.0030
   10.0940   21.1052
   10.0208   21.2075
    9.9459   21.3096
    9.8695   21.4116
    9.7915   21.5136
    9.7118   21.6156
    9.6304   21.7176
    9.5474   21.8196
    9.4625   21.9216
    9.3758   22.0236
    9.2873   22.1256
    9.1965   22.2279
    9.1033   22.3305
    9.0073   22.4330
    8.9086   22.5356
    8.8071   22.6381
    8.7045   22.7388
    8.6020   22.8366
    8.4995   22.9316
    8.3969   23.0241
    8.2945   23.1141
    8.1920   23.2017
    8.0895   23.2870
    7.9871   23.3701
    7.8847   23.4511
    7.7825   23.5300
    7.6805   23.6069
    7.5784   23.6822
    7.4764   23.7560
    7.3742   23.8282
    7.2721   23.8989
    7.1699   23.9681
    7.0676   24.0357
    6.9653   24.1017
    6.8630   24.1662
    6.7607   24.2292
    6.6583   24.2907
    6.5558   24.3506
    6.4534   24.4090
    6.3509   24.4659
    6.2484   24.5213
    6.1466   24.5749
    6.0448   24.6275
    5.9430   24.6790
    5.8412   24.7294
    5.7394   24.7789
    5.6376   24.8273
    5.5357   24.8748
    5.4339   24.9212
    5.3321   24.9667
    5.2302   25.0112
    5.1283   25.0547
    5.0260   25.0974
    4.9238   25.1389
    4.8216   25.1793
    4.7194   25.2185
    4.6172   25.2566
    4.5151   25.2937
    4.4129   25.3296
    4.3108   25.3646
    4.2088   25.3985
    4.1067   25.4314
    4.0047   25.4634
    3.9027   25.4944
    3.8007   25.5245
    3.6988   25.5536
    3.5969   25.5819
    3.4950   25.6093
    3.3931   25.6358
    3.2912   25.6615
    3.1893   25.6863
    3.0873   25.7103
    2.9854   25.7335
    2.8835   25.7558
    2.7816   25.7772
    2.6796   25.7978
    2.5777   25.8176
    2.4758   25.8366
    2.3738   25.8547
    2.2719   25.8720
    2.1700   25.8885
    2.0681   25.9042
    1.9662   25.9191
    1.8643   25.9331
    1.7624   25.9464
    1.6605   25.9589
    1.5586   25.9705
    1.4567   25.9814
    1.3548   25.9915
    1.2529   26.0009
    1.1511   26.0094
    1.0491   26.0172
    0.9467   26.0243
    0.8443   26.0303
    0.7419   26.0354
    0.6396   26.0394
    0.5374   26.0425
    0.4353   26.0447
    0.3331   26.0461
    0.2310   26.0465
    0.1292   26.0461
    0.0274   26.0450
   -0.0745   26.0431
   -0.1763   26.0405
   -0.2781   26.0371
   -0.3799   26.0330
   -0.4818   26.0281
   -0.5836   26.0225
   -0.6855   26.0161
   -0.7873   26.0090
   -0.8892   26.0011
   -0.9910   25.9925
   -1.0929   25.9831
   -1.1947   25.9729
   -1.2966   25.9619
   -1.3985   25.9502
   -1.5003   25.9377
   -1.6022   25.9244
   -1.7041   25.9104
   -1.8060   25.8955
   -1.9079   25.8799
   -2.0098   25.8634
   -2.1117   25.8461
   -2.2136   25.8281
   -2.3155   25.8092
   -2.4174   25.7895
   -2.5193   25.7689
   -2.6212   25.7476
   -2.7232   25.7254
   -2.8253   25.7023
   -2.9275   25.6782
   -3.0297   25.6532
   -3.1319   25.6271
   -3.2341   25.6001
   -3.3363   25.5721
   -3.4385   25.5431
   -3.5407   25.5131
   -3.6429   25.4821
   -3.7451   25.4500
   -3.8474   25.4168
   -3.9497   25.3825
   -4.0520   25.3472
   -4.1543   25.3107
   -4.2565   25.2731
   -4.3588   25.2343
   -4.4611   25.1945
   -4.5633   25.1535
   -4.6656   25.1113
   -4.7678   25.0680
   -4.8700   25.0235
   -4.9722   24.9778
   -5.0744   24.9309
   -5.1766   24.8828
   -5.2788   24.8335
   -5.3810   24.7830
   -5.4831   24.7312
   -5.5853   24.6782
   -5.6874   24.6240
   -5.7893   24.5686
   -5.8911   24.5121
   -5.9928   24.4546
   -6.0945   24.3960
   -6.1962   24.3364
   -6.2979   24.2757
   -6.3997   24.2138
   -6.5018   24.1505
   -6.6042   24.0856
   -6.7066   24.0191
   -6.8090   23.9509
   -6.9114   23.8810
   -7.0138   23.8093
   -7.1161   23.7358
   -7.2185   23.6605
   -7.3208   23.5834
   -7.4231   23.5043
   -7.5254   23.4234
   -7.6277   23.3405
   -7.7300   23.2555
   -7.8323   23.1685
   -7.9345   23.0794
   -8.0367   22.9881
   -8.1389   22.8946
   -8.2411   22.7989
   -8.3433   22.7008
   -8.4455   22.6003
   -8.5470   22.4980
   -8.6458   22.3957
   -8.7422   22.2935
   -8.8363   22.1913
   -8.9281   22.0891
   -9.0177   21.9869
   -9.1054   21.8845
   -9.1911   21.7819
   -9.2744   21.6793
   -9.3555   21.5766
   -9.4344   21.4740
   -9.5112   21.3714
   -9.5859   21.2687
   -9.6587   21.1661
   -9.7294   21.0634
   -9.7982   20.9607
   -9.8651   20.8580
   -9.9302   20.7553
   -9.9934   20.6528
  -10.0548   20.5503
  -10.1146   20.4478
  -10.1729   20.3453
  -10.2297   20.2427
  -10.2851   20.1397
  -10.3388   20.0367
  -10.3907   19.9338
  -10.4408   19.8308
  -10.4893   19.7279
  -10.5362   19.6250
  -10.5815   19.5222
  -10.6253   19.4194
  -10.6676   19.3167
  -10.7085   19.2139
  -10.7479   19.1113
  -10.7860   19.0086
  -10.8228   18.9060
  -10.8583   18.8035
  -10.8926   18.7009
  -10.9257   18.5980
  -10.9575   18.4950
  -10.9879   18.3919
  -11.0169   18.2887
  -11.0445   18.1854
  -11.0705   18.0821
  -11.0951   17.9788
  -11.1182   17.8753
  -11.1398   17.7719
  -11.1599   17.6684
  -11.1785   17.5648
  -11.1955   17.4613
  -11.2110   17.3577
  -11.2249   17.2540
  -11.2374   17.1504
  -11.2482   17.0474
  -11.2578   16.9443
  -11.2661   16.8404
  -11.2728   16.7365
  -11.2779   16.6327
  -11.2814   16.5289
  -11.2834   16.4252
  -11.2838   16.3216
  -11.2827   16.2180
  -11.2801   16.1145
  -11.2760   16.0111
  -11.2706   15.9077
  -11.2637   15.8043
  -11.2554   15.7010
  -11.2458   15.5978
  -11.2348   15.4946
  -11.2225   15.3915
  -11.2088   15.2884
  -11.1939   15.1854
  -11.1777   15.0824
  -11.1602   14.9795
  -11.1414   14.8766
  -11.1215   14.7738
  -11.1003   14.6709
  -11.0775   14.5668
  -11.0528   14.4624
  -11.0261   14.3580
  -10.9974   14.2537
  -10.9668   14.1496
  -10.9342   14.0454
  -10.8996   13.9414
  -10.8631   13.8374
  -10.8245   13.7335
  -10.7840   13.6296
  -10.7415   13.5258
  -10.6970   13.4220
  -10.6505   13.3183
  -10.6020   13.2147
  -10.5515   13.1111
  -10.4989   13.0075
  -10.4443   12.9041
  -10.3876   12.8007
  -10.3289   12.6974
  -10.2680   12.5941
  -10.2047   12.4903
  -10.1385   12.3860
  -10.0693   12.2818
   -9.9970   12.1776
   -9.9217   12.0736
   -9.8432   11.9697
   -9.7617   11.8661
   -9.6771   11.7625
   -9.5892   11.6590
   -9.4981   11.5556
   -9.4031   11.4516
   -9.3036   11.3475
   -9.1995   11.2434
   -9.0956   11.1442
   -8.9918   11.0494
   -8.8881   10.9584
   -8.7845   10.8710
   -8.6811   10.7869
   -8.5777   10.7059
   -8.4744   10.6278
   -8.3708   10.5520
   -8.2672   10.4791
   -8.1637   10.4090
   -8.0604   10.3414
   -7.9570   10.2760
   -7.8534   10.2129
   -7.7501   10.1522
   -7.6468   10.0937
   -7.5436   10.0373
   -7.4405    9.9828
   -7.3372    9.9302
   -7.2340    9.8795
   -7.1310    9.8306
   -7.0282    9.7834
   -6.9255    9.7379
   -6.8227    9.6938
   -6.7197    9.6510
   -6.6168    9.6099
   -6.5140    9.5703
   -6.4113    9.5321
   -6.3087    9.4952
   -6.2061    9.4597
   -6.1035    9.4254
   -6.0010    9.3924
   -5.8984    9.3606
   -5.7960    9.3299
   -5.6936    9.3005
   -5.5912    9.2721
   -5.4891    9.2449
   -5.3871    9.2187
   -5.2849    9.1933
   -5.1825    9.1689
   -5.0802    9.1455
   -4.9777    9.1231
   -4.8753    9.1018
   -4.7729    9.0816
   -4.6704    9.0624
   -4.5680    9.0443
   -4.4657    9.0272
   -4.3636    9.0111
   -4.2618    8.9960
   -4.1602    8.9816
   -4.0584    8.9679
   -3.9566    8.9550
   -3.8547    8.9428
   -3.7527    8.9313
   -3.6506    8.9207
   -3.5487    8.9110
   -3.4475    8.9021
   -3.3460    8.8937
   -3.2447    8.8859
   -3.1434    8.8787
   -3.0424    8.8719
   -2.9413    8.8656
   -2.8401    8.8598
   -2.7389    8.8544
   -2.6377    8.8495
   -2.5366    8.8451
   -2.4355    8.8411
   -2.3345    8.8376
   -2.2335    8.8345
   -2.1332    8.8319
   -2.0346    8.8293
   -1.9352    8.8262
   -1.8344    8.8228
   -1.7331    8.8198
   -1.6315    8.8172
   -1.5298    8.8153
   -1.4280    8.8141
   -1.3273    8.8136
   -1.2267    8.8134
   -1.1261    8.8135
   -1.0256    8.8138
    0.0078    6.2001
    0.1071    6.2032
    0.2060    6.2060
    0.3049    6.2084
    0.4038    6.2104
    0.5026    6.2118
    0.6015    6.2129
    0.7004    6.2135
    0.7992    6.2136
    0.8980    6.2133
    0.9969    6.2125
    1.0961    6.2113
    1.1951    6.2098
    1.2938    6.2079
    1.3918    6.2054
    1.4897    6.2022
    1.5874    6.1982
    1.6852    6.1933
    1.7832    6.1875
    1.8816    6.1809
    1.9803    6.1736
    2.0783    6.1658
    2.1762    6.1573
    2.2739    6.1480
    2.3715    6.1378
    2.4690    6.1266
    2.5664    6.1144
    2.6637    6.1012
    2.7608    6.0870
    2.8572    6.0717
    2.9533    6.0550
    3.0492    6.0368
    3.1448    6.0170
    3.2402    5.9955
    3.3354    5.9721
    3.4303    5.9467
    3.5252    5.9192
    3.6199    5.8896
    3.7144    5.8577
    3.8088    5.8234
    3.9034    5.7864
    3.9989    5.7464
    4.0944    5.7042
    4.1894    5.6600
    4.2845    5.6132
    4.3796    5.5637
    4.4746    5.5116
    4.5703    5.4561
    4.6671    5.3975
    4.7640    5.3366
    4.8612    5.2737
    4.9584    5.2088
    5.0554    5.1421
    5.1531    5.0729
    5.2510    5.0019
    5.3489    4.9291
    5.4470    4.8547
    5.5453    4.7788
    5.6435    4.7014
    5.7418    4.6226
    5.8400    4.5423
    5.9382    4.4605
    6.0364    4.3772
    6.1345    4.2923
    6.2325    4.2057
    6.3307    4.1171
    6.4288    4.0268
    6.5269    3.9347
    6.6249    3.8406
    6.7228    3.7446
    6.8201    3.6468
    6.9150    3.5490
    7.0076    3.4513
    7.0977    3.3537
    7.1855    3.2562
    7.2708    3.1588
    7.3537    3.0616
    7.4341    2.9644
    7.5120    2.8673
    7.5875    2.7704
    7.6606    2.6735
    7.7314    2.5767
    7.7997    2.4800
    7.8657    2.3833
    7.9295    2.2865
    7.9914    2.1896
    8.0512    2.0927
    8.1090    1.9960
    8.1646    1.8996
    8.2180    1.8035
    8.2691    1.7075
    8.3179    1.6116
    8.3646    1.5157
    8.4091    1.4199
    8.4514    1.3240
    8.4918    1.2282
    8.5301    1.1324
    8.5663    1.0367
    8.6007    0.9409
    8.6332    0.8447
    8.6640    0.7485
    8.6931    0.6524
    8.7205    0.5564
    8.7461    0.4605
    8.7701    0.3645
    8.7923    0.2685
    8.8130    0.1725
    8.8319    0.0767
    8.8492   -0.0191
    8.8647   -0.1149
    8.8786   -0.2105
    8.8907   -0.3061
    8.9012   -0.4016
    8.9098   -0.4971
    8.9167   -0.5924
    8.9219   -0.6878
    8.9252   -0.7833
    8.9269   -0.8791
    8.9269   -0.9753
    8.9255   -1.0716
    8.9226   -1.1680
    8.9184   -1.2643
    8.9127   -1.3606
    8.9056   -1.4568
    8.8970   -1.5530
    8.8869   -1.6491
    8.8754   -1.7451
    8.8622   -1.8410
    8.8475   -1.9368
    8.8311   -2.0324
    8.8130   -2.1278
    8.7930   -2.2232
    8.7711   -2.3189
    8.7473   -2.4152
    8.7218   -2.5116
    8.6948   -2.6078
    8.6663   -2.7041
    8.6360   -2.8003
    8.6041   -2.8964
    8.5705   -2.9924
    8.5350   -3.0884
    8.4977   -3.1844
    8.4585   -3.2803
    8.4171   -3.3766
    8.3738   -3.4731
    8.3286   -3.5695
    8.2817   -3.6660
    8.2328   -3.7624
    8.1819   -3.8588
    8.1291   -3.9552
    8.0741   -4.0517
    8.0170   -4.1481
    7.9577   -4.2445
    7.8961   -4.3409
    7.8320   -4.4376
    7.7655   -4.5347
    7.6968   -4.6318
    7.6260   -4.7289
    7.5531   -4.8260
    7.4779   -4.9231
    7.4001   -5.0206
    7.3202   -5.1181
    7.2381   -5.2156
    7.1539   -5.3130
    7.0673   -5.4104
    6.9787   -5.5074
    6.8873   -5.6042
    6.7926   -5.7009
    6.6959   -5.7962
    6.5992   -5.8880
    6.5025   -5.9766
    6.4057   -6.0621
    6.3082   -6.1453
    6.2108   -6.2263
    6.1133   -6.3052
    6.0159   -6.3820
    5.9184   -6.4567
    5.8210   -6.5295
    5.7236   -6.6003
    5.6261   -6.6693
    5.5287   -6.7365
    5.4313   -6.8018
    5.3339   -6.8655
    5.2365   -6.9274
    5.1391   -6.9876
    5.0417   -7.0462
    4.9445   -7.1032
    4.8475   -7.1583
    4.7505   -7.2117
    4.6535   -7.2634
    4.5564   -7.3135
    4.4591   -7.3620
    4.3617   -7.4092
    4.2642   -7.4550
    4.1667   -7.4995
    4.0692   -7.5427
    3.9717   -7.5847
    3.8742   -7.6254
    3.7767   -7.6648
    3.6792   -7.7031
    3.5816   -7.7402
    3.4839   -7.7762
    3.3862   -7.8111
    3.2885   -7.8450
    3.1908   -7.8777
    3.0932   -7.9095
    2.9955   -7.9401
    2.8978   -7.9697
    2.8001   -7.9983
    2.7025   -8.0259
    2.6048   -8.0524
    2.5071   -8.0779
    2.4091   -8.1026
    2.3111   -8.1264
    2.2131   -8.1493
    2.1152   -8.1713
    2.0172   -8.1925
    1.9193   -8.2128
    1.8214   -8.2323
    1.7235   -8.2508
    1.6257   -8.2685
    1.5278   -8.2854
    1.4300   -8.3013
    1.3323   -8.3163
    1.2347   -8.3305
    1.1372   -8.3436
    1.0397   -8.3557
    0.9423   -8.3668
    0.8449   -8.3769
    0.7475   -8.3860
    0.6502   -8.3940
    0.5526   -8.4010
    0.4551   -8.4070
    0.3575   -8.4121
    0.2599   -8.4162
    0.1624   -8.4193
    0.0648   -8.4215
   -0.0327   -8.4228
   -0.1302   -8.4231
   -0.2279   -8.4224
   -0.3257   -8.4208
   -0.4236   -8.4183
   -0.5215   -8.4150
   -0.6194   -8.4110
   -0.7173   -8.4060
   -0.8152   -8.4003
   -0.9131   -8.3937
   -1.0110   -8.3863
   -1.1089   -8.3781
   -1.2068   -8.3690
   -1.3047   -8.3591
   -1.4026   -8.3484
   -1.5005   -8.3368
   -1.5985   -8.3244
   -1.6964   -8.3112
   -1.7943   -8.2971
   -1.8922   -8.2821
   -1.9901   -8.2664
   -2.0880   -8.2497
   -2.1860   -8.2323
   -2.2839   -8.2139
   -2.3818   -8.1947
   -2.4797   -8.1747
   -2.5774   -8.1538
   -2.6749   -8.1320
   -2.7724   -8.1091
   -2.8699   -8.0852
   -2.9675   -8.0603
   -3.0650   -8.0342
   -3.1625   -8.0071
   -3.2601   -7.9789
   -3.3576   -7.9496
   -3.4552   -7.9192
   -3.5528   -7.8877
   -3.6503   -7.8551
   -3.7479   -7.8214
   -3.8455   -7.7866
   -3.9430   -7.7507
   -4.0405   -7.7136
   -4.1380   -7.6752
   -4.2355   -7.6357
   -4.3330   -7.5949
   -4.4304   -7.5528
   -4.5279   -7.5095
   -4.6254   -7.4649
   -4.7229   -7.4190
   -4.8204   -7.3717
   -4.9179   -7.3231
   -5.0154   -7.2731
   -5.1130   -7.2217
   -5.2105   -7.1689
   -5.3081   -7.1147
   -5.4056   -7.0590
   -5.5033   -7.0018
   -5.6011   -6.9431
   -5.6985   -6.8832
   -5.7957   -6.8219
   -5.8929   -6.7587
   -5.9902   -6.6936
   -6.0874   -6.6267
   -6.1847   -6.5577
   -6.2820   -6.4868
   -6.3794   -6.4138
   -6.4768   -6.3388
   -6.5742   -6.2617
   -6.6717   -6.1824
   -6.7693   -6.1009
   -6.8668   -6.0173
   -6.9645   -5.9314
   -7.0619   -5.8435
   -7.1592   -5.7533
   -7.2564   -5.6603
   -7.3536   -5.5644
   -7.4489   -5.4673
   -7.5411   -5.3702
   -7.6304   -5.2732
   -7.7169   -5.1762
   -7.8005   -5.0793
   -7.8815   -4.9823
   -7.9599   -4.8854
   -8.0358   -4.7885
   -8.1093   -4.6916
   -8.1802   -4.5950
   -8.2486   -4.4985
   -8.3147   -4.4017
   -8.3787   -4.3050
   -8.4404   -4.2083
   -8.5001   -4.1116
   -8.5577   -4.0149
   -8.6134   -3.9182
   -8.6671   -3.8214
   -8.7189   -3.7247
   -8.7690   -3.6280
   -8.8172   -3.5313
   -8.8637   -3.4345
   -8.9085   -3.3377
   -8.9517   -3.2409
   -8.9932   -3.1443
   -9.0329   -3.0477
   -9.0711   -2.9511
   -9.1076   -2.8545
   -9.1426   -2.7579
   -9.1760   -2.6613
   -9.2079   -2.5646
   -9.2382   -2.4679
   -9.2671   -2.3713
   -9.2945   -2.2749
   -9.3201   -2.1795
   -9.3437   -2.0839
   -9.3656   -1.9881
   -9.3858   -1.8922
   -9.4043   -1.7964
   -9.4210   -1.7011
   -9.4359   -1.6058
   -9.4489   -1.5105
   -9.4601   -1.4152
   -9.4694   -1.3199
   -9.4770   -1.2246
   -9.4827   -1.1293
   -9.4867   -1.0339
   -9.4888   -0.9384
   -9.4893   -0.8422
   -9.4883   -0.7457
   -9.4859   -0.6493
   -9.4821   -0.5528
   -9.4770   -0.4564
   -9.4705   -0.3599
   -9.4626   -0.2634
   -9.4534   -0.1669
   -9.4428   -0.0703
   -9.4309    0.0258
   -9.4175    0.1216
   -9.4024    0.2175
   -9.3857    0.3132
   -9.3673    0.4087
   -9.3472    0.5042
   -9.3251    0.5997
   -9.3012    0.6953
   -9.2754    0.7908
   -9.2478    0.8864
   -9.2181    0.9820
   -9.1866    1.0776
   -9.1530    1.1732
   -9.1174    1.2688
   -9.0797    1.3645
   -9.0399    1.4602
   -8.9982    1.5557
   -8.9541    1.6512
   -8.9077    1.7467
   -8.8589    1.8424
   -8.8076    1.9381
   -8.7539    2.0339
   -8.6977    2.1297
   -8.6389    2.2257
   -8.5774    2.3217
   -8.5133    2.4177
   -8.4465    2.5139
   -8.3769    2.6100
   -8.3045    2.7063
   -8.2296    2.8019
   -8.1511    2.8975
   -8.0690    2.9932
   -7.9828    3.0890
   -7.8924    3.1850
   -7.7975    3.2813
   -7.7011    3.3751
   -7.6046    3.4654
   -7.5080    3.5523
   -7.4114    3.6361
   -7.3148    3.7169
   -7.2183    3.7948
   -7.1217    3.8700
   -7.0251    3.9425
   -6.9285    4.0125
   -6.8318    4.0802
   -6.7351    4.1456
   -6.6384    4.2088
   -6.5417    4.2698
   -6.4447    4.3289
   -6.3477    4.3862
   -6.2506    4.4418
   -6.1534    4.4957
   -6.0562    4.5480
   -5.9591    4.5986
   -5.8619    4.6477
   -5.7647    4.6953
   -5.6673    4.7415
   -5.5700    4.7863
   -5.4726    4.8297
   -5.3751    4.8719
   -5.2775    4.9128
   -5.1800    4.9525
   -5.0826    4.9910
   -4.9851    5.0283
   -4.8876    5.0643
   -4.7900    5.0992
   -4.6923    5.1331
   -4.5945    5.1659
   -4.4966    5.1978
   -4.3991    5.2285
   -4.3015    5.2582
   -4.2038    5.2868
   -4.1065    5.3143
   -4.0089    5.3407
   -3.9111    5.3662
   -3.8130    5.3907
   -3.7148    5.4145
   -3.6168    5.4374
   -3.5187    5.4596
   -3.4205    5.4809
   -3.3219    5.5016
   -3.2232    5.5217
   -3.1243    5.5413
   -3.0254    5.5604
   -2.9266    5.5791
   -2.8279    5.5972
   -2.7294    5.6147
   -2.6311    5.6317
   -2.5328    5.6479
   -2.4353    5.6633
   -2.3384    5.6776
   -2.2410    5.6907
   -2.1430    5.7029
   -2.0439    5.7144
   -1.9440    5.7256
   -1.8432    5.7369
   -1.7439    5.7483
   -1.6460    5.7593
   -1.5477    5.7695
   -1.4489    5.7791
   -1.3498    5.7882
   -1.2505    5.7970
   -1.1517    5.8055
   -1.0528    5.8134
    0.0075    2.9001
    0.1049    2.9030
    0.2022    2.9050
    0.2993    2.9058
    0.3964    2.9056
    0.4933    2.9042
    0.5899    2.9016
    0.6866    2.8977
    0.7835    2.8925
    0.8804    2.8861
    0.9773    2.8785
    1.0744    2.8697
    1.1713    2.8597
    1.2681    2.8486
    1.3648    2.8361
    1.4613    2.8225
    1.5573    2.8074
    1.6534    2.7908
    1.7494    2.7726
    1.8453    2.7529
    1.9408    2.7315
    2.0361    2.7083
    2.1313    2.6832
    2.2263    2.6561
    2.3212    2.6269
    2.4159    2.5955
    2.5105    2.5618
    2.6049    2.5257
    2.6992    2.4870
    2.7933    2.4456
    2.8874    2.4013
    2.9811    2.3542
    3.0735    2.3044
    3.1659    2.2504
    3.2585    2.1918
    3.3512    2.1283
    3.4439    2.0599
    3.5360    1.9865
    3.6282    1.9067
    3.7208    1.8194
    3.8110    1.7270
    3.8940    1.6346
    3.9705    1.5422
    4.0403    1.4510
    4.1037    1.3603
    4.1613    1.2695
    4.2136    1.1785
    4.2611    1.0874
    4.3041    0.9965
    4.3425    0.9059
    4.3765    0.8160
    4.4052    0.7295
    4.4284    0.6441
    4.4460    0.5593
    4.4582    0.4751
    4.4650    0.3916
    4.4663    0.3088
    4.4619    0.2263
    4.4518    0.1441
    4.4356    0.0620
    4.4131   -0.0200
    4.3829   -0.1040
    4.3444   -0.1908
    4.2996   -0.2780
    4.2478   -0.3655
    4.1881   -0.4538
    4.1199   -0.5431
    4.0425   -0.6334
    3.9551   -0.7252
    3.8633   -0.8130
    3.7713   -0.8934
    3.6785   -0.9679
    3.5853   -1.0373
    3.4914   -1.1023
    3.3964   -1.1641
    3.3012   -1.2227
    3.2061   -1.2785
    3.1109   -1.3314
    3.0157   -1.3816
    2.9205   -1.4293
    2.8257   -1.4742
    2.7313   -1.5164
    2.6360   -1.5562
    2.5397   -1.5942
    2.4434   -1.6303
    2.3470   -1.6648
    2.2507   -1.6976
    2.1544   -1.7287
    2.0581   -1.7581
    1.9619   -1.7859
    1.8656   -1.8122
    1.7693   -1.8368
    1.6731   -1.8599
    1.5771   -1.8813
    1.4809   -1.9012
    1.3845   -1.9195
    1.2876   -1.9364
    1.1907   -1.9521
    1.0938   -1.9665
    0.9969   -1.9797
    0.9000   -1.9917
    0.8031   -2.0024
    0.7063   -2.0119
    0.6094   -2.0202
    0.5125   -2.0273
    0.4156   -2.0331
    0.3188   -2.0377
    0.2219   -2.0411
    0.1252   -2.0433
    0.0285   -2.0442
   -0.0684   -2.0439
   -0.1653   -2.0423
   -0.2623   -2.0395
   -0.3592   -2.0356
   -0.4562   -2.0304
   -0.5531   -2.0241
   -0.6500   -2.0166
   -0.7469   -2.0079
   -0.8438   -1.9979
   -0.9407   -1.9867
   -1.0373   -1.9744
   -1.1338   -1.9607
   -1.2303   -1.9456
   -1.3269   -1.9291
   -1.4235   -1.9112
   -1.5201   -1.8919
   -1.6167   -1.8713
   -1.7133   -1.8492
   -1.8098   -1.8257
   -1.9063   -1.8007
   -2.0028   -1.7742
   -2.0993   -1.7462
   -2.1958   -1.7167
   -2.2923   -1.6856
   -2.3889   -1.6529
   -2.4848   -1.6189
   -2.5803   -1.5832
   -2.6759   -1.5453
   -2.7714   -1.5053
   -2.8670   -1.4631
   -2.9627   -1.4186
   -3.0584   -1.3719
   -3.1538   -1.3230
   -3.2492   -1.2716
   -3.3445   -1.2176
   -3.4390   -1.1614
   -3.5329   -1.1022
   -3.6264   -1.0394
   -3.7196   -0.9724
   -3.8125   -0.9008
   -3.9051   -0.8240
   -3.9978   -0.7406
   -4.0915   -0.6494
   -4.1787   -0.5582
   -4.2561   -0.4693
   -4.3246   -0.3810
   -4.3849   -0.2931
   -4.4378   -0.2058
   -4.4840   -0.1183
   -4.5239   -0.0317
   -4.5569    0.0524
   -4.5829    0.1333
   -4.6019    0.2138
   -4.6142    0.2942
   -4.6201    0.3749
   -4.6197    0.4565
   -4.6132    0.5385
   -4.6006    0.6208
   -4.5817    0.7038
   -4.5557    0.7887
   -4.5230    0.8750
   -4.4836    0.9628
   -4.4376    1.0520
   -4.3851    1.1422
   -4.3267    1.2328
   -4.2621    1.3236
   -4.1906    1.4147
   -4.1118    1.5062
   -4.0251    1.5981
   -3.9329    1.6871
   -3.8402    1.7692
   -3.7471    1.8454
   -3.6530    1.9171
   -3.5588    1.9846
   -3.4645    2.0482
   -3.3701    2.1082
   -3.2757    2.1647
   -3.1813    2.2180
   -3.0862    2.2685
   -2.9907    2.3165
   -2.8953    2.3621
   -2.8000    2.4053
   -2.7048    2.4461
   -2.6086    2.4850
   -2.5123    2.5221
   -2.4163    2.5573
   -2.3203    2.5907
   -2.2245    2.6223
   -2.1284    2.6521
   -2.0313    2.6804
   -1.9345    2.7074
   -1.8378    2.7330
   -1.7409    2.7573
   -1.6438    2.7802
   -1.5470    2.8019
   -1.4499    2.8224
   -1.3526    2.8416
   -1.2554    2.8598
   -1.1581    2.8768
   -1.0609    2.8927
   -1.1360    3.3870