0.010000000000000	0.23692661320399	23.143486380048
0.010490000000000	0.24290771624529	24.273555208277
0.010980000000000	0.24879770788422	25.403879229047
0.011470000000000	0.25459864092687	26.534475641252
0.011960000000000	0.26031252923493	27.665361643435
0.012450000000000	0.26594134847593	28.796554434775
0.012940000000000	0.27148703685902	29.928071216071
0.013430000000000	0.27695149585692	31.059929190742
0.013920000000000	0.28233659091353	32.192145565813
0.014410000000000	0.28764415213864	33.324737552916
0.014900000000000	0.29287597498983	34.457722369292
0.015390000000000	0.29803382093965	35.591117238794
0.015880000000000	0.30311941813207	36.724939392892
0.016370000000000	0.30813446202556	37.859206071686
0.016860000000000	0.31308061602311	38.993934524914
0.017350000000000	0.31795951209230	40.129142012976
0.017840000000000	0.32277275137139	41.264845807945
0.018330000000000	0.32752190476540	42.401063194595
0.018820000000000	0.33220851352957	43.537811471424
0.019310000000000	0.33683408984335	44.675107951683
0.019800000000000	0.34140011737218	45.812969964408
0.020290000000000	0.34590805181882	46.951414855457
0.020780000000000	0.35035932146409	48.090459988546
0.021270000000000	0.35475532769821	49.230122746292
0.021760000000000	0.35909744554178	50.370420531258
0.022250000000000	0.36338702415519	51.511370767003
0.022740000000000	0.36762538734055	52.652990899133
0.023230000000000	0.37181383403368	53.795298396356
0.023720000000000	0.37595363878638	54.938310751545
0.024210000000000	0.38004605223743	56.082045482796
0.024700000000000	0.38409230157947	57.226520134499
0.025190000000000	0.38809359101398	58.371752278409
0.025680000000000	0.39205110219688	59.517759514717
0.026170000000000	0.39596599467646	60.664559473132
0.026660000000000	0.39983940632594	61.812169813961
0.027150000000000	0.40367245376210	62.960608229199
0.027640000000000	0.40746623276319	64.109892443618
0.028130000000000	0.41122181867110	65.260040215862
0.028620000000000	0.41494026679230	66.411069339547
0.029110000000000	0.41862261278926	67.562997644368
0.029600000000000	0.42226987306079	68.715842997204
0.030090000000000	0.42588304512294	69.869623303233
0.030580000000000	0.42946310797484	71.024356507050
0.031070000000000	0.43301102246462	72.180060593792
0.031560000000000	0.43652773163954	73.336753590264
0.032050000000000	0.44001416110213	74.494453566073
0.032540000000000	0.44347121934583	75.653178634767
0.033030000000000	0.44689979809652	76.812946954977
0.033520000000000	0.45030077263897	77.973776731570
0.034010000000000	0.45367500214136	79.135686216798
0.034500000000000	0.45702332997334	80.298693711467
0.034990000000000	0.46034658401734	81.462817566092
0.035480000000000	0.46364557697258	82.628076182080
0.035970000000000	0.46692110666023	83.794488012902
0.036460000000000	0.47017395631390	84.962071565279
0.036950000000000	0.47340489486860	86.130845400372
0.037440000000000	0.47661467724632	87.300828134981
0.037930000000000	0.47980404463565	88.472038442747
0.038420000000000	0.48297372476174	89.644495055364
0.038910000000000	0.48612443215606	90.818216763794
0.039400000000000	0.48925686842376	91.993222419494
0.039890000000000	0.49237172249457	93.169530935645
0.040380000000000	0.49546967088354	94.347161288394
0.040870000000000	0.49855137793706	95.526132518096
0.041360000000000	0.50161749608035	96.706463730572
0.041850000000000	0.50466866605128	97.888174098367
0.042340000000000	0.50770551714251	99.071282862022
0.042830000000000	0.51072866743042	100.25580933135
0.043320000000000	0.51373872400405	101.44177288673
0.043810000000000	0.51673628318761	102.62919298038
0.044300000000000	0.51972193075300	103.81808913768
0.044790000000000	0.52269624214994	105.00848095849
0.045280000000000	0.52565978270356	106.20038811845
0.045770000000000	0.52861310782676	107.39383037030
0.046260000000000	0.53155676322460	108.58882754526
0.046750000000000	0.53449128509835	109.78539955435
0.047240000000000	0.53741720032918	110.98356638975
0.047730000000000	0.54033502668954	112.18334812617
0.048220000000000	0.54324527301461	113.38476492224
0.048710000000000	0.54614843940713	114.58783702188
0.049200000000000	0.54904501739945	115.79258475570
0.049690000000000	0.55193549015660	116.99902854243
0.050180000000000	0.55482033263167	118.20718889032
0.050670000000000	0.55770001175441	119.41708639858
0.051160000000000	0.56057498659380	120.62874175882
0.051650000000000	0.56344570853355	121.84217575649
0.052140000000000	0.56631262142630	123.05740927240
0.052630000000000	0.56917616176390	124.27446328411
0.053120000000000	0.57203675883754	125.49335886751
0.053610000000000	0.57489483488788	126.71411719824
0.054100000000000	0.57775080526128	127.93675955330
0.054590000000000	0.58060507856579	129.16130731246
0.055080000000000	0.58345805681590	130.38778195992
0.055570000000000	0.58631013558036	131.61620508579
0.056060000000000	0.58916170412852	132.84659838766
0.056550000000000	0.59201314556209	134.07898367222
0.057040000000000	0.59486483697349	135.31338285683
0.057530000000000	0.59771714956573	136.54981797114
0.058020000000000	0.60057044879198	137.78831115871
0.058510000000000	0.60342509450403	139.02888467865
0.059000000000000	0.60628144105363	140.27156090728
0.059490000000000	0.60913983745185	141.51636233978
0.059980000000000	0.61200062747400	142.76331159194
0.060470000000000	0.61486414980689	144.01243140176
0.060960000000000	0.61773073814683	145.26374463128
0.061450000000000	0.62060072134419	146.51727426823
0.061940000000000	0.62347442351081	147.77304342782
0.062430000000000	0.62635216414486	149.03107535453
0.062920000000000	0.62923425824228	150.29139342385
0.063410000000000	0.63212101642331	151.55402114413
0.063900000000000	0.63501274503353	152.81898215838
0.064390000000000	0.63790974626937	154.08630024611
0.064880000000000	0.64081231827452	155.35599932522
0.065370000000000	0.64372075527094	156.62810345386
0.065860000000000	0.64663534765084	157.90263683234
0.066350000000000	0.64955638209652	159.17962380504
0.066840000000000	0.65248414167294	160.45908886236
0.067330000000000	0.65541890596487	161.74105664271
0.067820000000000	0.65836095114307	163.02555193444
0.068310000000000	0.66131055009909	164.31259967791
0.068800000000000	0.66426797254004	165.60222496745
0.069290000000000	0.66723348508817	166.89445305350
0.069780000000000	0.67020735139470	168.18930934459
0.070270000000000	0.67318983224266	169.48681940952
0.070760000000000	0.67618118562984	170.78700897942
0.071250000000000	0.67918166690400	172.08990394996
0.071740000000000	0.68219152883836	173.39553038345
0.072230000000000	0.68521102175871	174.70391451111
0.072720000000000	0.68824039363010	176.01508273526
0.073210000000000	0.69127989016255	177.32906163157
0.073700000000000	0.69432975493128	178.64587795135
0.074190000000000	0.69739022946408	179.96555862384
0.074680000000000	0.70046155336322	181.28813075859
0.075170000000000	0.70354396440159	182.61362164775
0.075660000000000	0.70663769864966	183.94205876855
0.076150000000000	0.70974299056302	185.27346978566
0.076640000000000	0.71286007313187	186.60788255368
0.077130000000000	0.71598917795324	187.94532511962
0.077620000000000	0.71913053537857	189.28582572541
0.078110000000000	0.72228437464598	190.62941281048
0.078600000000000	0.72545092397356	191.97611501432
0.079090000000000	0.72863041070259	193.32596117913
0.079580000000000	0.73182306144730	194.67898035246
0.080070000000000	0.73502910221218	196.03520178991
0.080560000000000	0.73824875853596	197.39465495787
0.081050000000000	0.74148225565242	198.75736953629
0.081540000000000	0.74472981863817	200.12337542150
0.082030000000000	0.74799167258053	201.49270272903
0.082520000000000	0.75126804273984	202.86538179655
0.083010000000000	0.75455915473678	204.24144318677
0.083500000000000	0.75786523473892	205.62091769046
0.083990000000000	0.76118650964577	207.00383632941
0.084480000000000	0.76452320733313	208.39023035959
0.084970000000000	0.76787555683515	209.78013127419
0.085460000000000	0.77124378862570	211.17357080683
0.085950000000000	0.77462813482360	212.57058093478
0.086440000000000	0.77802882952298	213.97119388219
0.086930000000000	0.78144610900502	215.37544212349
0.087420000000000	0.78488021213423	216.78335838667
0.087910000000000	0.78833138063734	218.19497565680
0.088400000000000	0.79179985947331	219.61032717948
0.088890000000000	0.79528589722092	221.02944646437
0.089380000000000	0.79878974652553	222.45236728887
0.089870000000000	0.80231166448883	223.87912370173
0.090360000000000	0.80585191324742	225.30975002682
0.090850000000000	0.80941076042343	226.74428086692
0.091340000000000	0.81298847976107	228.18275110762
0.091830000000000	0.81658535172485	229.62519592125
0.092320000000000	0.82020166422560	231.07165077086
0.092810000000000	0.82383771332155	232.52215141438
0.093300000000000	0.82749380407718	233.97673390873
0.093790000000000	0.83117025147671	235.43543461409
0.094280000000000	0.83486738135829	236.89829019817
0.094770000000000	0.83858553154572	238.36533764068
0.095260000000000	0.84232505302364	239.83661423776
0.095750000000000	0.84608631121513	241.31215760653
0.096240000000000	0.84986968748513	242.79200568975
0.096730000000000	0.85367558063007	244.27619676053
0.097220000000000	0.85750440873659	245.76476942713
0.097710000000000	0.86135661103538	247.25776263779
0.098200000000000	0.86523265003869	248.75521568574
0.098690000000000	0.86913301392320	250.25716821415
0.099180000000000	0.87305821910121	251.76366022122
0.099670000000000	0.87700881314721	253.27473206527
0.10016000000000	0.88098537797089	254.79042446997
0.10065000000000	0.88498853331204	256.31077852943
0.10114000000000	0.88901894073862	257.83583571343
0.10163000000000	0.89307730796466	259.36563787260
0.10212000000000	0.89716439367374	260.90022724348
0.10261000000000	0.90128101286681	262.43964645363
0.10310000000000	0.90542804284212	263.98393852642
0.10359000000000	0.90960642976192	265.53314688583
0.10408000000000	0.91381719597629	267.08731536086
0.10457000000000	0.91806144813935	268.64648818963
0.10506000000000	0.92234038619446	270.21071002304
0.10555000000000	0.92665531330458	271.78002592789
0.10604000000000	0.93100764689946	273.35448138924
0.10653000000000	0.93539893076741	274.93412231186
0.10702000000000	0.93983084848219	276.51899502066
0.10751000000000	0.94430523805356	278.10914625958
0.10800000000000	0.94882410801780	279.70462318896
0.10849000000000	0.95338965505955	281.30547338070
0.10898000000000	0.95800428303283	282.91174481101
0.10947000000000	0.96267062346079	284.52348585009
0.10996000000000	0.96739155763262	286.14074524813
0.11045000000000	0.97217023982414	287.76357211703
0.11094000000000	0.97701012167373	289.39201590677
0.11143000000000	0.98191497718513	291.02612637579
0.11192000000000	0.98688892789218	292.66595355397
0.11241000000000	0.99193646712008	294.31154769719
0.11290000000000	0.99706248251873	295.96295923217
0.11339000000000	1.0022722748699	297.62023868994
0.11388000000000	1.0075715714436	299.28343662682
0.11437000000000	1.0129665309072	300.95260353120
0.11486000000000	1.0184637363278	302.62778971521
0.11535000000000	1.0240701717828	304.30904519023
0.11584000000000	1.0297931771828	305.99641952625
0.11633000000000	1.0356403745946	307.68996169594
0.11682000000000	1.0416195584002	309.38971990589
0.11731000000000	1.0477385405017	311.09574141957
0.11780000000000	1.0540049411448	312.80807237964
0.11829000000000	1.0604259160766	314.52675764071
0.11878000000000	1.0670078111752	316.25184062838
0.11927000000000	1.0737557390983	317.98336324554
0.11976000000000	1.0806730763156	319.72136585230
0.12025000000000	1.0877608869441	321.46588735125
0.12074000000000	1.0950172900766	323.21696541290
0.12123000000000	1.1024368009535	324.97463687710
0.12172000000000	1.1100096930125	326.73893836120
0.12221000000000	1.1177214443936	328.50990709460
0.12270000000000	1.1255523483386	330.28758197941
0.12319000000000	1.1334773753227	332.07200484802
0.12368000000000	1.1414663729245	333.86322185307
0.12417000000000	1.1494846724997	335.66128488699
0.12466000000000	1.1574941354290	337.46625289491
0.12515000000000	1.1654546209162	339.27819292533
0.12564000000000	1.1733257940772	341.09718076577
0.12613000000000	1.1810691320900	342.92330104204
0.12662000000000	1.1886499392909	344.75664671746
0.12711000000000	1.1960391628630	346.59731800564
0.12750000000000	1.2017685457618	348.06764810725
0.12760000000000	1.2032148169314	348.44542079122
0.12809000000000	1.2101628719615	350.30106472076
0.12858000000000	1.2168775413992	352.16436116615
0.12907000000000	1.2233609778971	354.03542126707
0.12956000000000	1.2296224656912	355.91435423029
0.13005000000000	1.2356772452007	357.80126600979
0.13054000000000	1.2415451288557	359.69625842817
0.13103000000000	1.2472490614691	361.59942873856
0.13152000000000	1.2528137532867	363.51086957891
0.13201000000000	1.2582644775799	365.43066924018
0.13250000000000	1.2636260848318	367.35891215817
0.13299000000000	1.2689222525461	369.29567954088
0.13348000000000	1.2741749618668	371.24105005529
0.13397000000000	1.2794041759010	373.19510051410
0.13446000000000	1.2846276849929	375.15790652089
0.13495000000000	1.2898610818242	377.12954304785
0.13544000000000	1.2951178311991	379.11008493355
0.13593000000000	1.3004094033875	381.09960729782
0.13642000000000	1.3057454463434	383.09818587748
0.13691000000000	1.3111339766336	385.10589729038
0.13740000000000	1.3165815750920	387.12281923744
0.13789000000000	1.3220935773062	389.14903065254
0.13838000000000	1.3276742523432	391.18461181019
0.13887000000000	1.3333269661926	393.22964439948
0.13936000000000	1.3390543281607	395.28421157217
0.13985000000000	1.3448583197828	397.34839797116
0.14034000000000	1.3507404071720	399.42228974467
0.14083000000000	1.3567016373391	401.50597455037
0.14132000000000	1.3627427205872	403.59954155273
0.14181000000000	1.3688640998707	405.70308141609
0.14230000000000	1.3750660093037	407.81668629555
0.14279000000000	1.3813485226690	409.94044982686
0.14328000000000	1.3877115939048	412.07446711658
0.14377000000000	1.3941550901092	414.21883473310
0.14426000000000	1.4006788190571	416.37365069904
0.14475000000000	1.4072825511030	418.53901448536
0.14524000000000	1.4139660373821	420.71502700740
0.14573000000000	1.4207290239520	422.90179062284
0.14622000000000	1.4275712636211	425.09940913172
0.14671000000000	1.4344925248425	427.30798777841
0.14720000000000	1.4414925987924	429.52763325549
0.14769000000000	1.4485713050872	431.75845370950
0.14818000000000	1.4557284956585	434.00055874844
0.14867000000000	1.4629640580718	436.25405945092
0.14916000000000	1.4702779176112	438.51906837690
0.14965000000000	1.4776700388068	440.79569957988
0.15000000000000	1.4829980417181	442.42904435779
0.15014000000000	1.4851404264490	443.08406862051
0.15063000000000	1.4926891259697	445.38429258149
0.15112000000000	1.5003162238116	447.69649008372
0.15161000000000	1.5080218470538	450.02078130360
0.15210000000000	1.5158061633969	452.35728799145
0.15259000000000	1.5236693804242	454.70613349097
0.15308000000000	1.5316117452577	457.06744275972
0.15357000000000	1.5396335437028	459.44134239052
0.15406000000000	1.5477350997475	461.82796063379
0.15455000000000	1.5559167746423	464.22742742081
0.15504000000000	1.5641789663322	466.63987438778
0.15553000000000	1.5725221086207	469.06543490079
0.15602000000000	1.5809466704949	471.50424408150
0.15651000000000	1.5894531553761	473.95643883377
0.15700000000000	1.5980421005592	476.42215787090
0.15749000000000	1.6067140764747	478.90154174386
0.15798000000000	1.6154696861751	481.39473287009
0.15847000000000	1.6243095647147	483.90187556320
0.15896000000000	1.6332343787581	486.42311606342
0.15945000000000	1.6422448259594	488.95860256873
0.15994000000000	1.6513416346349	491.50848526691
0.16043000000000	1.6605255633721	494.07291636823
0.16092000000000	1.6697974006974	496.65205013898
0.16141000000000	1.6791579646837	499.24604293580
0.16190000000000	1.6886081029568	501.85505324075
0.16239000000000	1.6981486921146	504.47924169725
0.16288000000000	1.7077806378312	507.11877114682
0.16337000000000	1.7175048746885	509.77380666660
0.16386000000000	1.7273223658470	512.44451560776
0.16435000000000	1.7372341034010	515.13106763478
0.16484000000000	1.7472411078911	517.83363476557
0.16533000000000	1.7573444286886	520.55239141249
0.16582000000000	1.7675451438734	523.28751442425
0.16631000000000	1.7778443602137	526.03918312883
0.16680000000000	1.7882432134738	528.80757937722
0.16729000000000	1.7987428684003	531.59288758819
0.16778000000000	1.8093445190300	534.39529479408
0.16827000000000	1.8200493887027	537.21499068754
0.16876000000000	1.8308587304220	540.05216766929
0.16925000000000	1.8417738271153	542.90702089702
0.16974000000000	1.8527959918536	545.77974833529
0.17023000000000	1.8639265680768	548.67055080660
0.17072000000000	1.8751669301987	551.57963204349
0.17121000000000	1.8865184837144	554.50719874196
0.17170000000000	1.8979826657573	557.45346061593
0.17219000000000	1.9095609453019	560.41863045299
0.17268000000000	1.9212548238156	563.40292417142
0.17317000000000	1.9330658356253	566.40656087842
0.17366000000000	1.9449955485020	569.42976292974
0.17415000000000	1.9570455639868	572.47275599058
0.17464000000000	1.9692175181372	575.53576909791
0.17513000000000	1.9815130820400	578.61903472423
0.17562000000000	1.9939339622391	581.72278884274
0.17611000000000	2.0064819016053	584.84727099402
0.17660000000000	2.0191586799321	587.99272435428
0.17709000000000	2.0319661142748	591.15939580510
0.17758000000000	2.0449060602889	594.34753600489
0.17807000000000	2.0579804124018	597.55739946191
0.17856000000000	2.0711911046334	600.78924460909
0.17905000000000	2.0845401116680	604.04333388050
0.17954000000000	2.0980294495424	607.31993378972
0.18003000000000	2.1116611762082	610.61931500995
0.18052000000000	2.1254373927954	613.94175245614
0.18101000000000	2.1393602443205	617.28752536892
0.18150000000000	2.1534319207134	620.65691740071
0.18199000000000	2.1676546574301	624.05021670371
0.18248000000000	2.1820307369750	627.46771602016
0.18297000000000	2.1965624895012	630.90971277468
0.18346000000000	2.2112522941130	634.37650916887
0.18395000000000	2.2261025797968	637.86841227826
0.18444000000000	2.2411158266570	641.38573415153
0.18493000000000	2.2562945669950	644.92879191227
0.18542000000000	2.2716413866847	648.49790786319
0.18591000000000	2.2871589260406	652.09340959287
0.18640000000000	2.3028498814735	655.71563008527
0.18689000000000	2.3187170066189	659.36490783184
0.18738000000000	2.3347631137250	663.04158694654
0.18787000000000	2.3509910749981	666.74601728368
0.18836000000000	2.3674038242006	670.47855455879
0.18885000000000	2.3840043580896	674.23956047250
0.18934000000000	2.4007957375305	678.02940283763
0.18983000000000	2.4177810899076	681.84845570947
0.19032000000000	2.4349636100121	685.69709951944
0.19081000000000	2.4523465621855	689.57572121220
0.19130000000000	2.4699332816025	693.48471438629
0.19179000000000	2.4877271764845	697.42447943841
0.19228000000000	2.5057317299787	701.39542371155
0.19277000000000	2.5239505015352	705.39796164689
0.19326000000000	2.5423871293870	709.43251493979
0.19375000000000	2.5610453323274	713.49951269987
0.19424000000000	2.5799289119247	717.59939161535
0.19473000000000	2.5990417545142	721.73259612180
0.19522000000000	2.6183878335885	725.89957857535
0.19571000000000	2.6379712120849	730.10079943065
0.19620000000000	2.6577960445569	734.33672742358
0.19669000000000	2.6778665798542	738.60783975898
0.19718000000000	2.6981871634294	742.91462230344
0.19767000000000	2.7187622401067	747.25756978343
0.19816000000000	2.7395963569700	751.63718598890
0.19865000000000	2.7606941653919	756.05398398245
0.19914000000000	2.7820604247312	760.50848631437
0.19963000000000	2.8037000049411	765.00122524369
0.20012000000000	2.8256178895707	769.53274296541
0.20061000000000	2.8478191789236	774.10359184413
0.20110000000000	2.8703090934476	778.71433465436
0.20159000000000	2.8930929773047	783.36554482760
0.20208000000000	2.9161763011641	788.05780670651
0.20257000000000	2.9395646665204	792.79171580644
0.20306000000000	2.9632638090145	797.56787908440
0.20355000000000	2.9872796025588	802.38691521598
0.20404000000000	3.0116180630286	807.24945488021
0.20453000000000	3.0362853526109	812.15614105284
0.20502000000000	3.0612877837870	817.10762930826
0.20551000000000	3.0866318242609	822.10458813035
0.20600000000000	3.1123241009332	827.14769923250
0.20649000000000	3.1383714048689	832.23765788736
0.20698000000000	3.1647806962487	837.37517326629
0.20747000000000	3.1915591093729	842.56096878923
0.20796000000000	3.2187139578743	847.79578248511
0.20845000000000	3.2462527399884	853.08036736324
0.20894000000000	3.2741831445732	858.41549179612
0.20943000000000	3.3025130564859	863.80193991403
0.20992000000000	3.3312505628425	869.24051201182
0.21041000000000	3.3604039592126	874.73202496841
0.21090000000000	3.3899817560743	880.27731267938
0.21139000000000	3.4199926854996	885.87722650319
0.21188000000000	3.4504457084341	891.53263572147
0.21237000000000	3.4813500210903	897.24442801400
0.21286000000000	3.5127150633516	903.01350994885
0.21335000000000	3.5445505260113	908.84080748821
0.21384000000000	3.5768663590913	914.72726651069
0.21433000000000	3.6096727798244	920.67385335044
0.21482000000000	3.6429802816807	926.68155535398
0.21531000000000	3.6767996433638	932.75138145527
0.21580000000000	3.7111419378526	938.88436276974
0.21629000000000	3.7460185425685	945.08155320812
0.21678000000000	3.7814411488464	951.34403011069
0.21727000000000	3.8174217732218	957.67289490283
0.21776000000000	3.8539727675905	964.06927377275
0.21825000000000	3.8911068309367	970.53431837215
0.21874000000000	3.9288370209570	977.06920654092
0.21923000000000	3.9671767665132	983.67514305656
0.21972000000000	4.0061398802636	990.35336040965
0.22021000000000	4.0457405716298	997.10511960614
0.22070000000000	4.0859934608894	1003.9317109977
0.22119000000000	4.1269135937974	1010.8344551414
0.22168000000000	4.1685164560104	1017.8147036894
0.22217000000000	4.2108179887804	1024.8738403106
0.22266000000000	4.2538346054805	1032.0132816455
0.22315000000000	4.2975832080530	1039.2344782945
0.22364000000000	4.3420812053423	1046.5389158432
0.22413000000000	4.3873465303215	1053.9281159239
0.22462000000000	4.4333976604380	1061.4036373169
0.22511000000000	4.4802536365994	1068.9670770919
0.22560000000000	4.5279340846685	1076.6200717917
0.22609000000000	4.5764592370044	1084.3642986608
0.22658000000000	4.6258499546683	1092.2014769188
0.22707000000000	4.6761277521946	1100.1333690834
0.22756000000000	4.7273148209807	1108.1617823430
0.22805000000000	4.7794340559393	1116.2885699816
0.22854000000000	4.8325090826766	1124.5156328591
0.22903000000000	4.8865642848351	1132.8449209490
0.22952000000000	4.9416248342253	1141.2784349356
0.23001000000000	4.9977167218491	1149.8182278746
0.23050000000000	5.0548667894620	1158.4664069187
0.23099000000000	5.1131027639991	1167.2251351128
0.23148000000000	5.1724532924079	1176.0966332598
0.23197000000000	5.2329479785576	1185.0831818633
0.23246000000000	5.2946174229966	1194.1871231476
0.23295000000000	5.3574932622352	1203.4108631615
0.23344000000000	5.4216082120521	1212.7568739684
0.23393000000000	5.4869961117644	1222.2276959263
0.23442000000000	5.5536919709692	1231.8259400648
0.23491000000000	5.6217320193406	1241.5542905602
0.23540000000000	5.6911537568284	1251.4155073163
0.23589000000000	5.7619960087597	1261.4124286552
0.23638000000000	5.8342989818612	1271.5479741238
0.23687000000000	5.9081043239799	1281.8251474207
0.23736000000000	5.9834551874884	1292.2470394519
0.23785000000000	6.0603962942712	1302.8168315199
0.23834000000000	6.1389740046858	1313.5377986535
0.23883000000000	6.2192363908677	1324.4133130869
0.23932000000000	6.3012333139903	1335.4468478939
0.23981000000000	6.3850165034097	1346.6419807864
0.24030000000000	6.4706396429033	1358.0023980871
0.24079000000000	6.5581584593988	1369.5318988830
0.24128000000000	6.6476308176122	1381.2343993720
0.24177000000000	6.7391168195202	1393.1139374116
0.24226000000000	6.8326789088419	1405.1746772816
0.24275000000000	6.9283819821581	1417.4209146722
0.24324000000000	7.0262935060089	1429.8570819099
0.24373000000000	7.1264836388385	1442.4877534351
0.24422000000000	7.2290253632879	1455.3176515450
0.24471000000000	7.3339946222997	1468.3516524179
0.24520000000000	7.4414704663685	1481.5947924334
0.24569000000000	7.5515352065545	1495.0522748075
0.24618000000000	7.6642745786506	1508.7294765604
0.24667000000000	7.7797779146355	1522.6319558354
0.24716000000000	7.8981383268691	1536.7654595916
0.24765000000000	8.0194529023250	1551.1359316920
0.24814000000000	8.1438229072202	1565.7495214103
0.24863000000000	8.2713540075340	1580.6125923837
0.24912000000000	8.4021564978497	1595.7317320364
0.24961000000000	8.5363455498639	1611.1137615065
0.25010000000000	8.6740414748394	1626.7657461043
0.25059000000000	8.8153699982053	1642.6950063384
0.25108000000000	8.9604625589645	1658.9091295444
0.25157000000000	9.1094566240713	1675.4159821551
0.25206000000000	9.2624960227313	1692.2237226539
0.25255000000000	9.4197313056558	1709.3408152575
0.25304000000000	9.5813201250768	1726.7760443732
0.25353000000000	9.7474276419694	1744.5385298864
0.25402000000000	9.9182269611577	1762.6377433307
0.25451000000000	10.093899594390	1781.0835250039
0.25500000000000	10.274635956347	1799.8861020920
0.25549000000000	10.460635895355	1819.0561078737
0.25598000000000	10.652109261615	1838.6046020801
0.25647000000000	10.849276513317	1858.5430924918
0.25696000000000	11.052369371804	1878.8835578608
0.25745000000000	11.261631516643	1899.6384722559
0.25794000000000	11.477319338733	1920.8208309326
0.25843000000000	11.699702744350	1942.4441778421
0.25892000000000	11.929066022887	1964.5226349008
0.25941000000000	12.165708775098	1987.0709331539
0.25990000000000	12.409946920640	2010.1044459772
0.26039000000000	12.662113773290	2033.6392244745
0.26088000000000	12.922561210484	2057.6920352417
0.26137000000000	13.191660926280	2082.2804006843
0.26186000000000	13.469805792184	2107.4226420926
0.26235000000000	13.757411322776	2133.1379256963
0.26284000000000	14.054917263295	2159.4463119419
0.26333000000000	14.362789308771	2186.3688082603
0.26382000000000	14.681520968137	2213.9274256146
0.26431000000000	15.011635584673	2242.1452391488
0.26480000000000	15.353688532855	2271.0464532890
0.26529000000000	15.708269601158	2300.6564716824
0.26578000000000	16.076005592695	2331.0019723991
0.26627000000000	16.457563149873	2362.1109888646
0.26676000000000	16.853651839506	2394.0129970390
0.26725000000000	17.265027517966	2426.7390094126
0.26774000000000	17.692496012226	2460.3216764480
0.26823000000000	18.136917139716	2494.7953961660
0.26872000000000	18.599209120651	2530.1964326489
0.26921000000000	19.080353410261	2566.5630443179
0.26970000000000	19.581400008646	2603.9356229407
0.27019000000000	20.103473290927	2642.3568444286
0.27068000000000	20.647778438931	2681.8718326078
0.27117000000000	21.215608521011	2722.5283372857
0.27166000000000	21.808352302769	2764.3769280900
0.27215000000000	22.427502898683	2807.4712057331
0.27264000000000	23.074667332759	2851.8680325597
0.27313000000000	23.751577146013	2897.6277844600
0.27362000000000	24.460100175584	2944.8146264963
0.27411000000000	25.202253655312	2993.4968148888
0.27460000000000	25.980218807011	3043.7470283471
0.27509000000000	26.796357133510	3095.6427321311
0.27558000000000	27.653228618112	3149.2665786754
0.27607000000000	28.553612119345	3204.7068491332
0.27656000000000	29.500528253385	3262.0579408011
0.27705000000000	30.497265108105	3321.4209060839
0.27754000000000	31.547407223640	3382.9040494707
0.27803000000000	32.654868300449	3446.6235899414
0.27852000000000	33.823928190094	3512.7043973221
0.27901000000000	35.059274845898	3581.2808124059
0.27950000000000	36.366051994254	3652.4975621676
0.27999000000000	37.749913424649	3726.5107831896
0.28048000000000	39.217084988393	3803.4891685253
0.28097000000000	40.774435581588	3883.6152557222
0.28146000000000	42.429558628642	3967.0868766994
0.28195000000000	44.190865867842	4054.1187937120
0.28244000000000	46.067695629707	4144.9445498732
0.28293000000000	48.070438224182	4239.8185677937
0.28342000000000	50.210681592153	4339.0185360321
0.28391000000000	52.501381021070	4442.8481304788
0.28440000000000	54.957057683635	4551.6401268195
0.28489000000000	57.594031578473	4665.7599712489
0.28538000000000	60.430696023039	4785.6098901135
0.28587000000000	63.487842272793	4911.6336358180
0.28636000000000	66.789045057106	5044.3219869466
0.28685000000000	70.361122486863	5184.2191462157
0.28734000000000	74.234687143966	5331.9302119976
0.28783000000000	78.444809660372	5488.1299395922
0.28832000000000	83.031821808138	5653.5730596345
0.28881000000000	88.042293653675	5829.1064863007
0.28930000000000	93.530229344758	6015.6838317335
0.28979000000000	99.558539173916	6214.3827513648
0.29028000000000	106.20086346832	6426.4257857746
0.29077000000000	113.54384780814	6653.2055497680
0.29126000000000	121.69000190788	6896.3153643330
0.29175000000000	130.76131962800	7157.5867544324
0.29224000000000	140.90390125932	7439.1356770624
0.29273000000000	152.29390785955	7743.4199457980
0.29322000000000	165.14530551225	8073.3111473856
0.29371000000000	179.72004189407	8432.1855027141
0.29420000000000	196.34156913945	8824.0397587714
0.29469000000000	215.41303241736	9253.6405394274
0.29518000000000	237.44205925310	9726.7189878080
0.29567000000000	263.07503581075	10250.227566844
0.29616000000000	293.14525916744	10832.683460934
0.29665000000000	328.74177628191	11484.634651331
0.29714000000000	371.30972668194	12219.302979936
0.29763000000000	422.79980898569	13053.487825322
0.29812000000000	485.89640379385	14008.862380644
0.29861000000000	564.37546322191	15113.876763771
0.29910000000000	663.68390063777	16406.626843442
0.29959000000000	791.91213567358	17939.312088612
0.30008000000000	961.49688966518	19785.410984676
0.30057000000000	1192.3547691781	22051.718860361
0.30106000000000	1518.0039272051	24899.564782299
0.30155000000000	1998.4302742852	28584.512973237
0.30204000000000	2749.7260818266	33536.365318697
0.30253000000000	4020.9749088253	40536.266446897
0.30302000000000	6428.4510769720	51160.010487289
0.30351000000000	11854.626508111	69086.577997037
0.30400000000000	28424.903660121	104876.07284298
0.30449000000000	123042.34144907	189944.34028329
0.30498000000000	304109.39644940	-185411.73091964
0.30547000000000	48181.201748287	-133491.68371047
0.30596000000000	16496.756205027	-81477.502622367
0.30645000000000	8132.2670645134	-57859.300297663
0.30694000000000	4810.2233427333	-44724.962837647
0.30743000000000	3169.8082343697	-36415.674799215
0.30792000000000	2243.1009545273	-30698.846408113
0.30841000000000	1669.5023932714	-26529.484555877
0.30890000000000	1290.2070882657	-23355.972220565
0.30939000000000	1026.5251141137	-20860.392054499
0.30988000000000	835.88568189727	-18846.871166586
0.31037000000000	693.63660323407	-17188.243437518
0.31086000000000	584.70508800406	-15798.394955285
0.31135000000000	499.45687132438	-14616.955060705
0.31184000000000	431.50180332238	-13600.355409292
0.31233000000000	376.46667549037	-12716.369954135
0.31282000000000	331.27718113286	-11940.652414614
0.31331000000000	293.72123354732	-11254.468292023
0.31380000000000	262.17438350953	-10643.167088475
0.31429000000000	235.42206108467	-10095.127587272
0.31478000000000	212.54150951227	-9601.0137780106
0.31527000000000	192.82156028659	-9153.2397285884
0.31576000000000	175.70700055273	-8745.5780394602
0.31625000000000	160.75928184618	-8372.8688756863
0.31674000000000	147.62830729380	-8030.8006833014
0.31723000000000	136.03186676673	-7715.7428055540
0.31772000000000	125.74043981969	-7424.6162163634
0.31821000000000	116.56582310907	-7154.7926172926
0.31870000000000	108.35252098965	-6904.0148953712
0.31919000000000	100.97115796913	-6670.3338471710
0.31968000000000	94.313388066348	-6452.0574171172
0.32017000000000	88.287924814115	-6247.7096553257
0.32066000000000	82.817418538313	-6055.9972913525
0.32115000000000	77.835980526959	-5875.7823248566
0.32164000000000	73.287205298863	-5706.0594066204
0.32213000000000	69.122579738725	-5545.9370609859
0.32262000000000	65.300195009629	-5394.6220096537
0.32311000000000	61.783697073180	-5251.4060153449
0.32360000000000	58.541426678396	-5115.6547851591
0.32409000000000	55.545710731596	-4986.7985670465
0.32458000000000	52.772275304999	-4864.3241455207
0.32507000000000	50.199757045583	-4747.7679996113
0.32556000000000	47.809294534131	-4636.7104308464
0.32605000000000	45.584185038455	-4530.7705045399
0.32654000000000	43.509594928841	-4429.6016759410
0.32703000000000	41.572314430771	-4332.8879954732
0.32752000000000	39.760549053155	-4240.3408055543
0.32801000000000	38.063741634795	-4151.6958562796
0.32850000000000	36.472419924336	-4066.7107792912
0.32899000000000	34.978065627583	-3985.1628689939
0.32948000000000	33.573001501232	-3906.8471283644
0.32997000000000	32.250293749953	-3831.5745432598
0.33046000000000	31.003667349857	-3759.1705546552
0.33095000000000	29.827432444295	-3689.4737028212
0.33144000000000	28.716420114055	-3622.3344212859
0.33193000000000	27.665926249065	-3557.6139616232
0.33242000000000	26.671662326572	-3495.1834328085
0.33291000000000	25.729712179637	-3434.9229411471
0.33340000000000	24.836493900730	-3376.7208187042
0.33389000000000	23.988726222136	-3320.4729297900
0.33438000000000	23.183398777730	-3266.0820464423
0.33487000000000	22.417745731212	-3213.4572850280
0.33536000000000	21.689222352694	-3162.5135970981
0.33585000000000	20.995484165065	-3113.1713084976
0.33634000000000	20.334368363764	-3065.3557014771
0.33683000000000	19.703877185680	-3018.9966351984
0.33732000000000	19.102163064405	-2974.0282005801
0.33781000000000	18.527515282463	-2930.3884059125
0.33830000000000	17.978348012455	-2888.0188900878
0.33879000000000	17.453189547096	-2846.8646606580
0.33928000000000	16.950672594289	-2806.8738542467
0.33977000000000	16.469525533018	-2767.9975171223
0.34026000000000	16.008564494328	-2730.1894039792
0.34075000000000	15.566686210198	-2693.4057931900
0.34124000000000	15.142861527664	-2657.6053169747
0.34173000000000	14.736129520961	-2622.7488051030
0.34222000000000	14.345592142791	-2588.7991408862
0.34271000000000	13.970409359846	-2555.7211283472
0.34320000000000	13.609794721403	-2523.4813695678
0.34369000000000	13.263011315459	-2492.0481513172
0.34418000000000	12.929368074780	-2461.3913401503
0.34467000000000	12.608216407862	-2431.4822852481
0.34516000000000	12.298947102612	-2402.2937283419
0.34565000000000	12.000987504765	-2373.7997201245
0.34614000000000	11.713798912850	-2345.9755426113
0.34663000000000	11.436874202565	-2318.7976369624
0.34712000000000	11.169735630270	-2292.2435363230
0.34761000000000	10.911932821223	-2266.2918032791
0.34810000000000	10.663040908814	-2240.9219715637
0.34859000000000	10.422658829028	-2216.1144916791
0.34908000000000	10.190407735264	-2191.8506801334
0.34957000000000	9.9659295461691	-2168.1126720115
0.35006000000000	9.7488855925552	-2144.8833766309
0.35055000000000	9.5389553735880	-2122.1464360481
0.35104000000000	9.3358354012650	-2099.8861862057
0.35153000000000	9.1392381293771	-2078.0876205254
0.35202000000000	8.9488909616132	-2056.7363557700
0.35251000000000	8.7645353326927	-2035.8186000094
0.35300000000000	8.5859258486007	-2015.3211225430
0.35349000000000	8.4128294945785	-1995.2312256393
0.35398000000000	8.2450248920591	-1975.5367179655
0.35447000000000	8.0823016118850	-1956.2258895916
0.35496000000000	7.9244595320474	-1937.2874884600
0.35545000000000	7.7713082380739	-1918.7106982228
0.35594000000000	7.6226664652507	-1900.4851173526
0.35643000000000	7.4783615772548	-1882.6007394451
0.35692000000000	7.3382290800373	-1865.0479346325
0.35741000000000	7.2021121639275	-1847.8174320367
0.35790000000000	7.0698612802472	-1830.9003031948
0.35839000000000	6.9413337421613	-1814.2879463939
0.35888000000000	6.8163933495955	-1797.9720718587
0.35937000000000	6.6949100411418	-1781.9446877374
0.35986000000000	6.5767595656617	-1766.1980868361
0.36035000000000	6.4618231738295	-1750.7248340563
0.36084000000000	6.3499873282420	-1735.5177544912
0.36133000000000	6.2411434342737	-1720.5699221423
0.36182000000000	6.1351875833092	-1705.8746492172
0.36231000000000	6.0320203121482	-1691.4254759755
0.36280000000000	5.9315463788520	-1677.2161610898
0.36329000000000	5.8336745493704	-1663.2406724908
0.36378000000000	5.7383173978211	-1649.4931786695
0.36427000000000	5.6453911160450	-1635.9680404101
0.36476000000000	5.5548153395410	-1622.6598029275
0.36525000000000	5.4665129760878	-1609.5631883881
0.36574000000000	5.3804100488268	-1596.6730887914
0.36623000000000	5.2964355473630	-1583.9845591926
0.36672000000000	5.2145212855915	-1571.4928112472
0.36721000000000	5.1346017698089	-1559.1932070598
0.36770000000000	5.0566140701133	-1547.0812533202
0.36819000000000	4.9804977042238	-1535.1525957126
0.36868000000000	4.9061945216321	-1523.4030135811
0.36917000000000	4.8336485993702	-1511.8284148399
0.36966000000000	4.7628061383265	-1500.4248311138
0.37015000000000	4.6936153698994	-1489.1884130978
0.37064000000000	4.6260264628209	-1478.1154261233
0.37113000000000	4.5599914385885	-1467.2022459223
0.37162000000000	4.4954640885967	-1456.4453545764
0.37211000000000	4.4323998979727	-1445.8413366445
0.37260000000000	4.3707559701330	-1435.3868754568
0.37309000000000	4.3104909582394	-1425.0787495700
0.37358000000000	4.2515649985869	-1414.9138293732
0.37407000000000	4.1939396465317	-1404.8890738380
0.37456000000000	4.1375778173346	-1395.0015274060
0.37505000000000	4.0824437291214	-1385.2483170062
0.37554000000000	4.0285028477711	-1375.6266491968
0.37603000000000	3.9757218358339	-1366.1338074249
0.37652000000000	3.9240685031616	-1356.7671493983
0.37701000000000	3.8735117597899	-1347.5241045648
0.37750000000000	3.8240215721486	-1338.4021716935
0.37799000000000	3.7755689188471	-1329.3989165525
0.37848000000000	3.7281257515744	-1320.5119696806
0.37897000000000	3.6816649557585	-1311.7390242463
0.37946000000000	3.6361603139044	-1303.0778339917
0.37995000000000	3.5915864697623	-1294.5262112564
0.38044000000000	3.5479188957049	-1286.0820250792
0.38093000000000	3.5051338593697	-1277.7431993718
0.38142000000000	3.4632083941627	-1269.5077111638
0.38191000000000	3.4221202692741	-1261.3735889140
0.38240000000000	3.3818479616531	-1253.3389108859
0.38289000000000	3.3423706293031	-1245.4018035842
0.38338000000000	3.3036680866786	-1237.5604402502
0.38387000000000	3.2657207779299	-1229.8130394130
0.38436000000000	3.2285097557682	-1222.1578634940
0.38485000000000	3.1920166577289	-1214.5932174630
0.38534000000000	3.1562236854292	-1207.1174475433
0.38583000000000	3.1211135830861	-1199.7289399638
0.38632000000000	3.0866696187039	-1192.4261197560
0.38681000000000	3.0528755654023	-1185.2074495942
0.38730000000000	3.0197156818968	-1178.0714286776
0.38779000000000	2.9871746968011	-1171.0165916507
0.38828000000000	2.9552377909702	-1164.0415075632
0.38877000000000	2.9238905823063	-1157.1447788656
0.38926000000000	2.8931191096935	-1150.3250404395
0.38975000000000	2.8629098190572	-1143.5809586624
0.39024000000000	2.8332495486716	-1136.9112305035
0.39073000000000	2.8041255162797	-1130.3145826517
0.39122000000000	2.7755253055153	-1123.7897706724
0.39171000000000	2.7474368539195	-1117.3355781929
0.39220000000000	2.7198484405247	-1110.9508161157
0.39269000000000	2.6927486750205	-1104.6343218580
0.39318000000000	2.6661264857825	-1098.3849586156
0.39367000000000	2.6399711101121	-1092.2016146530
0.39416000000000	2.6142720837797	-1086.0832026148
0.39465000000000	2.5890192305220	-1080.0286588611
0.39514000000000	2.5642026536230	-1074.0369428242
0.39563000000000	2.5398127263288	-1068.1070363854
0.39612000000000	2.5158400831381	-1062.2379432732
0.39661000000000	2.4922756110459	-1056.4286884794
0.39710000000000	2.4691104421652	-1050.6783176949
0.39759000000000	2.4463359452686	-1044.9858967625
0.39808000000000	2.4239437184984	-1039.3505111480
0.39857000000000	2.4019255826953	-1033.7712654266
0.39906000000000	2.3802735732515	-1028.2472827863
0.39955000000000	2.3589799341508	-1022.7777045466
0.40004000000000	2.3380371116849	-1017.3616896915
0.40053000000000	2.3174377473686	-1011.9984144175
0.40102000000000	2.2971746730420	-1006.6870716951
0.40151000000000	2.2772409041692	-1001.4268708434
0.40200000000000	2.2576296339480	-996.21703711835
0.40249000000000	2.2383342297082	-991.05681131237
0.40298000000000	2.2193482252851	-985.94544936688
0.40347000000000	2.2006653179435	-980.88222199577
0.40396000000000	2.1822793623956	-975.86641432033
0.40445000000000	2.1641843664158	-970.89732551488
0.40494000000000	2.1463744867012	-965.97426846277
0.40543000000000	2.1288440236848	-961.09656942252
0.40592000000000	2.1115874181699	-956.26356770356
0.40641000000000	2.0945992467500	-951.47461535149
0.40690000000000	2.0778742178932	-946.72907684227
0.40739000000000	2.0614071681570	-942.02632878527
0.40788000000000	2.0451930589191	-937.36575963475
0.40837000000000	2.0292269719021	-932.74676940957
0.40886000000000	2.0135041069256	-928.16876942074
0.40935000000000	1.9980197774289	-923.63118200676
0.40984000000000	1.9827694080448	-919.13344027625
0.41033000000000	1.9677485309791	-914.67498785785
0.41082000000000	1.9529527835773	-910.25527865694
0.41131000000000	1.9383779046348	-905.87377661923
0.41180000000000	1.9240197321526	-901.52995550070
0.41229000000000	1.9098742007047	-897.22329864396
0.41278000000000	1.8959373381773	-892.95329876059
0.41327000000000	1.8822052637672	-888.71945771946
0.41376000000000	1.8686741851171	-884.52128634075
0.41425000000000	1.8553403962821	-880.35830419544
0.41474000000000	1.8422002753241	-876.23003941029
0.41523000000000	1.8292502816451	-872.13602847787
0.41572000000000	1.8164869543338	-868.07581607176
0.41621000000000	1.8039069096798	-864.04895486649
0.41670000000000	1.7915068393885	-860.05500536237
0.41719000000000	1.7792835084787	-856.09353571475
0.41768000000000	1.7672337534880	-852.16412156783
0.41817000000000	1.7553544801308	-848.26634589277
0.41866000000000	1.7436426621063	-844.39979882990
0.41915000000000	1.7320953389865	-840.56407753513
0.41964000000000	1.7207096146812	-836.75878603013
0.42013000000000	1.7094826555585	-832.98353505649
0.42062000000000	1.6984116890091	-829.23794193345
0.42111000000000	1.6874940020105	-825.52163041928
0.42160000000000	1.6767269392431	-821.83423057623
0.42209000000000	1.6661079020878	-818.17537863869
0.42258000000000	1.6556343467208	-814.54471688480
0.42307000000000	1.6453037831878	-810.94189351118
0.42356000000000	1.6351137738066	-807.36656251079
0.42405000000000	1.6250619317290	-803.81838355375
0.42454000000000	1.6151459202579	-800.29702187116
0.42503000000000	1.6053634507259	-796.80214814173
0.42552000000000	1.5957122821311	-793.33343838114
0.42601000000000	1.5861902196209	-789.89057383413
0.42650000000000	1.5767951132678	-786.47324086917
0.42699000000000	1.5675248571186	-783.08113087570
0.42748000000000	1.5583773882009	-779.71394016377
0.42797000000000	1.5493506853197	-776.37136986617
0.42846000000000	1.5404427681243	-773.05312584275
0.42895000000000	1.5316516961990	-769.75891858719
0.42944000000000	1.5229755679808	-766.48846313577
0.42993000000000	1.5144125199694	-763.24147897845
0.43042000000000	1.5059607256658	-760.01768997194
0.43091000000000	1.4976183948939	-756.81682425481
0.43140000000000	1.4893837729461	-753.63861416461
0.43189000000000	1.4812551393147	-750.48279615685
0.43238000000000	1.4732308076755	-747.34911072590
0.43287000000000	1.4653091243482	-744.23730232767
0.43336000000000	1.4574884679728	-741.14711930408
0.43385000000000	1.4497672487311	-738.07831380925
0.43434000000000	1.4421439073193	-735.03064173734
0.43483000000000	1.4346169147283	-732.00386265205
0.43532000000000	1.4271847711327	-728.99773971772
0.43581000000000	1.4198460054335	-726.01203963192
0.43630000000000	1.4125991746042	-723.04653255961
0.43679000000000	1.4054428629679	-720.10099206872
0.43728000000000	1.3983756817796	-717.17519506720
0.43777000000000	1.3913962682488	-714.26892174144
0.43826000000000	1.3845032854382	-711.38195549602
0.43875000000000	1.3776954213177	-708.51408289485
0.43924000000000	1.3709713884035	-705.66509360354
0.43973000000000	1.3643299230730	-702.83478033305
0.44022000000000	1.3577697853078	-700.02293878453
0.44071000000000	1.3512897578434	-697.22936759546
0.44120000000000	1.3448886457756	-694.45386828676
0.44169000000000	1.3385652763869	-691.69624521125
0.44218000000000	1.3323184981793	-688.95630550305
0.44267000000000	1.3261471807257	-686.23385902816
0.44316000000000	1.3200502141038	-683.52871833602
0.44365000000000	1.3140265085763	-680.84069861215
0.44414000000000	1.3080749939198	-678.16961763174
0.44463000000000	1.3021946194333	-675.51529571429
0.44512000000000	1.2963843529813	-672.87755567911
0.44561000000000	1.2906431809209	-670.25622280180
0.44610000000000	1.2849701079228	-667.65112477164
0.44659000000000	1.2793641559584	-665.06209164985
0.44708000000000	1.2738243645658	-662.48895582870
0.44757000000000	1.2683497902505	-659.93155199150
0.44806000000000	1.2629395058804	-657.38971707336
0.44855000000000	1.2575926008386	-654.86329022282
0.44904000000000	1.2523081802870	-652.35211276415
0.44953000000000	1.2470853649961	-649.85602816059
0.45002000000000	1.2419232910335	-647.37488197814
0.45051000000000	1.2368211095071	-644.90852185021
0.45100000000000	1.2317779859456	-642.45679744297
0.45149000000000	1.2267931005403	-640.01956042132
0.45198000000000	1.2218656473104	-637.59666441561
0.45247000000000	1.2169948342157	-635.18796498901
0.45296000000000	1.2121798826137	-632.79331960552
0.45345000000000	1.2074200272426	-630.41258759858
0.45394000000000	1.2027145155624	-628.04563014036
0.45443000000000	1.1980626081205	-625.69231021162
0.45492000000000	1.1934635776212	-623.35249257214
0.45541000000000	1.1889167091019	-621.02604373179
0.45590000000000	1.1844212995849	-618.71283192208
0.45639000000000	1.1799766578666	-616.41272706836
0.45688000000000	1.1755821042049	-614.12560076242
0.45737000000000	1.1712369701609	-611.85132623581
0.45786000000000	1.1669405983183	-609.58977833346
0.45835000000000	1.1626923422969	-607.34083348796
0.45884000000000	1.1584915661098	-605.10436969430
0.45933000000000	1.1543376443909	-602.88026648500
0.45982000000000	1.1502299619872	-600.66840490586
0.46031000000000	1.1461679138026	-598.46866749203
0.46080000000000	1.1421509044460	-596.28093824462
0.46129000000000	1.1381783484197	-594.10510260771
0.46178000000000	1.1342496695748	-591.94104744583
0.46227000000000	1.1303643011078	-589.78866102176
0.46276000000000	1.1265216853226	-587.64783297489
0.46325000000000	1.1227212734745	-585.51845429988
0.46374000000000	1.1189625256926	-583.40041732572
0.46423000000000	1.1152449106388	-581.29361569522
0.46472000000000	1.1115679054379	-579.19794434484
0.46521000000000	1.1079309956440	-577.11329948491
0.46570000000000	1.1043336748372	-575.03957858021
0.46619000000000	1.1007754446709	-572.97668033089
0.46668000000000	1.0972558146064	-570.92450465374
0.46717000000000	1.0937743019057	-568.88295266381
0.46766000000000	1.0903304313185	-566.85192665637
0.46815000000000	1.0869237350620	-564.83133008913
0.46864000000000	1.0835537527276	-562.82106756491
0.46913000000000	1.0802200309441	-560.82104481446
0.46962000000000	1.0769221234673	-558.83116867971
0.47011000000000	1.0736595909701	-556.85134709726
0.47060000000000	1.0704320008725	-554.88148908217
0.47109000000000	1.0672389272602	-552.92150471207
0.47158000000000	1.0640799508034	-550.97130511148
0.47207000000000	1.0609546586761	-549.03080243647
0.47256000000000	1.0578626442261	-547.09990985959
0.47305000000000	1.0548035070523	-545.17854155498
0.47354000000000	1.0517768528952	-543.26661268388
0.47403000000000	1.0487822934311	-541.36403938022
0.47452000000000	1.0458194463799	-539.47073873662
0.47501000000000	1.0428879349950	-537.58662879054
0.47550000000000	1.0399873884322	-535.71162851068
0.47599000000000	1.0371174412938	-533.84565778364
0.47648000000000	1.0342777337384	-531.98863740078
0.47697000000000	1.0314679112876	-530.14048904532
0.47746000000000	1.0286876247921	-528.30113527965
0.47795000000000	1.0259365303360	-526.47049953289
0.47844000000000	1.0232142890041	-524.64850608860
0.47893000000000	1.0205205670511	-522.83508007273
0.47942000000000	1.0178550356397	-521.03014744180
0.47991000000000	1.0152173707507	-519.23363497121
0.48040000000000	1.0126072531996	-517.44547024383
0.48089000000000	1.0100243684566	-515.66558163871
0.48138000000000	1.0074684066785	-513.89389832000
0.48187000000000	1.0049390625464	-512.13035022608
0.48236000000000	1.0024360351659	-510.37486805882
0.48285000000000	0.99995902805533	-508.62738327308
0.48334000000000	0.99750774911790	-506.88782806631
0.48383000000000	0.99508191039986	-505.15613536839
0.48432000000000	0.99268122822245	-503.43223883159
0.48481000000000	0.99030542297066	-501.71607282070
0.48530000000000	0.98795421909657	-500.00757240336
0.48579000000000	0.98562734502393	-498.30667334048
0.48628000000000	0.98332453306800	-496.61331207688
0.48677000000000	0.98104551938381	-494.92742573203
0.48726000000000	0.97879004396832	-493.24895209098
0.48775000000000	0.97655785055307	-491.57782959541
0.48824000000000	0.97434868643249	-489.91399733483
0.48873000000000	0.97216230257486	-488.25739503791
0.48922000000000	0.96999845354285	-486.60796306398
0.48971000000000	0.96785689727148	-484.96564239464
0.49020000000000	0.96573739528097	-483.33037462549
0.49069000000000	0.96363971233804	-481.70210195803
0.49118000000000	0.96156361660213	-480.08076719164
0.49167000000000	0.95950887949696	-478.46631371575
0.49216000000000	0.95747527568622	-476.85868550204
0.49265000000000	0.95546258299807	-475.25782709687
0.49314000000000	0.95347058236325	-473.66368361374
0.49363000000000	0.95149905779073	-472.07620072592
0.49412000000000	0.94954779633024	-470.49532465915
0.49461000000000	0.94761658802206	-468.92100218451
0.49510000000000	0.94570522579847	-467.35318061135
0.49559000000000	0.94381350553173	-465.79180778036
0.49608000000000	0.94194122589880	-464.23683205671
0.49657000000000	0.94008818836845	-462.68820232335
0.49706000000000	0.93825419721052	-461.14586797435
0.49755000000000	0.93643905937408	-459.60977890840
0.49804000000000	0.93464258450826	-458.07988552237
0.49853000000000	0.93286458481843	-456.55613870496
0.49902000000000	0.93110487523659	-455.03848983051
0.49951000000000	0.92936327311510	-453.52689075281
0.50000000000000	0.92763959840692	-452.02129379907
