8.731214e-01 -5.562927e+00 -3.268786e-01 -5.568165e+00 
7.092088e-01 -8.107291e+00 -4.907912e-01 -8.101443e+00 
8.455279e-01 -1.114127e+01 -5.544721e-01 -1.114826e+01 
5.908667e-01 -1.501663e+01 -6.091333e-01 -1.501552e+01 
5.274598e-01 -1.830904e+01 -6.725402e-01 -1.831114e+01 
-3.346729e-02 -2.117604e+01 -1.433467e+00 -2.117447e+01 
6.837010e-01 -2.191377e+01 -7.162990e-01 -2.189766e+01 
-8.684566e-02 3.258607e+01 -1.286846e+00 3.258370e+01 
7.301696e-01 3.168932e+01 -4.698304e-01 3.169380e+01 
2.747575e-01 2.872435e+01 -9.252425e-01 2.872117e+01 
7.412698e-01 2.518776e+01 -6.587302e-01 2.519861e+01 
3.190208e-01 2.135930e+01 -8.809792e-01 2.135930e+01 
3.201412e-01 1.812342e+01 -8.798588e-01 1.812706e+01 
2.219599e-01 1.568026e+01 -9.780401e-01 1.568107e+01 
