0 0 -9.925248e-01 9.697357e+00 
-1 9.000000e-01 -1.926930e+00 8.868674e+00 
-2 1.700000e+00 -2.851459e+00 8.073388e+00 
-3 2.500000e+00 -3.904510e+00 7.348360e+00 
-4 3.300000e+00 -4.891037e+00 6.823730e+00 
-5 3.900000e+00 -6.310119e+00 6.406092e+00 
-6 4.300000e+00 -6.823903e+00 6.215593e+00 
-6 6 -6.989278e+00 4.770108e+00 
-5 6.200000e+00 -6.262654e+00 4.383210e+00 
-4 6.700000e+00 -4.980351e+00 3.785813e+00 
-3 7.300000e+00 -3.823824e+00 3.003496e+00 
-2 8.100000e+00 -2.887873e+00 2.181432e+00 
-1 9 -1.847116e+00 1.305508e+00 
0 9.900000e+00 -9.696534e-01 3.507791e-01 
