-7.121532e-01 -4.383106e+00 6.378468e-01 -4.379854e+00 
-6.784102e-01 -6.165036e+00 5.215898e-01 -6.168404e+00 
-6.247980e-01 -7.914150e+00 5.752020e-01 -7.913664e+00 
-6.097727e-01 -1.028914e+01 8.902273e-01 -1.028598e+01 
-8.615539e-01 -1.326218e+01 6.384461e-01 -1.326329e+01 
7.675001e-01 -1.511828e+01 2.267500e+00 -1.508373e+01 
-1.044170e+00 2.508362e+01 4.558304e-01 2.509520e+01 
-8.222908e-01 2.344902e+01 6.777092e-01 2.345303e+01 
-5.811774e-01 2.032137e+01 9.188226e-01 2.032316e+01 
-4.369357e-01 1.794740e+01 7.630643e-01 1.795184e+01 
-2.725895e-01 1.619098e+01 1.127411e+00 1.617781e+01 
-3.122131e-01 1.444269e+01 8.877869e-01 1.443948e+01 
