4.237584e+00 2.003817e-01 -4.233457e+00 -1.003817e-01 
3.886512e+00 5.661548e-01 -3.869928e+00 1.661548e-01 
3.629815e+00 8.764876e-01 -3.615603e+00 4.764876e-01 
3.452260e+00 1.180146e+00 -3.435137e+00 7.801465e-01 
3.283713e+00 1.461983e+00 -3.265776e+00 1.061983e+00 
3.130629e+00 1.740607e+00 -3.113348e+00 1.340607e+00 
3.008354e+00 2.058265e+00 -2.990171e+00 1.658265e+00 
2.876286e+00 2.304233e+00 -2.857913e+00 1.904233e+00 
2.754837e+00 2.615052e+00 -2.736125e+00 2.215052e+00 
2.643113e+00 2.902439e+00 -2.623676e+00 2.502439e+00 
2.565759e+00 3.255808e+00 -2.544948e+00 2.855808e+00 
2.460225e+00 3.576709e+00 -2.439123e+00 3.176709e+00 
2.348946e+00 3.869155e+00 -2.326650e+00 3.469155e+00 
2.254815e+00 4.184859e+00 -2.232864e+00 3.784859e+00 
2.143580e+00 4.479099e+00 -2.121486e+00 4.079099e+00 
2.040382e+00 4.738879e+00 -2.017295e+00 4.338879e+00 
1.943875e+00 5.094176e+00 -1.918064e+00 4.694176e+00 
1.829728e+00 5.375978e+00 -1.802858e+00 4.975978e+00 
1.689146e+00 5.613161e+00 -1.662205e+00 5.213161e+00 
1.585139e+00 5.987149e+00 -1.558829e+00 5.587149e+00 
1.480547e+00 6.262613e+00 -1.452889e+00 5.862613e+00 
1.371150e+00 6.551837e+00 -1.341822e+00 6.151837e+00 
1.233272e+00 6.896713e+00 -1.203095e+00 6.496713e+00 
1.073623e+00 7.126651e+00 -1.042783e+00 6.726651e+00 
9.508731e-01 7.480433e+00 -9.192455e-01 7.080433e+00 
8.387813e-01 7.707089e+00 -8.093098e-01 7.307089e+00 
7.388819e-01 8.077928e+00 -7.116628e-01 7.677928e+00 
6.195669e-01 8.358519e+00 -5.942502e-01 7.958519e+00 
5.216036e-01 8.635761e+00 -4.976533e-01 8.235761e+00 
4.299512e-01 8.974719e+00 -4.068072e-01 8.574719e+00 
