-4.000612e+00 3.974997e+00 
-4.250932e+00 3.972953e+00 
-4.500894e+00 3.969846e+00 
-4.750949e+00 3.966865e+00 
-5.000797e+00 3.963704e+00 
-5.251205e+00 3.961042e+00 
-5.501344e+00 3.957021e+00 
-5.751650e+00 3.952534e+00 
-6.002146e+00 3.947019e+00 
-6.251484e+00 3.939880e+00 
-6.502908e+00 3.934892e+00 
-6.752164e+00 3.925217e+00 
-7.002559e+00 3.917989e+00 
-7.252809e+00 3.909445e+00 
-7.502942e+00 3.900070e+00 
-7.753878e+00 3.890213e+00 
-8.002756e+00 3.877319e+00 
-8.254049e+00 3.868066e+00 
-8.503955e+00 3.854555e+00 
-8.754476e+00 3.841323e+00 
-9.004716e+00 3.826361e+00 
-9.255330e+00 3.810567e+00 
-9.506119e+00 3.792694e+00 
-9.756077e+00 3.772233e+00 
-1.000697e+01 3.751832e+00 
-1.025769e+01 3.728427e+00 
-1.050972e+01 3.702425e+00 
-1.076086e+01 3.669579e+00 
-1.101261e+01 3.632702e+00 
-1.126676e+01 3.589219e+00 
-1.152215e+01 3.530456e+00 
-1.177707e+01 3.451452e+00 
-1.203101e+01 3.353055e+00 
-1.228714e+01 3.236403e+00 
-1.254339e+01 3.089934e+00 
-1.279247e+01 2.913268e+00 
-1.304069e+01 2.742676e+00 
-1.329135e+01 2.580797e+00 
-1.354266e+01 2.414700e+00 
-1.379475e+01 2.240323e+00 
-1.404737e+01 2.052419e+00 
-1.430050e+01 1.846086e+00 
-1.455423e+01 1.614795e+00 
-1.479625e+01 1.361263e+00 
-1.500965e+01 1.107305e+00 
-1.519575e+01 8.529530e-01 
-1.535513e+01 5.997015e-01 
-1.549708e+01 3.467252e-01 
-1.562449e+01 9.362850e-02 
-1.573783e+01 -1.597912e-01 
-1.583654e+01 -4.134476e-01 
-1.592047e+01 -6.673392e-01 
-1.598931e+01 -9.209047e-01 
-1.604495e+01 -1.174225e+00 
-1.608873e+01 -1.427601e+00 
-1.612064e+01 -1.680111e+00 
-1.614394e+01 -1.932515e+00 
-1.615907e+01 -2.184987e+00 
-1.616586e+01 -2.437530e+00 
-1.616409e+01 -2.690147e+00 
-1.615350e+01 -2.942552e+00 
-1.613479e+01 -3.194884e+00 
-1.610812e+01 -3.447339e+00 
-1.607299e+01 -3.699813e+00 
-1.602931e+01 -3.951884e+00 
-1.597829e+01 -4.203974e+00 
-1.591974e+01 -4.456079e+00 
-1.585345e+01 -4.708194e+00 
-1.577921e+01 -4.960312e+00 
-1.569689e+01 -5.212150e+00 
-1.560734e+01 -5.463828e+00 
-1.551096e+01 -5.715547e+00 
-1.540738e+01 -5.967306e+00 
-1.529619e+01 -6.219103e+00 
-1.517695e+01 -6.470937e+00 
-1.504919e+01 -6.722807e+00 
-1.491236e+01 -6.974711e+00 
-1.476585e+01 -7.226650e+00 
-1.460897e+01 -7.478618e+00 
-1.444093e+01 -7.730613e+00 
-1.426084e+01 -7.982633e+00 
-1.406776e+01 -8.234549e+00 
-1.386153e+01 -8.486195e+00 
-1.364290e+01 -8.737872e+00 
-1.341064e+01 -8.989574e+00 
-1.316332e+01 -9.241290e+00 
-1.291173e+01 -9.481187e+00 
-1.266017e+01 -9.707601e+00 
-1.240859e+01 -9.921696e+00 
-1.215701e+01 -1.012423e+01 
-1.190544e+01 -1.031592e+01 
-1.165388e+01 -1.049743e+01 
-1.140234e+01 -1.066937e+01 
-1.115082e+01 -1.083232e+01 
-1.089932e+01 -1.098682e+01 
-1.064783e+01 -1.113337e+01 
-1.039606e+01 -1.127244e+01 
-1.014433e+01 -1.140285e+01 
-9.892932e+00 -1.152497e+01 
-9.641596e+00 -1.164073e+01 
-9.390293e+00 -1.175058e+01 
-9.139023e+00 -1.185480e+01 
-8.887770e+00 -1.195369e+01 
-8.636569e+00 -1.204739e+01 
-8.385419e+00 -1.213624e+01 
-8.134316e+00 -1.222051e+01 
-7.883257e+00 -1.230046e+01 
-7.632241e+00 -1.237634e+01 
-7.381264e+00 -1.244835e+01 
-7.130502e+00 -1.251665e+01 
-6.879693e+00 -1.258213e+01 
-6.628786e+00 -1.264467e+01 
-6.377930e+00 -1.270388e+01 
-6.127014e+00 -1.276002e+01 
-5.875879e+00 -1.281291e+01 
-5.624741e+00 -1.286177e+01 
-5.373770e+00 -1.290659e+01 
-5.122966e+00 -1.294799e+01 
-4.872332e+00 -1.298657e+01 
-4.621865e+00 -1.302295e+01 
-4.371534e+00 -1.305769e+01 
-4.120954e+00 -1.309133e+01 
-3.870429e+00 -1.312298e+01 
-3.619876e+00 -1.315284e+01 
-3.369285e+00 -1.318081e+01 
-3.118657e+00 -1.320679e+01 
-2.867991e+00 -1.323063e+01 
-2.617288e+00 -1.325222e+01 
-2.366547e+00 -1.327145e+01 
-2.115823e+00 -1.328817e+01 
-1.865110e+00 -1.330246e+01 
-1.614407e+00 -1.331436e+01 
-1.363789e+00 -1.332390e+01 
-1.113292e+00 -1.333136e+01 
-8.629100e-01 -1.333717e+01 
-8.601979e-01 -1.318719e+01 
-1.109816e+00 -1.318140e+01 
-1.359319e+00 -1.317396e+01 
-1.608701e+00 -1.316447e+01 
-1.857998e+00 -1.315263e+01 
-2.107284e+00 -1.313841e+01 
-2.356561e+00 -1.312178e+01 
-2.605820e+00 -1.310266e+01 
-2.855117e+00 -1.308118e+01 
-3.104451e+00 -1.305746e+01 
-3.353823e+00 -1.303161e+01 
-3.603232e+00 -1.300376e+01 
-3.852679e+00 -1.297403e+01 
-4.102153e+00 -1.294251e+01 
-4.351574e+00 -1.290903e+01 
-4.601242e+00 -1.287437e+01 
-4.850776e+00 -1.283813e+01 
-5.100141e+00 -1.279974e+01 
-5.349338e+00 -1.275859e+01 
-5.598367e+00 -1.271411e+01 
-5.847229e+00 -1.266567e+01 
-6.096094e+00 -1.261324e+01 
-6.345178e+00 -1.255750e+01 
-6.594322e+00 -1.249868e+01 
-6.843415e+00 -1.243659e+01 
-7.092606e+00 -1.237151e+01 
-7.341844e+00 -1.230363e+01 
-7.590867e+00 -1.223216e+01 
-7.839851e+00 -1.215688e+01 
-8.088792e+00 -1.207758e+01 
-8.337689e+00 -1.199403e+01 
-8.586539e+00 -1.190598e+01 
-8.835338e+00 -1.181315e+01 
-9.084085e+00 -1.171523e+01 
-9.332815e+00 -1.161203e+01 
-9.581512e+00 -1.150329e+01 
-9.830175e+00 -1.138873e+01 
-1.007878e+01 -1.126793e+01 
-1.032705e+01 -1.113926e+01 
-1.057528e+01 -1.100208e+01 
-1.082379e+01 -1.085722e+01 
-1.107229e+01 -1.070452e+01 
-1.132077e+01 -1.054349e+01 
-1.156923e+01 -1.037360e+01 
-1.181767e+01 -1.019429e+01 
-1.206609e+01 -1.000493e+01 
-1.231452e+01 -9.804863e+00 
-1.256294e+01 -9.593375e+00 
-1.281138e+01 -9.369702e+00 
-1.305979e+01 -9.132742e+00 
-1.330363e+01 -8.884458e+00 
-1.353266e+01 -8.636159e+00 
-1.374828e+01 -8.387837e+00 
-1.395173e+01 -8.139483e+00 
-1.414177e+01 -7.891399e+00 
-1.431888e+01 -7.643419e+00 
-1.448416e+01 -7.395414e+00 
-1.463851e+01 -7.147382e+00 
-1.478268e+01 -6.899321e+00 
-1.491738e+01 -6.651224e+00 
-1.504317e+01 -6.403094e+00 
-1.516061e+01 -6.154929e+00 
-1.527015e+01 -5.906726e+00 
-1.537224e+01 -5.658485e+00 
-1.546726e+01 -5.410204e+00 
-1.555556e+01 -5.161882e+00 
-1.563663e+01 -4.913719e+00 
-1.570956e+01 -4.665838e+00 
-1.577467e+01 -4.417953e+00 
-1.583218e+01 -4.170058e+00 
-1.588229e+01 -3.922148e+00 
-1.592519e+01 -3.674218e+00 
-1.595954e+01 -3.426693e+00 
-1.598562e+01 -3.179148e+00 
-1.600391e+01 -2.931480e+00 
-1.601422e+01 -2.683885e+00 
-1.601587e+01 -2.436501e+00 
-1.600913e+01 -2.189044e+00 
-1.599421e+01 -1.941517e+00 
-1.597128e+01 -1.693921e+00 
-1.593992e+01 -1.446431e+00 
-1.589715e+01 -1.199807e+00 
-1.584282e+01 -9.531270e-01 
-1.577572e+01 -7.066926e-01 
-1.569414e+01 -4.605842e-01 
-1.559807e+01 -2.142406e-01 
-1.548758e+01 3.233973e-02 
-1.536312e+01 2.792430e-01 
-1.522434e+01 5.262667e-01 
-1.506882e+01 7.730152e-01 
-1.488865e+01 1.018663e+00 
-1.468146e+01 1.264705e+00 
-1.444577e+01 1.511173e+00 
-1.419950e+01 1.735178e+00 
-1.395263e+01 1.936118e+00 
-1.370525e+01 2.119946e+00 
-1.345734e+01 2.291325e+00 
-1.320865e+01 2.455655e+00 
-1.295931e+01 2.616668e+00 
-1.270753e+01 2.789640e+00 
-1.245661e+01 2.967581e+00 
-1.221286e+01 3.106083e+00 
-1.196899e+01 3.216476e+00 
-1.172293e+01 3.311560e+00 
-1.147785e+01 3.387149e+00 
-1.123324e+01 3.443012e+00 
-1.098739e+01 3.484839e+00 
-1.073914e+01 3.521162e+00 
-1.049028e+01 3.553691e+00 
-1.024231e+01 3.579217e+00 
-9.993030e+00 3.602481e+00 
-9.743923e+00 3.622726e+00 
-9.493881e+00 3.643194e+00 
-9.244670e+00 3.660946e+00 
-8.995284e+00 3.676658e+00 
-8.745524e+00 3.691591e+00 
-8.496045e+00 3.704764e+00 
-8.245951e+00 3.718285e+00 
-7.997244e+00 3.727420e+00 
-7.746122e+00 3.740414e+00 
-7.497058e+00 3.750186e+00 
-7.247191e+00 3.759551e+00 
-6.997441e+00 3.768077e+00 
-6.747836e+00 3.775280e+00 
-6.497092e+00 3.785005e+00 
-6.248516e+00 3.789910e+00 
-5.997854e+00 3.797081e+00 
-5.748350e+00 3.802570e+00 
-5.498656e+00 3.807045e+00 
-5.248795e+00 3.811061e+00 
-4.999203e+00 3.813712e+00 
-4.749051e+00 3.816877e+00 
-4.499106e+00 3.819856e+00 
-4.249068e+00 3.822964e+00 
-3.999388e+00 3.825003e+00 
-4.000612e+00 3.974997e+00 
