-4.298040e-01 1.130305e+01 
-4.393005e-01 1.140284e+01 
-4.492088e-01 1.150261e+01 
-4.595739e-01 1.160230e+01 
-4.705816e-01 1.170200e+01 
-4.821885e-01 1.180171e+01 
-4.944086e-01 1.190146e+01 
-5.071270e-01 1.200116e+01 
-5.204706e-01 1.210097e+01 
-5.341981e-01 1.220069e+01 
-5.484774e-01 1.230037e+01 
-5.633948e-01 1.239990e+01 
-5.793271e-01 1.249965e+01 
-5.957844e-01 1.259939e+01 
-6.127733e-01 1.269912e+01 
-6.303276e-01 1.279884e+01 
-6.484529e-01 1.289858e+01 
-6.671363e-01 1.299831e+01 
-6.863780e-01 1.309805e+01 
-7.061787e-01 1.319778e+01 
-7.265383e-01 1.329752e+01 
-7.474577e-01 1.339727e+01 
-7.689216e-01 1.349703e+01 
-7.909129e-01 1.359684e+01 
-8.132878e-01 1.369659e+01 
-8.362025e-01 1.379636e+01 
-8.596199e-01 1.389615e+01 
-8.834966e-01 1.399596e+01 
-9.077948e-01 1.409579e+01 
-9.324741e-01 1.419564e+01 
-9.574816e-01 1.429551e+01 
-9.827608e-01 1.439536e+01 
-1.008376e+00 1.449520e+01 
-1.034342e+00 1.459505e+01 
-1.060635e+00 1.469492e+01 
-1.087235e+00 1.479481e+01 
-1.114084e+00 1.489471e+01 
-1.141127e+00 1.499451e+01 
-1.168599e+00 1.509431e+01 
-1.196518e+00 1.519411e+01 
-1.224901e+00 1.529389e+01 
-1.253769e+00 1.539367e+01 
-1.283137e+00 1.549347e+01 
-1.312965e+00 1.559329e+01 
-1.343198e+00 1.569310e+01 
-1.373851e+00 1.579291e+01 
-1.404952e+00 1.589270e+01 
-1.436528e+00 1.599248e+01 
-1.468607e+00 1.609224e+01 
-1.501232e+00 1.619195e+01 
-1.534522e+00 1.629165e+01 
-1.568515e+00 1.639133e+01 
-1.603258e+00 1.649103e+01 
-1.638749e+00 1.659082e+01 
-1.674755e+00 1.669063e+01 
-1.711203e+00 1.679044e+01 
-1.748112e+00 1.689024e+01 
-1.785498e+00 1.699004e+01 
-1.823383e+00 1.708982e+01 
-1.861788e+00 1.718960e+01 
-1.900734e+00 1.728937e+01 
-1.940248e+00 1.738913e+01 
-1.980351e+00 1.748889e+01 
-2.021073e+00 1.758862e+01 
-2.062445e+00 1.768834e+01 
-2.104526e+00 1.778804e+01 
-2.147382e+00 1.788773e+01 
-2.191037e+00 1.798741e+01 
-2.235523e+00 1.808708e+01 
-2.280867e+00 1.818674e+01 
-2.327100e+00 1.828640e+01 
-2.374260e+00 1.838606e+01 
-2.422371e+00 1.848579e+01 
-2.471234e+00 1.858552e+01 
-2.520833e+00 1.868525e+01 
-2.571184e+00 1.878498e+01 
-2.622301e+00 1.888470e+01 
-2.674199e+00 1.898442e+01 
-2.726895e+00 1.908414e+01 
-2.780406e+00 1.918386e+01 
-2.834745e+00 1.928357e+01 
-2.889932e+00 1.938328e+01 
-2.945976e+00 1.948298e+01 
-3.002965e+00 1.958270e+01 
-3.060841e+00 1.968249e+01 
-3.119379e+00 1.978228e+01 
-3.178550e+00 1.988208e+01 
-3.238361e+00 1.998187e+01 
-3.298827e+00 2.008166e+01 
-3.359979e+00 2.018144e+01 
-3.421838e+00 2.028121e+01 
-3.484431e+00 2.038098e+01 
-3.547792e+00 2.048075e+01 
-3.611921e+00 2.058051e+01 
-3.676844e+00 2.068027e+01 
-3.742602e+00 2.078001e+01 
-3.809219e+00 2.087976e+01 
-3.876734e+00 2.097949e+01 
-3.945190e+00 2.107922e+01 
-4.014618e+00 2.117893e+01 
-4.085062e+00 2.127864e+01 
-4.156567e+00 2.137835e+01 
-4.229179e+00 2.147804e+01 
-4.302940e+00 2.157773e+01 
-4.377905e+00 2.167741e+01 
-4.454127e+00 2.177708e+01 
-4.531664e+00 2.187675e+01 
-4.610568e+00 2.197640e+01 
-4.690903e+00 2.207605e+01 
-4.772736e+00 2.217569e+01 
-4.856137e+00 2.227532e+01 
-4.941180e+00 2.237495e+01 
-5.027937e+00 2.247456e+01 
-5.116489e+00 2.257417e+01 
-5.206929e+00 2.267379e+01 
-5.299401e+00 2.277351e+01 
-5.393368e+00 2.287331e+01 
-5.488359e+00 2.297311e+01 
-5.584408e+00 2.307290e+01 
-5.681572e+00 2.317269e+01 
-5.779915e+00 2.327246e+01 
-5.879506e+00 2.337223e+01 
-5.979266e+00 2.347087e+01 
-6.079017e+00 2.356818e+01 
-6.178759e+00 2.366415e+01 
-6.278493e+00 2.375875e+01 
-6.378217e+00 2.385196e+01 
-6.477933e+00 2.394377e+01 
-6.577641e+00 2.403416e+01 
-6.677384e+00 2.412317e+01 
-6.777154e+00 2.421098e+01 
-6.876919e+00 2.429770e+01 
-6.976681e+00 2.438335e+01 
-7.076437e+00 2.446791e+01 
-7.176189e+00 2.455137e+01 
-7.275935e+00 2.463375e+01 
-7.375677e+00 2.471502e+01 
-7.475414e+00 2.479520e+01 
-7.575147e+00 2.487428e+01 
-7.674874e+00 2.495224e+01 
-7.774596e+00 2.502911e+01 
-7.874313e+00 2.510486e+01 
-7.974025e+00 2.517949e+01 
-8.073731e+00 2.525302e+01 
-8.173433e+00 2.532542e+01 
-8.273129e+00 2.539671e+01 
-8.372820e+00 2.546688e+01 
-8.472506e+00 2.553592e+01 
-8.572186e+00 2.560385e+01 
-8.671862e+00 2.567065e+01 
-8.771531e+00 2.573633e+01 
-8.871196e+00 2.580088e+01 
-8.970855e+00 2.586430e+01 
-9.070509e+00 2.592661e+01 
-9.170158e+00 2.598778e+01 
-9.269801e+00 2.604783e+01 
-9.369439e+00 2.610675e+01 
-9.469072e+00 2.616455e+01 
-9.568699e+00 2.622122e+01 
-9.668338e+00 2.627678e+01 
-9.768026e+00 2.633128e+01 
-9.867758e+00 2.638490e+01 
-9.967487e+00 2.643773e+01 
-1.006721e+01 2.648979e+01 
-1.016693e+01 2.654106e+01 
-1.026667e+01 2.659155e+01 
-1.036640e+01 2.664129e+01 
-1.046614e+01 2.669031e+01 
-1.056587e+01 2.673859e+01 
-1.066560e+01 2.678615e+01 
-1.076532e+01 2.683296e+01 
-1.086504e+01 2.687903e+01 
-1.096476e+01 2.692436e+01 
-1.106447e+01 2.696894e+01 
-1.116418e+01 2.701276e+01 
-1.126388e+01 2.705583e+01 
-1.136359e+01 2.709814e+01 
-1.146328e+01 2.713970e+01 
-1.156298e+01 2.718049e+01 
-1.166267e+01 2.722052e+01 
-1.176236e+01 2.725978e+01 
-1.186205e+01 2.729828e+01 
-1.196174e+01 2.733602e+01 
-1.206142e+01 2.737299e+01 
-1.216110e+01 2.740920e+01 
-1.226078e+01 2.744464e+01 
-1.236046e+01 2.747931e+01 
-1.246013e+01 2.751323e+01 
-1.255980e+01 2.754638e+01 
-1.265948e+01 2.757878e+01 
-1.275915e+01 2.761042e+01 
-1.285882e+01 2.764130e+01 
-1.295849e+01 2.767143e+01 
-1.305816e+01 2.770081e+01 
-1.315785e+01 2.772946e+01 
-1.325759e+01 2.775743e+01 
-1.335733e+01 2.778482e+01 
-1.345707e+01 2.781163e+01 
-1.355681e+01 2.783787e+01 
-1.365654e+01 2.786353e+01 
-1.375626e+01 2.788859e+01 
-1.385599e+01 2.791306e+01 
-1.395570e+01 2.793692e+01 
-1.405541e+01 2.796016e+01 
-1.415512e+01 2.798279e+01 
-1.425483e+01 2.800478e+01 
-1.435452e+01 2.802614e+01 
-1.445422e+01 2.804686e+01 
-1.455391e+01 2.806693e+01 
-1.465359e+01 2.808635e+01 
-1.475328e+01 2.810510e+01 
-1.485295e+01 2.812319e+01 
-1.495263e+01 2.814059e+01 
-1.505231e+01 2.815733e+01 
-1.515202e+01 2.817340e+01 
-1.525174e+01 2.818888e+01 
-1.535146e+01 2.820378e+01 
-1.545119e+01 2.821812e+01 
-1.555091e+01 2.823188e+01 
-1.565063e+01 2.824507e+01 
-1.575035e+01 2.825769e+01 
-1.585006e+01 2.826974e+01 
-1.594978e+01 2.828121e+01 
-1.604950e+01 2.829210e+01 
-1.614921e+01 2.830243e+01 
-1.624893e+01 2.831217e+01 
-1.634864e+01 2.832134e+01 
-1.644836e+01 2.832993e+01 
-1.654807e+01 2.833795e+01 
-1.664778e+01 2.834538e+01 
-1.674749e+01 2.835224e+01 
-1.684721e+01 2.835852e+01 
-1.694692e+01 2.836423e+01 
-1.704663e+01 2.836935e+01 
-1.714634e+01 2.837389e+01 
-1.724605e+01 2.837786e+01 
-1.734576e+01 2.838125e+01 
-1.744547e+01 2.838405e+01 
-1.754518e+01 2.838628e+01 
-1.764488e+01 2.838792e+01 
-1.774459e+01 2.838899e+01 
-1.784430e+01 2.838947e+01 
-1.794401e+01 2.838937e+01 
-1.804374e+01 2.838870e+01 
-1.814352e+01 2.838749e+01 
-1.824330e+01 2.838582e+01 
-1.834308e+01 2.838373e+01 
-1.844287e+01 2.838120e+01 
-1.854265e+01 2.837824e+01 
-1.864243e+01 2.837484e+01 
-1.874221e+01 2.837100e+01 
-1.884199e+01 2.836672e+01 
-1.894176e+01 2.836200e+01 
-1.904154e+01 2.835683e+01 
-1.914132e+01 2.835121e+01 
-1.924109e+01 2.834514e+01 
-1.934086e+01 2.833862e+01 
-1.944064e+01 2.833165e+01 
-1.954041e+01 2.832422e+01 
-1.964018e+01 2.831633e+01 
-1.973995e+01 2.830799e+01 
-1.983972e+01 2.829918e+01 
-1.993949e+01 2.828991e+01 
-2.003926e+01 2.828017e+01 
-2.013903e+01 2.826996e+01 
-2.023880e+01 2.825929e+01 
-2.033857e+01 2.824814e+01 
-2.043833e+01 2.823652e+01 
-2.053810e+01 2.822442e+01 
-2.063786e+01 2.821185e+01 
-2.073763e+01 2.819879e+01 
-2.083739e+01 2.818525e+01 
-2.093715e+01 2.817123e+01 
-2.103692e+01 2.815672e+01 
-2.113668e+01 2.814173e+01 
-2.123644e+01 2.812624e+01 
-2.133620e+01 2.811026e+01 
-2.143597e+01 2.809379e+01 
-2.153573e+01 2.807682e+01 
-2.163548e+01 2.805935e+01 
-2.173523e+01 2.804137e+01 
-2.183498e+01 2.802287e+01 
-2.193472e+01 2.800383e+01 
-2.203447e+01 2.798426e+01 
-2.213421e+01 2.796415e+01 
-2.223396e+01 2.794350e+01 
-2.233370e+01 2.792230e+01 
-2.243344e+01 2.790055e+01 
-2.253318e+01 2.787825e+01 
-2.263292e+01 2.785539e+01 
-2.273266e+01 2.783197e+01 
-2.283240e+01 2.780798e+01 
-2.293213e+01 2.778342e+01 
-2.303187e+01 2.775829e+01 
-2.313161e+01 2.773258e+01 
-2.323134e+01 2.770629e+01 
-2.333107e+01 2.767941e+01 
-2.343081e+01 2.765194e+01 
-2.353054e+01 2.762388e+01 
-2.363027e+01 2.759521e+01 
-2.373000e+01 2.756595e+01 
-2.382973e+01 2.753607e+01 
-2.392946e+01 2.750557e+01 
-2.402919e+01 2.747446e+01 
-2.412891e+01 2.744272e+01 
-2.422864e+01 2.741035e+01 
-2.432837e+01 2.737735e+01 
-2.442809e+01 2.734370e+01 
-2.452782e+01 2.730941e+01 
-2.462754e+01 2.727446e+01 
-2.472726e+01 2.723886e+01 
-2.482698e+01 2.720259e+01 
-2.492670e+01 2.716565e+01 
-2.502642e+01 2.712804e+01 
-2.512615e+01 2.708973e+01 
-2.522591e+01 2.705074e+01 
-2.532572e+01 2.701115e+01 
-2.542554e+01 2.697107e+01 
-2.552535e+01 2.693053e+01 
-2.562516e+01 2.688953e+01 
-2.572497e+01 2.684804e+01 
-2.582478e+01 2.680608e+01 
-2.592459e+01 2.676364e+01 
-2.602440e+01 2.672069e+01 
-2.612420e+01 2.667725e+01 
-2.622400e+01 2.663330e+01 
-2.632380e+01 2.658884e+01 
-2.642360e+01 2.654386e+01 
-2.652340e+01 2.649834e+01 
-2.662320e+01 2.645229e+01 
-2.672299e+01 2.640570e+01 
-2.682278e+01 2.635855e+01 
-2.692258e+01 2.631085e+01 
-2.702237e+01 2.626257e+01 
-2.712215e+01 2.621372e+01 
-2.722194e+01 2.616428e+01 
-2.732172e+01 2.611425e+01 
-2.742151e+01 2.606362e+01 
-2.752129e+01 2.601237e+01 
-2.762107e+01 2.596050e+01 
-2.772085e+01 2.590799e+01 
-2.782062e+01 2.585485e+01 
-2.792040e+01 2.580106e+01 
-2.802017e+01 2.574660e+01 
-2.811994e+01 2.569147e+01 
-2.821971e+01 2.563565e+01 
-2.831948e+01 2.557915e+01 
-2.841924e+01 2.552193e+01 
-2.851901e+01 2.546400e+01 
-2.861877e+01 2.540534e+01 
-2.871853e+01 2.534594e+01 
-2.881829e+01 2.528578e+01 
-2.891806e+01 2.522485e+01 
-2.901786e+01 2.516317e+01 
-2.911765e+01 2.510081e+01 
-2.921744e+01 2.503779e+01 
-2.931724e+01 2.497407e+01 
-2.941703e+01 2.490967e+01 
-2.951682e+01 2.484457e+01 
-2.961661e+01 2.477876e+01 
-2.971641e+01 2.471223e+01 
-2.981620e+01 2.464497e+01 
-2.991599e+01 2.457698e+01 
-3.001578e+01 2.450824e+01 
-3.011557e+01 2.443874e+01 
-3.021535e+01 2.436848e+01 
-3.031514e+01 2.429745e+01 
-3.041493e+01 2.422563e+01 
-3.051472e+01 2.415301e+01 
-3.061451e+01 2.407959e+01 
-3.071429e+01 2.400535e+01 
-3.081408e+01 2.393028e+01 
-3.091387e+01 2.385438e+01 
-3.101365e+01 2.377762e+01 
-3.111344e+01 2.370001e+01 
-3.121322e+01 2.362152e+01 
-3.131301e+01 2.354214e+01 
-3.141280e+01 2.346187e+01 
-3.151258e+01 2.338069e+01 
-3.161237e+01 2.329858e+01 
-3.171215e+01 2.321554e+01 
-3.181194e+01 2.313155e+01 
-3.191172e+01 2.304660e+01 
-3.201152e+01 2.296066e+01 
-3.211133e+01 2.287378e+01 
-3.221115e+01 2.278601e+01 
-3.231097e+01 2.269738e+01 
-3.241080e+01 2.260788e+01 
-3.251062e+01 2.251752e+01 
-3.261044e+01 2.242628e+01 
-3.271027e+01 2.233416e+01 
-3.281009e+01 2.224115e+01 
-3.290992e+01 2.214725e+01 
-3.300975e+01 2.205245e+01 
-3.310958e+01 2.195674e+01 
-3.320941e+01 2.186012e+01 
-3.330924e+01 2.176259e+01 
-3.340907e+01 2.166412e+01 
-3.350891e+01 2.156473e+01 
-3.360826e+01 2.146490e+01 
-3.370668e+01 2.136506e+01 
-3.380419e+01 2.126523e+01 
-3.390079e+01 2.116540e+01 
-3.399649e+01 2.106557e+01 
-3.409130e+01 2.096574e+01 
-3.418523e+01 2.086591e+01 
-3.427830e+01 2.076608e+01 
-3.437050e+01 2.066624e+01 
-3.446186e+01 2.056641e+01 
-3.455238e+01 2.046658e+01 
-3.464206e+01 2.036676e+01 
-3.473093e+01 2.026693e+01 
-3.481899e+01 2.016710e+01 
-3.490624e+01 2.006727e+01 
-3.499270e+01 1.996744e+01 
-3.507837e+01 1.986761e+01 
-3.516327e+01 1.976778e+01 
-3.524740e+01 1.966795e+01 
-3.533078e+01 1.956812e+01 
-3.541340e+01 1.946829e+01 
-3.549528e+01 1.936846e+01 
-3.557643e+01 1.926863e+01 
-3.565686e+01 1.916880e+01 
-3.573657e+01 1.906897e+01 
-3.581557e+01 1.896914e+01 
-3.589387e+01 1.886931e+01 
-3.597146e+01 1.876951e+01 
-3.604823e+01 1.866972e+01 
-3.612417e+01 1.856993e+01 
-3.619929e+01 1.847014e+01 
-3.627359e+01 1.837035e+01 
-3.634710e+01 1.827055e+01 
-3.641982e+01 1.817076e+01 
-3.649175e+01 1.807097e+01 
-3.656293e+01 1.797117e+01 
-3.663335e+01 1.787138e+01 
-3.670302e+01 1.777158e+01 
-3.677197e+01 1.767178e+01 
-3.684019e+01 1.757199e+01 
-3.690769e+01 1.747219e+01 
-3.697450e+01 1.737239e+01 
-3.704061e+01 1.727259e+01 
-3.710603e+01 1.717279e+01 
-3.717078e+01 1.707298e+01 
-3.723487e+01 1.697318e+01 
-3.729830e+01 1.687338e+01 
-3.736108e+01 1.677357e+01 
-3.742322e+01 1.667377e+01 
-3.748473e+01 1.657396e+01 
-3.754562e+01 1.647415e+01 
-3.760590e+01 1.637433e+01 
-3.766565e+01 1.627448e+01 
-3.772492e+01 1.617463e+01 
-3.778372e+01 1.607478e+01 
-3.784206e+01 1.597493e+01 
-3.789994e+01 1.587508e+01 
-3.795735e+01 1.577523e+01 
-3.801429e+01 1.567538e+01 
-3.807078e+01 1.557553e+01 
-3.812681e+01 1.547569e+01 
-3.818238e+01 1.537584e+01 
-3.823749e+01 1.527599e+01 
-3.829214e+01 1.517615e+01 
-3.834634e+01 1.507630e+01 
-3.840008e+01 1.497646e+01 
-3.845336e+01 1.487661e+01 
-3.850620e+01 1.477677e+01 
-3.855858e+01 1.467693e+01 
-3.861051e+01 1.457709e+01 
-3.866199e+01 1.447724e+01 
-3.871302e+01 1.437740e+01 
-3.876360e+01 1.427756e+01 
-3.881373e+01 1.417772e+01 
-3.886341e+01 1.407788e+01 
-3.891265e+01 1.397805e+01 
-3.896144e+01 1.387821e+01 
-3.900979e+01 1.377837e+01 
-3.905769e+01 1.367853e+01 
-3.910514e+01 1.357870e+01 
-3.915216e+01 1.347886e+01 
-3.919873e+01 1.337903e+01 
-3.924486e+01 1.327919e+01 
-3.929055e+01 1.317936e+01 
-3.933580e+01 1.307953e+01 
-3.938061e+01 1.297969e+01 
-3.942498e+01 1.287986e+01 
-3.946891e+01 1.278003e+01 
-3.951241e+01 1.268020e+01 
-3.955546e+01 1.258037e+01 
-3.959808e+01 1.248054e+01 
-3.964026e+01 1.238071e+01 
-3.968201e+01 1.228088e+01 
-3.972332e+01 1.218105e+01 
-3.976420e+01 1.208123e+01 
-3.980464e+01 1.198140e+01 
-3.984465e+01 1.188157e+01 
-3.988423e+01 1.178175e+01 
-3.992337e+01 1.168192e+01 
-3.996208e+01 1.158210e+01 
-4.000036e+01 1.148227e+01 
-4.003820e+01 1.138245e+01 
-4.007562e+01 1.128262e+01 
-4.011265e+01 1.118278e+01 
-4.014928e+01 1.108294e+01 
-4.018552e+01 1.098310e+01 
-4.022137e+01 1.088326e+01 
-4.025684e+01 1.078343e+01 
-4.029192e+01 1.068359e+01 
-4.032661e+01 1.058375e+01 
-4.036091e+01 1.048392e+01 
-4.039483e+01 1.038408e+01 
-4.042837e+01 1.028424e+01 
-4.046151e+01 1.018441e+01 
-4.049428e+01 1.008457e+01 
-4.052666e+01 9.984738e+00 
-4.055866e+01 9.884903e+00 
-4.059028e+01 9.785069e+00 
-4.062152e+01 9.685235e+00 
-4.065238e+01 9.585401e+00 
-4.068286e+01 9.485567e+00 
-4.071296e+01 9.385734e+00 
-4.074268e+01 9.285901e+00 
-4.077202e+01 9.186068e+00 
-4.080098e+01 9.086236e+00 
-4.082957e+01 8.986404e+00 
-4.085778e+01 8.886572e+00 
-4.088561e+01 8.786740e+00 
-4.091307e+01 8.686909e+00 
-4.094015e+01 8.587077e+00 
-4.096686e+01 8.487246e+00 
-4.099320e+01 8.387399e+00 
-4.101921e+01 8.287535e+00 
-4.104492e+01 8.187669e+00 
-4.107033e+01 8.087802e+00 
-4.109546e+01 7.987936e+00 
-4.112029e+01 7.888069e+00 
-4.114483e+01 7.788202e+00 
-4.116907e+01 7.688336e+00 
-4.119303e+01 7.588469e+00 
-4.121670e+01 7.488603e+00 
-4.124008e+01 7.388736e+00 
-4.126317e+01 7.288869e+00 
-4.128598e+01 7.189003e+00 
-4.130849e+01 7.089136e+00 
-4.133072e+01 6.989270e+00 
-4.135267e+01 6.889403e+00 
-4.137432e+01 6.789537e+00 
-4.139570e+01 6.689670e+00 
-4.141678e+01 6.589804e+00 
-4.143758e+01 6.489938e+00 
-4.145810e+01 6.390071e+00 
-4.147834e+01 6.290205e+00 
-4.149829e+01 6.190338e+00 
-4.151796e+01 6.090472e+00 
-4.153734e+01 5.990606e+00 
-4.155644e+01 5.890740e+00 
-4.157527e+01 5.790873e+00 
-4.159381e+01 5.691007e+00 
-4.161207e+01 5.591141e+00 
-4.163005e+01 5.491275e+00 
-4.164774e+01 5.391409e+00 
-4.166516e+01 5.291543e+00 
-4.168230e+01 5.191677e+00 
-4.169916e+01 5.091811e+00 
-4.171574e+01 4.991945e+00 
-4.173204e+01 4.892080e+00 
-4.174806e+01 4.792214e+00 
-4.176381e+01 4.692348e+00 
-4.177927e+01 4.592482e+00 
-4.179446e+01 4.492617e+00 
-4.180937e+01 4.392751e+00 
-4.182400e+01 4.292886e+00 
-4.183836e+01 4.193025e+00 
-4.185242e+01 4.093184e+00 
-4.186616e+01 3.993350e+00 
-4.187956e+01 3.893515e+00 
-4.189262e+01 3.793681e+00 
-4.190534e+01 3.693845e+00 
-4.191772e+01 3.594009e+00 
-4.192977e+01 3.494173e+00 
-4.194149e+01 3.394336e+00 
-4.195287e+01 3.294498e+00 
-4.196392e+01 3.194660e+00 
-4.197465e+01 3.094822e+00 
-4.198504e+01 2.994983e+00 
-4.199511e+01 2.895143e+00 
-4.200486e+01 2.795304e+00 
-4.201428e+01 2.695463e+00 
-4.202337e+01 2.595622e+00 
-4.203215e+01 2.495781e+00 
-4.204060e+01 2.395939e+00 
-4.204874e+01 2.296097e+00 
-4.205655e+01 2.196255e+00 
-4.206405e+01 2.096412e+00 
-4.207124e+01 1.996568e+00 
-4.207811e+01 1.896724e+00 
-4.208466e+01 1.796880e+00 
-4.209091e+01 1.697036e+00 
-4.209684e+01 1.597191e+00 
-4.210245e+01 1.497345e+00 
-4.210776e+01 1.397499e+00 
-4.211276e+01 1.297653e+00 
-4.211746e+01 1.197807e+00 
-4.212184e+01 1.097960e+00 
-4.212592e+01 9.981126e-01 
-4.212969e+01 8.982650e-01 
-4.213316e+01 7.984171e-01 
-4.213632e+01 6.985688e-01 
-4.213918e+01 5.987203e-01 
-4.223915e+01 6.012797e-01 
-4.223628e+01 7.014312e-01 
-4.223311e+01 8.015829e-01 
-4.222963e+01 9.017350e-01 
-4.222585e+01 1.001887e+00 
-4.222176e+01 1.102040e+00 
-4.221736e+01 1.202193e+00 
-4.221265e+01 1.302347e+00 
-4.220764e+01 1.402501e+00 
-4.220231e+01 1.502655e+00 
-4.219668e+01 1.602809e+00 
-4.219073e+01 1.702964e+00 
-4.218447e+01 1.803120e+00 
-4.217789e+01 1.903276e+00 
-4.217100e+01 2.003432e+00 
-4.216380e+01 2.103588e+00 
-4.215627e+01 2.203745e+00 
-4.214843e+01 2.303903e+00 
-4.214027e+01 2.404061e+00 
-4.213179e+01 2.504219e+00 
-4.212299e+01 2.604378e+00 
-4.211386e+01 2.704537e+00 
-4.210441e+01 2.804696e+00 
-4.209464e+01 2.904857e+00 
-4.208454e+01 3.005017e+00 
-4.207411e+01 3.105178e+00 
-4.206335e+01 3.205340e+00 
-4.205226e+01 3.305502e+00 
-4.204084e+01 3.405664e+00 
-4.202909e+01 3.505827e+00 
-4.201700e+01 3.605991e+00 
-4.200458e+01 3.706155e+00 
-4.199181e+01 3.806319e+00 
-4.197871e+01 3.906485e+00 
-4.196527e+01 4.006650e+00 
-4.195149e+01 4.106816e+00 
-4.193738e+01 4.206975e+00 
-4.192298e+01 4.307114e+00 
-4.190831e+01 4.407249e+00 
-4.189336e+01 4.507383e+00 
-4.187813e+01 4.607518e+00 
-4.186263e+01 4.707652e+00 
-4.184684e+01 4.807786e+00 
-4.183078e+01 4.907920e+00 
-4.181443e+01 5.008055e+00 
-4.179781e+01 5.108189e+00 
-4.178090e+01 5.208323e+00 
-4.176372e+01 5.308457e+00 
-4.174626e+01 5.408591e+00 
-4.172851e+01 5.508725e+00 
-4.171048e+01 5.608859e+00 
-4.169218e+01 5.708993e+00 
-4.167359e+01 5.809127e+00 
-4.165471e+01 5.909260e+00 
-4.163556e+01 6.009394e+00 
-4.161612e+01 6.109528e+00 
-4.159640e+01 6.209662e+00 
-4.157640e+01 6.309795e+00 
-4.155611e+01 6.409929e+00 
-4.153554e+01 6.510062e+00 
-4.151468e+01 6.610196e+00 
-4.149354e+01 6.710330e+00 
-4.147211e+01 6.810463e+00 
-4.145039e+01 6.910597e+00 
-4.142839e+01 7.010730e+00 
-4.140611e+01 7.110864e+00 
-4.138353e+01 7.210997e+00 
-4.136066e+01 7.311131e+00 
-4.133751e+01 7.411264e+00 
-4.131407e+01 7.511397e+00 
-4.129034e+01 7.611531e+00 
-4.126632e+01 7.711664e+00 
-4.124200e+01 7.811798e+00 
-4.121740e+01 7.911931e+00 
-4.119250e+01 8.012064e+00 
-4.116731e+01 8.112198e+00 
-4.114183e+01 8.212331e+00 
-4.111605e+01 8.312465e+00 
-4.108998e+01 8.412601e+00 
-4.106356e+01 8.512754e+00 
-4.103676e+01 8.612923e+00 
-4.100958e+01 8.713091e+00 
-4.098203e+01 8.813260e+00 
-4.095410e+01 8.913428e+00 
-4.092580e+01 9.013596e+00 
-4.089712e+01 9.113764e+00 
-4.086806e+01 9.213932e+00 
-4.083862e+01 9.314099e+00 
-4.080880e+01 9.414266e+00 
-4.077860e+01 9.514433e+00 
-4.074802e+01 9.614599e+00 
-4.071706e+01 9.714765e+00 
-4.068572e+01 9.814931e+00 
-4.065400e+01 9.915097e+00 
-4.062189e+01 1.001526e+01 
-4.058940e+01 1.011543e+01 
-4.055653e+01 1.021559e+01 
-4.052327e+01 1.031576e+01 
-4.048963e+01 1.041592e+01 
-4.045560e+01 1.051608e+01 
-4.042118e+01 1.061625e+01 
-4.038638e+01 1.071641e+01 
-4.035119e+01 1.081657e+01 
-4.031561e+01 1.091674e+01 
-4.027964e+01 1.101690e+01 
-4.024328e+01 1.111706e+01 
-4.020653e+01 1.121722e+01 
-4.016939e+01 1.131738e+01 
-4.013184e+01 1.141755e+01 
-4.009386e+01 1.151773e+01 
-4.005545e+01 1.161790e+01 
-4.001661e+01 1.171808e+01 
-3.997733e+01 1.181825e+01 
-3.993761e+01 1.191843e+01 
-3.989747e+01 1.201860e+01 
-3.985688e+01 1.211877e+01 
-3.981587e+01 1.221895e+01 
-3.977441e+01 1.231912e+01 
-3.973252e+01 1.241929e+01 
-3.969020e+01 1.251946e+01 
-3.964743e+01 1.261963e+01 
-3.960423e+01 1.271980e+01 
-3.956059e+01 1.281997e+01 
-3.951651e+01 1.292014e+01 
-3.947199e+01 1.302031e+01 
-3.942703e+01 1.312047e+01 
-3.938163e+01 1.322064e+01 
-3.933579e+01 1.332081e+01 
-3.928951e+01 1.342097e+01 
-3.924278e+01 1.352114e+01 
-3.919562e+01 1.362130e+01 
-3.914800e+01 1.372147e+01 
-3.909994e+01 1.382163e+01 
-3.905144e+01 1.392179e+01 
-3.900249e+01 1.402195e+01 
-3.895310e+01 1.412212e+01 
-3.890325e+01 1.422228e+01 
-3.885296e+01 1.432244e+01 
-3.880222e+01 1.442260e+01 
-3.875103e+01 1.452276e+01 
-3.869939e+01 1.462291e+01 
-3.864730e+01 1.472307e+01 
-3.859475e+01 1.482323e+01 
-3.854175e+01 1.492339e+01 
-3.848830e+01 1.502354e+01 
-3.843439e+01 1.512370e+01 
-3.838003e+01 1.522385e+01 
-3.832521e+01 1.532401e+01 
-3.826993e+01 1.542416e+01 
-3.821419e+01 1.552431e+01 
-3.815799e+01 1.562447e+01 
-3.810133e+01 1.572462e+01 
-3.804421e+01 1.582477e+01 
-3.798663e+01 1.592492e+01 
-3.792858e+01 1.602507e+01 
-3.787007e+01 1.612522e+01 
-3.781109e+01 1.622537e+01 
-3.775164e+01 1.632552e+01 
-3.769171e+01 1.642567e+01 
-3.763122e+01 1.652585e+01 
-3.757010e+01 1.662604e+01 
-3.750835e+01 1.672623e+01 
-3.744597e+01 1.682643e+01 
-3.738294e+01 1.692662e+01 
-3.731927e+01 1.702682e+01 
-3.725493e+01 1.712702e+01 
-3.718992e+01 1.722721e+01 
-3.712424e+01 1.732741e+01 
-3.705786e+01 1.742761e+01 
-3.699079e+01 1.752781e+01 
-3.692302e+01 1.762801e+01 
-3.685452e+01 1.772822e+01 
-3.678530e+01 1.782842e+01 
-3.671534e+01 1.792862e+01 
-3.664464e+01 1.802883e+01 
-3.657317e+01 1.812903e+01 
-3.650094e+01 1.822924e+01 
-3.642792e+01 1.832945e+01 
-3.635411e+01 1.842965e+01 
-3.627950e+01 1.852986e+01 
-3.620407e+01 1.863007e+01 
-3.612781e+01 1.873028e+01 
-3.605071e+01 1.883049e+01 
-3.597282e+01 1.893069e+01 
-3.589425e+01 1.903086e+01 
-3.581499e+01 1.913103e+01 
-3.573501e+01 1.923120e+01 
-3.565431e+01 1.933137e+01 
-3.557288e+01 1.943154e+01 
-3.549072e+01 1.953171e+01 
-3.540781e+01 1.963188e+01 
-3.532416e+01 1.973205e+01 
-3.523974e+01 1.983222e+01 
-3.515455e+01 1.993239e+01 
-3.506858e+01 2.003256e+01 
-3.498183e+01 2.013273e+01 
-3.489428e+01 2.023290e+01 
-3.480593e+01 2.033307e+01 
-3.471676e+01 2.043324e+01 
-3.462677e+01 2.053342e+01 
-3.453594e+01 2.063359e+01 
-3.444427e+01 2.073376e+01 
-3.435176e+01 2.083392e+01 
-3.425838e+01 2.093409e+01 
-3.416413e+01 2.103426e+01 
-3.406900e+01 2.113443e+01 
-3.397298e+01 2.123460e+01 
-3.387605e+01 2.133477e+01 
-3.377822e+01 2.143494e+01 
-3.367947e+01 2.153510e+01 
-3.357979e+01 2.163527e+01 
-3.347963e+01 2.173499e+01 
-3.337946e+01 2.183378e+01 
-3.327929e+01 2.193165e+01 
-3.317912e+01 2.202860e+01 
-3.307895e+01 2.212463e+01 
-3.297878e+01 2.221976e+01 
-3.287861e+01 2.231399e+01 
-3.277843e+01 2.240732e+01 
-3.267826e+01 2.249977e+01 
-3.257808e+01 2.259133e+01 
-3.247791e+01 2.268202e+01 
-3.237773e+01 2.277183e+01 
-3.227755e+01 2.286078e+01 
-3.217737e+01 2.294888e+01 
-3.207718e+01 2.303609e+01 
-3.197698e+01 2.312238e+01 
-3.187676e+01 2.320770e+01 
-3.177655e+01 2.329205e+01 
-3.167633e+01 2.337545e+01 
-3.157612e+01 2.345791e+01 
-3.147591e+01 2.353944e+01 
-3.137569e+01 2.362006e+01 
-3.127548e+01 2.369978e+01 
-3.117526e+01 2.377861e+01 
-3.107505e+01 2.385656e+01 
-3.097484e+01 2.393364e+01 
-3.087462e+01 2.400987e+01 
-3.077441e+01 2.408526e+01 
-3.067420e+01 2.415982e+01 
-3.057398e+01 2.423356e+01 
-3.047377e+01 2.430648e+01 
-3.037356e+01 2.437861e+01 
-3.027335e+01 2.444995e+01 
-3.017314e+01 2.452051e+01 
-3.007293e+01 2.459030e+01 
-2.997271e+01 2.465933e+01 
-2.987251e+01 2.472761e+01 
-2.977230e+01 2.479515e+01 
-2.967209e+01 2.486196e+01 
-2.957188e+01 2.492805e+01 
-2.947167e+01 2.499342e+01 
-2.937146e+01 2.505810e+01 
-2.927126e+01 2.512207e+01 
-2.917105e+01 2.518536e+01 
-2.907085e+01 2.524797e+01 
-2.897064e+01 2.530991e+01 
-2.887041e+01 2.537112e+01 
-2.877017e+01 2.543157e+01 
-2.866993e+01 2.549126e+01 
-2.856969e+01 2.555020e+01 
-2.846946e+01 2.560841e+01 
-2.836923e+01 2.566589e+01 
-2.826899e+01 2.572267e+01 
-2.816876e+01 2.577874e+01 
-2.806853e+01 2.583412e+01 
-2.796831e+01 2.588883e+01 
-2.786808e+01 2.594287e+01 
-2.776786e+01 2.599626e+01 
-2.766763e+01 2.604899e+01 
-2.756741e+01 2.610109e+01 
-2.746719e+01 2.615257e+01 
-2.736698e+01 2.620343e+01 
-2.726676e+01 2.625367e+01 
-2.716655e+01 2.630333e+01 
-2.706634e+01 2.635239e+01 
-2.696613e+01 2.640087e+01 
-2.686592e+01 2.644877e+01 
-2.676571e+01 2.649612e+01 
-2.666550e+01 2.654290e+01 
-2.656530e+01 2.658914e+01 
-2.646510e+01 2.663484e+01 
-2.636490e+01 2.668001e+01 
-2.626470e+01 2.672465e+01 
-2.616450e+01 2.676877e+01 
-2.606431e+01 2.681239e+01 
-2.596411e+01 2.685549e+01 
-2.586392e+01 2.689811e+01 
-2.576373e+01 2.694023e+01 
-2.566354e+01 2.698187e+01 
-2.556335e+01 2.702303e+01 
-2.546317e+01 2.706372e+01 
-2.536298e+01 2.710395e+01 
-2.526279e+01 2.714370e+01 
-2.516255e+01 2.718287e+01 
-2.506228e+01 2.722139e+01 
-2.496200e+01 2.725922e+01 
-2.486172e+01 2.729636e+01 
-2.476144e+01 2.733284e+01 
-2.466116e+01 2.736864e+01 
-2.456089e+01 2.740378e+01 
-2.446061e+01 2.743826e+01 
-2.436034e+01 2.747210e+01 
-2.426006e+01 2.750529e+01 
-2.415979e+01 2.753783e+01 
-2.405951e+01 2.756975e+01 
-2.395924e+01 2.760103e+01 
-2.385897e+01 2.763170e+01 
-2.375870e+01 2.766174e+01 
-2.365843e+01 2.769117e+01 
-2.355816e+01 2.771999e+01 
-2.345790e+01 2.774821e+01 
-2.335763e+01 2.777582e+01 
-2.325736e+01 2.780285e+01 
-2.315710e+01 2.782928e+01 
-2.305683e+01 2.785513e+01 
-2.295657e+01 2.788039e+01 
-2.285631e+01 2.790508e+01 
-2.275604e+01 2.792920e+01 
-2.265578e+01 2.795274e+01 
-2.255552e+01 2.797572e+01 
-2.245526e+01 2.799814e+01 
-2.235500e+01 2.802001e+01 
-2.225475e+01 2.804132e+01 
-2.215449e+01 2.806208e+01 
-2.205423e+01 2.808229e+01 
-2.195398e+01 2.810196e+01 
-2.185372e+01 2.812110e+01 
-2.175347e+01 2.813969e+01 
-2.165322e+01 2.815776e+01 
-2.155298e+01 2.817532e+01 
-2.145274e+01 2.819237e+01 
-2.135250e+01 2.820893e+01 
-2.125226e+01 2.822498e+01 
-2.115202e+01 2.824054e+01 
-2.105178e+01 2.825561e+01 
-2.095155e+01 2.827019e+01 
-2.085131e+01 2.828428e+01 
-2.075107e+01 2.829788e+01 
-2.065084e+01 2.831100e+01 
-2.055060e+01 2.832364e+01 
-2.045037e+01 2.833579e+01 
-2.035014e+01 2.834747e+01 
-2.024990e+01 2.835867e+01 
-2.014967e+01 2.836940e+01 
-2.004944e+01 2.837965e+01 
-1.994921e+01 2.838943e+01 
-1.984898e+01 2.839875e+01 
-1.974875e+01 2.840760e+01 
-1.964852e+01 2.841599e+01 
-1.954829e+01 2.842391e+01 
-1.944806e+01 2.843137e+01 
-1.934784e+01 2.843838e+01 
-1.924761e+01 2.844493e+01 
-1.914739e+01 2.845102e+01 
-1.904716e+01 2.845667e+01 
-1.894694e+01 2.846186e+01 
-1.884672e+01 2.846661e+01 
-1.874649e+01 2.847091e+01 
-1.864627e+01 2.847477e+01 
-1.854605e+01 2.847818e+01 
-1.844583e+01 2.848116e+01 
-1.834562e+01 2.848370e+01 
-1.824540e+01 2.848580e+01 
-1.814518e+01 2.848747e+01 
-1.804496e+01 2.848869e+01 
-1.794469e+01 2.848937e+01 
-1.784440e+01 2.848947e+01 
-1.774411e+01 2.848898e+01 
-1.764382e+01 2.848792e+01 
-1.754353e+01 2.848626e+01 
-1.744324e+01 2.848403e+01 
-1.734294e+01 2.848121e+01 
-1.724265e+01 2.847780e+01 
-1.714236e+01 2.847382e+01 
-1.704207e+01 2.846925e+01 
-1.694179e+01 2.846409e+01 
-1.684150e+01 2.845836e+01 
-1.674121e+01 2.845205e+01 
-1.664092e+01 2.844515e+01 
-1.654063e+01 2.843767e+01 
-1.644035e+01 2.842961e+01 
-1.634006e+01 2.842097e+01 
-1.623977e+01 2.841175e+01 
-1.613949e+01 2.840195e+01 
-1.603920e+01 2.839157e+01 
-1.593892e+01 2.838062e+01 
-1.583864e+01 2.836908e+01 
-1.573836e+01 2.835697e+01 
-1.563807e+01 2.834428e+01 
-1.553779e+01 2.833102e+01 
-1.543751e+01 2.831718e+01 
-1.533724e+01 2.830277e+01 
-1.523696e+01 2.828778e+01 
-1.513668e+01 2.827222e+01 
-1.503639e+01 2.825605e+01 
-1.493607e+01 2.823922e+01 
-1.483575e+01 2.822169e+01 
-1.473543e+01 2.820350e+01 
-1.463511e+01 2.818462e+01 
-1.453479e+01 2.816509e+01 
-1.443448e+01 2.814490e+01 
-1.433418e+01 2.812405e+01 
-1.423388e+01 2.810256e+01 
-1.413358e+01 2.808044e+01 
-1.403329e+01 2.805768e+01 
-1.393300e+01 2.803431e+01 
-1.383272e+01 2.801031e+01 
-1.373244e+01 2.798571e+01 
-1.363216e+01 2.796051e+01 
-1.353189e+01 2.793472e+01 
-1.343163e+01 2.790834e+01 
-1.333137e+01 2.788139e+01 
-1.323111e+01 2.785386e+01 
-1.313085e+01 2.782574e+01 
-1.303054e+01 2.779692e+01 
-1.293021e+01 2.776735e+01 
-1.282988e+01 2.773702e+01 
-1.272955e+01 2.770594e+01 
-1.262922e+01 2.767409e+01 
-1.252890e+01 2.764149e+01 
-1.242857e+01 2.760812e+01 
-1.232825e+01 2.757399e+01 
-1.222792e+01 2.753909e+01 
-1.212760e+01 2.750342e+01 
-1.202728e+01 2.746698e+01 
-1.192696e+01 2.742978e+01 
-1.182665e+01 2.739181e+01 
-1.172634e+01 2.735307e+01 
-1.162603e+01 2.731356e+01 
-1.152572e+01 2.727329e+01 
-1.142542e+01 2.723225e+01 
-1.132512e+01 2.719045e+01 
-1.122482e+01 2.714789e+01 
-1.112452e+01 2.710456e+01 
-1.102423e+01 2.706049e+01 
-1.092394e+01 2.701565e+01 
-1.082366e+01 2.697007e+01 
-1.072338e+01 2.692374e+01 
-1.062310e+01 2.687667e+01 
-1.052283e+01 2.682886e+01 
-1.042256e+01 2.678031e+01 
-1.032230e+01 2.673104e+01 
-1.022204e+01 2.668104e+01 
-1.012177e+01 2.663028e+01 
-1.002149e+01 2.657872e+01 
-9.921214e+00 2.652638e+01 
-9.820944e+00 2.647327e+01 
-9.720676e+00 2.641936e+01 
-9.620363e+00 2.636452e+01 
-9.520002e+00 2.630856e+01 
-9.419630e+00 2.625147e+01 
-9.319262e+00 2.619325e+01 
-9.218900e+00 2.613391e+01 
-9.118543e+00 2.607343e+01 
-9.018192e+00 2.601183e+01 
-8.917846e+00 2.594910e+01 
-8.817505e+00 2.588524e+01 
-8.717170e+00 2.582026e+01 
-8.616840e+00 2.575415e+01 
-8.516515e+00 2.568692e+01 
-8.416196e+00 2.561856e+01 
-8.315881e+00 2.554908e+01 
-8.215572e+00 2.547848e+01 
-8.115269e+00 2.540677e+01 
-8.014970e+00 2.533393e+01 
-7.914677e+00 2.525998e+01 
-7.814389e+00 2.518491e+01 
-7.714106e+00 2.510874e+01 
-7.613828e+00 2.503145e+01 
-7.513555e+00 2.495306e+01 
-7.413287e+00 2.487356e+01 
-7.313024e+00 2.479296e+01 
-7.212766e+00 2.471127e+01 
-7.112513e+00 2.462848e+01 
-7.012264e+00 2.454460e+01 
-6.912021e+00 2.445963e+01 
-6.811782e+00 2.437358e+01 
-6.711548e+00 2.428645e+01 
-6.611317e+00 2.419824e+01 
-6.511060e+00 2.410877e+01 
-6.410769e+00 2.401786e+01 
-6.310484e+00 2.392553e+01 
-6.210209e+00 2.383180e+01 
-6.109942e+00 2.373670e+01 
-6.009685e+00 2.364025e+01 
-5.909436e+00 2.354245e+01 
-5.809196e+00 2.344334e+01 
-5.709142e+00 2.334311e+01 
-5.610353e+00 2.324288e+01 
-5.512764e+00 2.314267e+01 
-5.416311e+00 2.304246e+01 
-5.320934e+00 2.294226e+01 
-5.226594e+00 2.284206e+01 
-5.133604e+00 2.274178e+01 
-5.042453e+00 2.264140e+01 
-4.953201e+00 2.254101e+01 
-4.865771e+00 2.244062e+01 
-4.780081e+00 2.234025e+01 
-4.696057e+00 2.223988e+01 
-4.613626e+00 2.213952e+01 
-4.532718e+00 2.203917e+01 
-4.453264e+00 2.193882e+01 
-4.375201e+00 2.183849e+01 
-4.298471e+00 2.173816e+01 
-4.223020e+00 2.163784e+01 
-4.148792e+00 2.153753e+01 
-4.075735e+00 2.143722e+01 
-4.003800e+00 2.133693e+01 
-3.932945e+00 2.123664e+01 
-3.863122e+00 2.113636e+01 
-3.794289e+00 2.103608e+01 
-3.726410e+00 2.093581e+01 
-3.659444e+00 2.083556e+01 
-3.593354e+00 2.073531e+01 
-3.528109e+00 2.063506e+01 
-3.463673e+00 2.053482e+01 
-3.400016e+00 2.043459e+01 
-3.337130e+00 2.033436e+01 
-3.274989e+00 2.023413e+01 
-3.213566e+00 2.013391e+01 
-3.152838e+00 2.003370e+01 
-3.092776e+00 1.993349e+01 
-3.033362e+00 1.983329e+01 
-2.974585e+00 1.973308e+01 
-2.916462e+00 1.963287e+01 
-2.859154e+00 1.953259e+01 
-2.802762e+00 1.943229e+01 
-2.747253e+00 1.933200e+01 
-2.692598e+00 1.923171e+01 
-2.638781e+00 1.913143e+01 
-2.585786e+00 1.903115e+01 
-2.533595e+00 1.893087e+01 
-2.482194e+00 1.883059e+01 
-2.431566e+00 1.873032e+01 
-2.381696e+00 1.863005e+01 
-2.332570e+00 1.852978e+01 
-2.284193e+00 1.842951e+01 
-2.236710e+00 1.832917e+01 
-2.190154e+00 1.822883e+01 
-2.144501e+00 1.812849e+01 
-2.099720e+00 1.802816e+01 
-2.055782e+00 1.792784e+01 
-2.012656e+00 1.782753e+01 
-1.970317e+00 1.772723e+01 
-1.928708e+00 1.762695e+01 
-1.887771e+00 1.752669e+01 
-1.847466e+00 1.742644e+01 
-1.807762e+00 1.732620e+01 
-1.768634e+00 1.722597e+01 
-1.730058e+00 1.712575e+01 
-1.692010e+00 1.702553e+01 
-1.654468e+00 1.692533e+01 
-1.617412e+00 1.682513e+01 
-1.580823e+00 1.672494e+01 
-1.544683e+00 1.662475e+01 
-1.509040e+00 1.652454e+01 
-1.474085e+00 1.642424e+01 
-1.439874e+00 1.632392e+01 
-1.406380e+00 1.622362e+01 
-1.373565e+00 1.612333e+01 
-1.341329e+00 1.602309e+01 
-1.309612e+00 1.592287e+01 
-1.278380e+00 1.582266e+01 
-1.247605e+00 1.572247e+01 
-1.217259e+00 1.562228e+01 
-1.187323e+00 1.552210e+01 
-1.157836e+00 1.542190e+01 
-1.128841e+00 1.532168e+01 
-1.100334e+00 1.522147e+01 
-1.072297e+00 1.512126e+01 
-1.044714e+00 1.502106e+01 
-1.017565e+00 1.492086e+01 
-9.906624e-01 1.482076e+01 
-9.640027e-01 1.472065e+01 
-9.376374e-01 1.462052e+01 
-9.115950e-01 1.452037e+01 
-8.858979e-01 1.442021e+01 
-8.605404e-01 1.432006e+01 
-8.354689e-01 1.421993e+01 
-8.107160e-01 1.411978e+01 
-7.863334e-01 1.401961e+01 
-7.623642e-01 1.391942e+01 
-7.388473e-01 1.381921e+01 
-7.158255e-01 1.371898e+01 
-6.933376e-01 1.361873e+01 
-6.712638e-01 1.351854e+01 
-6.496950e-01 1.341830e+01 
-6.286677e-01 1.331805e+01 
-6.081994e-01 1.321779e+01 
-5.882925e-01 1.311752e+01 
-5.689471e-01 1.301726e+01 
-5.501628e-01 1.291699e+01 
-5.319393e-01 1.281673e+01 
-5.142875e-01 1.271645e+01 
-4.972047e-01 1.261618e+01 
-4.806612e-01 1.251593e+01 
-4.646467e-01 1.241567e+01 
-4.495825e-01 1.231520e+01 
-4.352088e-01 1.221488e+01 
-4.214048e-01 1.211460e+01 
-4.080089e-01 1.201441e+01 
-3.952125e-01 1.191411e+01 
-3.829306e-01 1.181387e+01 
-3.712525e-01 1.171357e+01 
-3.601779e-01 1.161327e+01 
-3.497452e-01 1.151296e+01 
-3.397901e-01 1.141273e+01 
-3.302537e-01 1.131252e+01 
-4.298040e-01 1.130305e+01 
