-1.930401e+00 6.518350e+00 
-1.939270e+00 6.618299e+00 
-1.948243e+00 6.718261e+00 
-1.957295e+00 6.818233e+00 
-1.966404e+00 6.918217e+00 
-1.975547e+00 7.018208e+00 
-1.984705e+00 7.118171e+00 
-1.993931e+00 7.218061e+00 
-2.003379e+00 7.317953e+00 
-2.013046e+00 7.417846e+00 
-2.022931e+00 7.517740e+00 
-2.033030e+00 7.617635e+00 
-2.043341e+00 7.717516e+00 
-2.053889e+00 7.817349e+00 
-2.064773e+00 7.917163e+00 
-2.076034e+00 8.016964e+00 
-2.087698e+00 8.116742e+00 
-2.099816e+00 8.216525e+00 
-2.112376e+00 8.316315e+00 
-2.125367e+00 8.416112e+00 
-2.138776e+00 8.515929e+00 
-2.152570e+00 8.615806e+00 
-2.166623e+00 8.715719e+00 
-2.180856e+00 8.815641e+00 
-2.195250e+00 8.915566e+00 
-2.209799e+00 9.015495e+00 
-2.224504e+00 9.115497e+00 
-2.239222e+00 9.215603e+00 
-2.253662e+00 9.315312e+00 
-2.268712e+00 9.415093e+00 
-2.284215e+00 9.514883e+00 
-2.300152e+00 9.614660e+00 
-2.316550e+00 9.714420e+00 
-2.333440e+00 9.814150e+00 
-2.350892e+00 9.913876e+00 
-2.368917e+00 1.001360e+01 
-2.387523e+00 1.011332e+01 
-2.406723e+00 1.021305e+01 
-2.426505e+00 1.031282e+01 
-2.446749e+00 1.041257e+01 
-2.467523e+00 1.051229e+01 
-2.488907e+00 1.061201e+01 
-2.510878e+00 1.071175e+01 
-2.533416e+00 1.081147e+01 
-2.556550e+00 1.091116e+01 
-2.580332e+00 1.101084e+01 
-2.604820e+00 1.111048e+01 
-2.630076e+00 1.121010e+01 
-2.656177e+00 1.130973e+01 
-2.683116e+00 1.140945e+01 
-2.710653e+00 1.150908e+01 
-2.738990e+00 1.160863e+01 
-2.768333e+00 1.170815e+01 
-2.798751e+00 1.180765e+01 
-2.830310e+00 1.190712e+01 
-2.863084e+00 1.200654e+01 
-2.897185e+00 1.210594e+01 
-2.932708e+00 1.220531e+01 
-2.969747e+00 1.230469e+01 
-3.008302e+00 1.240414e+01 
-3.048105e+00 1.250327e+01 
-3.090040e+00 1.260232e+01 
-3.134388e+00 1.270132e+01 
-3.181376e+00 1.280032e+01 
-3.231069e+00 1.289922e+01 
-3.283843e+00 1.299811e+01 
-3.339791e+00 1.309685e+01 
-3.399568e+00 1.319551e+01 
-3.463571e+00 1.329401e+01 
-3.532911e+00 1.339266e+01 
-3.607376e+00 1.349141e+01 
-3.686752e+00 1.359004e+01 
-3.771967e+00 1.368852e+01 
-3.864371e+00 1.378688e+01 
-3.962561e+00 1.388218e+01 
-4.060782e+00 1.396854e+01 
-4.159508e+00 1.404749e+01 
-4.258261e+00 1.412138e+01 
-4.356947e+00 1.419059e+01 
-4.455613e+00 1.425520e+01 
-4.554256e+00 1.431545e+01 
-4.652882e+00 1.437149e+01 
-4.751488e+00 1.442351e+01 
-4.850078e+00 1.447164e+01 
-4.948659e+00 1.451602e+01 
-5.047373e+00 1.455684e+01 
-5.146299e+00 1.459457e+01 
-5.245258e+00 1.462973e+01 
-5.344184e+00 1.466246e+01 
-5.443069e+00 1.469271e+01 
-5.542028e+00 1.472049e+01 
-5.641252e+00 1.474604e+01 
-5.740425e+00 1.476989e+01 
-5.839582e+00 1.479197e+01 
-5.938720e+00 1.481226e+01 
-6.037842e+00 1.483074e+01 
-6.136962e+00 1.484739e+01 
-6.236142e+00 1.486224e+01 
-6.335397e+00 1.487542e+01 
-6.434673e+00 1.488709e+01 
-6.533945e+00 1.489730e+01 
-6.633214e+00 1.490604e+01 
-6.732481e+00 1.491331e+01 
-6.831745e+00 1.491912e+01 
-6.931009e+00 1.492347e+01 
-7.030272e+00 1.492635e+01 
-7.129535e+00 1.492776e+01 
-7.228798e+00 1.492771e+01 
-7.328064e+00 1.492620e+01 
-7.427331e+00 1.492323e+01 
-7.526601e+00 1.491880e+01 
-7.625875e+00 1.491292e+01 
-7.725153e+00 1.490558e+01 
-7.824435e+00 1.489680e+01 
-7.923723e+00 1.488657e+01 
-8.023018e+00 1.487490e+01 
-8.122348e+00 1.486179e+01 
-8.221757e+00 1.484730e+01 
-8.321170e+00 1.483160e+01 
-8.420579e+00 1.481468e+01 
-8.519984e+00 1.479653e+01 
-8.619385e+00 1.477713e+01 
-8.718783e+00 1.475647e+01 
-8.818177e+00 1.473453e+01 
-8.917568e+00 1.471129e+01 
-9.016957e+00 1.468674e+01 
-9.116343e+00 1.466085e+01 
-9.215728e+00 1.463361e+01 
-9.315136e+00 1.460500e+01 
-9.414640e+00 1.457502e+01 
-9.514201e+00 1.454389e+01 
-9.613756e+00 1.451175e+01 
-9.713304e+00 1.447858e+01 
-9.812845e+00 1.444436e+01 
-9.912380e+00 1.440905e+01 
-1.001191e+01 1.437263e+01 
-1.011143e+01 1.433508e+01 
-1.021095e+01 1.429636e+01 
-1.031046e+01 1.425645e+01 
-1.040996e+01 1.421532e+01 
-1.050946e+01 1.417293e+01 
-1.060896e+01 1.412925e+01 
-1.070844e+01 1.408425e+01 
-1.080793e+01 1.403790e+01 
-1.090741e+01 1.399016e+01 
-1.100688e+01 1.394100e+01 
-1.110636e+01 1.389036e+01 
-1.120587e+01 1.383824e+01 
-1.130540e+01 1.378468e+01 
-1.140494e+01 1.372976e+01 
-1.150447e+01 1.367344e+01 
-1.160399e+01 1.361569e+01 
-1.170352e+01 1.355647e+01 
-1.180304e+01 1.349574e+01 
-1.190256e+01 1.343348e+01 
-1.200209e+01 1.336962e+01 
-1.210170e+01 1.330413e+01 
-1.220131e+01 1.323728e+01 
-1.230093e+01 1.316907e+01 
-1.240054e+01 1.309948e+01 
-1.250015e+01 1.302848e+01 
-1.259977e+01 1.295604e+01 
-1.269938e+01 1.288213e+01 
-1.279900e+01 1.280672e+01 
-1.289861e+01 1.272978e+01 
-1.299822e+01 1.265126e+01 
-1.309781e+01 1.257116e+01 
-1.319739e+01 1.248930e+01 
-1.329698e+01 1.240562e+01 
-1.339657e+01 1.232007e+01 
-1.349615e+01 1.223259e+01 
-1.359574e+01 1.214316e+01 
-1.369533e+01 1.205171e+01 
-1.379493e+01 1.195819e+01 
-1.389453e+01 1.186254e+01 
-1.399413e+01 1.176472e+01 
-1.409330e+01 1.166512e+01 
-1.419030e+01 1.156551e+01 
-1.428524e+01 1.146589e+01 
-1.437817e+01 1.136628e+01 
-1.446919e+01 1.126666e+01 
-1.455835e+01 1.116703e+01 
-1.464577e+01 1.106736e+01 
-1.473168e+01 1.096767e+01 
-1.481620e+01 1.086797e+01 
-1.489935e+01 1.076829e+01 
-1.498113e+01 1.066860e+01 
-1.506156e+01 1.056892e+01 
-1.514066e+01 1.046924e+01 
-1.521842e+01 1.036957e+01 
-1.529488e+01 1.026990e+01 
-1.537002e+01 1.017023e+01 
-1.544387e+01 1.007057e+01 
-1.551644e+01 9.970908e+00 
-1.558774e+01 9.871251e+00 
-1.565778e+01 9.771598e+00 
-1.572656e+01 9.671949e+00 
-1.579409e+01 9.572303e+00 
-1.586039e+01 9.472660e+00 
-1.592547e+01 9.373021e+00 
-1.598932e+01 9.273386e+00 
-1.605198e+01 9.173732e+00 
-1.611352e+01 9.074068e+00 
-1.617397e+01 8.974404e+00 
-1.623337e+01 8.874741e+00 
-1.629171e+01 8.775077e+00 
-1.634901e+01 8.675414e+00 
-1.640530e+01 8.575750e+00 
-1.646057e+01 8.476086e+00 
-1.651485e+01 8.376422e+00 
-1.656815e+01 8.276758e+00 
-1.662047e+01 8.177092e+00 
-1.667185e+01 8.077426e+00 
-1.672228e+01 7.977760e+00 
-1.677178e+01 7.878092e+00 
-1.682036e+01 7.778420e+00 
-1.686806e+01 7.678737e+00 
-1.691490e+01 7.579048e+00 
-1.696091e+01 7.479355e+00 
-1.700611e+01 7.379660e+00 
-1.705050e+01 7.279964e+00 
-1.709411e+01 7.180267e+00 
-1.713693e+01 7.080568e+00 
-1.717899e+01 6.980868e+00 
-1.722028e+01 6.881167e+00 
-1.726082e+01 6.781464e+00 
-1.730062e+01 6.681759e+00 
-1.733969e+01 6.582053e+00 
-1.737804e+01 6.482345e+00 
-1.741567e+01 6.382636e+00 
-1.745260e+01 6.282924e+00 
-1.748883e+01 6.183212e+00 
-1.752438e+01 6.083479e+00 
-1.755930e+01 5.983731e+00 
-1.759363e+01 5.883982e+00 
-1.762736e+01 5.784233e+00 
-1.766051e+01 5.684484e+00 
-1.769307e+01 5.584734e+00 
-1.772505e+01 5.484984e+00 
-1.775646e+01 5.385233e+00 
-1.778730e+01 5.285482e+00 
-1.781757e+01 5.185730e+00 
-1.784726e+01 5.086000e+00 
-1.787635e+01 4.986299e+00 
-1.790475e+01 4.886601e+00 
-1.793248e+01 4.786903e+00 
-1.795954e+01 4.687205e+00 
-1.798594e+01 4.587506e+00 
-1.801167e+01 4.487807e+00 
-1.803674e+01 4.388108e+00 
-1.806115e+01 4.288409e+00 
-1.808491e+01 4.188709e+00 
-1.810802e+01 4.089009e+00 
-1.813049e+01 3.989308e+00 
-1.815232e+01 3.889607e+00 
-1.817350e+01 3.789906e+00 
-1.819406e+01 3.690204e+00 
-1.821398e+01 3.590502e+00 
-1.823327e+01 3.490799e+00 
-1.825193e+01 3.391096e+00 
-1.826998e+01 3.291393e+00 
-1.828740e+01 3.191689e+00 
-1.830421e+01 3.091985e+00 
-1.832040e+01 2.992280e+00 
-1.833599e+01 2.892575e+00 
-1.835096e+01 2.792869e+00 
-1.836533e+01 2.693163e+00 
-1.837909e+01 2.593456e+00 
-1.839226e+01 2.493749e+00 
-1.840482e+01 2.394042e+00 
-1.841679e+01 2.294334e+00 
-1.842816e+01 2.194625e+00 
-1.843894e+01 2.094916e+00 
-1.844914e+01 1.995193e+00 
-1.845877e+01 1.895431e+00 
-1.846793e+01 1.795669e+00 
-1.847660e+01 1.695907e+00 
-1.848480e+01 1.596146e+00 
-1.849251e+01 1.496386e+00 
-1.849974e+01 1.396626e+00 
-1.850649e+01 1.296866e+00 
-1.851276e+01 1.197108e+00 
-1.851854e+01 1.097349e+00 
-1.852383e+01 9.975915e-01 
-1.852865e+01 8.978342e-01 
-1.853297e+01 7.980774e-01 
-1.853681e+01 6.983212e-01 
-1.854016e+01 5.985654e-01 
-1.864012e+01 6.014346e-01 
-1.863675e+01 7.016788e-01 
-1.863290e+01 8.019226e-01 
-1.862855e+01 9.021658e-01 
-1.862372e+01 1.002409e+00 
-1.861840e+01 1.102651e+00 
-1.861259e+01 1.202892e+00 
-1.860629e+01 1.303134e+00 
-1.859951e+01 1.403374e+00 
-1.859225e+01 1.503614e+00 
-1.858450e+01 1.603854e+00 
-1.857627e+01 1.704093e+00 
-1.856755e+01 1.804331e+00 
-1.855835e+01 1.904569e+00 
-1.854867e+01 2.004807e+00 
-1.853843e+01 2.105084e+00 
-1.852758e+01 2.205375e+00 
-1.851614e+01 2.305666e+00 
-1.850411e+01 2.405958e+00 
-1.849147e+01 2.506251e+00 
-1.847823e+01 2.606544e+00 
-1.846439e+01 2.706837e+00 
-1.844994e+01 2.807131e+00 
-1.843488e+01 2.907425e+00 
-1.841920e+01 3.007720e+00 
-1.840292e+01 3.108015e+00 
-1.838601e+01 3.208311e+00 
-1.836849e+01 3.308607e+00 
-1.835034e+01 3.408904e+00 
-1.833156e+01 3.509201e+00 
-1.831215e+01 3.609498e+00 
-1.829212e+01 3.709796e+00 
-1.827144e+01 3.810094e+00 
-1.825013e+01 3.910393e+00 
-1.822818e+01 4.010692e+00 
-1.820558e+01 4.110991e+00 
-1.818233e+01 4.211291e+00 
-1.815842e+01 4.311591e+00 
-1.813387e+01 4.411892e+00 
-1.810865e+01 4.512193e+00 
-1.808276e+01 4.612494e+00 
-1.805621e+01 4.712795e+00 
-1.802899e+01 4.813097e+00 
-1.800110e+01 4.913399e+00 
-1.797252e+01 5.013701e+00 
-1.794326e+01 5.114000e+00 
-1.791341e+01 5.214270e+00 
-1.788299e+01 5.314518e+00 
-1.785200e+01 5.414767e+00 
-1.782044e+01 5.515016e+00 
-1.778830e+01 5.615266e+00 
-1.775557e+01 5.715516e+00 
-1.772226e+01 5.815767e+00 
-1.768836e+01 5.916018e+00 
-1.765386e+01 6.016269e+00 
-1.761876e+01 6.116521e+00 
-1.758302e+01 6.216788e+00 
-1.754658e+01 6.317076e+00 
-1.750944e+01 6.417364e+00 
-1.747159e+01 6.517655e+00 
-1.743303e+01 6.617947e+00 
-1.739373e+01 6.718241e+00 
-1.735369e+01 6.818536e+00 
-1.731291e+01 6.918833e+00 
-1.727138e+01 7.019132e+00 
-1.722907e+01 7.119432e+00 
-1.718599e+01 7.219733e+00 
-1.714212e+01 7.320036e+00 
-1.709746e+01 7.420340e+00 
-1.705199e+01 7.520645e+00 
-1.700570e+01 7.620952e+00 
-1.695856e+01 7.721263e+00 
-1.691057e+01 7.821580e+00 
-1.686167e+01 7.921908e+00 
-1.681184e+01 8.022240e+00 
-1.676108e+01 8.122574e+00 
-1.670936e+01 8.222908e+00 
-1.665669e+01 8.323242e+00 
-1.660303e+01 8.423578e+00 
-1.654839e+01 8.523914e+00 
-1.649275e+01 8.624250e+00 
-1.643609e+01 8.724586e+00 
-1.637840e+01 8.824923e+00 
-1.631967e+01 8.925259e+00 
-1.625988e+01 9.025596e+00 
-1.619902e+01 9.125932e+00 
-1.613707e+01 9.226268e+00 
-1.607398e+01 9.326614e+00 
-1.600966e+01 9.426979e+00 
-1.594412e+01 9.527340e+00 
-1.587735e+01 9.627697e+00 
-1.580934e+01 9.728051e+00 
-1.574008e+01 9.828402e+00 
-1.566956e+01 9.928749e+00 
-1.559778e+01 1.002909e+01 
-1.552471e+01 1.012943e+01 
-1.545037e+01 1.022977e+01 
-1.537472e+01 1.033010e+01 
-1.529777e+01 1.043043e+01 
-1.521950e+01 1.053076e+01 
-1.513990e+01 1.063108e+01 
-1.505896e+01 1.073140e+01 
-1.497666e+01 1.083171e+01 
-1.489300e+01 1.093203e+01 
-1.480796e+01 1.103233e+01 
-1.472152e+01 1.113264e+01 
-1.463353e+01 1.123297e+01 
-1.454370e+01 1.133334e+01 
-1.445200e+01 1.143372e+01 
-1.435836e+01 1.153411e+01 
-1.426270e+01 1.163449e+01 
-1.416494e+01 1.173488e+01 
-1.406500e+01 1.183528e+01 
-1.396460e+01 1.193389e+01 
-1.386419e+01 1.203031e+01 
-1.376379e+01 1.212460e+01 
-1.366338e+01 1.221681e+01 
-1.356297e+01 1.230699e+01 
-1.346256e+01 1.239520e+01 
-1.336214e+01 1.248147e+01 
-1.326173e+01 1.256586e+01 
-1.316131e+01 1.264841e+01 
-1.306090e+01 1.272918e+01 
-1.296051e+01 1.280831e+01 
-1.286013e+01 1.288586e+01 
-1.275974e+01 1.296186e+01 
-1.265936e+01 1.303635e+01 
-1.255897e+01 1.310936e+01 
-1.245858e+01 1.318091e+01 
-1.235820e+01 1.325105e+01 
-1.225781e+01 1.331979e+01 
-1.215743e+01 1.338717e+01 
-1.205703e+01 1.345318e+01 
-1.195656e+01 1.351764e+01 
-1.185608e+01 1.358052e+01 
-1.175561e+01 1.364183e+01 
-1.165513e+01 1.370162e+01 
-1.155466e+01 1.375993e+01 
-1.145419e+01 1.381679e+01 
-1.135372e+01 1.387224e+01 
-1.125325e+01 1.392630e+01 
-1.115276e+01 1.397894e+01 
-1.105224e+01 1.403011e+01 
-1.095172e+01 1.407981e+01 
-1.085120e+01 1.412806e+01 
-1.075068e+01 1.417490e+01 
-1.065017e+01 1.422036e+01 
-1.054966e+01 1.426449e+01 
-1.044916e+01 1.430731e+01 
-1.034867e+01 1.434886e+01 
-1.024818e+01 1.438917e+01 
-1.014769e+01 1.442827e+01 
-1.004721e+01 1.446619e+01 
-9.946744e+00 1.450296e+01 
-9.846279e+00 1.453860e+01 
-9.745820e+00 1.457315e+01 
-9.645368e+00 1.460662e+01 
-9.544923e+00 1.463905e+01 
-9.444484e+00 1.467046e+01 
-9.343988e+00 1.470074e+01 
-9.243395e+00 1.472971e+01 
-9.142781e+00 1.475729e+01 
-9.042167e+00 1.478351e+01 
-8.941556e+00 1.480837e+01 
-8.840947e+00 1.483190e+01 
-8.740341e+00 1.485412e+01 
-8.639738e+00 1.487504e+01 
-8.539140e+00 1.489467e+01 
-8.438544e+00 1.491305e+01 
-8.337953e+00 1.493018e+01 
-8.237367e+00 1.494608e+01 
-8.136776e+00 1.496075e+01 
-8.036106e+00 1.497404e+01 
-7.935401e+00 1.498589e+01 
-7.834688e+00 1.499627e+01 
-7.733971e+00 1.500519e+01 
-7.633249e+00 1.501265e+01 
-7.532522e+00 1.501863e+01 
-7.431793e+00 1.502313e+01 
-7.331060e+00 1.502616e+01 
-7.230325e+00 1.502770e+01 
-7.129589e+00 1.502776e+01 
-7.028852e+00 1.502634e+01 
-6.928115e+00 1.502342e+01 
-6.827379e+00 1.501903e+01 
-6.726643e+00 1.501314e+01 
-6.625910e+00 1.500577e+01 
-6.525179e+00 1.499691e+01 
-6.424451e+00 1.498657e+01 
-6.323726e+00 1.497473e+01 
-6.222982e+00 1.496137e+01 
-6.122162e+00 1.494629e+01 
-6.021282e+00 1.492935e+01 
-5.920403e+00 1.491057e+01 
-5.819542e+00 1.488994e+01 
-5.718699e+00 1.486751e+01 
-5.617872e+00 1.484327e+01 
-5.517096e+00 1.481733e+01 
-5.416055e+00 1.478899e+01 
-5.314940e+00 1.475809e+01 
-5.213866e+00 1.472468e+01 
-5.112825e+00 1.468880e+01 
-5.011751e+00 1.465028e+01 
-4.910465e+00 1.460844e+01 
-4.809046e+00 1.456284e+01 
-4.707636e+00 1.451338e+01 
-4.606242e+00 1.445995e+01 
-4.504867e+00 1.440240e+01 
-4.403511e+00 1.434056e+01 
-4.302177e+00 1.427425e+01 
-4.200863e+00 1.420327e+01 
-4.099616e+00 1.412758e+01 
-3.998342e+00 1.404665e+01 
-3.896563e+00 1.395731e+01 
-3.794753e+00 1.385866e+01 
-3.699112e+00 1.375702e+01 
-3.611154e+00 1.365550e+01 
-3.529488e+00 1.355413e+01 
-3.453079e+00 1.345288e+01 
-3.381772e+00 1.335153e+01 
-3.315732e+00 1.325003e+01 
-3.254276e+00 1.314869e+01 
-3.196849e+00 1.304743e+01 
-3.142853e+00 1.294632e+01 
-3.092027e+00 1.284522e+01 
-3.044053e+00 1.274422e+01 
-2.998783e+00 1.264322e+01 
-2.956022e+00 1.254227e+01 
-2.915505e+00 1.244140e+01 
-2.876511e+00 1.234085e+01 
-2.839005e+00 1.224023e+01 
-2.803023e+00 1.213960e+01 
-2.768497e+00 1.203900e+01 
-2.735338e+00 1.193842e+01 
-2.703435e+00 1.183789e+01 
-2.672703e+00 1.173739e+01 
-2.643073e+00 1.163691e+01 
-2.614475e+00 1.153646e+01 
-2.586730e+00 1.143609e+01 
-2.559638e+00 1.133581e+01 
-2.533341e+00 1.123544e+01 
-2.507887e+00 1.113506e+01 
-2.483222e+00 1.103470e+01 
-2.459281e+00 1.093437e+01 
-2.436004e+00 1.083407e+01 
-2.413338e+00 1.073379e+01 
-2.391249e+00 1.063353e+01 
-2.369746e+00 1.053325e+01 
-2.348851e+00 1.043297e+01 
-2.328503e+00 1.033271e+01 
-2.308632e+00 1.023249e+01 
-2.289326e+00 1.013222e+01 
-2.270613e+00 1.003194e+01 
-2.252486e+00 9.931663e+00 
-2.234937e+00 9.831389e+00 
-2.217954e+00 9.731119e+00 
-2.201477e+00 9.630880e+00 
-2.185467e+00 9.530656e+00 
-2.169897e+00 9.430446e+00 
-2.154781e+00 9.330227e+00 
-2.140254e+00 9.229937e+00 
-2.125568e+00 9.130042e+00 
-2.110863e+00 9.030044e+00 
-2.096293e+00 8.929973e+00 
-2.081878e+00 8.829898e+00 
-2.067622e+00 8.729820e+00 
-2.053545e+00 8.629734e+00 
-2.039717e+00 8.529610e+00 
-2.026258e+00 8.429427e+00 
-2.013213e+00 8.329224e+00 
-2.000599e+00 8.229014e+00 
-1.988428e+00 8.128797e+00 
-1.976711e+00 8.028575e+00 
-1.965404e+00 7.928376e+00 
-1.954478e+00 7.828190e+00 
-1.943895e+00 7.728023e+00 
-1.933559e+00 7.627904e+00 
-1.923438e+00 7.527799e+00 
-1.913532e+00 7.427693e+00 
-1.903844e+00 7.327586e+00 
-1.894375e+00 7.227478e+00 
-1.885129e+00 7.127368e+00 
-1.875964e+00 7.027331e+00 
-1.866819e+00 6.927322e+00 
-1.857708e+00 6.827306e+00 
-1.848651e+00 6.727278e+00 
-1.839671e+00 6.627240e+00 
-1.830792e+00 6.527189e+00 
-1.930401e+00 6.518350e+00 
