-6.429787e-01 1.073120e+01 
-6.529633e-01 1.083104e+01 
-6.632595e-01 1.093084e+01 
-6.739720e-01 1.103060e+01 
-6.851558e-01 1.113037e+01 
-6.968188e-01 1.123011e+01 
-7.090002e-01 1.132983e+01 
-7.217406e-01 1.142952e+01 
-7.351115e-01 1.152918e+01 
-7.491897e-01 1.162883e+01 
-7.639837e-01 1.172847e+01 
-7.795266e-01 1.182808e+01 
-7.958543e-01 1.192769e+01 
-8.130137e-01 1.202731e+01 
-8.309731e-01 1.212703e+01 
-8.495283e-01 1.222677e+01 
-8.686233e-01 1.232647e+01 
-8.883242e-01 1.242609e+01 
-9.088208e-01 1.252561e+01 
-9.303209e-01 1.262514e+01 
-9.528633e-01 1.272473e+01 
-9.762903e-01 1.282439e+01 
-1.000454e+00 1.292406e+01 
-1.025350e+00 1.302377e+01 
-1.050887e+00 1.312349e+01 
-1.077039e+00 1.322322e+01 
-1.103796e+00 1.332295e+01 
-1.131148e+00 1.342270e+01 
-1.159076e+00 1.352246e+01 
-1.187544e+00 1.362229e+01 
-1.216420e+00 1.372216e+01 
-1.245557e+00 1.382194e+01 
-1.275195e+00 1.392174e+01 
-1.305287e+00 1.402155e+01 
-1.335797e+00 1.412133e+01 
-1.366802e+00 1.422109e+01 
-1.398373e+00 1.432085e+01 
-1.430502e+00 1.442061e+01 
-1.463180e+00 1.452038e+01 
-1.496397e+00 1.462015e+01 
-1.530149e+00 1.471993e+01 
-1.564432e+00 1.481972e+01 
-1.599199e+00 1.491952e+01 
-1.634439e+00 1.501927e+01 
-1.670271e+00 1.511899e+01 
-1.706763e+00 1.521871e+01 
-1.743940e+00 1.531841e+01 
-1.781825e+00 1.541811e+01 
-1.820444e+00 1.551780e+01 
-1.859825e+00 1.561748e+01 
-1.899994e+00 1.571716e+01 
-1.940979e+00 1.581681e+01 
-1.982815e+00 1.591644e+01 
-2.025582e+00 1.601602e+01 
-2.069462e+00 1.611568e+01 
-2.114299e+00 1.621543e+01 
-2.159770e+00 1.631517e+01 
-2.205930e+00 1.641492e+01 
-2.252750e+00 1.651463e+01 
-2.300349e+00 1.661435e+01 
-2.348697e+00 1.671403e+01 
-2.397935e+00 1.681373e+01 
-2.447975e+00 1.691337e+01 
-2.499036e+00 1.701303e+01 
-2.551072e+00 1.711266e+01 
-2.604154e+00 1.721227e+01 
-2.658379e+00 1.731187e+01 
-2.713771e+00 1.741145e+01 
-2.770413e+00 1.751101e+01 
-2.828375e+00 1.761056e+01 
-2.887735e+00 1.771009e+01 
-2.948576e+00 1.780962e+01 
-3.010969e+00 1.790919e+01 
-3.074820e+00 1.800879e+01 
-3.140063e+00 1.810849e+01 
-3.206361e+00 1.820822e+01 
-3.273614e+00 1.830797e+01 
-3.341757e+00 1.840771e+01 
-3.410821e+00 1.850744e+01 
-3.480845e+00 1.860717e+01 
-3.551872e+00 1.870688e+01 
-3.623942e+00 1.880659e+01 
-3.697100e+00 1.890630e+01 
-3.771394e+00 1.900599e+01 
-3.846878e+00 1.910568e+01 
-3.923604e+00 1.920535e+01 
-4.001627e+00 1.930502e+01 
-4.081012e+00 1.940468e+01 
-4.161825e+00 1.950433e+01 
-4.244138e+00 1.960397e+01 
-4.328026e+00 1.970360e+01 
-4.413567e+00 1.980322e+01 
-4.500852e+00 1.990283e+01 
-4.589974e+00 2.000243e+01 
-4.681036e+00 2.010202e+01 
-4.774150e+00 2.020160e+01 
-4.869456e+00 2.030119e+01 
-4.966988e+00 2.040081e+01 
-5.066596e+00 2.050039e+01 
-5.166196e+00 2.059779e+01 
-5.265790e+00 2.069305e+01 
-5.365378e+00 2.078618e+01 
-5.464959e+00 2.087724e+01 
-5.564559e+00 2.096626e+01 
-5.664262e+00 2.105348e+01 
-5.764022e+00 2.113938e+01 
-5.863776e+00 2.122418e+01 
-5.963523e+00 2.130787e+01 
-6.063264e+00 2.139045e+01 
-6.162998e+00 2.147189e+01 
-6.262725e+00 2.155220e+01 
-6.362446e+00 2.163136e+01 
-6.462160e+00 2.170937e+01 
-6.561868e+00 2.178622e+01 
-6.661568e+00 2.186189e+01 
-6.761262e+00 2.193639e+01 
-6.860950e+00 2.200971e+01 
-6.960630e+00 2.208184e+01 
-7.060304e+00 2.215278e+01 
-7.159972e+00 2.222253e+01 
-7.259633e+00 2.229107e+01 
-7.359287e+00 2.235841e+01 
-7.458936e+00 2.242455e+01 
-7.558578e+00 2.248949e+01 
-7.658214e+00 2.255321e+01 
-7.757845e+00 2.261573e+01 
-7.857469e+00 2.267705e+01 
-7.957088e+00 2.273716e+01 
-8.056702e+00 2.279606e+01 
-8.156310e+00 2.285377e+01 
-8.255913e+00 2.291028e+01 
-8.355512e+00 2.296559e+01 
-8.455106e+00 2.301971e+01 
-8.554695e+00 2.307265e+01 
-8.654281e+00 2.312441e+01 
-8.753863e+00 2.317499e+01 
-8.853443e+00 2.322441e+01 
-8.953034e+00 2.327267e+01 
-9.052647e+00 2.331983e+01 
-9.152268e+00 2.336596e+01 
-9.251885e+00 2.341109e+01 
-9.351525e+00 2.345521e+01 
-9.451228e+00 2.349844e+01 
-9.550957e+00 2.354091e+01 
-9.650683e+00 2.358268e+01 
-9.750407e+00 2.362377e+01 
-9.850126e+00 2.366415e+01 
-9.949843e+00 2.370384e+01 
-1.004956e+01 2.374282e+01 
-1.014927e+01 2.378110e+01 
-1.024897e+01 2.381866e+01 
-1.034868e+01 2.385552e+01 
-1.044838e+01 2.389167e+01 
-1.054808e+01 2.392710e+01 
-1.064777e+01 2.396181e+01 
-1.074747e+01 2.399580e+01 
-1.084716e+01 2.402908e+01 
-1.094684e+01 2.406163e+01 
-1.104653e+01 2.409345e+01 
-1.114621e+01 2.412455e+01 
-1.124589e+01 2.415492e+01 
-1.134557e+01 2.418456e+01 
-1.144524e+01 2.421346e+01 
-1.154491e+01 2.424164e+01 
-1.164458e+01 2.426908e+01 
-1.174425e+01 2.429579e+01 
-1.184391e+01 2.432177e+01 
-1.194357e+01 2.434701e+01 
-1.204324e+01 2.437151e+01 
-1.214289e+01 2.439527e+01 
-1.224255e+01 2.441830e+01 
-1.234221e+01 2.444059e+01 
-1.244186e+01 2.446214e+01 
-1.254151e+01 2.448296e+01 
-1.264116e+01 2.450303e+01 
-1.274081e+01 2.452237e+01 
-1.284046e+01 2.454098e+01 
-1.294011e+01 2.455884e+01 
-1.303978e+01 2.457598e+01 
-1.313948e+01 2.459245e+01 
-1.323918e+01 2.460828e+01 
-1.333890e+01 2.462349e+01 
-1.343867e+01 2.463814e+01 
-1.353843e+01 2.465230e+01 
-1.363819e+01 2.466598e+01 
-1.373794e+01 2.467916e+01 
-1.383770e+01 2.469184e+01 
-1.393745e+01 2.470402e+01 
-1.403720e+01 2.471569e+01 
-1.413694e+01 2.472685e+01 
-1.423669e+01 2.473749e+01 
-1.433643e+01 2.474762e+01 
-1.443617e+01 2.475722e+01 
-1.453590e+01 2.476629e+01 
-1.463563e+01 2.477483e+01 
-1.473534e+01 2.478282e+01 
-1.483505e+01 2.479023e+01 
-1.493475e+01 2.479705e+01 
-1.503444e+01 2.480327e+01 
-1.513412e+01 2.480887e+01 
-1.523379e+01 2.481382e+01 
-1.533345e+01 2.481811e+01 
-1.543310e+01 2.482171e+01 
-1.553275e+01 2.482463e+01 
-1.563240e+01 2.482685e+01 
-1.573204e+01 2.482836e+01 
-1.583168e+01 2.482916e+01 
-1.593132e+01 2.482925e+01 
-1.603095e+01 2.482862e+01 
-1.613058e+01 2.482725e+01 
-1.623021e+01 2.482515e+01 
-1.632983e+01 2.482230e+01 
-1.642946e+01 2.481871e+01 
-1.652908e+01 2.481436e+01 
-1.662869e+01 2.480924e+01 
-1.672831e+01 2.480337e+01 
-1.682792e+01 2.479672e+01 
-1.692753e+01 2.478929e+01 
-1.702714e+01 2.478108e+01 
-1.712674e+01 2.477208e+01 
-1.722635e+01 2.476229e+01 
-1.732597e+01 2.475169e+01 
-1.742562e+01 2.474032e+01 
-1.752530e+01 2.472824e+01 
-1.762497e+01 2.471550e+01 
-1.772464e+01 2.470209e+01 
-1.782431e+01 2.468800e+01 
-1.792397e+01 2.467323e+01 
-1.802363e+01 2.465776e+01 
-1.812329e+01 2.464160e+01 
-1.822295e+01 2.462472e+01 
-1.832264e+01 2.460713e+01 
-1.842239e+01 2.458888e+01 
-1.852218e+01 2.457010e+01 
-1.862196e+01 2.455088e+01 
-1.872174e+01 2.453119e+01 
-1.882153e+01 2.451105e+01 
-1.892131e+01 2.449045e+01 
-1.902109e+01 2.446938e+01 
-1.912086e+01 2.444783e+01 
-1.922064e+01 2.442581e+01 
-1.932041e+01 2.440331e+01 
-1.942019e+01 2.438033e+01 
-1.951996e+01 2.435685e+01 
-1.961973e+01 2.433288e+01 
-1.971949e+01 2.430841e+01 
-1.981926e+01 2.428343e+01 
-1.991903e+01 2.425794e+01 
-2.001879e+01 2.423194e+01 
-2.011855e+01 2.420542e+01 
-2.021831e+01 2.417837e+01 
-2.031807e+01 2.415079e+01 
-2.041783e+01 2.412267e+01 
-2.051759e+01 2.409401e+01 
-2.061734e+01 2.406480e+01 
-2.071710e+01 2.403504e+01 
-2.081685e+01 2.400472e+01 
-2.091660e+01 2.397383e+01 
-2.101635e+01 2.394238e+01 
-2.111610e+01 2.391034e+01 
-2.121584e+01 2.387772e+01 
-2.131559e+01 2.384451e+01 
-2.141533e+01 2.381070e+01 
-2.151507e+01 2.377629e+01 
-2.161481e+01 2.374127e+01 
-2.171455e+01 2.370563e+01 
-2.181429e+01 2.366936e+01 
-2.191403e+01 2.363247e+01 
-2.201376e+01 2.359493e+01 
-2.211349e+01 2.355675e+01 
-2.221323e+01 2.351792e+01 
-2.231296e+01 2.347842e+01 
-2.241269e+01 2.343825e+01 
-2.251242e+01 2.339741e+01 
-2.261214e+01 2.335588e+01 
-2.271187e+01 2.331365e+01 
-2.281159e+01 2.327072e+01 
-2.291132e+01 2.322708e+01 
-2.301104e+01 2.318272e+01 
-2.311076e+01 2.313763e+01 
-2.321048e+01 2.309179e+01 
-2.331019e+01 2.304521e+01 
-2.340991e+01 2.299787e+01 
-2.350963e+01 2.294976e+01 
-2.360934e+01 2.290088e+01 
-2.370905e+01 2.285120e+01 
-2.380877e+01 2.280072e+01 
-2.390848e+01 2.274943e+01 
-2.400819e+01 2.269731e+01 
-2.410790e+01 2.264437e+01 
-2.420760e+01 2.259057e+01 
-2.430731e+01 2.253592e+01 
-2.440702e+01 2.248040e+01 
-2.450672e+01 2.242399e+01 
-2.460644e+01 2.236668e+01 
-2.470617e+01 2.230849e+01 
-2.480591e+01 2.224947e+01 
-2.490565e+01 2.218962e+01 
-2.500538e+01 2.212893e+01 
-2.510511e+01 2.206739e+01 
-2.520485e+01 2.200497e+01 
-2.530458e+01 2.194168e+01 
-2.540431e+01 2.187748e+01 
-2.550404e+01 2.181238e+01 
-2.560376e+01 2.174636e+01 
-2.570349e+01 2.167939e+01 
-2.580322e+01 2.161147e+01 
-2.590294e+01 2.154257e+01 
-2.600268e+01 2.147268e+01 
-2.610245e+01 2.140180e+01 
-2.620225e+01 2.133004e+01 
-2.630205e+01 2.125754e+01 
-2.640185e+01 2.118427e+01 
-2.650164e+01 2.111023e+01 
-2.660144e+01 2.103539e+01 
-2.670123e+01 2.095976e+01 
-2.680103e+01 2.088332e+01 
-2.690082e+01 2.080605e+01 
-2.700061e+01 2.072794e+01 
-2.710040e+01 2.064897e+01 
-2.720019e+01 2.056914e+01 
-2.729998e+01 2.048842e+01 
-2.739977e+01 2.040681e+01 
-2.749956e+01 2.032428e+01 
-2.759935e+01 2.024082e+01 
-2.769913e+01 2.015642e+01 
-2.779892e+01 2.007105e+01 
-2.789870e+01 1.998470e+01 
-2.799849e+01 1.989735e+01 
-2.809827e+01 1.980899e+01 
-2.819806e+01 1.971959e+01 
-2.829784e+01 1.962913e+01 
-2.839762e+01 1.953759e+01 
-2.849740e+01 1.944496e+01 
-2.859718e+01 1.935121e+01 
-2.869696e+01 1.925632e+01 
-2.879674e+01 1.916026e+01 
-2.889652e+01 1.906301e+01 
-2.899630e+01 1.896455e+01 
-2.909608e+01 1.886485e+01 
-2.919470e+01 1.876507e+01 
-2.929210e+01 1.866530e+01 
-2.938830e+01 1.856552e+01 
-2.948333e+01 1.846574e+01 
-2.957719e+01 1.836596e+01 
-2.966991e+01 1.826619e+01 
-2.976151e+01 1.816641e+01 
-2.985199e+01 1.806664e+01 
-2.994139e+01 1.796686e+01 
-3.002970e+01 1.786708e+01 
-3.011696e+01 1.776731e+01 
-3.020318e+01 1.766753e+01 
-3.028836e+01 1.756776e+01 
-3.037257e+01 1.746796e+01 
-3.045589e+01 1.736816e+01 
-3.053832e+01 1.726836e+01 
-3.061988e+01 1.716856e+01 
-3.070059e+01 1.706876e+01 
-3.078045e+01 1.696896e+01 
-3.085947e+01 1.686916e+01 
-3.093767e+01 1.676936e+01 
-3.101506e+01 1.666956e+01 
-3.109165e+01 1.656976e+01 
-3.116745e+01 1.646996e+01 
-3.124247e+01 1.637016e+01 
-3.131672e+01 1.627035e+01 
-3.139021e+01 1.617055e+01 
-3.146295e+01 1.607075e+01 
-3.153495e+01 1.597094e+01 
-3.160623e+01 1.587114e+01 
-3.167678e+01 1.577133e+01 
-3.174662e+01 1.567153e+01 
-3.181576e+01 1.557172e+01 
-3.188421e+01 1.547192e+01 
-3.195197e+01 1.537211e+01 
-3.201906e+01 1.527230e+01 
-3.208548e+01 1.517249e+01 
-3.215123e+01 1.507268e+01 
-3.221634e+01 1.497287e+01 
-3.228080e+01 1.487306e+01 
-3.234463e+01 1.477325e+01 
-3.240783e+01 1.467344e+01 
-3.247041e+01 1.457363e+01 
-3.253237e+01 1.447382e+01 
-3.259373e+01 1.437400e+01 
-3.265449e+01 1.427419e+01 
-3.271466e+01 1.417437e+01 
-3.277423e+01 1.407456e+01 
-3.283323e+01 1.397474e+01 
-3.289166e+01 1.387493e+01 
-3.294952e+01 1.377511e+01 
-3.300682e+01 1.367529e+01 
-3.306357e+01 1.357547e+01 
-3.311976e+01 1.347565e+01 
-3.317542e+01 1.337583e+01 
-3.323053e+01 1.327601e+01 
-3.328512e+01 1.317619e+01 
-3.333918e+01 1.307637e+01 
-3.339272e+01 1.297654e+01 
-3.344574e+01 1.287672e+01 
-3.349826e+01 1.277690e+01 
-3.355027e+01 1.267707e+01 
-3.360178e+01 1.257725e+01 
-3.365279e+01 1.247742e+01 
-3.370331e+01 1.237759e+01 
-3.375334e+01 1.227780e+01 
-3.380278e+01 1.217801e+01 
-3.385164e+01 1.207822e+01 
-3.389993e+01 1.197843e+01 
-3.394764e+01 1.187864e+01 
-3.399478e+01 1.177886e+01 
-3.404132e+01 1.167909e+01 
-3.408727e+01 1.157931e+01 
-3.413263e+01 1.147953e+01 
-3.417741e+01 1.137975e+01 
-3.422161e+01 1.127996e+01 
-3.426529e+01 1.118014e+01 
-3.430849e+01 1.108032e+01 
-3.435124e+01 1.098049e+01 
-3.439354e+01 1.088066e+01 
-3.443541e+01 1.078084e+01 
-3.447683e+01 1.068101e+01 
-3.451781e+01 1.058118e+01 
-3.455836e+01 1.048136e+01 
-3.459847e+01 1.038153e+01 
-3.463815e+01 1.028171e+01 
-3.467739e+01 1.018188e+01 
-3.471620e+01 1.008206e+01 
-3.475458e+01 9.982234e+00 
-3.479252e+01 9.882409e+00 
-3.483004e+01 9.782585e+00 
-3.486713e+01 9.682761e+00 
-3.490380e+01 9.582938e+00 
-3.494004e+01 9.483114e+00 
-3.497585e+01 9.383291e+00 
-3.501125e+01 9.283468e+00 
-3.504622e+01 9.183645e+00 
-3.508077e+01 9.083823e+00 
-3.511490e+01 8.984000e+00 
-3.514862e+01 8.884177e+00 
-3.518192e+01 8.784355e+00 
-3.521481e+01 8.684533e+00 
-3.524728e+01 8.584711e+00 
-3.527934e+01 8.484888e+00 
-3.531099e+01 8.385066e+00 
-3.534223e+01 8.285244e+00 
-3.537306e+01 8.185423e+00 
-3.540349e+01 8.085601e+00 
-3.543351e+01 7.985779e+00 
-3.546312e+01 7.885957e+00 
-3.549233e+01 7.786135e+00 
-3.552114e+01 7.686314e+00 
-3.554955e+01 7.586492e+00 
-3.557756e+01 7.486670e+00 
-3.560518e+01 7.386848e+00 
-3.563239e+01 7.287026e+00 
-3.565921e+01 7.187205e+00 
-3.568564e+01 7.087383e+00 
-3.571167e+01 6.987561e+00 
-3.573731e+01 6.887739e+00 
-3.576256e+01 6.787917e+00 
-3.578742e+01 6.688094e+00 
-3.581189e+01 6.588272e+00 
-3.583598e+01 6.488450e+00 
-3.585968e+01 6.388627e+00 
-3.588300e+01 6.288805e+00 
-3.590593e+01 6.188982e+00 
-3.592848e+01 6.089159e+00 
-3.595065e+01 5.989337e+00 
-3.597244e+01 5.889514e+00 
-3.599386e+01 5.789690e+00 
-3.601489e+01 5.689867e+00 
-3.603555e+01 5.590043e+00 
-3.605583e+01 5.490220e+00 
-3.607575e+01 5.390396e+00 
-3.609528e+01 5.290572e+00 
-3.611445e+01 5.190748e+00 
-3.613325e+01 5.090923e+00 
-3.615167e+01 4.991099e+00 
-3.616973e+01 4.891274e+00 
-3.618743e+01 4.791449e+00 
-3.620475e+01 4.691624e+00 
-3.622172e+01 4.591796e+00 
-3.623832e+01 4.491957e+00 
-3.625460e+01 4.392118e+00 
-3.627053e+01 4.292279e+00 
-3.628614e+01 4.192439e+00 
-3.630141e+01 4.092599e+00 
-3.631635e+01 3.992760e+00 
-3.633097e+01 3.892920e+00 
-3.634525e+01 3.793080e+00 
-3.635920e+01 3.693240e+00 
-3.637283e+01 3.593400e+00 
-3.638612e+01 3.493559e+00 
-3.639909e+01 3.393719e+00 
-3.641173e+01 3.293878e+00 
-3.642405e+01 3.194037e+00 
-3.643604e+01 3.094197e+00 
-3.644771e+01 2.994356e+00 
-3.645905e+01 2.894514e+00 
-3.647007e+01 2.794673e+00 
-3.648077e+01 2.694832e+00 
-3.649115e+01 2.594990e+00 
-3.650120e+01 2.495148e+00 
-3.651094e+01 2.395306e+00 
-3.652035e+01 2.295464e+00 
-3.652945e+01 2.195622e+00 
-3.653822e+01 2.095779e+00 
-3.654668e+01 1.995936e+00 
-3.655483e+01 1.896093e+00 
-3.656265e+01 1.796250e+00 
-3.657016e+01 1.696407e+00 
-3.657735e+01 1.596564e+00 
-3.658423e+01 1.496720e+00 
-3.659080e+01 1.396876e+00 
-3.659705e+01 1.297032e+00 
-3.660298e+01 1.197188e+00 
-3.660861e+01 1.097343e+00 
-3.661392e+01 9.974987e-01 
-3.661892e+01 8.976538e-01 
-3.662361e+01 7.978088e-01 
-3.662799e+01 6.979635e-01 
-3.663206e+01 5.981180e-01 
-3.673199e+01 6.018820e-01 
-3.672791e+01 7.020365e-01 
-3.672352e+01 8.021912e-01 
-3.671881e+01 9.023462e-01 
-3.671380e+01 1.002501e+00 
-3.670847e+01 1.102657e+00 
-3.670282e+01 1.202812e+00 
-3.669687e+01 1.302968e+00 
-3.669060e+01 1.403124e+00 
-3.668402e+01 1.503280e+00 
-3.667712e+01 1.603436e+00 
-3.666990e+01 1.703593e+00 
-3.666237e+01 1.803750e+00 
-3.665452e+01 1.903907e+00 
-3.664635e+01 2.004064e+00 
-3.663787e+01 2.104221e+00 
-3.662906e+01 2.204378e+00 
-3.661994e+01 2.304536e+00 
-3.661050e+01 2.404694e+00 
-3.660073e+01 2.504852e+00 
-3.659064e+01 2.605010e+00 
-3.658024e+01 2.705168e+00 
-3.656950e+01 2.805327e+00 
-3.655845e+01 2.905486e+00 
-3.654707e+01 3.005644e+00 
-3.653537e+01 3.105803e+00 
-3.652334e+01 3.205963e+00 
-3.651098e+01 3.306122e+00 
-3.649830e+01 3.406281e+00 
-3.648529e+01 3.506441e+00 
-3.647195e+01 3.606600e+00 
-3.645828e+01 3.706760e+00 
-3.644429e+01 3.806920e+00 
-3.642996e+01 3.907080e+00 
-3.641530e+01 4.007240e+00 
-3.640031e+01 4.107401e+00 
-3.638499e+01 4.207561e+00 
-3.636933e+01 4.307721e+00 
-3.635334e+01 4.407882e+00 
-3.633702e+01 4.508043e+00 
-3.632036e+01 4.608204e+00 
-3.630334e+01 4.708376e+00 
-3.628595e+01 4.808551e+00 
-3.626820e+01 4.908726e+00 
-3.625008e+01 5.008901e+00 
-3.623159e+01 5.109077e+00 
-3.621272e+01 5.209252e+00 
-3.619349e+01 5.309428e+00 
-3.617388e+01 5.409604e+00 
-3.615390e+01 5.509780e+00 
-3.613355e+01 5.609957e+00 
-3.611282e+01 5.710133e+00 
-3.609171e+01 5.810310e+00 
-3.607022e+01 5.910486e+00 
-3.604835e+01 6.010663e+00 
-3.602610e+01 6.110841e+00 
-3.600347e+01 6.211018e+00 
-3.598046e+01 6.311195e+00 
-3.595706e+01 6.411373e+00 
-3.593328e+01 6.511550e+00 
-3.590910e+01 6.611728e+00 
-3.588455e+01 6.711906e+00 
-3.585960e+01 6.812083e+00 
-3.583426e+01 6.912261e+00 
-3.580853e+01 7.012439e+00 
-3.578240e+01 7.112617e+00 
-3.575588e+01 7.212795e+00 
-3.572897e+01 7.312974e+00 
-3.570165e+01 7.413152e+00 
-3.567394e+01 7.513330e+00 
-3.564584e+01 7.613508e+00 
-3.561733e+01 7.713686e+00 
-3.558841e+01 7.813865e+00 
-3.555910e+01 7.914043e+00 
-3.552938e+01 8.014221e+00 
-3.549925e+01 8.114399e+00 
-3.546872e+01 8.214577e+00 
-3.543778e+01 8.314756e+00 
-3.540643e+01 8.414934e+00 
-3.537467e+01 8.515112e+00 
-3.534249e+01 8.615289e+00 
-3.530990e+01 8.715467e+00 
-3.527690e+01 8.815645e+00 
-3.524348e+01 8.915823e+00 
-3.520965e+01 9.016000e+00 
-3.517539e+01 9.116177e+00 
-3.514072e+01 9.216355e+00 
-3.510562e+01 9.316532e+00 
-3.507010e+01 9.416709e+00 
-3.503416e+01 9.516886e+00 
-3.499779e+01 9.617062e+00 
-3.496100e+01 9.717239e+00 
-3.492378e+01 9.817415e+00 
-3.488613e+01 9.917591e+00 
-3.484805e+01 1.001777e+01 
-3.480954e+01 1.011794e+01 
-3.477059e+01 1.021812e+01 
-3.473122e+01 1.031829e+01 
-3.469140e+01 1.041847e+01 
-3.465115e+01 1.051864e+01 
-3.461046e+01 1.061882e+01 
-3.456934e+01 1.071899e+01 
-3.452777e+01 1.081916e+01 
-3.448576e+01 1.091934e+01 
-3.444331e+01 1.101951e+01 
-3.440042e+01 1.111968e+01 
-3.435706e+01 1.121986e+01 
-3.431323e+01 1.132004e+01 
-3.426884e+01 1.142025e+01 
-3.422387e+01 1.152047e+01 
-3.417830e+01 1.162069e+01 
-3.413215e+01 1.172091e+01 
-3.408540e+01 1.182114e+01 
-3.403806e+01 1.192136e+01 
-3.399014e+01 1.202157e+01 
-3.394166e+01 1.212178e+01 
-3.389259e+01 1.222199e+01 
-3.384294e+01 1.232220e+01 
-3.379271e+01 1.242241e+01 
-3.374201e+01 1.252258e+01 
-3.369082e+01 1.262275e+01 
-3.363913e+01 1.272293e+01 
-3.358694e+01 1.282310e+01 
-3.353424e+01 1.292328e+01 
-3.348103e+01 1.302346e+01 
-3.342730e+01 1.312363e+01 
-3.337305e+01 1.322381e+01 
-3.331827e+01 1.332399e+01 
-3.326296e+01 1.342417e+01 
-3.320711e+01 1.352435e+01 
-3.315071e+01 1.362453e+01 
-3.309376e+01 1.372471e+01 
-3.303625e+01 1.382489e+01 
-3.297818e+01 1.392507e+01 
-3.291954e+01 1.402526e+01 
-3.286032e+01 1.412544e+01 
-3.280052e+01 1.422563e+01 
-3.274013e+01 1.432581e+01 
-3.267915e+01 1.442600e+01 
-3.261757e+01 1.452618e+01 
-3.255537e+01 1.462637e+01 
-3.249256e+01 1.472656e+01 
-3.242912e+01 1.482675e+01 
-3.236505e+01 1.492694e+01 
-3.230034e+01 1.502713e+01 
-3.223499e+01 1.512732e+01 
-3.216898e+01 1.522751e+01 
-3.210231e+01 1.532770e+01 
-3.203497e+01 1.542789e+01 
-3.196694e+01 1.552808e+01 
-3.189823e+01 1.562828e+01 
-3.182883e+01 1.572847e+01 
-3.175871e+01 1.582867e+01 
-3.168789e+01 1.592886e+01 
-3.161633e+01 1.602906e+01 
-3.154405e+01 1.612925e+01 
-3.147102e+01 1.622945e+01 
-3.139724e+01 1.632965e+01 
-3.132270e+01 1.642984e+01 
-3.124738e+01 1.653004e+01 
-3.117129e+01 1.663024e+01 
-3.109439e+01 1.673044e+01 
-3.101670e+01 1.683064e+01 
-3.093818e+01 1.693084e+01 
-3.085884e+01 1.703104e+01 
-3.077867e+01 1.713124e+01 
-3.069764e+01 1.723144e+01 
-3.061575e+01 1.733164e+01 
-3.053299e+01 1.743184e+01 
-3.044934e+01 1.753204e+01 
-3.036479e+01 1.763224e+01 
-3.027923e+01 1.773247e+01 
-3.019263e+01 1.783269e+01 
-3.010498e+01 1.793292e+01 
-3.001626e+01 1.803314e+01 
-2.992647e+01 1.813336e+01 
-2.983558e+01 1.823359e+01 
-2.974358e+01 1.833381e+01 
-2.965044e+01 1.843404e+01 
-2.955616e+01 1.853426e+01 
-2.946072e+01 1.863448e+01 
-2.936409e+01 1.873470e+01 
-2.926626e+01 1.883493e+01 
-2.916720e+01 1.893515e+01 
-2.906698e+01 1.903529e+01 
-2.896676e+01 1.913419e+01 
-2.886654e+01 1.923187e+01 
-2.876632e+01 1.932836e+01 
-2.866610e+01 1.942367e+01 
-2.856588e+01 1.951784e+01 
-2.846566e+01 1.961088e+01 
-2.836544e+01 1.970282e+01 
-2.826522e+01 1.979367e+01 
-2.816500e+01 1.988347e+01 
-2.806479e+01 1.997222e+01 
-2.796457e+01 2.005994e+01 
-2.786436e+01 2.014667e+01 
-2.776414e+01 2.023240e+01 
-2.766393e+01 2.031717e+01 
-2.756372e+01 2.040099e+01 
-2.746350e+01 2.048387e+01 
-2.736329e+01 2.056583e+01 
-2.726308e+01 2.064689e+01 
-2.716287e+01 2.072706e+01 
-2.706266e+01 2.080636e+01 
-2.696246e+01 2.088479e+01 
-2.686225e+01 2.096239e+01 
-2.676204e+01 2.103915e+01 
-2.666184e+01 2.111509e+01 
-2.656163e+01 2.119023e+01 
-2.646143e+01 2.126458e+01 
-2.636123e+01 2.133815e+01 
-2.626103e+01 2.141095e+01 
-2.616083e+01 2.148299e+01 
-2.606060e+01 2.155420e+01 
-2.596033e+01 2.162446e+01 
-2.586006e+01 2.169374e+01 
-2.575979e+01 2.176204e+01 
-2.565951e+01 2.182937e+01 
-2.555924e+01 2.189576e+01 
-2.545897e+01 2.196122e+01 
-2.535870e+01 2.202576e+01 
-2.525843e+01 2.208940e+01 
-2.515816e+01 2.215215e+01 
-2.505790e+01 2.221403e+01 
-2.495763e+01 2.227505e+01 
-2.485737e+01 2.233522e+01 
-2.475710e+01 2.239455e+01 
-2.465684e+01 2.245305e+01 
-2.455655e+01 2.251069e+01 
-2.445626e+01 2.256743e+01 
-2.435596e+01 2.262329e+01 
-2.425567e+01 2.267826e+01 
-2.415538e+01 2.273237e+01 
-2.405509e+01 2.278563e+01 
-2.395480e+01 2.283805e+01 
-2.385451e+01 2.288964e+01 
-2.375422e+01 2.294042e+01 
-2.365394e+01 2.299038e+01 
-2.355365e+01 2.303955e+01 
-2.345337e+01 2.308794e+01 
-2.335308e+01 2.313555e+01 
-2.325280e+01 2.318240e+01 
-2.315252e+01 2.322849e+01 
-2.305224e+01 2.327384e+01 
-2.295196e+01 2.331845e+01 
-2.285168e+01 2.336233e+01 
-2.275141e+01 2.340550e+01 
-2.265113e+01 2.344796e+01 
-2.255086e+01 2.348972e+01 
-2.245059e+01 2.353079e+01 
-2.235032e+01 2.357118e+01 
-2.225005e+01 2.361089e+01 
-2.214978e+01 2.364994e+01 
-2.204951e+01 2.368832e+01 
-2.194925e+01 2.372606e+01 
-2.184899e+01 2.376315e+01 
-2.174872e+01 2.379961e+01 
-2.164846e+01 2.383544e+01 
-2.154820e+01 2.387064e+01 
-2.144795e+01 2.390523e+01 
-2.134769e+01 2.393922e+01 
-2.124743e+01 2.397260e+01 
-2.114718e+01 2.400539e+01 
-2.104693e+01 2.403759e+01 
-2.094668e+01 2.406920e+01 
-2.084643e+01 2.410025e+01 
-2.074618e+01 2.413072e+01 
-2.064593e+01 2.416063e+01 
-2.054569e+01 2.418998e+01 
-2.044544e+01 2.421878e+01 
-2.034520e+01 2.424704e+01 
-2.024496e+01 2.427475e+01 
-2.014472e+01 2.430193e+01 
-2.004449e+01 2.432858e+01 
-1.994425e+01 2.435471e+01 
-1.984401e+01 2.438032e+01 
-1.974378e+01 2.440541e+01 
-1.964355e+01 2.443000e+01 
-1.954332e+01 2.445408e+01 
-1.944309e+01 2.447767e+01 
-1.934286e+01 2.450076e+01 
-1.924264e+01 2.452336e+01 
-1.914241e+01 2.454548e+01 
-1.904219e+01 2.456712e+01 
-1.894197e+01 2.458829e+01 
-1.884175e+01 2.460899e+01 
-1.874153e+01 2.462922e+01 
-1.864131e+01 2.464899e+01 
-1.854110e+01 2.466830e+01 
-1.844089e+01 2.468716e+01 
-1.834064e+01 2.470550e+01 
-1.824033e+01 2.472320e+01 
-1.813999e+01 2.474019e+01 
-1.803964e+01 2.475647e+01 
-1.793931e+01 2.477205e+01 
-1.783897e+01 2.478692e+01 
-1.773864e+01 2.480111e+01 
-1.763831e+01 2.481461e+01 
-1.753798e+01 2.482743e+01 
-1.743765e+01 2.483959e+01 
-1.733731e+01 2.485105e+01 
-1.723693e+01 2.486172e+01 
-1.713653e+01 2.487160e+01 
-1.703614e+01 2.488067e+01 
-1.693575e+01 2.488895e+01 
-1.683536e+01 2.489644e+01 
-1.673497e+01 2.490315e+01 
-1.663458e+01 2.490907e+01 
-1.653420e+01 2.491422e+01 
-1.643382e+01 2.491861e+01 
-1.633344e+01 2.492224e+01 
-1.623307e+01 2.492511e+01 
-1.613269e+01 2.492723e+01 
-1.603232e+01 2.492861e+01 
-1.593196e+01 2.492925e+01 
-1.583160e+01 2.492916e+01 
-1.573124e+01 2.492836e+01 
-1.563088e+01 2.492683e+01 
-1.553053e+01 2.492460e+01 
-1.543018e+01 2.492167e+01 
-1.532983e+01 2.491804e+01 
-1.522949e+01 2.491373e+01 
-1.512916e+01 2.490874e+01 
-1.502883e+01 2.490311e+01 
-1.492853e+01 2.489685e+01 
-1.482823e+01 2.489000e+01 
-1.472793e+01 2.488254e+01 
-1.462765e+01 2.487451e+01 
-1.452737e+01 2.486593e+01 
-1.442711e+01 2.485681e+01 
-1.432685e+01 2.484716e+01 
-1.422659e+01 2.483698e+01 
-1.412633e+01 2.482628e+01 
-1.402608e+01 2.481507e+01 
-1.392583e+01 2.480334e+01 
-1.382558e+01 2.479110e+01 
-1.372533e+01 2.477836e+01 
-1.362509e+01 2.476512e+01 
-1.352485e+01 2.475138e+01 
-1.342461e+01 2.473715e+01 
-1.332437e+01 2.472243e+01 
-1.322410e+01 2.470713e+01 
-1.312380e+01 2.469121e+01 
-1.302349e+01 2.467465e+01 
-1.292316e+01 2.465740e+01 
-1.282282e+01 2.463941e+01 
-1.272246e+01 2.462068e+01 
-1.262211e+01 2.460120e+01 
-1.252176e+01 2.458099e+01 
-1.242142e+01 2.456003e+01 
-1.232107e+01 2.453833e+01 
-1.222072e+01 2.451589e+01 
-1.212038e+01 2.449271e+01 
-1.202004e+01 2.446878e+01 
-1.191970e+01 2.444411e+01 
-1.181936e+01 2.441871e+01 
-1.171903e+01 2.439256e+01 
-1.161870e+01 2.436568e+01 
-1.151837e+01 2.433805e+01 
-1.141804e+01 2.430969e+01 
-1.131771e+01 2.428060e+01 
-1.121739e+01 2.425077e+01 
-1.111707e+01 2.422021e+01 
-1.101675e+01 2.418891e+01 
-1.091643e+01 2.415689e+01 
-1.081612e+01 2.412414e+01 
-1.071581e+01 2.409066e+01 
-1.061550e+01 2.405646e+01 
-1.051520e+01 2.402154e+01 
-1.041490e+01 2.398590e+01 
-1.031460e+01 2.394954e+01 
-1.021430e+01 2.391246e+01 
-1.011401e+01 2.387467e+01 
-1.001372e+01 2.383618e+01 
-9.913433e+00 2.379697e+01 
-9.813150e+00 2.375706e+01 
-9.712870e+00 2.371645e+01 
-9.612593e+00 2.367514e+01 
-9.512319e+00 2.363314e+01 
-9.412049e+00 2.359044e+01 
-9.311752e+00 2.354696e+01 
-9.211392e+00 2.350252e+01 
-9.111009e+00 2.345706e+01 
-9.010629e+00 2.341058e+01 
-8.910242e+00 2.336305e+01 
-8.809834e+00 2.331440e+01 
-8.709414e+00 2.326457e+01 
-8.608995e+00 2.321357e+01 
-8.508581e+00 2.316138e+01 
-8.408171e+00 2.310802e+01 
-8.307765e+00 2.305346e+01 
-8.207363e+00 2.299770e+01 
-8.106967e+00 2.294075e+01 
-8.006575e+00 2.288259e+01 
-7.906188e+00 2.282323e+01 
-7.805807e+00 2.276267e+01 
-7.705432e+00 2.270090e+01 
-7.605062e+00 2.263792e+01 
-7.504698e+00 2.257373e+01 
-7.404341e+00 2.250833e+01 
-7.303989e+00 2.244173e+01 
-7.203643e+00 2.237393e+01 
-7.103305e+00 2.230492e+01 
-7.002972e+00 2.223472e+01 
-6.902646e+00 2.216332e+01 
-6.802327e+00 2.209073e+01 
-6.702014e+00 2.201695e+01 
-6.601708e+00 2.194200e+01 
-6.501409e+00 2.186587e+01 
-6.401116e+00 2.178858e+01 
-6.300831e+00 2.171013e+01 
-6.200551e+00 2.163052e+01 
-6.100279e+00 2.154978e+01 
-6.000013e+00 2.146790e+01 
-5.899753e+00 2.138490e+01 
-5.799501e+00 2.130079e+01 
-5.699254e+00 2.121557e+01 
-5.599014e+00 2.112927e+01 
-5.498718e+00 2.104153e+01 
-5.398317e+00 2.095179e+01 
-5.297899e+00 2.085998e+01 
-5.197486e+00 2.076608e+01 
-5.097080e+00 2.067006e+01 
-4.996681e+00 2.057189e+01 
-4.896288e+00 2.047153e+01 
-4.798002e+00 2.037115e+01 
-4.701904e+00 2.027074e+01 
-4.607995e+00 2.017032e+01 
-4.516175e+00 2.006991e+01 
-4.426331e+00 1.996952e+01 
-4.338358e+00 1.986913e+01 
-4.252159e+00 1.976875e+01 
-4.167644e+00 1.966838e+01 
-4.084730e+00 1.956802e+01 
-4.003343e+00 1.946767e+01 
-3.923410e+00 1.936733e+01 
-3.844863e+00 1.926700e+01 
-3.767636e+00 1.916667e+01 
-3.691672e+00 1.906636e+01 
-3.616917e+00 1.896605e+01 
-3.543319e+00 1.886575e+01 
-3.470827e+00 1.876546e+01 
-3.399395e+00 1.866518e+01 
-3.328982e+00 1.856491e+01 
-3.259545e+00 1.846464e+01 
-3.191045e+00 1.836438e+01 
-3.123448e+00 1.826413e+01 
-3.056786e+00 1.816385e+01 
-2.991145e+00 1.806355e+01 
-2.926782e+00 1.796316e+01 
-2.863840e+00 1.786272e+01 
-2.802415e+00 1.776225e+01 
-2.742490e+00 1.766179e+01 
-2.683995e+00 1.756133e+01 
-2.626853e+00 1.746090e+01 
-2.570990e+00 1.736048e+01 
-2.516327e+00 1.726008e+01 
-2.462822e+00 1.715969e+01 
-2.410398e+00 1.705932e+01 
-2.358978e+00 1.695897e+01 
-2.308572e+00 1.685861e+01 
-2.259036e+00 1.675831e+01 
-2.210374e+00 1.665799e+01 
-2.162504e+00 1.655771e+01 
-2.115412e+00 1.645743e+01 
-2.069017e+00 1.635717e+01 
-2.023309e+00 1.625691e+01 
-1.978252e+00 1.615667e+01 
-1.934062e+00 1.605632e+01 
-1.890931e+00 1.595591e+01 
-1.848779e+00 1.585553e+01 
-1.807510e+00 1.575519e+01 
-1.767074e+00 1.565486e+01 
-1.727439e+00 1.555455e+01 
-1.688578e+00 1.545424e+01 
-1.650462e+00 1.535393e+01 
-1.613065e+00 1.525364e+01 
-1.576363e+00 1.515336e+01 
-1.540330e+00 1.505308e+01 
-1.504910e+00 1.495283e+01 
-1.469999e+00 1.485262e+01 
-1.435574e+00 1.475242e+01 
-1.401670e+00 1.465220e+01 
-1.368300e+00 1.455197e+01 
-1.335470e+00 1.445174e+01 
-1.303188e+00 1.435150e+01 
-1.271463e+00 1.425126e+01 
-1.240303e+00 1.415101e+01 
-1.209658e+00 1.405079e+01 
-1.179452e+00 1.395061e+01 
-1.149695e+00 1.385041e+01 
-1.120429e+00 1.375019e+01 
-1.091479e+00 1.365006e+01 
-1.062910e+00 1.354989e+01 
-1.034850e+00 1.344965e+01 
-1.007356e+00 1.334940e+01 
-9.804545e-01 1.324913e+01 
-9.541577e-01 1.314886e+01 
-9.284765e-01 1.304858e+01 
-9.034332e-01 1.294829e+01 
-8.791060e-01 1.284796e+01 
-8.555169e-01 1.274762e+01 
-8.327883e-01 1.264721e+01 
-8.110763e-01 1.254673e+01 
-7.903800e-01 1.244626e+01 
-7.705237e-01 1.234588e+01 
-7.513134e-01 1.224558e+01 
-7.326600e-01 1.214532e+01 
-7.145973e-01 1.204504e+01 
-6.973057e-01 1.194466e+01 
-6.808440e-01 1.184426e+01 
-6.651793e-01 1.174388e+01 
-6.502744e-01 1.164352e+01 
-6.360950e-01 1.154317e+01 
-6.226289e-01 1.144282e+01 
-6.098071e-01 1.134251e+01 
-5.975567e-01 1.124224e+01 
-5.858326e-01 1.114198e+01 
-5.745945e-01 1.104174e+01 
-5.638311e-01 1.094151e+01 
-5.534914e-01 1.084131e+01 
-5.434750e-01 1.074115e+01 
-6.429787e-01 1.073120e+01 
