-8.052719e+00 -2.998422e-01 
-8.052405e+00 -3.995343e-01 
-8.051478e+00 -4.992248e-01 
-8.049933e+00 -5.989138e-01 
-8.047768e+00 -6.986011e-01 
-8.044979e+00 -7.982868e-01 
-8.041562e+00 -8.979708e-01 
-8.037516e+00 -9.976113e-01 
-8.032755e+00 -1.097192e+00 
-8.027155e+00 -1.196779e+00 
-8.020728e+00 -1.296372e+00 
-8.013483e+00 -1.395972e+00 
-8.005435e+00 -1.495564e+00 
-7.996568e+00 -1.595146e+00 
-7.986850e+00 -1.694781e+00 
-7.976390e+00 -1.794447e+00 
-7.965254e+00 -1.894107e+00 
-7.953427e+00 -1.993761e+00 
-7.940895e+00 -2.093408e+00 
-7.927645e+00 -2.193050e+00 
-7.913661e+00 -2.292686e+00 
-7.898930e+00 -2.392315e+00 
-7.883435e+00 -2.491938e+00 
-7.867161e+00 -2.591555e+00 
-7.850094e+00 -2.691167e+00 
-7.832218e+00 -2.790772e+00 
-7.813517e+00 -2.890372e+00 
-7.793975e+00 -2.989966e+00 
-7.773576e+00 -3.089554e+00 
-7.752303e+00 -3.189137e+00 
-7.730142e+00 -3.288714e+00 
-7.707072e+00 -3.388291e+00 
-7.683081e+00 -3.487894e+00 
-7.658226e+00 -3.587503e+00 
-7.632516e+00 -3.687104e+00 
-7.605938e+00 -3.786673e+00 
-7.578417e+00 -3.886198e+00 
-7.549834e+00 -3.985728e+00 
-7.520193e+00 -4.085257e+00 
-7.489480e+00 -4.184793e+00 
-7.457702e+00 -4.284337e+00 
-7.424867e+00 -4.383881e+00 
-7.390965e+00 -4.483432e+00 
-7.356002e+00 -4.582993e+00 
-7.319992e+00 -4.682553e+00 
-7.282921e+00 -4.782123e+00 
-7.244800e+00 -4.881700e+00 
-7.205669e+00 -4.981204e+00 
-7.165336e+00 -5.080637e+00 
-7.123721e+00 -5.179735e+00 
-7.079834e+00 -5.278752e+00 
-7.033370e+00 -5.377756e+00 
-6.984212e+00 -5.476749e+00 
-6.932134e+00 -5.575914e+00 
-6.877630e+00 -5.675084e+00 
-6.820642e+00 -5.774250e+00 
-6.761076e+00 -5.873410e+00 
-6.698830e+00 -5.972557e+00 
-6.633752e+00 -6.071689e+00 
-6.565683e+00 -6.170801e+00 
-6.494432e+00 -6.269869e+00 
-6.419679e+00 -6.368889e+00 
-6.341040e+00 -6.467854e+00 
-6.258041e+00 -6.566767e+00 
-6.170138e+00 -6.665615e+00 
-6.076931e+00 -6.764079e+00 
-5.978962e+00 -6.859042e+00 
-5.881422e+00 -6.943723e+00 
-5.784409e+00 -7.017756e+00 
-5.688100e+00 -7.080748e+00 
-5.592651e+00 -7.132167e+00 
-5.498133e+00 -7.171505e+00 
-5.404526e+00 -7.198361e+00 
-5.311674e+00 -7.212364e+00 
-5.219735e+00 -7.213085e+00 
-5.128373e+00 -7.199036e+00 
-5.036162e+00 -7.167220e+00 
-4.942532e+00 -7.115401e+00 
-4.847405e+00 -7.041474e+00 
-4.752931e+00 -6.945594e+00 
-4.676615e+00 -6.848716e+00 
-4.611399e+00 -6.751236e+00 
-4.554054e+00 -6.653351e+00 
-4.502899e+00 -6.555471e+00 
-4.457395e+00 -6.457339e+00 
-4.416599e+00 -6.359022e+00 
-4.379884e+00 -6.260616e+00 
-4.346771e+00 -6.161740e+00 
-4.316129e+00 -6.062501e+00 
-4.287179e+00 -5.963159e+00 
-4.259692e+00 -5.863790e+00 
-4.233599e+00 -5.764426e+00 
-4.208885e+00 -5.665015e+00 
-4.185435e+00 -5.565558e+00 
-4.163146e+00 -5.466063e+00 
-4.141927e+00 -5.366535e+00 
-4.121704e+00 -5.266978e+00 
-4.102410e+00 -5.167394e+00 
-4.083984e+00 -5.067781e+00 
-4.066364e+00 -4.968144e+00 
-4.049498e+00 -4.868494e+00 
-4.033349e+00 -4.768790e+00 
-4.017811e+00 -4.669068e+00 
-4.002844e+00 -4.569326e+00 
-3.988407e+00 -4.469566e+00 
-3.974460e+00 -4.369788e+00 
-3.960965e+00 -4.269992e+00 
-3.947887e+00 -4.170181e+00 
-3.935193e+00 -4.070353e+00 
-3.922851e+00 -3.970512e+00 
-3.910831e+00 -3.870658e+00 
-3.899107e+00 -3.770784e+00 
-3.887639e+00 -3.670902e+00 
-3.876420e+00 -3.571106e+00 
-3.865621e+00 -3.471360e+00 
-3.855323e+00 -3.371475e+00 
-3.845259e+00 -3.271586e+00 
-3.835419e+00 -3.171703e+00 
-3.825818e+00 -3.071840e+00 
-3.816498e+00 -2.972012e+00 
-3.807527e+00 -2.872197e+00 
-3.798931e+00 -2.772390e+00 
-3.790723e+00 -2.672589e+00 
-3.782916e+00 -2.572782e+00 
-3.775495e+00 -2.472940e+00 
-3.768392e+00 -2.373083e+00 
-3.761575e+00 -2.273213e+00 
-3.755018e+00 -2.173323e+00 
-3.748681e+00 -2.073392e+00 
-3.742478e+00 -1.973373e+00 
-3.736236e+00 -1.873356e+00 
-3.729959e+00 -1.773348e+00 
-3.723667e+00 -1.673349e+00 
-3.717379e+00 -1.573372e+00 
-3.711143e+00 -1.473477e+00 
-3.705120e+00 -1.373647e+00 
-3.699437e+00 -1.273762e+00 
-3.693984e+00 -1.173884e+00 
-3.688781e+00 -1.074094e+00 
-3.684002e+00 -9.743737e-01 
-3.679778e+00 -8.745823e-01 
-3.675970e+00 -7.747093e-01 
-3.672413e+00 -6.747599e-01 
-3.668957e+00 -5.747973e-01 
-3.665575e+00 -4.748324e-01 
-3.662264e+00 -3.748654e-01 
-3.659019e+00 -2.748963e-01 
-3.655836e+00 -1.749254e-01 
-3.652734e+00 -7.648757e-02 
-3.652710e+00 7.492539e-02 
-3.655835e+00 1.748963e-01 
-3.659018e+00 2.748654e-01 
-3.662263e+00 3.748324e-01 
-3.665574e+00 4.747973e-01 
-3.565631e+00 4.781779e-01 
-3.562318e+00 3.781427e-01 
-3.559071e+00 2.781098e-01 
-3.555886e+00 1.780788e-01 
-3.552759e+00 7.804975e-02 
-3.552734e+00 -7.648757e-02 
-3.555885e+00 -1.780497e-01 
-3.559070e+00 -2.780788e-01 
-3.562317e+00 -3.781098e-01 
-3.565630e+00 -4.781427e-01 
-3.569014e+00 -5.781779e-01 
-3.572472e+00 -6.782152e-01 
-3.576033e+00 -7.782659e-01 
-3.579851e+00 -8.783929e-01 
-3.584091e+00 -9.786014e-01 
-3.588895e+00 -1.078881e+00 
-3.594120e+00 -1.179091e+00 
-3.599586e+00 -1.279213e+00 
-3.605282e+00 -1.379328e+00 
-3.611325e+00 -1.479498e+00 
-3.617574e+00 -1.579603e+00 
-3.623864e+00 -1.679626e+00 
-3.630157e+00 -1.779627e+00 
-3.636432e+00 -1.879619e+00 
-3.642672e+00 -1.979602e+00 
-3.648873e+00 -2.079583e+00 
-3.655219e+00 -2.179652e+00 
-3.661789e+00 -2.279762e+00 
-3.668624e+00 -2.379893e+00 
-3.675747e+00 -2.480035e+00 
-3.683191e+00 -2.580193e+00 
-3.691028e+00 -2.680387e+00 
-3.699267e+00 -2.780586e+00 
-3.707896e+00 -2.880778e+00 
-3.716899e+00 -2.980963e+00 
-3.726251e+00 -3.081136e+00 
-3.735878e+00 -3.181273e+00 
-3.745741e+00 -3.281390e+00 
-3.755827e+00 -3.381500e+00 
-3.766148e+00 -3.481615e+00 
-3.777001e+00 -3.581869e+00 
-3.788265e+00 -3.682073e+00 
-3.799759e+00 -3.782191e+00 
-3.811513e+00 -3.882317e+00 
-3.823568e+00 -3.982463e+00 
-3.835949e+00 -4.082622e+00 
-3.848686e+00 -4.182795e+00 
-3.861812e+00 -4.282983e+00 
-3.875362e+00 -4.383188e+00 
-3.889370e+00 -4.483409e+00 
-3.903875e+00 -4.583649e+00 
-3.918918e+00 -4.683907e+00 
-3.934541e+00 -4.784185e+00 
-3.950784e+00 -4.884482e+00 
-3.967767e+00 -4.984831e+00 
-3.985512e+00 -5.085194e+00 
-4.004078e+00 -5.185582e+00 
-4.023529e+00 -5.285997e+00 
-4.043928e+00 -5.386440e+00 
-4.065343e+00 -5.486912e+00 
-4.087853e+00 -5.587417e+00 
-4.111553e+00 -5.687961e+00 
-4.136552e+00 -5.788549e+00 
-4.162970e+00 -5.889185e+00 
-4.190798e+00 -5.989816e+00 
-4.220122e+00 -6.090475e+00 
-4.251220e+00 -6.191236e+00 
-4.285056e+00 -6.292360e+00 
-4.322899e+00 -6.393953e+00 
-4.365018e+00 -6.495636e+00 
-4.412162e+00 -6.597504e+00 
-4.465404e+00 -6.699624e+00 
-4.525089e+00 -6.801740e+00 
-4.593459e+00 -6.904259e+00 
-4.674303e+00 -7.007381e+00 
-4.776017e+00 -7.111501e+00 
-4.880890e+00 -7.194143e+00 
-4.987260e+00 -7.254448e+00 
-5.095049e+00 -7.293320e+00 
-5.203687e+00 -7.311789e+00 
-5.311748e+00 -7.312364e+00 
-5.418896e+00 -7.297323e+00 
-5.525289e+00 -7.267747e+00 
-5.630771e+00 -7.224617e+00 
-5.735321e+00 -7.168896e+00 
-5.839013e+00 -7.101532e+00 
-5.942000e+00 -7.023285e+00 
-6.044460e+00 -6.934606e+00 
-6.146491e+00 -6.835921e+00 
-6.242737e+00 -6.734385e+00 
-6.332755e+00 -6.633233e+00 
-6.417633e+00 -6.532146e+00 
-6.497962e+00 -6.431111e+00 
-6.574235e+00 -6.330131e+00 
-6.646860e+00 -6.229199e+00 
-6.716178e+00 -6.128311e+00 
-6.782421e+00 -6.027443e+00 
-6.845764e+00 -5.926590e+00 
-6.906361e+00 -5.825750e+00 
-6.964329e+00 -5.724916e+00 
-7.019767e+00 -5.624086e+00 
-7.072742e+00 -5.523251e+00 
-7.122930e+00 -5.422244e+00 
-7.170356e+00 -5.321248e+00 
-7.215140e+00 -5.220265e+00 
-7.257533e+00 -5.119363e+00 
-7.298334e+00 -5.018796e+00 
-7.337862e+00 -4.918300e+00 
-7.376310e+00 -4.817877e+00 
-7.413707e+00 -4.717447e+00 
-7.450039e+00 -4.617007e+00 
-7.485316e+00 -4.516568e+00 
-7.519528e+00 -4.416119e+00 
-7.552668e+00 -4.315663e+00 
-7.584743e+00 -4.215207e+00 
-7.615747e+00 -4.114743e+00 
-7.645674e+00 -4.014272e+00 
-7.674532e+00 -3.913802e+00 
-7.702320e+00 -3.813327e+00 
-7.729133e+00 -3.712896e+00 
-7.755052e+00 -3.612497e+00 
-7.780106e+00 -3.512106e+00 
-7.804291e+00 -3.411709e+00 
-7.827561e+00 -3.311286e+00 
-7.849915e+00 -3.210863e+00 
-7.871369e+00 -3.110446e+00 
-7.891940e+00 -3.010034e+00 
-7.911646e+00 -2.909628e+00 
-7.930500e+00 -2.809228e+00 
-7.948521e+00 -2.708833e+00 
-7.965725e+00 -2.608445e+00 
-7.982126e+00 -2.508062e+00 
-7.997741e+00 -2.407685e+00 
-8.012586e+00 -2.307314e+00 
-8.026674e+00 -2.206950e+00 
-8.040022e+00 -2.106592e+00 
-8.052645e+00 -2.006239e+00 
-8.064557e+00 -1.905893e+00 
-8.075771e+00 -1.805553e+00 
-8.086304e+00 -1.705219e+00 
-8.096095e+00 -1.604854e+00 
-8.105041e+00 -1.504436e+00 
-8.113158e+00 -1.404028e+00 
-8.120464e+00 -1.303628e+00 
-8.126948e+00 -1.203221e+00 
-8.132597e+00 -1.102808e+00 
-8.137402e+00 -1.002389e+00 
-8.141480e+00 -9.020292e-01 
-8.144920e+00 -8.017132e-01 
-8.147729e+00 -7.013989e-01 
-8.149909e+00 -6.010862e-01 
-8.151466e+00 -5.007752e-01 
-8.152401e+00 -4.004657e-01 
-8.152719e+00 -3.001578e-01 
-8.052719e+00 -2.998422e-01 
