-4.287523e+00 1.979141e-01 
-4.292443e+00 2.975191e-01 
-4.298154e+00 3.971370e-01 
-4.304633e+00 4.967783e-01 
-4.311835e+00 5.964754e-01 
-4.319651e+00 6.962174e-01 
-4.328020e+00 7.963531e-01 
-4.336087e+00 8.961545e-01 
-4.344561e+00 9.960349e-01 
-4.353299e+00 1.096162e+00 
-4.361775e+00 1.196236e+00 
-4.370096e+00 1.296256e+00 
-4.378374e+00 1.396217e+00 
-4.386723e+00 1.496119e+00 
-4.395266e+00 1.595957e+00 
-4.404128e+00 1.695719e+00 
-4.413457e+00 1.795337e+00 
-4.423547e+00 1.894850e+00 
-4.434607e+00 1.994249e+00 
-4.446880e+00 2.093593e+00 
-4.460489e+00 2.192933e+00 
-4.475495e+00 2.292543e+00 
-4.491298e+00 2.392110e+00 
-4.507992e+00 2.491642e+00 
-4.525657e+00 2.591156e+00 
-4.544343e+00 2.690697e+00 
-4.563990e+00 2.790221e+00 
-4.584639e+00 2.889723e+00 
-4.606341e+00 2.989199e+00 
-4.629157e+00 3.088650e+00 
-4.653151e+00 3.188073e+00 
-4.678380e+00 3.287422e+00 
-4.704865e+00 3.386177e+00 
-4.733990e+00 3.484572e+00 
-4.766566e+00 3.582473e+00 
-4.803711e+00 3.679575e+00 
-4.847913e+00 3.776454e+00 
-4.899988e+00 3.872459e+00 
-4.963543e+00 3.967550e+00 
-5.044981e+00 4.062035e+00 
-5.136830e+00 4.140156e+00 
-5.225779e+00 4.190268e+00 
-5.312665e+00 4.215248e+00 
-5.399687e+00 4.216565e+00 
-5.488916e+00 4.193524e+00 
-5.581019e+00 4.144223e+00 
-5.675973e+00 4.066284e+00 
-5.764212e+00 3.970003e+00 
-5.837402e+00 3.872566e+00 
-5.901738e+00 3.774645e+00 
-5.959583e+00 3.676408e+00 
-6.012300e+00 3.577967e+00 
-6.060740e+00 3.479343e+00 
-6.105556e+00 3.380601e+00 
-6.147187e+00 3.281743e+00 
-6.186006e+00 3.182805e+00 
-6.222276e+00 3.083800e+00 
-6.256215e+00 2.984728e+00 
-6.288018e+00 2.885611e+00 
-6.317823e+00 2.786453e+00 
-6.345778e+00 2.687152e+00 
-6.372187e+00 2.587847e+00 
-6.397093e+00 2.488465e+00 
-6.420649e+00 2.389139e+00 
-6.442788e+00 2.289664e+00 
-6.463816e+00 2.190155e+00 
-6.483802e+00 2.090654e+00 
-6.502734e+00 1.991162e+00 
-6.520602e+00 1.891678e+00 
-6.537395e+00 1.792202e+00 
-6.553103e+00 1.692733e+00 
-6.567717e+00 1.593272e+00 
-6.581226e+00 1.493819e+00 
-6.593618e+00 1.394373e+00 
-6.604883e+00 1.294935e+00 
-6.615010e+00 1.195505e+00 
-6.623987e+00 1.096082e+00 
-6.631804e+00 9.966668e-01 
-6.638449e+00 8.972584e-01 
-6.738299e+00 9.027416e-01 
-6.731582e+00 1.003333e+00 
-6.723680e+00 1.103918e+00 
-6.714605e+00 1.204495e+00 
-6.704369e+00 1.305065e+00 
-6.692983e+00 1.405627e+00 
-6.680458e+00 1.506181e+00 
-6.666808e+00 1.606728e+00 
-6.652042e+00 1.707267e+00 
-6.636172e+00 1.807798e+00 
-6.619207e+00 1.908322e+00 
-6.601159e+00 2.008838e+00 
-6.582039e+00 2.109346e+00 
-6.561858e+00 2.209845e+00 
-6.540628e+00 2.310336e+00 
-6.518261e+00 2.410861e+00 
-6.494396e+00 2.511535e+00 
-6.469189e+00 2.612153e+00 
-6.442420e+00 2.712848e+00 
-6.414082e+00 2.813547e+00 
-6.383787e+00 2.914389e+00 
-6.351437e+00 3.015272e+00 
-6.316882e+00 3.116200e+00 
-6.279906e+00 3.217195e+00 
-6.240282e+00 3.318257e+00 
-6.197723e+00 3.419399e+00 
-6.151807e+00 3.520657e+00 
-6.102067e+00 3.622033e+00 
-6.047752e+00 3.723592e+00 
-5.987928e+00 3.825355e+00 
-5.921005e+00 3.927434e+00 
-5.844216e+00 4.029997e+00 
-5.749816e+00 4.133716e+00 
-5.644770e+00 4.221267e+00 
-5.536874e+00 4.281274e+00 
-5.426103e+00 4.313012e+00 
-5.313124e+00 4.315247e+00 
-5.200011e+00 4.286891e+00 
-5.088959e+00 4.227954e+00 
-4.980809e+00 4.138729e+00 
-4.888122e+00 4.033213e+00 
-4.817034e+00 3.928304e+00 
-4.760107e+00 3.824309e+00 
-4.712781e+00 3.721188e+00 
-4.673201e+00 3.618290e+00 
-4.639120e+00 3.516191e+00 
-4.608985e+00 3.414586e+00 
-4.581798e+00 3.313341e+00 
-4.556229e+00 3.212690e+00 
-4.531948e+00 3.112113e+00 
-4.508873e+00 3.011564e+00 
-4.486937e+00 2.911040e+00 
-4.466077e+00 2.810542e+00 
-4.446237e+00 2.710067e+00 
-4.427374e+00 2.609608e+00 
-4.409532e+00 2.509122e+00 
-4.392676e+00 2.408654e+00 
-4.376732e+00 2.308220e+00 
-4.361605e+00 2.207831e+00 
-4.347806e+00 2.107171e+00 
-4.335362e+00 2.006514e+00 
-4.324161e+00 1.905913e+00 
-4.313967e+00 1.805427e+00 
-4.304564e+00 1.705044e+00 
-4.295658e+00 1.604806e+00 
-4.287087e+00 1.504644e+00 
-4.278721e+00 1.404546e+00 
-4.270437e+00 1.304508e+00 
-4.262119e+00 1.204527e+00 
-4.253656e+00 1.104602e+00 
-4.244940e+00 1.004728e+00 
-4.236445e+00 9.046089e-01 
-4.228345e+00 8.044103e-01 
-4.219998e+00 7.045460e-01 
-4.212141e+00 6.042880e-01 
-4.204893e+00 5.039851e-01 
-4.198365e+00 4.036264e-01 
-4.192607e+00 3.032443e-01 
-4.187645e+00 2.028493e-01 
-4.287523e+00 1.979141e-01 
