3.924021e+01 -5.986488e-01 
3.923751e+01 -6.984957e-01 
3.923450e+01 -7.983422e-01 
3.923119e+01 -8.981885e-01 
3.922757e+01 -9.980345e-01 
3.922364e+01 -1.097880e+00 
3.921941e+01 -1.197726e+00 
3.921486e+01 -1.297571e+00 
3.921000e+01 -1.397416e+00 
3.920484e+01 -1.497260e+00 
3.919936e+01 -1.597104e+00 
3.919356e+01 -1.696948e+00 
3.918746e+01 -1.796792e+00 
3.918104e+01 -1.896635e+00 
3.917430e+01 -1.996478e+00 
3.916725e+01 -2.096320e+00 
3.915989e+01 -2.196162e+00 
3.915220e+01 -2.296004e+00 
3.914420e+01 -2.395846e+00 
3.913587e+01 -2.495687e+00 
3.912723e+01 -2.595528e+00 
3.911826e+01 -2.695368e+00 
3.910897e+01 -2.795208e+00 
3.909936e+01 -2.895048e+00 
3.908943e+01 -2.994887e+00 
3.907916e+01 -3.094726e+00 
3.906857e+01 -3.194565e+00 
3.905766e+01 -3.294403e+00 
3.904641e+01 -3.394241e+00 
3.903483e+01 -3.494078e+00 
3.902292e+01 -3.593915e+00 
3.901068e+01 -3.693751e+00 
3.899811e+01 -3.793588e+00 
3.898520e+01 -3.893423e+00 
3.897195e+01 -3.993259e+00 
3.895837e+01 -4.093094e+00 
3.894444e+01 -4.192928e+00 
3.893018e+01 -4.292762e+00 
3.891558e+01 -4.392596e+00 
3.890063e+01 -4.492429e+00 
3.888534e+01 -4.592262e+00 
3.886970e+01 -4.692095e+00 
3.885371e+01 -4.791927e+00 
3.883738e+01 -4.891747e+00 
3.882068e+01 -4.991566e+00 
3.880360e+01 -5.091385e+00 
3.878614e+01 -5.191203e+00 
3.876830e+01 -5.291022e+00 
3.875008e+01 -5.390839e+00 
3.873147e+01 -5.490657e+00 
3.871249e+01 -5.590475e+00 
3.869312e+01 -5.690289e+00 
3.867336e+01 -5.790103e+00 
3.865320e+01 -5.889917e+00 
3.863265e+01 -5.989730e+00 
3.861170e+01 -6.089543e+00 
3.859036e+01 -6.189358e+00 
3.856862e+01 -6.289173e+00 
3.854647e+01 -6.388995e+00 
3.852395e+01 -6.488822e+00 
3.850105e+01 -6.588649e+00 
3.847778e+01 -6.688477e+00 
3.845414e+01 -6.788305e+00 
3.843012e+01 -6.888134e+00 
3.840574e+01 -6.987962e+00 
3.838097e+01 -7.087791e+00 
3.835584e+01 -7.187620e+00 
3.833033e+01 -7.287449e+00 
3.830444e+01 -7.387279e+00 
3.827818e+01 -7.487108e+00 
3.825154e+01 -7.586938e+00 
3.822452e+01 -7.686768e+00 
3.819712e+01 -7.786598e+00 
3.816935e+01 -7.886428e+00 
3.814119e+01 -7.986259e+00 
3.811266e+01 -8.086090e+00 
3.808375e+01 -8.185921e+00 
3.805445e+01 -8.285752e+00 
3.802477e+01 -8.385583e+00 
3.799471e+01 -8.485415e+00 
3.796426e+01 -8.585247e+00 
3.793343e+01 -8.685079e+00 
3.790222e+01 -8.784911e+00 
3.787062e+01 -8.884744e+00 
3.783863e+01 -8.984577e+00 
3.780626e+01 -9.084410e+00 
3.777350e+01 -9.184243e+00 
3.774035e+01 -9.284077e+00 
3.770681e+01 -9.383911e+00 
3.767288e+01 -9.483745e+00 
3.763856e+01 -9.583580e+00 
3.760385e+01 -9.683414e+00 
3.756875e+01 -9.783249e+00 
3.753325e+01 -9.883085e+00 
3.749736e+01 -9.982920e+00 
3.746107e+01 -1.008276e+01 
3.742439e+01 -1.018259e+01 
3.738732e+01 -1.028243e+01 
3.734984e+01 -1.038227e+01 
3.731197e+01 -1.048210e+01 
3.727370e+01 -1.058194e+01 
3.723503e+01 -1.068178e+01 
3.719596e+01 -1.078162e+01 
3.715648e+01 -1.088145e+01 
3.711661e+01 -1.098129e+01 
3.707633e+01 -1.108113e+01 
3.703565e+01 -1.118097e+01 
3.699456e+01 -1.128081e+01 
3.695307e+01 -1.138065e+01 
3.691117e+01 -1.148049e+01 
3.686887e+01 -1.158033e+01 
3.682615e+01 -1.168017e+01 
3.678303e+01 -1.178001e+01 
3.673948e+01 -1.187984e+01 
3.669550e+01 -1.197968e+01 
3.665109e+01 -1.207951e+01 
3.660624e+01 -1.217935e+01 
3.656095e+01 -1.227918e+01 
3.651523e+01 -1.237902e+01 
3.646907e+01 -1.247885e+01 
3.642247e+01 -1.257869e+01 
3.637544e+01 -1.267853e+01 
3.632796e+01 -1.277837e+01 
3.628005e+01 -1.287820e+01 
3.623169e+01 -1.297804e+01 
3.618289e+01 -1.307788e+01 
3.613365e+01 -1.317772e+01 
3.608397e+01 -1.327757e+01 
3.603384e+01 -1.337741e+01 
3.598327e+01 -1.347725e+01 
3.593226e+01 -1.357709e+01 
3.588079e+01 -1.367694e+01 
3.582889e+01 -1.377678e+01 
3.577653e+01 -1.387662e+01 
3.572372e+01 -1.397645e+01 
3.567042e+01 -1.407628e+01 
3.561661e+01 -1.417610e+01 
3.556229e+01 -1.427593e+01 
3.550745e+01 -1.437575e+01 
3.545209e+01 -1.447558e+01 
3.539621e+01 -1.457540e+01 
3.533980e+01 -1.467522e+01 
3.528284e+01 -1.477504e+01 
3.522535e+01 -1.487487e+01 
3.516731e+01 -1.497469e+01 
3.510871e+01 -1.507451e+01 
3.504956e+01 -1.517433e+01 
3.498984e+01 -1.527415e+01 
3.492955e+01 -1.537397e+01 
3.486868e+01 -1.547379e+01 
3.480724e+01 -1.557361e+01 
3.474520e+01 -1.567342e+01 
3.468256e+01 -1.577324e+01 
3.461932e+01 -1.587306e+01 
3.455548e+01 -1.597287e+01 
3.449102e+01 -1.607269e+01 
3.442593e+01 -1.617251e+01 
3.436022e+01 -1.627232e+01 
3.429387e+01 -1.637214e+01 
3.422688e+01 -1.647195e+01 
3.415923e+01 -1.657176e+01 
3.409093e+01 -1.667158e+01 
3.402196e+01 -1.677139e+01 
3.395231e+01 -1.687120e+01 
3.388199e+01 -1.697101e+01 
3.381097e+01 -1.707082e+01 
3.373926e+01 -1.717064e+01 
3.366684e+01 -1.727045e+01 
3.359370e+01 -1.737026e+01 
3.351984e+01 -1.747007e+01 
3.344525e+01 -1.756988e+01 
3.336991e+01 -1.766969e+01 
3.329384e+01 -1.776948e+01 
3.321693e+01 -1.786927e+01 
3.313918e+01 -1.796905e+01 
3.306054e+01 -1.806884e+01 
3.298101e+01 -1.816862e+01 
3.290057e+01 -1.826840e+01 
3.281921e+01 -1.836819e+01 
3.273691e+01 -1.846797e+01 
3.265365e+01 -1.856775e+01 
3.256943e+01 -1.866753e+01 
3.248422e+01 -1.876731e+01 
3.239801e+01 -1.886709e+01 
3.231077e+01 -1.896687e+01 
3.222250e+01 -1.906665e+01 
3.213317e+01 -1.916643e+01 
3.204277e+01 -1.926620e+01 
3.195127e+01 -1.936597e+01 
3.185859e+01 -1.946573e+01 
3.176469e+01 -1.956549e+01 
3.166956e+01 -1.966526e+01 
3.157317e+01 -1.976502e+01 
3.147551e+01 -1.986479e+01 
3.137654e+01 -1.996455e+01 
3.127678e+01 -2.006379e+01 
3.117702e+01 -2.016173e+01 
3.107725e+01 -2.025838e+01 
3.097749e+01 -2.035378e+01 
3.087772e+01 -2.044795e+01 
3.077795e+01 -2.054092e+01 
3.067819e+01 -2.063270e+01 
3.057842e+01 -2.072334e+01 
3.047865e+01 -2.081284e+01 
3.037888e+01 -2.090122e+01 
3.027911e+01 -2.098852e+01 
3.017934e+01 -2.107475e+01 
3.007957e+01 -2.115993e+01 
2.997980e+01 -2.124408e+01 
2.988002e+01 -2.132723e+01 
2.978023e+01 -2.140941e+01 
2.968044e+01 -2.149068e+01 
2.958064e+01 -2.157107e+01 
2.948083e+01 -2.165063e+01 
2.938102e+01 -2.172941e+01 
2.928121e+01 -2.180740e+01 
2.918140e+01 -2.188461e+01 
2.908159e+01 -2.196106e+01 
2.898178e+01 -2.203676e+01 
2.888197e+01 -2.211171e+01 
2.878216e+01 -2.218592e+01 
2.868235e+01 -2.225939e+01 
2.858254e+01 -2.233215e+01 
2.848273e+01 -2.240420e+01 
2.838292e+01 -2.247554e+01 
2.828311e+01 -2.254619e+01 
2.818330e+01 -2.261615e+01 
2.808348e+01 -2.268542e+01 
2.798367e+01 -2.275403e+01 
2.788386e+01 -2.282197e+01 
2.778404e+01 -2.288925e+01 
2.768423e+01 -2.295589e+01 
2.758442e+01 -2.302188e+01 
2.748460e+01 -2.308723e+01 
2.738479e+01 -2.315196e+01 
2.728497e+01 -2.321607e+01 
2.718515e+01 -2.327956e+01 
2.708534e+01 -2.334244e+01 
2.698552e+01 -2.340473e+01 
2.688570e+01 -2.346641e+01 
2.678588e+01 -2.352752e+01 
2.668608e+01 -2.358803e+01 
2.658629e+01 -2.364791e+01 
2.648650e+01 -2.370712e+01 
2.638671e+01 -2.376567e+01 
2.628692e+01 -2.382357e+01 
2.618713e+01 -2.388082e+01 
2.608734e+01 -2.393744e+01 
2.598755e+01 -2.399343e+01 
2.588775e+01 -2.404881e+01 
2.578796e+01 -2.410357e+01 
2.568823e+01 -2.415768e+01 
2.558851e+01 -2.421101e+01 
2.548879e+01 -2.426352e+01 
2.538908e+01 -2.431521e+01 
2.528936e+01 -2.436611e+01 
2.518964e+01 -2.441620e+01 
2.508992e+01 -2.446551e+01 
2.499021e+01 -2.451405e+01 
2.489049e+01 -2.456182e+01 
2.479077e+01 -2.460882e+01 
2.469105e+01 -2.465508e+01 
2.459132e+01 -2.470059e+01 
2.449160e+01 -2.474537e+01 
2.439188e+01 -2.478942e+01 
2.429216e+01 -2.483275e+01 
2.419243e+01 -2.487537e+01 
2.409271e+01 -2.491729e+01 
2.399298e+01 -2.495850e+01 
2.389326e+01 -2.499903e+01 
2.379353e+01 -2.503886e+01 
2.369380e+01 -2.507803e+01 
2.359408e+01 -2.511652e+01 
2.349435e+01 -2.515434e+01 
2.339462e+01 -2.519150e+01 
2.329489e+01 -2.522802e+01 
2.319516e+01 -2.526388e+01 
2.309542e+01 -2.529910e+01 
2.299569e+01 -2.533369e+01 
2.289596e+01 -2.536764e+01 
2.279622e+01 -2.540097e+01 
2.269649e+01 -2.543368e+01 
2.259675e+01 -2.546578e+01 
2.249702e+01 -2.549726e+01 
2.239728e+01 -2.552814e+01 
2.229754e+01 -2.555842e+01 
2.219780e+01 -2.558811e+01 
2.209806e+01 -2.561720e+01 
2.199832e+01 -2.564571e+01 
2.189858e+01 -2.567364e+01 
2.179884e+01 -2.570099e+01 
2.169910e+01 -2.572777e+01 
2.159936e+01 -2.575398e+01 
2.149961e+01 -2.577963e+01 
2.139987e+01 -2.580471e+01 
2.130012e+01 -2.582924e+01 
2.120037e+01 -2.585322e+01 
2.110062e+01 -2.587665e+01 
2.100088e+01 -2.589954e+01 
2.090113e+01 -2.592189e+01 
2.080138e+01 -2.594370e+01 
2.070162e+01 -2.596497e+01 
2.060187e+01 -2.598572e+01 
2.050212e+01 -2.600595e+01 
2.040236e+01 -2.602565e+01 
2.030261e+01 -2.604483e+01 
2.020285e+01 -2.606350e+01 
2.010310e+01 -2.608165e+01 
2.000334e+01 -2.609930e+01 
1.990358e+01 -2.611644e+01 
1.980382e+01 -2.613308e+01 
1.970406e+01 -2.614923e+01 
1.960430e+01 -2.616487e+01 
1.950453e+01 -2.618003e+01 
1.940477e+01 -2.619469e+01 
1.930501e+01 -2.620888e+01 
1.920524e+01 -2.622257e+01 
1.910547e+01 -2.623579e+01 
1.900570e+01 -2.624853e+01 
1.890594e+01 -2.626080e+01 
1.880616e+01 -2.627259e+01 
1.870639e+01 -2.628393e+01 
1.860661e+01 -2.629481e+01 
1.850683e+01 -2.630523e+01 
1.840706e+01 -2.631520e+01 
1.830728e+01 -2.632473e+01 
1.820750e+01 -2.633380e+01 
1.810772e+01 -2.634243e+01 
1.800796e+01 -2.635062e+01 
1.790824e+01 -2.635831e+01 
1.780853e+01 -2.636544e+01 
1.770881e+01 -2.637200e+01 
1.760910e+01 -2.637798e+01 
1.750939e+01 -2.638338e+01 
1.740967e+01 -2.638822e+01 
1.730996e+01 -2.639248e+01 
1.721026e+01 -2.639617e+01 
1.711058e+01 -2.639925e+01 
1.701092e+01 -2.640169e+01 
1.691127e+01 -2.640345e+01 
1.681161e+01 -2.640452e+01 
1.671195e+01 -2.640492e+01 
1.661228e+01 -2.640463e+01 
1.651262e+01 -2.640368e+01 
1.641295e+01 -2.640206e+01 
1.631328e+01 -2.639978e+01 
1.621361e+01 -2.639683e+01 
1.611394e+01 -2.639324e+01 
1.601426e+01 -2.638899e+01 
1.591458e+01 -2.638409e+01 
1.581490e+01 -2.637855e+01 
1.571521e+01 -2.637237e+01 
1.561553e+01 -2.636556e+01 
1.551584e+01 -2.635812e+01 
1.541614e+01 -2.635006e+01 
1.531645e+01 -2.634138e+01 
1.521675e+01 -2.633208e+01 
1.511705e+01 -2.632218e+01 
1.501734e+01 -2.631166e+01 
1.491764e+01 -2.630055e+01 
1.481793e+01 -2.628884e+01 
1.471821e+01 -2.627655e+01 
1.461850e+01 -2.626366e+01 
1.451878e+01 -2.625020e+01 
1.441905e+01 -2.623616e+01 
1.431933e+01 -2.622155e+01 
1.421960e+01 -2.620638e+01 
1.411986e+01 -2.619065e+01 
1.402013e+01 -2.617436e+01 
1.392039e+01 -2.615753e+01 
1.382065e+01 -2.614015e+01 
1.372090e+01 -2.612223e+01 
1.362115e+01 -2.610378e+01 
1.352140e+01 -2.608480e+01 
1.342164e+01 -2.606530e+01 
1.332190e+01 -2.604528e+01 
1.322220e+01 -2.602474e+01 
1.312251e+01 -2.600355e+01 
1.302283e+01 -2.598169e+01 
1.292314e+01 -2.595916e+01 
1.282345e+01 -2.593596e+01 
1.272376e+01 -2.591209e+01 
1.262407e+01 -2.588754e+01 
1.252439e+01 -2.586231e+01 
1.242470e+01 -2.583639e+01 
1.232501e+01 -2.580980e+01 
1.222531e+01 -2.578251e+01 
1.212562e+01 -2.575454e+01 
1.202593e+01 -2.572587e+01 
1.192623e+01 -2.569652e+01 
1.182654e+01 -2.566648e+01 
1.172684e+01 -2.563574e+01 
1.162716e+01 -2.560431e+01 
1.152750e+01 -2.557215e+01 
1.142784e+01 -2.553921e+01 
1.132817e+01 -2.550547e+01 
1.122850e+01 -2.547095e+01 
1.112883e+01 -2.543564e+01 
1.102915e+01 -2.539955e+01 
1.092947e+01 -2.536267e+01 
1.082979e+01 -2.532503e+01 
1.073010e+01 -2.528660e+01 
1.063041e+01 -2.524741e+01 
1.053071e+01 -2.520745e+01 
1.043101e+01 -2.516672e+01 
1.033131e+01 -2.512524e+01 
1.023160e+01 -2.508300e+01 
1.013189e+01 -2.504000e+01 
1.003218e+01 -2.499626e+01 
9.932458e+00 -2.495177e+01 
9.832735e+00 -2.490655e+01 
9.733008e+00 -2.486058e+01 
9.633284e+00 -2.481389e+01 
9.533641e+00 -2.476649e+01 
9.434021e+00 -2.471814e+01 
9.334400e+00 -2.466873e+01 
9.234775e+00 -2.461827e+01 
9.135145e+00 -2.456675e+01 
9.035511e+00 -2.451416e+01 
8.935872e+00 -2.446051e+01 
8.836228e+00 -2.440580e+01 
8.736580e+00 -2.435002e+01 
8.636927e+00 -2.429318e+01 
8.537270e+00 -2.423527e+01 
8.437608e+00 -2.417629e+01 
8.337942e+00 -2.411625e+01 
8.238271e+00 -2.405514e+01 
8.138595e+00 -2.399296e+01 
8.038914e+00 -2.392971e+01 
7.939229e+00 -2.386539e+01 
7.839542e+00 -2.380001e+01 
7.739880e+00 -2.373356e+01 
7.640251e+00 -2.366597e+01 
7.540613e+00 -2.359705e+01 
7.440970e+00 -2.352681e+01 
7.341319e+00 -2.345526e+01 
7.241661e+00 -2.338238e+01 
7.141995e+00 -2.330820e+01 
7.042323e+00 -2.323271e+01 
6.942643e+00 -2.315591e+01 
6.842955e+00 -2.307780e+01 
6.743259e+00 -2.299841e+01 
6.643556e+00 -2.291773e+01 
6.543846e+00 -2.283577e+01 
6.444128e+00 -2.275253e+01 
6.344402e+00 -2.266804e+01 
6.244669e+00 -2.258230e+01 
6.144929e+00 -2.249531e+01 
6.045181e+00 -2.240711e+01 
5.945425e+00 -2.231768e+01 
5.845663e+00 -2.222706e+01 
5.745893e+00 -2.213526e+01 
5.646117e+00 -2.204228e+01 
5.546335e+00 -2.194815e+01 
5.446685e+00 -2.185301e+01 
5.347089e+00 -2.175605e+01 
5.247490e+00 -2.165686e+01 
5.149727e+00 -2.155725e+01 
5.054105e+00 -2.145765e+01 
4.960520e+00 -2.135803e+01 
4.868873e+00 -2.125841e+01 
4.779074e+00 -2.115877e+01 
4.691036e+00 -2.105913e+01 
4.604676e+00 -2.095949e+01 
4.519919e+00 -2.085983e+01 
4.436691e+00 -2.076017e+01 
4.354924e+00 -2.066050e+01 
4.274558e+00 -2.056082e+01 
4.195525e+00 -2.046113e+01 
4.117777e+00 -2.036146e+01 
4.041363e+00 -2.026178e+01 
3.966222e+00 -2.016210e+01 
3.892302e+00 -2.006241e+01 
3.819549e+00 -1.996271e+01 
3.747910e+00 -1.986300e+01 
3.677340e+00 -1.976328e+01 
3.607797e+00 -1.966356e+01 
3.539236e+00 -1.956382e+01 
3.471616e+00 -1.946408e+01 
3.404905e+00 -1.936434e+01 
3.339064e+00 -1.926458e+01 
3.274059e+00 -1.916482e+01 
3.209860e+00 -1.906506e+01 
3.146437e+00 -1.896528e+01 
3.083820e+00 -1.886560e+01 
3.022254e+00 -1.876594e+01 
2.961786e+00 -1.866629e+01 
2.902420e+00 -1.856663e+01 
2.844121e+00 -1.846697e+01 
2.786856e+00 -1.836730e+01 
2.730598e+00 -1.826763e+01 
2.675355e+00 -1.816801e+01 
2.621235e+00 -1.806840e+01 
2.568262e+00 -1.796879e+01 
2.516394e+00 -1.786917e+01 
2.465590e+00 -1.776953e+01 
2.415808e+00 -1.766989e+01 
2.367011e+00 -1.757024e+01 
2.319148e+00 -1.747057e+01 
2.272175e+00 -1.737088e+01 
2.226049e+00 -1.727119e+01 
2.180730e+00 -1.717149e+01 
2.136182e+00 -1.707177e+01 
2.092369e+00 -1.697204e+01 
2.049260e+00 -1.687231e+01 
2.006824e+00 -1.677256e+01 
1.965033e+00 -1.667281e+01 
1.923859e+00 -1.657304e+01 
1.883279e+00 -1.647327e+01 
1.843269e+00 -1.637350e+01 
1.803853e+00 -1.627381e+01 
1.765216e+00 -1.617415e+01 
1.727411e+00 -1.607444e+01 
1.690293e+00 -1.597470e+01 
1.653801e+00 -1.587496e+01 
1.617933e+00 -1.577524e+01 
1.582753e+00 -1.567553e+01 
1.548241e+00 -1.557580e+01 
1.514374e+00 -1.547607e+01 
1.481129e+00 -1.537633e+01 
1.448482e+00 -1.527658e+01 
1.416410e+00 -1.517682e+01 
1.384892e+00 -1.507705e+01 
1.353906e+00 -1.497727e+01 
1.323384e+00 -1.487738e+01 
1.293135e+00 -1.477755e+01 
1.263275e+00 -1.467773e+01 
1.233818e+00 -1.457791e+01 
1.204778e+00 -1.447810e+01 
1.176171e+00 -1.437830e+01 
1.148009e+00 -1.427850e+01 
1.120277e+00 -1.417865e+01 
1.092886e+00 -1.407882e+01 
1.065880e+00 -1.397901e+01 
1.039304e+00 -1.387923e+01 
1.013204e+00 -1.377946e+01 
9.876161e-01 -1.367968e+01 
9.625008e-01 -1.357984e+01 
9.377498e-01 -1.348009e+01 
9.135587e-01 -1.338036e+01 
8.899431e-01 -1.328063e+01 
8.669086e-01 -1.318090e+01 
8.444600e-01 -1.308118e+01 
8.226041e-01 -1.298146e+01 
8.013533e-01 -1.288174e+01 
7.807081e-01 -1.278203e+01 
7.606688e-01 -1.268232e+01 
7.412380e-01 -1.258261e+01 
7.224242e-01 -1.248293e+01 
7.043049e-01 -1.238334e+01 
6.870100e-01 -1.228361e+01 
6.702915e-01 -1.218397e+01 
6.543243e-01 -1.208434e+01 
6.391205e-01 -1.198470e+01 
6.246514e-01 -1.188504e+01 
6.108885e-01 -1.178537e+01 
5.978034e-01 -1.168569e+01 
5.853719e-01 -1.158601e+01 
5.735821e-01 -1.148630e+01 
5.623737e-01 -1.138653e+01 
5.516453e-01 -1.128675e+01 
5.413611e-01 -1.118696e+01 
5.314859e-01 -1.108714e+01 
5.219852e-01 -1.098731e+01 
5.128316e-01 -1.088749e+01 
5.040345e-01 -1.078764e+01 
4.955239e-01 -1.068767e+01 
4.870778e-01 -1.058772e+01 
4.787271e-01 -1.048777e+01 
4.704848e-01 -1.038786e+01 
4.624342e-01 -1.028796e+01 
4.545802e-01 -1.018806e+01 
4.469279e-01 -1.008816e+01 
4.394820e-01 -9.988268e+00 
4.322472e-01 -9.888375e+00 
4.252276e-01 -9.788481e+00 
4.184214e-01 -9.688597e+00 
4.118480e-01 -9.588690e+00 
4.054617e-01 -9.488787e+00 
3.992698e-01 -9.388885e+00 
3.932731e-01 -9.288950e+00 
3.874031e-01 -9.188961e+00 
3.815585e-01 -9.089010e+00 
3.758118e-01 -8.989070e+00 
3.701864e-01 -8.889124e+00 
3.646682e-01 -8.789171e+00 
3.592441e-01 -8.689211e+00 
3.539007e-01 -8.589245e+00 
3.486255e-01 -8.489273e+00 
3.434063e-01 -8.389295e+00 
3.382306e-01 -8.289306e+00 
3.330774e-01 -8.189335e+00 
3.279860e-01 -8.089437e+00 
3.230967e-01 -7.989488e+00 
3.183078e-01 -7.889496e+00 
3.135364e-01 -7.789514e+00 
3.087997e-01 -7.689539e+00 
3.041146e-01 -7.589573e+00 
2.994978e-01 -7.489615e+00 
2.949658e-01 -7.389665e+00 
2.905344e-01 -7.289723e+00 
2.862192e-01 -7.189788e+00 
2.820353e-01 -7.089861e+00 
2.779967e-01 -6.989931e+00 
2.740961e-01 -6.889910e+00 
2.701517e-01 -6.789857e+00 
2.661037e-01 -6.689867e+00 
2.620747e-01 -6.589877e+00 
2.580666e-01 -6.489893e+00 
2.540914e-01 -6.389916e+00 
2.501612e-01 -6.289944e+00 
2.462879e-01 -6.189978e+00 
2.424831e-01 -6.090018e+00 
2.387587e-01 -5.990064e+00 
2.351262e-01 -5.890110e+00 
2.315841e-01 -5.790127e+00 
2.280781e-01 -5.690180e+00 
2.246784e-01 -5.590220e+00 
2.213567e-01 -5.490245e+00 
2.180853e-01 -5.390257e+00 
2.148368e-01 -5.290255e+00 
2.115844e-01 -5.190238e+00 
2.082983e-01 -5.090195e+00 
2.049257e-01 -4.990183e+00 
2.015297e-01 -4.890150e+00 
1.980667e-01 -4.790119e+00 
1.945424e-01 -4.690095e+00 
1.909722e-01 -4.590124e+00 
1.874606e-01 -4.490196e+00 
1.840951e-01 -4.390313e+00 
1.809635e-01 -4.290465e+00 
1.781348e-01 -4.190554e+00 
1.754814e-01 -4.090536e+00 
1.727915e-01 -3.990511e+00 
1.700520e-01 -3.890486e+00 
1.672623e-01 -3.790460e+00 
1.644214e-01 -3.690435e+00 
1.615288e-01 -3.590409e+00 
1.585842e-01 -3.490385e+00 
1.555915e-01 -3.390360e+00 
1.525509e-01 -3.290359e+00 
1.495032e-01 -3.190200e+00 
1.461397e-01 -3.090170e+00 
1.427190e-01 -2.990205e+00 
1.393677e-01 -2.890239e+00 
1.360849e-01 -2.790272e+00 
1.328687e-01 -2.690304e+00 
1.297164e-01 -2.590334e+00 
1.266409e-01 -2.491056e+00 
1.250000e-01 -2.391880e+00 
1.250000e-01 -2.291880e+00 
1.250000e-01 -2.191880e+00 
1.250000e-01 -2.091880e+00 
1.250000e-01 -1.991880e+00 
1.250000e-01 -1.891880e+00 
1.250000e-01 -1.791880e+00 
1.250000e-01 -1.691880e+00 
1.250000e-01 -1.591880e+00 
1.250000e-01 -1.491880e+00 
1.250000e-01 -1.391880e+00 
1.250000e-01 -1.291880e+00 
1.250000e-01 -1.191880e+00 
1.250000e-01 -1.091880e+00 
1.250000e-01 -9.918799e-01 
1.250000e-01 -8.918799e-01 
1.250000e-01 -7.918799e-01 
1.250000e-01 -6.918799e-01 
1.250000e-01 -5.918799e-01 
1.250000e-01 -4.918799e-01 
1.250000e-01 -3.918799e-01 
1.250000e-01 -2.918799e-01 
1.250000e-01 -1.918799e-01 
1.250000e-01 -9.187987e-02 
1.250000e-01 9.187987e-02 
1.250000e-01 1.918799e-01 
1.250000e-01 2.918799e-01 
1.250000e-01 3.918799e-01 
1.250000e-01 4.918799e-01 
1.250000e-01 5.918799e-01 
1.250000e-01 6.918799e-01 
1.250000e-01 7.918799e-01 
1.250000e-01 8.918799e-01 
1.250000e-01 9.918799e-01 
1.250000e-01 1.091880e+00 
1.250000e-01 1.191880e+00 
1.250000e-01 1.291880e+00 
1.250000e-01 1.391880e+00 
1.250000e-01 1.491880e+00 
1.250000e-01 1.591880e+00 
1.250000e-01 1.691880e+00 
1.250000e-01 1.791880e+00 
1.250000e-01 1.891880e+00 
1.250000e-01 1.991880e+00 
1.250000e-01 2.091880e+00 
1.250000e-01 2.191880e+00 
1.250000e-01 2.291880e+00 
1.249932e-01 2.391056e+00 
1.266238e-01 2.490334e+00 
1.297154e-01 2.590304e+00 
1.328676e-01 2.690272e+00 
1.360839e-01 2.790239e+00 
1.393666e-01 2.890205e+00 
1.427178e-01 2.990170e+00 
1.461407e-01 3.090200e+00 
1.495084e-01 3.190359e+00 
1.525509e-01 3.290360e+00 
1.555922e-01 3.390385e+00 
1.585849e-01 3.490409e+00 
1.615295e-01 3.590435e+00 
1.644222e-01 3.690460e+00 
1.672630e-01 3.790486e+00 
1.700527e-01 3.890511e+00 
1.727922e-01 3.990536e+00 
1.754819e-01 4.090554e+00 
1.781323e-01 4.190465e+00 
1.809589e-01 4.290313e+00 
1.840913e-01 4.390196e+00 
1.874581e-01 4.490124e+00 
1.909712e-01 4.590095e+00 
1.945432e-01 4.690119e+00 
1.980678e-01 4.790150e+00 
2.015308e-01 4.890183e+00 
2.049261e-01 4.990195e+00 
2.082997e-01 5.090238e+00 
2.115850e-01 5.190255e+00 
2.148368e-01 5.290257e+00 
2.180849e-01 5.390245e+00 
2.213559e-01 5.490220e+00 
2.246771e-01 5.590180e+00 
2.280763e-01 5.690127e+00 
2.315835e-01 5.790110e+00 
2.351246e-01 5.890064e+00 
2.387570e-01 5.990018e+00 
2.424816e-01 6.089978e+00 
2.462866e-01 6.189944e+00 
2.501601e-01 6.289916e+00 
2.540905e-01 6.389893e+00 
2.580659e-01 6.489877e+00 
2.620742e-01 6.589867e+00 
2.661033e-01 6.689857e+00 
2.701538e-01 6.789910e+00 
2.740970e-01 6.889931e+00 
2.779939e-01 6.989861e+00 
2.820323e-01 7.089788e+00 
2.862165e-01 7.189723e+00 
2.905319e-01 7.289665e+00 
2.949636e-01 7.389615e+00 
2.994959e-01 7.489573e+00 
3.041130e-01 7.589539e+00 
3.087985e-01 7.689514e+00 
3.135356e-01 7.789496e+00 
3.183074e-01 7.889488e+00 
3.230942e-01 7.989437e+00 
3.279809e-01 8.089335e+00 
3.330760e-01 8.189306e+00 
3.382301e-01 8.289295e+00 
3.434052e-01 8.389273e+00 
3.486240e-01 8.489245e+00 
3.538989e-01 8.589211e+00 
3.592419e-01 8.689171e+00 
3.646657e-01 8.789124e+00 
3.701834e-01 8.889070e+00 
3.758084e-01 8.989010e+00 
3.815557e-01 9.088961e+00 
3.874025e-01 9.188950e+00 
3.932693e-01 9.288885e+00 
3.992638e-01 9.388787e+00 
4.054556e-01 9.488690e+00 
4.118420e-01 9.588597e+00 
4.184136e-01 9.688481e+00 
4.252203e-01 9.788375e+00 
4.322395e-01 9.888268e+00 
4.394743e-01 9.988163e+00 
4.469201e-01 1.008806e+01 
4.545724e-01 1.018796e+01 
4.624264e-01 1.028786e+01 
4.704771e-01 1.038777e+01 
4.787228e-01 1.048772e+01 
4.870739e-01 1.058767e+01 
4.955213e-01 1.068764e+01 
3.958817e-01 1.069612e+01 
3.874290e-01 1.059609e+01 
3.790700e-01 1.049604e+01 
3.708156e-01 1.039599e+01 
3.627495e-01 1.029590e+01 
3.548800e-01 1.019580e+01 
3.472122e-01 1.009570e+01 
3.397509e-01 9.995596e+00 
3.325008e-01 9.895492e+00 
3.254663e-01 9.795385e+00 
3.186449e-01 9.695279e+00 
3.120577e-01 9.595162e+00 
3.056593e-01 9.495070e+00 
2.994554e-01 9.394973e+00 
2.934488e-01 9.294875e+00 
2.875743e-01 9.194810e+00 
2.817262e-01 9.094799e+00 
2.759733e-01 8.994750e+00 
2.703414e-01 8.894690e+00 
2.648177e-01 8.794636e+00 
2.593888e-01 8.694589e+00 
2.540415e-01 8.594549e+00 
2.487630e-01 8.494515e+00 
2.435412e-01 8.394486e+00 
2.383638e-01 8.294465e+00 
2.332085e-01 8.194454e+00 
2.281105e-01 8.094425e+00 
2.232137e-01 7.994323e+00 
2.184219e-01 7.894272e+00 
2.136493e-01 7.794263e+00 
2.089105e-01 7.694246e+00 
2.042226e-01 7.594221e+00 
1.996024e-01 7.494187e+00 
1.950662e-01 7.394145e+00 
1.906300e-01 7.294095e+00 
1.863096e-01 7.194037e+00 
1.821199e-01 7.093971e+00 
1.780754e-01 6.993899e+00 
1.741729e-01 6.893828e+00 
1.702314e-01 6.793850e+00 
1.661852e-01 6.693902e+00 
1.621553e-01 6.593893e+00 
1.581462e-01 6.493883e+00 
1.541695e-01 6.393866e+00 
1.502373e-01 6.293844e+00 
1.463615e-01 6.193816e+00 
1.425539e-01 6.093782e+00 
1.388264e-01 5.993742e+00 
1.351905e-01 5.893696e+00 
1.316462e-01 5.793650e+00 
1.281378e-01 5.693633e+00 
1.247349e-01 5.593579e+00 
1.214110e-01 5.493540e+00 
1.181384e-01 5.393515e+00 
1.148896e-01 5.293503e+00 
1.116378e-01 5.193505e+00 
1.083536e-01 5.093521e+00 
1.049829e-01 4.993565e+00 
1.015884e-01 4.893576e+00 
9.812763e-02 4.793610e+00 
9.460525e-02 4.693640e+00 
9.103490e-02 4.593664e+00 
8.751978e-02 4.493636e+00 
8.414805e-02 4.393564e+00 
8.100808e-02 4.293447e+00 
7.817238e-02 4.193295e+00 
7.551710e-02 4.093206e+00 
7.282836e-02 3.993224e+00 
7.009022e-02 3.893249e+00 
6.730185e-02 3.793274e+00 
6.446249e-02 3.693299e+00 
6.157133e-02 3.593325e+00 
5.862818e-02 3.493351e+00 
5.563696e-02 3.393375e+00 
5.259707e-02 3.293399e+00 
4.955461e-02 3.193400e+00 
4.619722e-02 3.093560e+00 
4.277629e-02 2.993590e+00 
3.942276e-02 2.893555e+00 
3.613773e-02 2.793521e+00 
3.291936e-02 2.693488e+00 
2.976508e-02 2.593456e+00 
2.667162e-02 2.493425e+00 
2.500679e-02 2.392704e+00 
2.500000e-02 2.291880e+00 
2.500000e-02 2.191880e+00 
2.500000e-02 2.091880e+00 
2.500000e-02 1.991880e+00 
2.500000e-02 1.891880e+00 
2.500000e-02 1.791880e+00 
2.500000e-02 1.691880e+00 
2.500000e-02 1.591880e+00 
2.500000e-02 1.491880e+00 
2.500000e-02 1.391880e+00 
2.500000e-02 1.291880e+00 
2.500000e-02 1.191880e+00 
2.500000e-02 1.091880e+00 
2.500000e-02 9.918799e-01 
2.500000e-02 8.918799e-01 
2.500000e-02 7.918799e-01 
2.500000e-02 6.918799e-01 
2.500000e-02 5.918799e-01 
2.500000e-02 4.918799e-01 
2.500000e-02 3.918799e-01 
2.500000e-02 2.918799e-01 
2.500000e-02 1.918799e-01 
2.500000e-02 9.187987e-02 
2.500000e-02 -9.187987e-02 
2.500000e-02 -1.918799e-01 
2.500000e-02 -2.918799e-01 
2.500000e-02 -3.918799e-01 
2.500000e-02 -4.918799e-01 
2.500000e-02 -5.918799e-01 
2.500000e-02 -6.918799e-01 
2.500000e-02 -7.918799e-01 
2.500000e-02 -8.918799e-01 
2.500000e-02 -9.918799e-01 
2.500000e-02 -1.091880e+00 
2.500000e-02 -1.191880e+00 
2.500000e-02 -1.291880e+00 
2.500000e-02 -1.391880e+00 
2.500000e-02 -1.491880e+00 
2.500000e-02 -1.591880e+00 
2.500000e-02 -1.691880e+00 
2.500000e-02 -1.791880e+00 
2.500000e-02 -1.891880e+00 
2.500000e-02 -1.991880e+00 
2.500000e-02 -2.091880e+00 
2.500000e-02 -2.191880e+00 
2.500000e-02 -2.291880e+00 
2.500000e-02 -2.391880e+00 
2.665451e-02 -2.492704e+00 
2.976414e-02 -2.593425e+00 
3.291834e-02 -2.693456e+00 
3.613665e-02 -2.793488e+00 
3.942162e-02 -2.893521e+00 
4.277512e-02 -2.993555e+00 
4.619822e-02 -3.093590e+00 
4.955973e-02 -3.193560e+00 
5.259710e-02 -3.293400e+00 
5.563769e-02 -3.393399e+00 
5.862889e-02 -3.493375e+00 
6.157209e-02 -3.593351e+00 
6.446323e-02 -3.693325e+00 
6.730256e-02 -3.793299e+00 
7.009091e-02 -3.893274e+00 
7.282903e-02 -3.993249e+00 
7.551758e-02 -4.093224e+00 
7.816994e-02 -4.193206e+00 
8.100354e-02 -4.293295e+00 
8.414427e-02 -4.393447e+00 
8.751729e-02 -4.493564e+00 
9.103389e-02 -4.593636e+00 
9.460609e-02 -4.693664e+00 
9.812870e-02 -4.793640e+00 
1.015895e-01 -4.893610e+00 
1.049833e-01 -4.993576e+00 
1.083551e-01 -5.093565e+00 
1.116383e-01 -5.193521e+00 
1.148896e-01 -5.293505e+00 
1.181380e-01 -5.393503e+00 
1.214102e-01 -5.493515e+00 
1.247336e-01 -5.593540e+00 
1.281359e-01 -5.693579e+00 
1.316456e-01 -5.793633e+00 
1.351889e-01 -5.893650e+00 
1.388247e-01 -5.993696e+00 
1.425524e-01 -6.093742e+00 
1.463602e-01 -6.193782e+00 
1.502362e-01 -6.293816e+00 
1.541686e-01 -6.393844e+00 
1.581455e-01 -6.493866e+00 
1.621549e-01 -6.593883e+00 
1.661848e-01 -6.693893e+00 
1.702335e-01 -6.793902e+00 
1.741738e-01 -6.893850e+00 
1.780726e-01 -6.993828e+00 
1.821169e-01 -7.093899e+00 
1.863068e-01 -7.193971e+00 
1.906275e-01 -7.294037e+00 
1.950639e-01 -7.394095e+00 
1.996005e-01 -7.494145e+00 
2.042211e-01 -7.594187e+00 
2.089093e-01 -7.694221e+00 
2.136484e-01 -7.794246e+00 
2.184215e-01 -7.894263e+00 
2.232112e-01 -7.994272e+00 
2.281054e-01 -8.094323e+00 
2.332071e-01 -8.194425e+00 
2.383632e-01 -8.294454e+00 
2.435400e-01 -8.394465e+00 
2.487615e-01 -8.494486e+00 
2.540396e-01 -8.594515e+00 
2.593866e-01 -8.694549e+00 
2.648151e-01 -8.794589e+00 
2.703384e-01 -8.894636e+00 
2.759699e-01 -8.994690e+00 
2.817234e-01 -9.094750e+00 
2.875737e-01 -9.194799e+00 
2.934450e-01 -9.294810e+00 
2.994494e-01 -9.394875e+00 
3.056532e-01 -9.494973e+00 
3.120517e-01 -9.595070e+00 
3.186371e-01 -9.695162e+00 
3.254590e-01 -9.795279e+00 
3.324931e-01 -9.895385e+00 
3.397432e-01 -9.995492e+00 
3.472045e-01 -1.009560e+01 
3.548723e-01 -1.019570e+01 
3.627418e-01 -1.029580e+01 
3.708079e-01 -1.039590e+01 
3.790657e-01 -1.049599e+01 
3.874250e-01 -1.059604e+01 
3.958790e-01 -1.069609e+01 
4.043949e-01 -1.079612e+01 
4.132175e-01 -1.089627e+01 
4.224030e-01 -1.099645e+01 
4.319357e-01 -1.109662e+01 
4.418469e-01 -1.119680e+01 
4.521721e-01 -1.129701e+01 
4.629467e-01 -1.139722e+01 
4.742072e-01 -1.149746e+01 
4.860636e-01 -1.159775e+01 
4.985719e-01 -1.169807e+01 
5.117390e-01 -1.179839e+01 
5.255913e-01 -1.189872e+01 
5.401580e-01 -1.199906e+01 
5.554683e-01 -1.209942e+01 
5.715513e-01 -1.219979e+01 
5.883884e-01 -1.230015e+01 
6.057754e-01 -1.240042e+01 
6.240388e-01 -1.250083e+01 
6.429729e-01 -1.260115e+01 
6.625150e-01 -1.270144e+01 
6.826682e-01 -1.280173e+01 
7.034299e-01 -1.290202e+01 
7.248003e-01 -1.300230e+01 
7.467786e-01 -1.310258e+01 
7.693497e-01 -1.320286e+01 
7.925082e-01 -1.330313e+01 
8.162495e-01 -1.340340e+01 
8.405675e-01 -1.350367e+01 
8.654441e-01 -1.360392e+01 
8.906371e-01 -1.370408e+01 
9.163387e-01 -1.380430e+01 
9.425592e-01 -1.390453e+01 
9.692482e-01 -1.400475e+01 
9.963573e-01 -1.410494e+01 
1.023841e+00 -1.420511e+01 
1.051656e+00 -1.430526e+01 
1.079929e+00 -1.440546e+01 
1.108649e+00 -1.450566e+01 
1.137799e+00 -1.460585e+01 
1.167364e+00 -1.470603e+01 
1.197329e+00 -1.480621e+01 
1.227680e+00 -1.490638e+01 
1.258271e+00 -1.500649e+01 
1.289391e+00 -1.510671e+01 
1.321054e+00 -1.520694e+01 
1.353281e+00 -1.530718e+01 
1.386090e+00 -1.540743e+01 
1.419505e+00 -1.550769e+01 
1.453551e+00 -1.560796e+01 
1.488251e+00 -1.570823e+01 
1.523630e+00 -1.580851e+01 
1.559703e+00 -1.590880e+01 
1.596380e+00 -1.600906e+01 
1.633691e+00 -1.610932e+01 
1.671711e+00 -1.620960e+01 
1.710615e+00 -1.630995e+01 
1.750273e+00 -1.641026e+01 
1.790463e+00 -1.651049e+01 
1.831228e+00 -1.661072e+01 
1.872596e+00 -1.671095e+01 
1.914591e+00 -1.681120e+01 
1.957242e+00 -1.691145e+01 
2.000576e+00 -1.701172e+01 
2.044628e+00 -1.711199e+01 
2.089427e+00 -1.721227e+01 
2.135011e+00 -1.731257e+01 
2.181418e+00 -1.741287e+01 
2.228688e+00 -1.751319e+01 
2.276865e+00 -1.761352e+01 
2.325997e+00 -1.771387e+01 
2.376133e+00 -1.781423e+01 
2.427307e+00 -1.791459e+01 
2.479563e+00 -1.801497e+01 
2.532942e+00 -1.811536e+01 
2.587487e+00 -1.821575e+01 
2.643142e+00 -1.831613e+01 
2.699770e+00 -1.841646e+01 
2.757412e+00 -1.851679e+01 
2.816103e+00 -1.861713e+01 
2.875874e+00 -1.871747e+01 
2.936761e+00 -1.881782e+01 
2.998743e+00 -1.891816e+01 
3.061758e+00 -1.901848e+01 
3.125468e+00 -1.911870e+01 
3.189964e+00 -1.921894e+01 
3.255281e+00 -1.931918e+01 
3.321445e+00 -1.941942e+01 
3.388493e+00 -1.951968e+01 
3.456464e+00 -1.961994e+01 
3.525390e+00 -1.972020e+01 
3.595315e+00 -1.982048e+01 
3.666283e+00 -1.992076e+01 
3.738336e+00 -2.002105e+01 
3.811522e+00 -2.012135e+01 
3.885894e+00 -2.022166e+01 
3.961508e+00 -2.032198e+01 
4.038414e+00 -2.042230e+01 
4.116677e+00 -2.052263e+01 
4.196195e+00 -2.062294e+01 
4.277074e+00 -2.072326e+01 
4.359377e+00 -2.082359e+01 
4.443162e+00 -2.092393e+01 
4.528500e+00 -2.102427e+01 
4.615465e+00 -2.112463e+01 
4.704135e+00 -2.122499e+01 
4.794591e+00 -2.132535e+01 
4.886922e+00 -2.142573e+01 
4.981221e+00 -2.152611e+01 
5.077586e+00 -2.162651e+01 
5.176122e+00 -2.172690e+01 
5.276523e+00 -2.182690e+01 
5.376927e+00 -2.192466e+01 
5.477277e+00 -2.202048e+01 
5.577495e+00 -2.211502e+01 
5.677719e+00 -2.220842e+01 
5.777949e+00 -2.230065e+01 
5.878187e+00 -2.239171e+01 
5.978431e+00 -2.248157e+01 
6.078683e+00 -2.257022e+01 
6.178943e+00 -2.265766e+01 
6.279209e+00 -2.274387e+01 
6.379484e+00 -2.282883e+01 
6.479766e+00 -2.291254e+01 
6.580056e+00 -2.299498e+01 
6.680353e+00 -2.307614e+01 
6.780657e+00 -2.315603e+01 
6.880969e+00 -2.323462e+01 
6.981289e+00 -2.331192e+01 
7.081617e+00 -2.338791e+01 
7.181951e+00 -2.346260e+01 
7.282293e+00 -2.353598e+01 
7.382642e+00 -2.360804e+01 
7.482999e+00 -2.367878e+01 
7.583361e+00 -2.374821e+01 
7.683732e+00 -2.381631e+01 
7.784070e+00 -2.388321e+01 
7.884383e+00 -2.394901e+01 
7.984698e+00 -2.401374e+01 
8.085017e+00 -2.407739e+01 
8.185341e+00 -2.413998e+01 
8.285670e+00 -2.420150e+01 
8.386004e+00 -2.426195e+01 
8.486342e+00 -2.432133e+01 
8.586685e+00 -2.437964e+01 
8.687032e+00 -2.443688e+01 
8.787384e+00 -2.449306e+01 
8.887740e+00 -2.454817e+01 
8.988101e+00 -2.460221e+01 
9.088467e+00 -2.465518e+01 
9.188837e+00 -2.470709e+01 
9.289212e+00 -2.475794e+01 
9.389591e+00 -2.480773e+01 
9.489971e+00 -2.485646e+01 
9.590328e+00 -2.490419e+01 
9.690604e+00 -2.495115e+01 
9.790877e+00 -2.499736e+01 
9.891154e+00 -2.504284e+01 
9.991435e+00 -2.508758e+01 
1.009172e+01 -2.513158e+01 
1.019201e+01 -2.517482e+01 
1.029230e+01 -2.521731e+01 
1.039260e+01 -2.525905e+01 
1.049290e+01 -2.530002e+01 
1.059320e+01 -2.534023e+01 
1.069351e+01 -2.537967e+01 
1.079382e+01 -2.541833e+01 
1.089414e+01 -2.545622e+01 
1.099446e+01 -2.549334e+01 
1.109478e+01 -2.552967e+01 
1.119511e+01 -2.556521e+01 
1.129544e+01 -2.559996e+01 
1.139577e+01 -2.563393e+01 
1.149611e+01 -2.566710e+01 
1.159645e+01 -2.569948e+01 
1.169677e+01 -2.573111e+01 
1.179707e+01 -2.576204e+01 
1.189738e+01 -2.579227e+01 
1.199768e+01 -2.582180e+01 
1.209799e+01 -2.585064e+01 
1.219830e+01 -2.587879e+01 
1.229861e+01 -2.590625e+01 
1.239892e+01 -2.593301e+01 
1.249923e+01 -2.595909e+01 
1.259954e+01 -2.598448e+01 
1.269985e+01 -2.600919e+01 
1.280016e+01 -2.603321e+01 
1.290047e+01 -2.605656e+01 
1.300079e+01 -2.607923e+01 
1.310110e+01 -2.610123e+01 
1.320141e+01 -2.612255e+01 
1.330171e+01 -2.614322e+01 
1.340197e+01 -2.616334e+01 
1.350221e+01 -2.618294e+01 
1.360246e+01 -2.620201e+01 
1.370271e+01 -2.622056e+01 
1.380297e+01 -2.623857e+01 
1.390322e+01 -2.625604e+01 
1.400348e+01 -2.627297e+01 
1.410375e+01 -2.628934e+01 
1.420401e+01 -2.630516e+01 
1.430429e+01 -2.632042e+01 
1.440456e+01 -2.633511e+01 
1.450484e+01 -2.634922e+01 
1.460512e+01 -2.636276e+01 
1.470540e+01 -2.637572e+01 
1.480569e+01 -2.638809e+01 
1.490598e+01 -2.639987e+01 
1.500627e+01 -2.641105e+01 
1.510656e+01 -2.642162e+01 
1.520686e+01 -2.643159e+01 
1.530716e+01 -2.644095e+01 
1.540747e+01 -2.644968e+01 
1.550777e+01 -2.645780e+01 
1.560808e+01 -2.646529e+01 
1.570840e+01 -2.647214e+01 
1.580871e+01 -2.647836e+01 
1.590903e+01 -2.648393e+01 
1.600935e+01 -2.648886e+01 
1.610968e+01 -2.649314e+01 
1.621000e+01 -2.649677e+01 
1.631033e+01 -2.649973e+01 
1.641066e+01 -2.650204e+01 
1.651099e+01 -2.650367e+01 
1.661133e+01 -2.650463e+01 
1.671166e+01 -2.650492e+01 
1.681200e+01 -2.650452e+01 
1.691234e+01 -2.650344e+01 
1.701269e+01 -2.650167e+01 
1.711303e+01 -2.649922e+01 
1.721335e+01 -2.649612e+01 
1.731365e+01 -2.649241e+01 
1.741394e+01 -2.648812e+01 
1.751423e+01 -2.648327e+01 
1.761451e+01 -2.647783e+01 
1.771480e+01 -2.647182e+01 
1.781509e+01 -2.646523e+01 
1.791537e+01 -2.645806e+01 
1.801565e+01 -2.645032e+01 
1.811589e+01 -2.644210e+01 
1.821611e+01 -2.643343e+01 
1.831633e+01 -2.642431e+01 
1.841656e+01 -2.641475e+01 
1.851678e+01 -2.640474e+01 
1.861700e+01 -2.639427e+01 
1.871723e+01 -2.638334e+01 
1.881745e+01 -2.637195e+01 
1.891768e+01 -2.636010e+01 
1.901791e+01 -2.634778e+01 
1.911814e+01 -2.633498e+01 
1.921837e+01 -2.632171e+01 
1.931861e+01 -2.630795e+01 
1.941884e+01 -2.629370e+01 
1.951908e+01 -2.627897e+01 
1.961932e+01 -2.626374e+01 
1.971955e+01 -2.624802e+01 
1.981979e+01 -2.623180e+01 
1.992003e+01 -2.621508e+01 
2.002027e+01 -2.619786e+01 
2.012052e+01 -2.618012e+01 
2.022076e+01 -2.616188e+01 
2.032100e+01 -2.614312e+01 
2.042125e+01 -2.612385e+01 
2.052149e+01 -2.610405e+01 
2.062174e+01 -2.608373e+01 
2.072199e+01 -2.606288e+01 
2.082224e+01 -2.604150e+01 
2.092249e+01 -2.601958e+01 
2.102274e+01 -2.599712e+01 
2.112299e+01 -2.597412e+01 
2.122324e+01 -2.595057e+01 
2.132349e+01 -2.592647e+01 
2.142375e+01 -2.590182e+01 
2.152400e+01 -2.587661e+01 
2.162426e+01 -2.585083e+01 
2.172451e+01 -2.582449e+01 
2.182477e+01 -2.579757e+01 
2.192503e+01 -2.577008e+01 
2.202529e+01 -2.574201e+01 
2.212555e+01 -2.571335e+01 
2.222581e+01 -2.568411e+01 
2.232607e+01 -2.565427e+01 
2.242633e+01 -2.562383e+01 
2.252659e+01 -2.559279e+01 
2.262686e+01 -2.556114e+01 
2.272712e+01 -2.552887e+01 
2.282739e+01 -2.549599e+01 
2.292765e+01 -2.546249e+01 
2.302792e+01 -2.542835e+01 
2.312819e+01 -2.539358e+01 
2.322846e+01 -2.535817e+01 
2.332873e+01 -2.532212e+01 
2.342899e+01 -2.528541e+01 
2.352927e+01 -2.524804e+01 
2.362954e+01 -2.521002e+01 
2.372981e+01 -2.517132e+01 
2.383008e+01 -2.513195e+01 
2.393035e+01 -2.509189e+01 
2.403063e+01 -2.505115e+01 
2.413090e+01 -2.500970e+01 
2.423118e+01 -2.496756e+01 
2.433145e+01 -2.492471e+01 
2.443173e+01 -2.488114e+01 
2.453201e+01 -2.483684e+01 
2.463229e+01 -2.479182e+01 
2.473257e+01 -2.474605e+01 
2.483285e+01 -2.469954e+01 
2.493313e+01 -2.465227e+01 
2.503341e+01 -2.460424e+01 
2.513369e+01 -2.455543e+01 
2.523397e+01 -2.450584e+01 
2.533425e+01 -2.445546e+01 
2.543453e+01 -2.440428e+01 
2.553482e+01 -2.435229e+01 
2.563510e+01 -2.429949e+01 
2.573539e+01 -2.424586e+01 
2.583565e+01 -2.419147e+01 
2.593586e+01 -2.413647e+01 
2.603607e+01 -2.408087e+01 
2.613627e+01 -2.402465e+01 
2.623648e+01 -2.396780e+01 
2.633669e+01 -2.391031e+01 
2.643690e+01 -2.385217e+01 
2.653711e+01 -2.379337e+01 
2.663732e+01 -2.373391e+01 
2.673753e+01 -2.367377e+01 
2.683773e+01 -2.361303e+01 
2.693791e+01 -2.355170e+01 
2.703809e+01 -2.348979e+01 
2.713827e+01 -2.342728e+01 
2.723846e+01 -2.336417e+01 
2.733864e+01 -2.330044e+01 
2.743883e+01 -2.323610e+01 
2.753901e+01 -2.317114e+01 
2.763920e+01 -2.310554e+01 
2.773938e+01 -2.303930e+01 
2.783957e+01 -2.297242e+01 
2.793975e+01 -2.290489e+01 
2.803994e+01 -2.283669e+01 
2.814013e+01 -2.276783e+01 
2.824032e+01 -2.269830e+01 
2.834050e+01 -2.262808e+01 
2.844069e+01 -2.255717e+01 
2.854088e+01 -2.248555e+01 
2.864107e+01 -2.241324e+01 
2.874126e+01 -2.234020e+01 
2.884145e+01 -2.226645e+01 
2.894164e+01 -2.219196e+01 
2.904183e+01 -2.211672e+01 
2.914202e+01 -2.204074e+01 
2.924221e+01 -2.196400e+01 
2.934240e+01 -2.188649e+01 
2.944259e+01 -2.180820e+01 
2.954278e+01 -2.172913e+01 
2.964297e+01 -2.164926e+01 
2.974317e+01 -2.156856e+01 
2.984338e+01 -2.148695e+01 
2.994359e+01 -2.140442e+01 
3.004381e+01 -2.132091e+01 
3.014404e+01 -2.123637e+01 
3.024427e+01 -2.115081e+01 
3.034450e+01 -2.106418e+01 
3.044473e+01 -2.097648e+01 
3.054496e+01 -2.088769e+01 
3.064519e+01 -2.079777e+01 
3.074543e+01 -2.070672e+01 
3.084566e+01 -2.061451e+01 
3.094589e+01 -2.052111e+01 
3.104613e+01 -2.042650e+01 
3.114636e+01 -2.033066e+01 
3.124660e+01 -2.023355e+01 
3.134683e+01 -2.013516e+01 
3.144707e+01 -2.003545e+01 
3.154650e+01 -1.993521e+01 
3.164463e+01 -1.983498e+01 
3.174148e+01 -1.973474e+01 
3.183706e+01 -1.963451e+01 
3.193141e+01 -1.953427e+01 
3.202453e+01 -1.943403e+01 
3.211646e+01 -1.933380e+01 
3.220727e+01 -1.923357e+01 
3.229700e+01 -1.913335e+01 
3.238567e+01 -1.903313e+01 
3.247329e+01 -1.893291e+01 
3.255989e+01 -1.883269e+01 
3.264547e+01 -1.873247e+01 
3.273007e+01 -1.863225e+01 
3.281369e+01 -1.853203e+01 
3.289635e+01 -1.843181e+01 
3.297807e+01 -1.833160e+01 
3.305886e+01 -1.823138e+01 
3.313874e+01 -1.813116e+01 
3.321772e+01 -1.803095e+01 
3.329581e+01 -1.793073e+01 
3.337305e+01 -1.783052e+01 
3.344944e+01 -1.773031e+01 
3.352506e+01 -1.763012e+01 
3.359994e+01 -1.752993e+01 
3.367408e+01 -1.742974e+01 
3.374750e+01 -1.732955e+01 
3.382020e+01 -1.722936e+01 
3.389218e+01 -1.712918e+01 
3.396347e+01 -1.702899e+01 
3.403406e+01 -1.692880e+01 
3.410397e+01 -1.682861e+01 
3.417320e+01 -1.672842e+01 
3.424176e+01 -1.662824e+01 
3.430966e+01 -1.652805e+01 
3.437690e+01 -1.642786e+01 
3.444350e+01 -1.632768e+01 
3.450946e+01 -1.622749e+01 
3.457478e+01 -1.612731e+01 
3.463948e+01 -1.602713e+01 
3.470357e+01 -1.592694e+01 
3.476704e+01 -1.582676e+01 
3.482990e+01 -1.572658e+01 
3.489217e+01 -1.562639e+01 
3.495384e+01 -1.552621e+01 
3.501493e+01 -1.542603e+01 
3.507544e+01 -1.532585e+01 
3.513537e+01 -1.522567e+01 
3.519474e+01 -1.512549e+01 
3.525355e+01 -1.502531e+01 
3.531180e+01 -1.492513e+01 
3.536950e+01 -1.482496e+01 
3.542665e+01 -1.472478e+01 
3.548327e+01 -1.462460e+01 
3.553935e+01 -1.452442e+01 
3.559490e+01 -1.442425e+01 
3.564993e+01 -1.432407e+01 
3.570444e+01 -1.422390e+01 
3.575844e+01 -1.412372e+01 
3.581193e+01 -1.402355e+01 
3.586492e+01 -1.392338e+01 
3.591745e+01 -1.382322e+01 
3.596952e+01 -1.372306e+01 
3.602114e+01 -1.362291e+01 
3.607232e+01 -1.352275e+01 
3.612305e+01 -1.342259e+01 
3.617334e+01 -1.332243e+01 
3.622318e+01 -1.322228e+01 
3.627258e+01 -1.312212e+01 
3.632153e+01 -1.302196e+01 
3.637005e+01 -1.292180e+01 
3.641812e+01 -1.282163e+01 
3.646575e+01 -1.272147e+01 
3.651294e+01 -1.262131e+01 
3.655969e+01 -1.252115e+01 
3.660600e+01 -1.242098e+01 
3.665187e+01 -1.232082e+01 
3.669731e+01 -1.222065e+01 
3.674231e+01 -1.212049e+01 
3.678687e+01 -1.202032e+01 
3.683100e+01 -1.192016e+01 
3.687469e+01 -1.181999e+01 
3.691795e+01 -1.171983e+01 
3.696080e+01 -1.161967e+01 
3.700325e+01 -1.151951e+01 
3.704528e+01 -1.141935e+01 
3.708691e+01 -1.131919e+01 
3.712813e+01 -1.121903e+01 
3.716894e+01 -1.111887e+01 
3.720935e+01 -1.101871e+01 
3.724935e+01 -1.091855e+01 
3.728895e+01 -1.081838e+01 
3.732815e+01 -1.071822e+01 
3.736695e+01 -1.061806e+01 
3.740534e+01 -1.051790e+01 
3.744334e+01 -1.041773e+01 
3.748094e+01 -1.031757e+01 
3.751814e+01 -1.021741e+01 
3.755494e+01 -1.011724e+01 
3.759134e+01 -1.001708e+01 
3.762735e+01 -9.916915e+00 
3.766297e+01 -9.816751e+00 
3.769819e+01 -9.716586e+00 
3.773302e+01 -9.616420e+00 
3.776745e+01 -9.516255e+00 
3.780149e+01 -9.416089e+00 
3.783514e+01 -9.315923e+00 
3.786840e+01 -9.215757e+00 
3.790128e+01 -9.115590e+00 
3.793376e+01 -9.015423e+00 
3.796585e+01 -8.915256e+00 
3.799756e+01 -8.815089e+00 
3.802888e+01 -8.714921e+00 
3.805981e+01 -8.614753e+00 
3.809036e+01 -8.514585e+00 
3.812052e+01 -8.414417e+00 
3.815030e+01 -8.314248e+00 
3.817970e+01 -8.214079e+00 
3.820871e+01 -8.113910e+00 
3.823734e+01 -8.013741e+00 
3.826559e+01 -7.913572e+00 
3.829346e+01 -7.813402e+00 
3.832095e+01 -7.713232e+00 
3.834806e+01 -7.613062e+00 
3.837480e+01 -7.512892e+00 
3.840115e+01 -7.412721e+00 
3.842713e+01 -7.312551e+00 
3.845272e+01 -7.212380e+00 
3.847795e+01 -7.112209e+00 
3.850280e+01 -7.012038e+00 
3.852727e+01 -6.911866e+00 
3.855137e+01 -6.811695e+00 
3.857509e+01 -6.711523e+00 
3.859844e+01 -6.611351e+00 
3.862142e+01 -6.511178e+00 
3.864402e+01 -6.411005e+00 
3.866624e+01 -6.310827e+00 
3.868807e+01 -6.210642e+00 
3.870949e+01 -6.110457e+00 
3.873052e+01 -6.010270e+00 
3.875115e+01 -5.910083e+00 
3.877138e+01 -5.809897e+00 
3.879122e+01 -5.709711e+00 
3.881066e+01 -5.609525e+00 
3.882971e+01 -5.509343e+00 
3.884838e+01 -5.409161e+00 
3.886667e+01 -5.308978e+00 
3.888458e+01 -5.208797e+00 
3.890210e+01 -5.108615e+00 
3.891924e+01 -5.008434e+00 
3.893601e+01 -4.908253e+00 
3.895240e+01 -4.808073e+00 
3.896844e+01 -4.707905e+00 
3.898413e+01 -4.607738e+00 
3.899948e+01 -4.507571e+00 
3.901447e+01 -4.407404e+00 
3.902913e+01 -4.307238e+00 
3.904344e+01 -4.207072e+00 
3.905741e+01 -4.106906e+00 
3.907104e+01 -4.006741e+00 
3.908433e+01 -3.906577e+00 
3.909728e+01 -3.806412e+00 
3.910990e+01 -3.706249e+00 
3.912218e+01 -3.606085e+00 
3.913413e+01 -3.505922e+00 
3.914574e+01 -3.405759e+00 
3.915703e+01 -3.305597e+00 
3.916798e+01 -3.205435e+00 
3.917860e+01 -3.105274e+00 
3.918890e+01 -3.005113e+00 
3.919887e+01 -2.904952e+00 
3.920851e+01 -2.804792e+00 
3.921783e+01 -2.704632e+00 
3.922683e+01 -2.604472e+00 
3.923550e+01 -2.504313e+00 
3.924385e+01 -2.404154e+00 
3.925188e+01 -2.303996e+00 
3.925959e+01 -2.203838e+00 
3.926698e+01 -2.103680e+00 
3.927406e+01 -2.003522e+00 
3.928081e+01 -1.903365e+00 
3.928725e+01 -1.803208e+00 
3.929338e+01 -1.703052e+00 
3.929919e+01 -1.602896e+00 
3.930469e+01 -1.502740e+00 
3.930987e+01 -1.402584e+00 
3.931474e+01 -1.302429e+00 
3.931930e+01 -1.202274e+00 
3.932355e+01 -1.102120e+00 
3.932749e+01 -1.001965e+00 
3.933112e+01 -9.018115e-01 
3.933445e+01 -8.016578e-01 
3.933746e+01 -7.015043e-01 
3.934017e+01 -6.013512e-01 
3.924021e+01 -5.986488e-01 
