-8.886531e-01 7.703512e+00 
-8.958334e-01 7.803603e+00 
-9.028260e-01 7.903642e+00 
-9.097344e-01 8.003590e+00 
-9.167397e-01 8.103448e+00 
-9.240250e-01 8.203223e+00 
-9.317671e-01 8.303046e+00 
-9.398658e-01 8.402879e+00 
-9.483003e-01 8.502703e+00 
-9.570944e-01 8.602558e+00 
-9.661977e-01 8.702587e+00 
-9.752410e-01 8.802599e+00 
-9.842428e-01 8.902434e+00 
-9.935784e-01 9.002274e+00 
-1.003245e+00 9.102173e+00 
-1.013115e+00 9.202058e+00 
-1.023215e+00 9.301929e+00 
-1.033576e+00 9.401782e+00 
-1.044228e+00 9.501588e+00 
-1.055271e+00 9.601345e+00 
-1.066808e+00 9.701115e+00 
-1.078816e+00 9.800894e+00 
-1.091276e+00 9.900684e+00 
-1.104166e+00 1.000048e+01 
-1.117469e+00 1.010028e+01 
-1.131184e+00 1.020002e+01 
-1.145413e+00 1.029972e+01 
-1.160267e+00 1.039947e+01 
-1.175635e+00 1.049910e+01 
-1.191752e+00 1.059873e+01 
-1.208639e+00 1.069839e+01 
-1.226262e+00 1.079810e+01 
-1.244493e+00 1.089788e+01 
-1.263193e+00 1.099768e+01 
-1.282321e+00 1.109748e+01 
-1.301869e+00 1.119729e+01 
-1.321827e+00 1.129710e+01 
-1.342185e+00 1.139690e+01 
-1.362916e+00 1.149653e+01 
-1.384401e+00 1.159599e+01 
-1.407049e+00 1.169553e+01 
-1.430702e+00 1.179506e+01 
-1.455389e+00 1.189463e+01 
-1.481012e+00 1.199425e+01 
-1.507492e+00 1.209388e+01 
-1.534791e+00 1.219354e+01 
-1.562853e+00 1.229324e+01 
-1.591606e+00 1.239296e+01 
-1.620991e+00 1.249270e+01 
-1.650924e+00 1.259231e+01 
-1.681753e+00 1.269195e+01 
-1.713430e+00 1.279163e+01 
-1.745775e+00 1.289111e+01 
-1.779321e+00 1.299059e+01 
-1.814162e+00 1.309028e+01 
-1.849774e+00 1.319002e+01 
-1.886026e+00 1.328981e+01 
-1.922793e+00 1.338966e+01 
-1.959950e+00 1.348956e+01 
-1.997372e+00 1.358950e+01 
-2.034891e+00 1.368934e+01 
-2.072670e+00 1.378887e+01 
-2.111555e+00 1.388829e+01 
-2.151901e+00 1.398771e+01 
-2.193710e+00 1.408715e+01 
-2.236947e+00 1.418661e+01 
-2.281600e+00 1.428609e+01 
-2.327632e+00 1.438556e+01 
-2.375090e+00 1.448506e+01 
-2.423951e+00 1.458464e+01 
-2.473982e+00 1.468420e+01 
-2.525218e+00 1.478372e+01 
-2.577767e+00 1.488315e+01 
-2.631970e+00 1.498255e+01 
-2.687957e+00 1.508194e+01 
-2.745783e+00 1.518129e+01 
-2.805610e+00 1.528060e+01 
-2.867620e+00 1.537989e+01 
-2.931964e+00 1.547913e+01 
-2.998854e+00 1.557833e+01 
-3.068556e+00 1.567750e+01 
-3.141431e+00 1.577679e+01 
-3.217186e+00 1.587625e+01 
-3.295112e+00 1.597568e+01 
-3.375373e+00 1.607509e+01 
-3.458157e+00 1.617447e+01 
-3.543678e+00 1.627382e+01 
-3.632183e+00 1.637315e+01 
-3.723960e+00 1.647244e+01 
-3.819349e+00 1.657170e+01 
-3.918586e+00 1.667076e+01 
-4.017851e+00 1.676571e+01 
-4.117217e+00 1.685699e+01 
-4.216638e+00 1.694523e+01 
-4.316116e+00 1.703083e+01 
-4.415595e+00 1.711408e+01 
-4.515056e+00 1.719506e+01 
-4.614498e+00 1.727376e+01 
-4.713921e+00 1.735018e+01 
-4.813327e+00 1.742433e+01 
-4.912717e+00 1.749621e+01 
-5.012089e+00 1.756584e+01 
-5.111446e+00 1.763322e+01 
-5.210790e+00 1.769837e+01 
-5.310119e+00 1.776132e+01 
-5.409437e+00 1.782208e+01 
-5.508744e+00 1.788069e+01 
-5.608042e+00 1.793716e+01 
-5.707378e+00 1.799157e+01 
-5.806875e+00 1.804412e+01 
-5.906375e+00 1.809524e+01 
-6.005840e+00 1.814494e+01 
-6.105272e+00 1.819315e+01 
-6.204668e+00 1.823980e+01 
-6.304027e+00 1.828484e+01 
-6.403452e+00 1.832824e+01 
-6.502977e+00 1.837020e+01 
-6.602553e+00 1.841098e+01 
-6.702122e+00 1.845070e+01 
-6.801683e+00 1.848935e+01 
-6.901235e+00 1.852693e+01 
-7.000776e+00 1.856342e+01 
-7.100308e+00 1.859880e+01 
-7.199831e+00 1.863308e+01 
-7.299344e+00 1.866624e+01 
-7.398847e+00 1.869826e+01 
-7.498341e+00 1.872914e+01 
-7.597825e+00 1.875886e+01 
-7.697299e+00 1.878742e+01 
-7.796764e+00 1.881481e+01 
-7.896219e+00 1.884101e+01 
-7.995715e+00 1.886603e+01 
-8.095294e+00 1.888997e+01 
-8.194882e+00 1.891301e+01 
-8.294464e+00 1.893515e+01 
-8.394037e+00 1.895641e+01 
-8.493603e+00 1.897675e+01 
-8.593163e+00 1.899618e+01 
-8.692717e+00 1.901468e+01 
-8.792264e+00 1.903225e+01 
-8.891804e+00 1.904888e+01 
-8.991337e+00 1.906455e+01 
-9.090864e+00 1.907926e+01 
-9.190385e+00 1.909300e+01 
-9.289900e+00 1.910576e+01 
-9.389409e+00 1.911753e+01 
-9.488896e+00 1.912830e+01 
-9.588364e+00 1.913804e+01 
-9.687816e+00 1.914670e+01 
-9.787260e+00 1.915426e+01 
-9.886698e+00 1.916070e+01 
-9.986129e+00 1.916602e+01 
-1.008555e+01 1.917021e+01 
-1.018496e+01 1.917324e+01 
-1.028438e+01 1.917510e+01 
-1.038380e+01 1.917580e+01 
-1.048326e+01 1.917535e+01 
-1.058278e+01 1.917382e+01 
-1.068236e+01 1.917134e+01 
-1.078202e+01 1.916802e+01 
-1.088169e+01 1.916402e+01 
-1.098135e+01 1.915935e+01 
-1.108101e+01 1.915401e+01 
-1.118067e+01 1.914799e+01 
-1.128032e+01 1.914128e+01 
-1.137997e+01 1.913388e+01 
-1.147962e+01 1.912578e+01 
-1.157925e+01 1.911695e+01 
-1.167888e+01 1.910739e+01 
-1.177850e+01 1.909708e+01 
-1.187812e+01 1.908601e+01 
-1.197773e+01 1.907416e+01 
-1.207732e+01 1.906150e+01 
-1.217691e+01 1.904803e+01 
-1.227649e+01 1.903371e+01 
-1.237607e+01 1.901853e+01 
-1.247564e+01 1.900248e+01 
-1.257521e+01 1.898553e+01 
-1.267477e+01 1.896769e+01 
-1.277433e+01 1.894893e+01 
-1.287388e+01 1.892924e+01 
-1.297343e+01 1.890861e+01 
-1.307298e+01 1.888702e+01 
-1.317252e+01 1.886446e+01 
-1.327206e+01 1.884092e+01 
-1.337159e+01 1.881638e+01 
-1.347113e+01 1.879082e+01 
-1.357065e+01 1.876424e+01 
-1.367018e+01 1.873662e+01 
-1.376970e+01 1.870794e+01 
-1.386922e+01 1.867818e+01 
-1.396874e+01 1.864734e+01 
-1.406826e+01 1.861538e+01 
-1.416777e+01 1.858231e+01 
-1.426728e+01 1.854809e+01 
-1.436678e+01 1.851271e+01 
-1.446629e+01 1.847616e+01 
-1.456579e+01 1.843841e+01 
-1.466536e+01 1.839941e+01 
-1.476498e+01 1.835933e+01 
-1.486462e+01 1.831829e+01 
-1.496426e+01 1.827633e+01 
-1.506390e+01 1.823346e+01 
-1.516354e+01 1.818965e+01 
-1.526317e+01 1.814489e+01 
-1.536280e+01 1.809916e+01 
-1.546243e+01 1.805245e+01 
-1.556206e+01 1.800474e+01 
-1.566168e+01 1.795601e+01 
-1.576131e+01 1.790625e+01 
-1.586093e+01 1.785544e+01 
-1.596055e+01 1.780356e+01 
-1.606017e+01 1.775059e+01 
-1.615979e+01 1.769651e+01 
-1.625941e+01 1.764131e+01 
-1.635903e+01 1.758497e+01 
-1.645864e+01 1.752746e+01 
-1.655826e+01 1.746876e+01 
-1.665788e+01 1.740885e+01 
-1.675751e+01 1.734773e+01 
-1.685714e+01 1.728540e+01 
-1.695677e+01 1.722186e+01 
-1.705640e+01 1.715708e+01 
-1.715603e+01 1.709104e+01 
-1.725566e+01 1.702371e+01 
-1.735529e+01 1.695507e+01 
-1.745491e+01 1.688509e+01 
-1.755454e+01 1.681374e+01 
-1.765417e+01 1.674099e+01 
-1.775380e+01 1.666683e+01 
-1.785342e+01 1.659121e+01 
-1.795305e+01 1.651410e+01 
-1.805268e+01 1.643548e+01 
-1.815231e+01 1.635530e+01 
-1.825194e+01 1.627354e+01 
-1.835156e+01 1.619015e+01 
-1.845119e+01 1.610510e+01 
-1.855082e+01 1.601835e+01 
-1.865048e+01 1.592982e+01 
-1.875016e+01 1.583962e+01 
-1.884985e+01 1.574785e+01 
-1.894954e+01 1.565451e+01 
-1.904923e+01 1.555956e+01 
-1.914893e+01 1.546297e+01 
-1.924862e+01 1.536470e+01 
-1.934800e+01 1.526501e+01 
-1.944566e+01 1.516533e+01 
-1.954158e+01 1.506567e+01 
-1.963567e+01 1.496602e+01 
-1.972798e+01 1.486637e+01 
-1.981857e+01 1.476672e+01 
-1.990747e+01 1.466706e+01 
-1.999474e+01 1.456740e+01 
-2.008042e+01 1.446775e+01 
-2.016455e+01 1.436809e+01 
-2.024718e+01 1.426843e+01 
-2.032833e+01 1.416877e+01 
-2.040806e+01 1.406910e+01 
-2.048640e+01 1.396944e+01 
-2.056338e+01 1.386977e+01 
-2.063903e+01 1.377010e+01 
-2.071339e+01 1.367043e+01 
-2.078649e+01 1.357076e+01 
-2.085836e+01 1.347108e+01 
-2.092902e+01 1.337141e+01 
-2.099851e+01 1.327173e+01 
-2.106687e+01 1.317203e+01 
-2.113417e+01 1.307231e+01 
-2.120047e+01 1.297260e+01 
-2.126580e+01 1.287288e+01 
-2.133016e+01 1.277317e+01 
-2.139358e+01 1.267345e+01 
-2.145607e+01 1.257373e+01 
-2.151764e+01 1.247401e+01 
-2.157831e+01 1.237429e+01 
-2.163809e+01 1.227457e+01 
-2.169700e+01 1.217485e+01 
-2.175505e+01 1.207512e+01 
-2.181225e+01 1.197540e+01 
-2.186862e+01 1.187567e+01 
-2.192416e+01 1.177594e+01 
-2.197889e+01 1.167621e+01 
-2.203283e+01 1.157648e+01 
-2.208598e+01 1.147675e+01 
-2.213835e+01 1.137702e+01 
-2.218996e+01 1.127729e+01 
-2.224081e+01 1.117755e+01 
-2.229092e+01 1.107782e+01 
-2.234030e+01 1.097808e+01 
-2.238894e+01 1.087834e+01 
-2.243688e+01 1.077860e+01 
-2.248410e+01 1.067886e+01 
-2.253063e+01 1.057912e+01 
-2.257647e+01 1.047938e+01 
-2.262163e+01 1.037963e+01 
-2.266612e+01 1.027989e+01 
-2.270994e+01 1.018014e+01 
-2.275310e+01 1.008039e+01 
-2.279562e+01 9.980646e+00 
-2.283750e+01 9.880901e+00 
-2.287872e+01 9.781165e+00 
-2.291928e+01 9.681428e+00 
-2.295918e+01 9.581689e+00 
-2.299844e+01 9.481948e+00 
-2.303705e+01 9.382206e+00 
-2.307504e+01 9.282463e+00 
-2.311239e+01 9.182718e+00 
-2.314914e+01 9.082971e+00 
-2.318527e+01 8.983223e+00 
-2.322080e+01 8.883473e+00 
-2.325573e+01 8.783722e+00 
-2.329008e+01 8.683969e+00 
-2.332385e+01 8.584215e+00 
-2.335704e+01 8.484459e+00 
-2.338966e+01 8.384701e+00 
-2.342172e+01 8.284942e+00 
-2.345323e+01 8.185182e+00 
-2.348419e+01 8.085419e+00 
-2.351460e+01 7.985656e+00 
-2.354448e+01 7.885890e+00 
-2.357383e+01 7.786124e+00 
-2.360265e+01 7.686355e+00 
-2.363095e+01 7.586585e+00 
-2.365874e+01 7.486814e+00 
-2.368602e+01 7.387041e+00 
-2.371279e+01 7.287266e+00 
-2.373907e+01 7.187481e+00 
-2.376488e+01 7.087688e+00 
-2.379023e+01 6.987893e+00 
-2.381514e+01 6.888095e+00 
-2.383961e+01 6.788295e+00 
-2.386364e+01 6.688492e+00 
-2.388724e+01 6.588688e+00 
-2.391043e+01 6.488881e+00 
-2.393319e+01 6.389073e+00 
-2.395555e+01 6.289263e+00 
-2.397749e+01 6.189451e+00 
-2.399904e+01 6.089637e+00 
-2.402019e+01 5.989821e+00 
-2.404094e+01 5.890004e+00 
-2.406131e+01 5.790185e+00 
-2.408129e+01 5.690364e+00 
-2.410090e+01 5.590541e+00 
-2.412013e+01 5.490709e+00 
-2.413901e+01 5.390871e+00 
-2.415755e+01 5.291037e+00 
-2.417575e+01 5.191192e+00 
-2.419362e+01 5.091335e+00 
-2.421119e+01 4.991465e+00 
-2.422849e+01 4.891607e+00 
-2.424548e+01 4.791830e+00 
-2.426201e+01 4.692044e+00 
-2.427809e+01 4.592250e+00 
-2.429375e+01 4.492448e+00 
-2.430900e+01 4.392632e+00 
-2.432388e+01 4.292793e+00 
-2.433842e+01 4.192949e+00 
-2.435264e+01 4.093105e+00 
-2.436655e+01 3.993261e+00 
-2.438013e+01 3.893418e+00 
-2.439339e+01 3.793575e+00 
-2.440632e+01 3.693732e+00 
-2.441894e+01 3.593890e+00 
-2.443123e+01 3.494048e+00 
-2.444320e+01 3.394206e+00 
-2.445485e+01 3.294365e+00 
-2.446618e+01 3.194525e+00 
-2.447718e+01 3.094685e+00 
-2.448785e+01 2.994846e+00 
-2.449820e+01 2.895007e+00 
-2.450821e+01 2.795170e+00 
-2.451791e+01 2.695333e+00 
-2.452727e+01 2.595496e+00 
-2.453630e+01 2.495661e+00 
-2.454499e+01 2.395826e+00 
-2.455336e+01 2.295993e+00 
-2.456138e+01 2.196160e+00 
-2.456907e+01 2.096328e+00 
-2.457642e+01 1.996498e+00 
-2.458343e+01 1.896669e+00 
-2.459010e+01 1.796840e+00 
-2.459642e+01 1.697012e+00 
-2.460240e+01 1.597185e+00 
-2.460803e+01 1.497357e+00 
-2.461331e+01 1.397531e+00 
-2.461825e+01 1.297704e+00 
-2.462284e+01 1.197878e+00 
-2.462708e+01 1.098057e+00 
-2.463096e+01 9.982367e-01 
-2.463448e+01 8.984160e-01 
-2.463765e+01 7.985957e-01 
-2.464045e+01 6.987758e-01 
-2.464290e+01 5.989561e-01 
-2.474288e+01 6.010439e-01 
-2.474042e+01 7.012242e-01 
-2.473761e+01 8.014043e-01 
-2.473443e+01 9.015840e-01 
-2.473090e+01 1.001763e+00 
-2.472700e+01 1.101943e+00 
-2.472275e+01 1.202122e+00 
-2.471814e+01 1.302296e+00 
-2.471319e+01 1.402469e+00 
-2.470789e+01 1.502643e+00 
-2.470224e+01 1.602815e+00 
-2.469624e+01 1.702988e+00 
-2.468990e+01 1.803160e+00 
-2.468321e+01 1.903331e+00 
-2.467618e+01 2.003502e+00 
-2.466880e+01 2.103672e+00 
-2.466109e+01 2.203840e+00 
-2.465303e+01 2.304007e+00 
-2.464464e+01 2.404174e+00 
-2.463592e+01 2.504339e+00 
-2.462686e+01 2.604504e+00 
-2.461747e+01 2.704667e+00 
-2.460775e+01 2.804830e+00 
-2.459770e+01 2.904993e+00 
-2.458732e+01 3.005154e+00 
-2.457661e+01 3.105315e+00 
-2.456557e+01 3.205475e+00 
-2.455422e+01 3.305635e+00 
-2.454253e+01 3.405794e+00 
-2.453052e+01 3.505952e+00 
-2.451819e+01 3.606110e+00 
-2.450553e+01 3.706268e+00 
-2.449256e+01 3.806425e+00 
-2.447926e+01 3.906582e+00 
-2.446563e+01 4.006739e+00 
-2.445169e+01 4.106895e+00 
-2.443742e+01 4.207051e+00 
-2.442283e+01 4.307207e+00 
-2.440791e+01 4.407368e+00 
-2.439261e+01 4.507552e+00 
-2.437689e+01 4.607750e+00 
-2.436074e+01 4.707956e+00 
-2.434414e+01 4.808170e+00 
-2.432707e+01 4.908393e+00 
-2.430972e+01 5.008535e+00 
-2.429210e+01 5.108665e+00 
-2.427418e+01 5.208808e+00 
-2.425593e+01 5.308963e+00 
-2.423733e+01 5.409129e+00 
-2.421839e+01 5.509291e+00 
-2.419909e+01 5.609459e+00 
-2.417942e+01 5.709636e+00 
-2.415936e+01 5.809815e+00 
-2.413892e+01 5.909996e+00 
-2.411809e+01 6.010179e+00 
-2.409687e+01 6.110363e+00 
-2.407524e+01 6.210549e+00 
-2.405321e+01 6.310737e+00 
-2.403078e+01 6.410927e+00 
-2.400792e+01 6.511119e+00 
-2.398465e+01 6.611312e+00 
-2.396096e+01 6.711508e+00 
-2.393683e+01 6.811705e+00 
-2.391227e+01 6.911905e+00 
-2.388726e+01 7.012107e+00 
-2.386180e+01 7.112312e+00 
-2.383589e+01 7.212519e+00 
-2.380950e+01 7.312734e+00 
-2.378260e+01 7.412959e+00 
-2.375520e+01 7.513186e+00 
-2.372728e+01 7.613415e+00 
-2.369885e+01 7.713645e+00 
-2.366990e+01 7.813876e+00 
-2.364042e+01 7.914110e+00 
-2.361040e+01 8.014344e+00 
-2.357984e+01 8.114581e+00 
-2.354874e+01 8.214818e+00 
-2.351708e+01 8.315058e+00 
-2.348487e+01 8.415299e+00 
-2.345209e+01 8.515541e+00 
-2.341873e+01 8.615785e+00 
-2.338480e+01 8.716031e+00 
-2.335029e+01 8.816278e+00 
-2.331518e+01 8.916527e+00 
-2.327947e+01 9.016777e+00 
-2.324316e+01 9.117029e+00 
-2.320623e+01 9.217282e+00 
-2.316868e+01 9.317537e+00 
-2.313051e+01 9.417794e+00 
-2.309169e+01 9.518052e+00 
-2.305223e+01 9.618311e+00 
-2.301212e+01 9.718572e+00 
-2.297135e+01 9.818835e+00 
-2.292991e+01 9.919099e+00 
-2.288783e+01 1.001935e+01 
-2.284510e+01 1.011961e+01 
-2.280171e+01 1.021986e+01 
-2.275767e+01 1.032011e+01 
-2.271296e+01 1.042037e+01 
-2.266757e+01 1.052062e+01 
-2.262149e+01 1.062088e+01 
-2.257473e+01 1.072114e+01 
-2.252726e+01 1.082140e+01 
-2.247908e+01 1.092166e+01 
-2.243017e+01 1.102192e+01 
-2.238054e+01 1.112218e+01 
-2.233017e+01 1.122245e+01 
-2.227905e+01 1.132271e+01 
-2.222717e+01 1.142298e+01 
-2.217452e+01 1.152325e+01 
-2.212108e+01 1.162352e+01 
-2.206686e+01 1.172379e+01 
-2.201182e+01 1.182406e+01 
-2.195598e+01 1.192433e+01 
-2.189930e+01 1.202460e+01 
-2.184179e+01 1.212488e+01 
-2.178342e+01 1.222515e+01 
-2.172419e+01 1.232543e+01 
-2.166408e+01 1.242571e+01 
-2.160307e+01 1.252599e+01 
-2.154115e+01 1.262627e+01 
-2.147832e+01 1.272655e+01 
-2.141454e+01 1.282683e+01 
-2.134982e+01 1.292712e+01 
-2.128412e+01 1.302740e+01 
-2.121744e+01 1.312769e+01 
-2.114975e+01 1.322797e+01 
-2.108099e+01 1.332827e+01 
-2.101106e+01 1.342859e+01 
-2.093994e+01 1.352892e+01 
-2.086760e+01 1.362924e+01 
-2.079403e+01 1.372957e+01 
-2.071918e+01 1.382990e+01 
-2.064303e+01 1.393023e+01 
-2.056554e+01 1.403056e+01 
-2.048668e+01 1.413090e+01 
-2.040642e+01 1.423123e+01 
-2.032472e+01 1.433157e+01 
-2.024153e+01 1.443191e+01 
-2.015683e+01 1.453225e+01 
-2.007057e+01 1.463260e+01 
-1.998270e+01 1.473294e+01 
-1.989319e+01 1.483328e+01 
-1.980198e+01 1.493363e+01 
-1.970903e+01 1.503398e+01 
-1.961429e+01 1.513433e+01 
-1.951770e+01 1.523467e+01 
-1.941943e+01 1.533499e+01 
-1.931944e+01 1.543530e+01 
-1.921913e+01 1.553419e+01 
-1.911882e+01 1.563138e+01 
-1.901851e+01 1.572692e+01 
-1.891820e+01 1.582084e+01 
-1.881789e+01 1.591319e+01 
-1.871758e+01 1.600397e+01 
-1.861723e+01 1.609311e+01 
-1.851686e+01 1.618052e+01 
-1.841649e+01 1.626621e+01 
-1.831612e+01 1.635022e+01 
-1.821575e+01 1.643260e+01 
-1.811538e+01 1.651338e+01 
-1.801500e+01 1.659260e+01 
-1.791463e+01 1.667029e+01 
-1.781426e+01 1.674648e+01 
-1.771389e+01 1.682121e+01 
-1.761351e+01 1.689450e+01 
-1.751314e+01 1.696639e+01 
-1.741277e+01 1.703690e+01 
-1.731240e+01 1.710606e+01 
-1.721202e+01 1.717389e+01 
-1.711165e+01 1.724043e+01 
-1.701128e+01 1.730569e+01 
-1.691092e+01 1.736971e+01 
-1.681055e+01 1.743251e+01 
-1.671018e+01 1.749409e+01 
-1.660980e+01 1.755446e+01 
-1.650941e+01 1.761361e+01 
-1.640903e+01 1.767157e+01 
-1.630864e+01 1.772835e+01 
-1.620826e+01 1.778398e+01 
-1.610788e+01 1.783848e+01 
-1.600750e+01 1.789185e+01 
-1.590712e+01 1.794413e+01 
-1.580675e+01 1.799533e+01 
-1.570637e+01 1.804547e+01 
-1.560600e+01 1.809457e+01 
-1.550562e+01 1.814264e+01 
-1.540525e+01 1.818970e+01 
-1.530488e+01 1.823577e+01 
-1.520452e+01 1.828086e+01 
-1.510415e+01 1.832500e+01 
-1.500379e+01 1.836819e+01 
-1.490343e+01 1.841045e+01 
-1.480307e+01 1.845179e+01 
-1.470269e+01 1.849218e+01 
-1.460226e+01 1.853152e+01 
-1.450177e+01 1.856966e+01 
-1.440127e+01 1.860658e+01 
-1.430078e+01 1.864231e+01 
-1.420029e+01 1.867687e+01 
-1.409980e+01 1.871028e+01 
-1.399931e+01 1.874255e+01 
-1.389883e+01 1.877370e+01 
-1.379835e+01 1.880375e+01 
-1.369788e+01 1.883271e+01 
-1.359740e+01 1.886060e+01 
-1.349693e+01 1.888744e+01 
-1.339646e+01 1.891324e+01 
-1.329600e+01 1.893801e+01 
-1.319554e+01 1.896178e+01 
-1.309508e+01 1.898455e+01 
-1.299463e+01 1.900634e+01 
-1.289418e+01 1.902716e+01 
-1.279373e+01 1.904703e+01 
-1.269329e+01 1.906596e+01 
-1.259285e+01 1.908396e+01 
-1.249242e+01 1.910106e+01 
-1.239199e+01 1.911726e+01 
-1.229156e+01 1.913257e+01 
-1.219115e+01 1.914701e+01 
-1.209073e+01 1.916060e+01 
-1.199033e+01 1.917336e+01 
-1.188994e+01 1.918531e+01 
-1.178955e+01 1.919647e+01 
-1.168917e+01 1.920686e+01 
-1.158880e+01 1.921650e+01 
-1.148844e+01 1.922539e+01 
-1.138808e+01 1.923355e+01 
-1.128773e+01 1.924101e+01 
-1.118739e+01 1.924776e+01 
-1.108704e+01 1.925383e+01 
-1.098670e+01 1.925921e+01 
-1.088637e+01 1.926391e+01 
-1.078604e+01 1.926794e+01 
-1.068569e+01 1.927129e+01 
-1.058527e+01 1.927379e+01 
-1.048480e+01 1.927534e+01 
-1.038426e+01 1.927580e+01 
-1.028368e+01 1.927510e+01 
-1.018309e+01 1.927322e+01 
-1.008251e+01 1.927016e+01 
-9.981926e+00 1.926594e+01 
-9.881357e+00 1.926056e+01 
-9.780796e+00 1.925405e+01 
-9.680239e+00 1.924641e+01 
-9.579692e+00 1.923766e+01 
-9.479159e+00 1.922783e+01 
-9.378647e+00 1.921695e+01 
-9.278156e+00 1.920507e+01 
-9.177670e+00 1.919219e+01 
-9.077191e+00 1.917832e+01 
-8.976718e+00 1.916348e+01 
-8.876251e+00 1.914766e+01 
-8.775791e+00 1.913089e+01 
-8.675338e+00 1.911316e+01 
-8.574892e+00 1.909450e+01 
-8.474452e+00 1.907490e+01 
-8.374019e+00 1.905438e+01 
-8.273592e+00 1.903295e+01 
-8.173173e+00 1.901062e+01 
-8.072761e+00 1.898740e+01 
-7.972341e+00 1.896326e+01 
-7.871836e+00 1.893799e+01 
-7.771291e+00 1.891151e+01 
-7.670756e+00 1.888384e+01 
-7.570231e+00 1.885498e+01 
-7.469714e+00 1.882495e+01 
-7.369208e+00 1.879376e+01 
-7.268712e+00 1.876143e+01 
-7.168224e+00 1.872795e+01 
-7.067747e+00 1.869335e+01 
-6.967279e+00 1.865764e+01 
-6.866821e+00 1.862082e+01 
-6.766372e+00 1.858291e+01 
-6.665933e+00 1.854392e+01 
-6.565502e+00 1.850387e+01 
-6.465078e+00 1.846274e+01 
-6.364603e+00 1.842038e+01 
-6.264028e+00 1.837649e+01 
-6.163388e+00 1.833089e+01 
-6.062783e+00 1.828367e+01 
-5.962215e+00 1.823492e+01 
-5.861680e+00 1.818469e+01 
-5.761180e+00 1.813307e+01 
-5.660677e+00 1.807999e+01 
-5.560013e+00 1.802488e+01 
-5.459311e+00 1.796762e+01 
-5.358618e+00 1.790821e+01 
-5.257936e+00 1.784663e+01 
-5.157265e+00 1.778284e+01 
-5.056609e+00 1.771684e+01 
-4.955966e+00 1.764861e+01 
-4.855339e+00 1.757811e+01 
-4.754728e+00 1.750536e+01 
-4.654134e+00 1.743034e+01 
-4.553558e+00 1.735305e+01 
-4.452999e+00 1.727347e+01 
-4.352460e+00 1.719163e+01 
-4.251939e+00 1.710752e+01 
-4.151417e+00 1.702104e+01 
-4.050839e+00 1.693178e+01 
-3.950204e+00 1.683935e+01 
-3.849470e+00 1.674303e+01 
-3.748707e+00 1.664248e+01 
-3.651863e+00 1.654174e+01 
-3.558753e+00 1.644103e+01 
-3.469022e+00 1.634036e+01 
-3.382371e+00 1.623971e+01 
-3.298541e+00 1.613909e+01 
-3.217309e+00 1.603850e+01 
-3.138480e+00 1.593793e+01 
-3.061882e+00 1.583739e+01 
-2.987944e+00 1.573668e+01 
-2.917046e+00 1.563584e+01 
-2.849056e+00 1.553505e+01 
-2.783716e+00 1.543429e+01 
-2.720797e+00 1.533358e+01 
-2.660128e+00 1.523289e+01 
-2.601533e+00 1.513224e+01 
-2.544845e+00 1.503163e+01 
-2.489974e+00 1.493103e+01 
-2.436809e+00 1.483045e+01 
-2.385074e+00 1.472998e+01 
-2.334598e+00 1.462954e+01 
-2.285316e+00 1.452912e+01 
-2.237374e+00 1.442862e+01 
-2.190847e+00 1.432809e+01 
-2.145718e+00 1.422757e+01 
-2.102002e+00 1.412702e+01 
-2.059718e+00 1.402647e+01 
-2.018895e+00 1.392589e+01 
-1.979542e+00 1.382530e+01 
-1.941400e+00 1.372483e+01 
-1.903763e+00 1.362468e+01 
-1.866300e+00 1.352462e+01 
-1.829066e+00 1.342452e+01 
-1.792186e+00 1.332437e+01 
-1.755783e+00 1.322416e+01 
-1.719985e+00 1.312390e+01 
-1.684921e+00 1.302359e+01 
-1.651018e+00 1.292307e+01 
-1.618331e+00 1.282255e+01 
-1.586449e+00 1.272223e+01 
-1.555393e+00 1.262187e+01 
-1.525222e+00 1.252148e+01 
-1.495683e+00 1.242122e+01 
-1.466767e+00 1.232094e+01 
-1.438532e+00 1.222064e+01 
-1.411045e+00 1.212030e+01 
-1.384368e+00 1.201993e+01 
-1.358542e+00 1.191955e+01 
-1.333641e+00 1.181912e+01 
-1.309759e+00 1.171865e+01 
-1.286894e+00 1.161818e+01 
-1.265171e+00 1.151765e+01 
-1.244283e+00 1.141728e+01 
-1.223845e+00 1.131708e+01 
-1.203810e+00 1.121689e+01 
-1.184185e+00 1.111670e+01 
-1.164980e+00 1.101650e+01 
-1.146203e+00 1.091630e+01 
-1.127890e+00 1.081608e+01 
-1.110165e+00 1.071579e+01 
-1.093158e+00 1.061544e+01 
-1.076919e+00 1.051507e+01 
-1.061436e+00 1.041471e+01 
-1.046504e+00 1.031445e+01 
-1.032187e+00 1.021415e+01 
-1.018401e+00 1.011390e+01 
-1.005042e+00 1.001370e+01 
-9.920995e-01 9.913494e+00 
-9.795869e-01 9.813284e+00 
-9.675244e-01 9.713064e+00 
-9.559330e-01 9.612833e+00 
-9.448355e-01 9.512591e+00 
-9.341404e-01 9.412396e+00 
-9.237490e-01 9.312250e+00 
-9.136225e-01 9.212120e+00 
-9.037297e-01 9.112006e+00 
-8.940433e-01 9.011905e+00 
-8.846771e-01 8.911744e+00 
-8.756450e-01 8.811580e+00 
-8.666041e-01 8.711592e+00 
-8.575059e-01 8.611621e+00 
-8.486859e-01 8.511476e+00 
-8.402209e-01 8.411299e+00 
-8.320946e-01 8.311132e+00 
-8.243245e-01 8.210956e+00 
-8.170052e-01 8.110731e+00 
-8.099796e-01 8.010588e+00 
-8.030640e-01 7.910537e+00 
-7.960768e-01 7.810576e+00 
-7.889094e-01 7.710667e+00 
-8.886531e-01 7.703512e+00 
