2.301822e+00 5.320599e+00 
2.308686e+00 5.420548e+00 
2.315649e+00 5.520454e+00 
2.322800e+00 5.620344e+00 
2.330175e+00 5.720257e+00 
2.337728e+00 5.820194e+00 
2.345409e+00 5.920154e+00 
2.353171e+00 6.020116e+00 
2.361005e+00 6.120009e+00 
2.369051e+00 6.219870e+00 
2.377377e+00 6.319733e+00 
2.385980e+00 6.419595e+00 
2.394862e+00 6.519470e+00 
2.404002e+00 6.619393e+00 
2.413303e+00 6.719365e+00 
2.422656e+00 6.819295e+00 
2.432156e+00 6.919266e+00 
2.441706e+00 7.019162e+00 
2.451464e+00 7.119020e+00 
2.461510e+00 7.218881e+00 
2.471837e+00 7.318737e+00 
2.482461e+00 7.418639e+00 
2.493283e+00 7.518526e+00 
2.504330e+00 7.618375e+00 
2.515682e+00 7.718201e+00 
2.527389e+00 7.818030e+00 
2.539456e+00 7.917946e+00 
2.551702e+00 8.017925e+00 
2.563990e+00 8.117904e+00 
2.576318e+00 8.217856e+00 
2.588740e+00 8.317779e+00 
2.601314e+00 8.417656e+00 
2.614135e+00 8.517490e+00 
2.627291e+00 8.617288e+00 
2.640852e+00 8.717029e+00 
2.654949e+00 8.816799e+00 
2.669525e+00 8.916613e+00 
2.684507e+00 9.016568e+00 
2.699546e+00 9.116284e+00 
2.715158e+00 9.215925e+00 
2.731519e+00 9.315594e+00 
2.748573e+00 9.415294e+00 
2.766257e+00 9.515016e+00 
2.784525e+00 9.614760e+00 
2.803336e+00 9.714522e+00 
2.822652e+00 9.814302e+00 
2.842432e+00 9.914084e+00 
2.862674e+00 1.001387e+01 
2.883379e+00 1.011364e+01 
2.904536e+00 1.021333e+01 
2.926346e+00 1.031291e+01 
2.949071e+00 1.041258e+01 
2.972507e+00 1.051222e+01 
2.996703e+00 1.061182e+01 
3.021761e+00 1.071137e+01 
3.047780e+00 1.081088e+01 
3.074868e+00 1.091035e+01 
3.103137e+00 1.100975e+01 
3.132717e+00 1.110909e+01 
3.163768e+00 1.120836e+01 
3.196512e+00 1.130763e+01 
3.231030e+00 1.140706e+01 
3.266838e+00 1.150632e+01 
3.304382e+00 1.160553e+01 
3.343834e+00 1.170466e+01 
3.385425e+00 1.180369e+01 
3.429417e+00 1.190257e+01 
3.476335e+00 1.200137e+01 
3.526490e+00 1.210012e+01 
3.580169e+00 1.219876e+01 
3.637839e+00 1.229733e+01 
3.699956e+00 1.239575e+01 
3.767116e+00 1.249382e+01 
3.841217e+00 1.259168e+01 
3.923880e+00 1.268926e+01 
4.018079e+00 1.278682e+01 
4.115720e+00 1.287459e+01 
4.213754e+00 1.295229e+01 
4.311688e+00 1.302236e+01 
4.409753e+00 1.308537e+01 
4.508175e+00 1.314245e+01 
4.606593e+00 1.319488e+01 
4.704959e+00 1.324288e+01 
4.803273e+00 1.328653e+01 
4.901538e+00 1.332594e+01 
4.999751e+00 1.336115e+01 
5.097990e+00 1.339224e+01 
5.196439e+00 1.341945e+01 
5.294952e+00 1.344331e+01 
5.393462e+00 1.346401e+01 
5.491961e+00 1.348161e+01 
5.590453e+00 1.349613e+01 
5.688940e+00 1.350760e+01 
5.787798e+00 1.351606e+01 
5.886989e+00 1.352227e+01 
5.986220e+00 1.352686e+01 
6.085439e+00 1.352992e+01 
6.184647e+00 1.353143e+01 
6.283842e+00 1.353137e+01 
6.383027e+00 1.352972e+01 
6.482200e+00 1.352644e+01 
6.581364e+00 1.352153e+01 
6.680518e+00 1.351494e+01 
6.779662e+00 1.350667e+01 
6.878799e+00 1.349667e+01 
6.977928e+00 1.348494e+01 
7.077050e+00 1.347144e+01 
7.176167e+00 1.345614e+01 
7.275278e+00 1.343902e+01 
7.374384e+00 1.342006e+01 
7.473488e+00 1.339921e+01 
7.572589e+00 1.337646e+01 
7.671687e+00 1.335177e+01 
7.770786e+00 1.332511e+01 
7.869884e+00 1.329645e+01 
7.969016e+00 1.326575e+01 
8.068298e+00 1.323300e+01 
8.167614e+00 1.319857e+01 
8.266925e+00 1.316251e+01 
8.366229e+00 1.312479e+01 
8.465527e+00 1.308537e+01 
8.564872e+00 1.304418e+01 
8.664326e+00 1.300127e+01 
8.763832e+00 1.295692e+01 
8.863340e+00 1.291128e+01 
8.962842e+00 1.286432e+01 
9.062337e+00 1.281602e+01 
9.161826e+00 1.276632e+01 
9.261309e+00 1.271520e+01 
9.360787e+00 1.266261e+01 
9.460260e+00 1.260850e+01 
9.559728e+00 1.255283e+01 
9.659191e+00 1.249556e+01 
9.758650e+00 1.243663e+01 
9.858105e+00 1.237599e+01 
9.957556e+00 1.231359e+01 
1.005700e+01 1.224937e+01 
1.015645e+01 1.218328e+01 
1.025589e+01 1.211526e+01 
1.035534e+01 1.204525e+01 
1.045481e+01 1.197314e+01 
1.055438e+01 1.189898e+01 
1.065396e+01 1.182311e+01 
1.075354e+01 1.174557e+01 
1.085312e+01 1.166631e+01 
1.095269e+01 1.158526e+01 
1.105226e+01 1.150238e+01 
1.115183e+01 1.141759e+01 
1.125140e+01 1.133082e+01 
1.135096e+01 1.124201e+01 
1.145052e+01 1.115108e+01 
1.155008e+01 1.105795e+01 
1.164965e+01 1.096254e+01 
1.174921e+01 1.086476e+01 
1.184812e+01 1.076520e+01 
1.194465e+01 1.066563e+01 
1.203890e+01 1.056605e+01 
1.213103e+01 1.046646e+01 
1.222111e+01 1.036688e+01 
1.230917e+01 1.026730e+01 
1.239526e+01 1.016772e+01 
1.247943e+01 1.006815e+01 
1.256175e+01 9.968565e+00 
1.264226e+01 9.868984e+00 
1.272102e+01 9.769401e+00 
1.279808e+01 9.669817e+00 
1.287349e+01 9.570231e+00 
1.294729e+01 9.470643e+00 
1.301953e+01 9.371053e+00 
1.309025e+01 9.271463e+00 
1.315947e+01 9.171870e+00 
1.322725e+01 9.072276e+00 
1.329362e+01 8.972669e+00 
1.335868e+01 8.873010e+00 
1.342258e+01 8.773353e+00 
1.348535e+01 8.673700e+00 
1.354698e+01 8.574050e+00 
1.360749e+01 8.474404e+00 
1.366689e+01 8.374727e+00 
1.372529e+01 8.275034e+00 
1.378275e+01 8.175341e+00 
1.383926e+01 8.075649e+00 
1.389486e+01 7.975957e+00 
1.394953e+01 7.876265e+00 
1.400330e+01 7.776574e+00 
1.405617e+01 7.676883e+00 
1.410816e+01 7.577191e+00 
1.415926e+01 7.477500e+00 
1.420950e+01 7.377809e+00 
1.425887e+01 7.278117e+00 
1.430740e+01 7.178425e+00 
1.435508e+01 7.078744e+00 
1.440189e+01 6.979078e+00 
1.444781e+01 6.879417e+00 
1.449283e+01 6.779757e+00 
1.453695e+01 6.680097e+00 
1.458020e+01 6.580437e+00 
1.462257e+01 6.480778e+00 
1.466407e+01 6.381119e+00 
1.470472e+01 6.281461e+00 
1.474450e+01 6.181802e+00 
1.478345e+01 6.082144e+00 
1.482155e+01 5.982486e+00 
1.485882e+01 5.882828e+00 
1.489527e+01 5.783170e+00 
1.493089e+01 5.683512e+00 
1.496570e+01 5.583854e+00 
1.499971e+01 5.484195e+00 
1.503292e+01 5.384537e+00 
1.506533e+01 5.284878e+00 
1.509695e+01 5.185220e+00 
1.512779e+01 5.085561e+00 
1.515785e+01 4.985901e+00 
1.518714e+01 4.886242e+00 
1.521567e+01 4.786582e+00 
1.524343e+01 4.686922e+00 
1.527044e+01 4.587256e+00 
1.529672e+01 4.487559e+00 
1.532234e+01 4.387850e+00 
1.534732e+01 4.288141e+00 
1.537166e+01 4.188431e+00 
1.539538e+01 4.088721e+00 
1.541847e+01 3.989012e+00 
1.544093e+01 3.889302e+00 
1.546277e+01 3.789592e+00 
1.548399e+01 3.689881e+00 
1.550460e+01 3.590171e+00 
1.552459e+01 3.490460e+00 
1.554397e+01 3.390749e+00 
1.556275e+01 3.291037e+00 
1.558092e+01 3.191326e+00 
1.559848e+01 3.091614e+00 
1.561545e+01 2.991901e+00 
1.563182e+01 2.892189e+00 
1.564759e+01 2.792476e+00 
1.566277e+01 2.692763e+00 
1.567735e+01 2.593050e+00 
1.569135e+01 2.493336e+00 
1.570476e+01 2.393622e+00 
1.571759e+01 2.293907e+00 
1.572983e+01 2.194193e+00 
1.574149e+01 2.094478e+00 
1.575257e+01 1.994762e+00 
1.576308e+01 1.895047e+00 
1.577300e+01 1.795331e+00 
1.578236e+01 1.695614e+00 
1.579114e+01 1.595898e+00 
1.579935e+01 1.496181e+00 
1.580699e+01 1.396464e+00 
1.581406e+01 1.296746e+00 
1.582056e+01 1.197044e+00 
1.582647e+01 1.097358e+00 
1.583174e+01 9.976719e-01 
1.583639e+01 8.979860e-01 
1.584041e+01 7.983001e-01 
1.594035e+01 8.016999e-01 
1.593631e+01 9.020140e-01 
1.593163e+01 1.002328e+00 
1.592633e+01 1.102642e+00 
1.592039e+01 1.202956e+00 
1.591385e+01 1.303254e+00 
1.590674e+01 1.403536e+00 
1.589906e+01 1.503819e+00 
1.589080e+01 1.604102e+00 
1.588197e+01 1.704386e+00 
1.587257e+01 1.804669e+00 
1.586258e+01 1.904953e+00 
1.585202e+01 2.005238e+00 
1.584088e+01 2.105522e+00 
1.582915e+01 2.205807e+00 
1.581684e+01 2.306093e+00 
1.580394e+01 2.406378e+00 
1.579046e+01 2.506664e+00 
1.577638e+01 2.606950e+00 
1.576171e+01 2.707237e+00 
1.574645e+01 2.807524e+00 
1.573059e+01 2.907811e+00 
1.571413e+01 3.008099e+00 
1.569707e+01 3.108386e+00 
1.567940e+01 3.208674e+00 
1.566113e+01 3.308963e+00 
1.564225e+01 3.409251e+00 
1.562275e+01 3.509540e+00 
1.560265e+01 3.609829e+00 
1.558192e+01 3.710119e+00 
1.556058e+01 3.810408e+00 
1.553861e+01 3.910698e+00 
1.551602e+01 4.010988e+00 
1.549280e+01 4.111279e+00 
1.546895e+01 4.211569e+00 
1.544446e+01 4.311859e+00 
1.541934e+01 4.412150e+00 
1.539358e+01 4.512441e+00 
1.536714e+01 4.612744e+00 
1.533995e+01 4.713078e+00 
1.531200e+01 4.813418e+00 
1.528328e+01 4.913758e+00 
1.525379e+01 5.014099e+00 
1.522353e+01 5.114439e+00 
1.519248e+01 5.214780e+00 
1.516064e+01 5.315122e+00 
1.512801e+01 5.415463e+00 
1.509458e+01 5.515805e+00 
1.506035e+01 5.616146e+00 
1.502530e+01 5.716488e+00 
1.498943e+01 5.816830e+00 
1.495274e+01 5.917172e+00 
1.491522e+01 6.017514e+00 
1.487685e+01 6.117856e+00 
1.483765e+01 6.218198e+00 
1.479759e+01 6.318539e+00 
1.475667e+01 6.418881e+00 
1.471489e+01 6.519222e+00 
1.467223e+01 6.619563e+00 
1.462869e+01 6.719903e+00 
1.458426e+01 6.820243e+00 
1.453894e+01 6.920583e+00 
1.449272e+01 7.020922e+00 
1.444559e+01 7.121256e+00 
1.439761e+01 7.221575e+00 
1.434879e+01 7.321883e+00 
1.429911e+01 7.422191e+00 
1.424856e+01 7.522500e+00 
1.419714e+01 7.622809e+00 
1.414484e+01 7.723117e+00 
1.409165e+01 7.823426e+00 
1.403755e+01 7.923735e+00 
1.398254e+01 8.024043e+00 
1.392660e+01 8.124351e+00 
1.386974e+01 8.224659e+00 
1.381193e+01 8.324966e+00 
1.375317e+01 8.425273e+00 
1.369339e+01 8.525596e+00 
1.363246e+01 8.625950e+00 
1.357040e+01 8.726300e+00 
1.350720e+01 8.826647e+00 
1.344286e+01 8.926990e+00 
1.337736e+01 9.027331e+00 
1.331047e+01 9.127724e+00 
1.324215e+01 9.228130e+00 
1.317236e+01 9.328537e+00 
1.310107e+01 9.428947e+00 
1.302824e+01 9.529357e+00 
1.295383e+01 9.629769e+00 
1.287780e+01 9.730183e+00 
1.280010e+01 9.830599e+00 
1.272069e+01 9.931016e+00 
1.263951e+01 1.003143e+01 
1.255651e+01 1.013185e+01 
1.247164e+01 1.023228e+01 
1.238482e+01 1.033270e+01 
1.229602e+01 1.043312e+01 
1.220519e+01 1.053354e+01 
1.211230e+01 1.063395e+01 
1.201728e+01 1.073437e+01 
1.191992e+01 1.083480e+01 
1.182015e+01 1.093524e+01 
1.171972e+01 1.103389e+01 
1.161928e+01 1.113015e+01 
1.151884e+01 1.122411e+01 
1.141840e+01 1.131585e+01 
1.131796e+01 1.140544e+01 
1.121753e+01 1.149298e+01 
1.111710e+01 1.157851e+01 
1.101667e+01 1.166212e+01 
1.091624e+01 1.174386e+01 
1.081582e+01 1.182381e+01 
1.071540e+01 1.190201e+01 
1.061498e+01 1.197852e+01 
1.051455e+01 1.205334e+01 
1.041403e+01 1.212621e+01 
1.031347e+01 1.219703e+01 
1.021291e+01 1.226582e+01 
1.011236e+01 1.233265e+01 
1.001180e+01 1.239759e+01 
9.911256e+00 1.246069e+01 
9.810711e+00 1.252200e+01 
9.710170e+00 1.258159e+01 
9.609633e+00 1.263949e+01 
9.509101e+00 1.269576e+01 
9.408573e+00 1.275045e+01 
9.308051e+00 1.280361e+01 
9.207535e+00 1.285527e+01 
9.107024e+00 1.290548e+01 
9.006519e+00 1.295428e+01 
8.906021e+00 1.300171e+01 
8.805528e+00 1.304782e+01 
8.705035e+00 1.309261e+01 
8.604488e+00 1.313600e+01 
8.503834e+00 1.317774e+01 
8.403132e+00 1.321773e+01 
8.302436e+00 1.325599e+01 
8.201747e+00 1.329256e+01 
8.101062e+00 1.332748e+01 
8.000345e+00 1.336071e+01 
7.899477e+00 1.339197e+01 
7.798575e+00 1.342117e+01 
7.697673e+00 1.344833e+01 
7.596772e+00 1.347349e+01 
7.495873e+00 1.349667e+01 
7.394976e+00 1.351791e+01 
7.294083e+00 1.353724e+01 
7.193194e+00 1.355468e+01 
7.092310e+00 1.357027e+01 
6.991433e+00 1.358402e+01 
6.890562e+00 1.359598e+01 
6.789698e+00 1.360616e+01 
6.688843e+00 1.361460e+01 
6.587997e+00 1.362131e+01 
6.487160e+00 1.362632e+01 
6.386334e+00 1.362966e+01 
6.285518e+00 1.363136e+01 
6.184714e+00 1.363143e+01 
6.083921e+00 1.362991e+01 
5.983141e+00 1.362681e+01 
5.882372e+00 1.362216e+01 
5.781563e+00 1.361587e+01 
5.680421e+00 1.360723e+01 
5.578908e+00 1.359546e+01 
5.477400e+00 1.358054e+01 
5.375899e+00 1.356246e+01 
5.274408e+00 1.354118e+01 
5.172922e+00 1.351665e+01 
5.071371e+00 1.348863e+01 
4.969609e+00 1.345649e+01 
4.867823e+00 1.342008e+01 
4.766087e+00 1.337936e+01 
4.664402e+00 1.333428e+01 
4.562767e+00 1.328476e+01 
4.461185e+00 1.323072e+01 
4.359607e+00 1.317189e+01 
4.257672e+00 1.310652e+01 
4.155607e+00 1.303365e+01 
4.053641e+00 1.295298e+01 
3.951282e+00 1.286123e+01 
3.852006e+00 1.275879e+01 
3.764967e+00 1.265637e+01 
3.687430e+00 1.255423e+01 
3.617478e+00 1.245230e+01 
3.553288e+00 1.235072e+01 
3.493870e+00 1.224929e+01 
3.438663e+00 1.214793e+01 
3.387185e+00 1.204668e+01 
3.339091e+00 1.194548e+01 
3.294066e+00 1.184436e+01 
3.251638e+00 1.174339e+01 
3.211473e+00 1.164252e+01 
3.173314e+00 1.154172e+01 
3.136965e+00 1.144099e+01 
3.102044e+00 1.134042e+01 
3.068803e+00 1.123969e+01 
3.037279e+00 1.113895e+01 
3.007296e+00 1.103830e+01 
2.978682e+00 1.093770e+01 
2.951295e+00 1.083716e+01 
2.925014e+00 1.073667e+01 
2.899728e+00 1.063623e+01 
2.875334e+00 1.053583e+01 
2.851727e+00 1.043547e+01 
2.828848e+00 1.033514e+01 
2.806852e+00 1.023472e+01 
2.785558e+00 1.013441e+01 
2.764760e+00 1.003418e+01 
2.744428e+00 9.933966e+00 
2.724561e+00 9.833747e+00 
2.705159e+00 9.733527e+00 
2.686257e+00 9.633290e+00 
2.667893e+00 9.533033e+00 
2.650109e+00 9.432755e+00 
2.632951e+00 9.332455e+00 
2.616479e+00 9.232125e+00 
2.600752e+00 9.131765e+00 
2.585626e+00 9.031482e+00 
2.570630e+00 8.931436e+00 
2.555998e+00 8.831250e+00 
2.541835e+00 8.731020e+00 
2.528203e+00 8.630761e+00 
2.514993e+00 8.530560e+00 
2.502129e+00 8.430394e+00 
2.489523e+00 8.330270e+00 
2.477082e+00 8.230193e+00 
2.464742e+00 8.130145e+00 
2.452449e+00 8.030124e+00 
2.440198e+00 7.930104e+00 
2.428111e+00 7.830020e+00 
2.416363e+00 7.729848e+00 
2.404971e+00 7.629674e+00 
2.393889e+00 7.529523e+00 
2.383043e+00 7.429410e+00 
2.372397e+00 7.329312e+00 
2.362040e+00 7.229168e+00 
2.351966e+00 7.129029e+00 
2.342180e+00 7.028888e+00 
2.332610e+00 6.928783e+00 
2.323104e+00 6.828755e+00 
2.313738e+00 6.728684e+00 
2.304432e+00 6.628657e+00 
2.295278e+00 6.528579e+00 
2.286373e+00 6.428454e+00 
2.277746e+00 6.328316e+00 
2.269397e+00 6.228179e+00 
2.261328e+00 6.128041e+00 
2.253477e+00 6.027934e+00 
2.245710e+00 5.927896e+00 
2.238022e+00 5.827856e+00 
2.230460e+00 5.727793e+00 
2.223071e+00 5.627706e+00 
2.215904e+00 5.527595e+00 
2.208928e+00 5.427501e+00 
2.202057e+00 5.327450e+00 
2.301822e+00 5.320599e+00 
