9.162024e-01 2.024821e+01 
1.165417e+00 2.023950e+01 
1.414624e+00 2.022818e+01 
1.663787e+00 2.021421e+01 
1.912932e+00 2.019745e+01 
2.162071e+00 2.017783e+01 
2.411202e+00 2.015532e+01 
2.660325e+00 2.012988e+01 
2.909438e+00 2.010147e+01 
3.158543e+00 2.007006e+01 
3.407637e+00 2.003560e+01 
3.656722e+00 1.999804e+01 
3.905795e+00 1.995732e+01 
4.154896e+00 1.991339e+01 
4.404072e+00 1.986631e+01 
4.653230e+00 1.981634e+01 
4.902370e+00 1.976339e+01 
5.151475e+00 1.970738e+01 
5.400531e+00 1.964818e+01 
5.649562e+00 1.958556e+01 
5.898532e+00 1.951941e+01 
6.147406e+00 1.944948e+01 
6.396262e+00 1.937534e+01 
6.645101e+00 1.929686e+01 
6.893920e+00 1.921392e+01 
7.142720e+00 1.912635e+01 
7.391502e+00 1.903400e+01 
7.640264e+00 1.893671e+01 
7.889008e+00 1.883429e+01 
8.137733e+00 1.872655e+01 
8.386441e+00 1.861328e+01 
8.635134e+00 1.849425e+01 
8.883922e+00 1.836919e+01 
9.132718e+00 1.823840e+01 
9.381398e+00 1.810183e+01 
9.630024e+00 1.795869e+01 
9.878502e+00 1.780852e+01 
1.012691e+01 1.765016e+01 
1.037526e+01 1.748286e+01 
1.062355e+01 1.730574e+01 
1.087178e+01 1.711783e+01 
1.111996e+01 1.691799e+01 
1.136808e+01 1.670497e+01 
1.161620e+01 1.647707e+01 
1.186435e+01 1.623277e+01 
1.209925e+01 1.598460e+01 
1.231890e+01 1.573667e+01 
1.252290e+01 1.548885e+01 
1.271191e+01 1.524106e+01 
1.288700e+01 1.499321e+01 
1.304948e+01 1.474539e+01 
1.320001e+01 1.449761e+01 
1.333915e+01 1.424982e+01 
1.346726e+01 1.400268e+01 
1.358237e+01 1.375552e+01 
1.368525e+01 1.350835e+01 
1.377655e+01 1.326120e+01 
1.385672e+01 1.301403e+01 
1.392626e+01 1.276682e+01 
1.398565e+01 1.251955e+01 
1.403541e+01 1.227218e+01 
1.407605e+01 1.202471e+01 
1.410793e+01 1.177889e+01 
1.412589e+01 1.153356e+01 
1.412853e+01 1.128806e+01 
1.411640e+01 1.104237e+01 
1.408999e+01 1.079645e+01 
1.404976e+01 1.055028e+01 
1.399619e+01 1.030386e+01 
1.393031e+01 1.005899e+01 
1.384562e+01 9.814971e+00 
1.373670e+01 9.570972e+00 
1.360011e+01 9.326511e+00 
1.343383e+01 9.081610e+00 
1.323675e+01 8.838156e+00 
1.299307e+01 8.601121e+00 
1.274789e+01 8.411090e+00 
1.250186e+01 8.249868e+00 
1.225266e+01 8.107968e+00 
1.199846e+01 7.967150e+00 
1.173992e+01 7.800315e+00 
1.148778e+01 7.582284e+00 
1.124204e+01 7.352503e+00 
1.099978e+01 7.157374e+00 
1.076281e+01 7.010494e+00 
1.051941e+01 6.919579e+00 
1.027403e+01 6.853149e+00 
1.002666e+01 6.802819e+00 
9.777869e+00 6.761406e+00 
9.529871e+00 6.724262e+00 
9.281009e+00 6.693837e+00 
9.031830e+00 6.667232e+00 
8.782184e+00 6.643358e+00 
8.533452e+00 6.620749e+00 
8.284169e+00 6.602355e+00 
8.034318e+00 6.586329e+00 
7.784930e+00 6.570827e+00 
7.535772e+00 6.557381e+00 
7.285742e+00 6.546709e+00 
7.035712e+00 6.535937e+00 
6.786188e+00 6.525087e+00 
6.536000e+00 6.515799e+00 
6.286949e+00 6.505921e+00 
6.037228e+00 6.499189e+00 
5.787080e+00 6.493377e+00 
5.537657e+00 6.487088e+00 
5.287430e+00 6.482705e+00 
5.037094e+00 6.477564e+00 
4.787647e+00 6.471321e+00 
4.537551e+00 6.466907e+00 
4.287907e+00 6.462184e+00 
4.037896e+00 6.458640e+00 
3.787929e+00 6.455060e+00 
3.538375e+00 6.451595e+00 
3.288787e+00 6.449614e+00 
3.038931e+00 6.449004e+00 
2.788966e+00 6.448874e+00 
2.538614e+00 6.448859e+00 
2.288682e+00 6.447672e+00 
2.038927e+00 6.446714e+00 
1.789226e+00 6.446571e+00 
1.539402e+00 6.447424e+00 
1.288980e+00 6.448867e+00 
1.039366e+00 6.448900e+00 
7.893297e-01 6.450221e+00 
5.390500e-01 6.451421e+00 
2.891018e-01 6.451688e+00 
3.946122e-02 6.452126e+00 
-2.100582e-01 6.453759e+00 
-4.606340e-01 6.457004e+00 
-7.106354e-01 6.458324e+00 
-9.602568e-01 6.459637e+00 
-1.209872e+00 6.462209e+00 
-1.459991e+00 6.466073e+00 
-1.710558e+00 6.469543e+00 
-1.960333e+00 6.471114e+00 
-2.209522e+00 6.473426e+00 
-2.460502e+00 6.478468e+00 
-2.461558e+00 6.328471e+00 
-2.212538e+00 6.323456e+00 
-1.961727e+00 6.321121e+00 
-1.711502e+00 6.319546e+00 
-1.462069e+00 6.316087e+00 
-1.212188e+00 6.312227e+00 
-9.618032e-01 6.309645e+00 
-7.114247e-01 6.308326e+00 
-4.614261e-01 6.307006e+00 
-2.120019e-01 6.303771e+00 
3.847871e-02 6.302129e+00 
2.888381e-01 6.301688e+00 
5.388899e-01 6.301421e+00 
7.886102e-01 6.300223e+00 
1.038574e+00 6.298902e+00 
1.288960e+00 6.298867e+00 
1.538538e+00 6.297427e+00 
1.788714e+00 6.296572e+00 
2.039012e+00 6.296714e+00 
2.289258e+00 6.297673e+00 
2.539326e+00 6.298861e+00 
2.788974e+00 6.298874e+00 
3.039009e+00 6.299004e+00 
3.289153e+00 6.299614e+00 
3.539565e+00 6.301600e+00 
3.790011e+00 6.305074e+00 
4.040044e+00 6.308656e+00 
4.290033e+00 6.312199e+00 
4.540389e+00 6.316934e+00 
4.790293e+00 6.321344e+00 
5.040846e+00 6.327611e+00 
5.290510e+00 6.332737e+00 
5.540283e+00 6.337111e+00 
5.790860e+00 6.343424e+00 
6.040712e+00 6.349230e+00 
6.290991e+00 6.355976e+00 
6.541940e+00 6.365916e+00 
6.791752e+00 6.375190e+00 
7.042228e+00 6.386079e+00 
7.292198e+00 6.396848e+00 
7.542168e+00 6.407518e+00 
7.793010e+00 6.421045e+00 
8.043622e+00 6.436618e+00 
8.293771e+00 6.452663e+00 
8.544488e+00 6.471156e+00 
8.795756e+00 6.493974e+00 
9.046109e+00 6.517914e+00 
9.296931e+00 6.544684e+00 
9.548069e+00 6.575370e+00 
9.800071e+00 6.613058e+00 
1.005128e+01 6.654854e+00 
1.030391e+01 6.706154e+00 
1.055853e+01 6.774768e+00 
1.081513e+01 6.869912e+00 
1.107816e+01 7.029483e+00 
1.133590e+01 7.235504e+00 
1.159016e+01 7.472654e+00 
1.183802e+01 7.686836e+00 
1.207948e+01 7.840915e+00 
1.232528e+01 7.976715e+00 
1.257608e+01 8.119519e+00 
1.283005e+01 8.285586e+00 
1.308487e+01 8.482495e+00 
1.334119e+01 8.730491e+00 
1.355026e+01 8.987037e+00 
1.372413e+01 9.242136e+00 
1.386758e+01 9.497675e+00 
1.398252e+01 9.753676e+00 
1.407196e+01 1.000966e+01 
1.414101e+01 1.026478e+01 
1.419632e+01 1.051837e+01 
1.423801e+01 1.077220e+01 
1.426553e+01 1.102628e+01 
1.427834e+01 1.128059e+01 
1.427588e+01 1.153509e+01 
1.425754e+01 1.178975e+01 
1.422481e+01 1.204394e+01 
1.418344e+01 1.229646e+01 
1.413271e+01 1.254910e+01 
1.407212e+01 1.280183e+01 
1.400113e+01 1.305462e+01 
1.391925e+01 1.330745e+01 
1.382597e+01 1.356030e+01 
1.372086e+01 1.381313e+01 
1.360325e+01 1.406597e+01 
1.347233e+01 1.431882e+01 
1.333081e+01 1.457104e+01 
1.317769e+01 1.482325e+01 
1.301245e+01 1.507544e+01 
1.283444e+01 1.532759e+01 
1.264218e+01 1.557980e+01 
1.243472e+01 1.583198e+01 
1.221154e+01 1.608405e+01 
1.197330e+01 1.633587e+01 
1.172145e+01 1.658395e+01 
1.146956e+01 1.681543e+01 
1.121768e+01 1.703179e+01 
1.096587e+01 1.723465e+01 
1.071410e+01 1.742533e+01 
1.046238e+01 1.760496e+01 
1.021073e+01 1.777456e+01 
9.959143e+00 1.793500e+01 
9.707621e+00 1.808706e+01 
9.456247e+00 1.823183e+01 
9.204928e+00 1.836987e+01 
8.953723e+00 1.850196e+01 
8.702511e+00 1.862827e+01 
8.451204e+00 1.874857e+01 
8.199912e+00 1.886305e+01 
7.948638e+00 1.897193e+01 
7.697381e+00 1.907541e+01 
7.446143e+00 1.917370e+01 
7.194925e+00 1.926697e+01 
6.943725e+00 1.935541e+01 
6.692545e+00 1.943916e+01 
6.441383e+00 1.951839e+01 
6.190239e+00 1.959323e+01 
5.939113e+00 1.966382e+01 
5.688083e+00 1.973053e+01 
5.437115e+00 1.979365e+01 
5.186170e+00 1.985332e+01 
4.935275e+00 1.990973e+01 
4.684415e+00 1.996306e+01 
4.433573e+00 2.001338e+01 
4.182749e+00 2.006078e+01 
3.931850e+00 2.010504e+01 
3.680924e+00 2.014607e+01 
3.430008e+00 2.018392e+01 
3.179102e+00 2.021865e+01 
2.928207e+00 2.025029e+01 
2.677321e+00 2.027891e+01 
2.426443e+00 2.030454e+01 
2.175574e+00 2.032722e+01 
1.924713e+00 2.034699e+01 
1.673859e+00 2.036388e+01 
1.423021e+00 2.037794e+01 
1.172228e+00 2.038935e+01 
9.214428e-01 2.039812e+01 
9.162024e-01 2.024821e+01 
