-2.774750e-01 1.189661e+01 
-2.868586e-01 1.199640e+01 
-2.966764e-01 1.209616e+01 
-3.069721e-01 1.219590e+01 
-3.177926e-01 1.229561e+01 
-3.291832e-01 1.239524e+01 
-3.413523e-01 1.249505e+01 
-3.539174e-01 1.259485e+01 
-3.668955e-01 1.269463e+01 
-3.803062e-01 1.279441e+01 
-3.941715e-01 1.289418e+01 
-4.085157e-01 1.299393e+01 
-4.233718e-01 1.309366e+01 
-4.387886e-01 1.319339e+01 
-4.547556e-01 1.329316e+01 
-4.712065e-01 1.339293e+01 
-4.881454e-01 1.349271e+01 
-5.055322e-01 1.359246e+01 
-5.234504e-01 1.369221e+01 
-5.418766e-01 1.379199e+01 
-5.607764e-01 1.389178e+01 
-5.801148e-01 1.399159e+01 
-5.998587e-01 1.409142e+01 
-6.199719e-01 1.419127e+01 
-6.404162e-01 1.429114e+01 
-6.611402e-01 1.439103e+01 
-6.820899e-01 1.449096e+01 
-7.032065e-01 1.459087e+01 
-7.245089e-01 1.469078e+01 
-7.460161e-01 1.479082e+01 
-7.674169e-01 1.489069e+01 
-7.891004e-01 1.499058e+01 
-8.110302e-01 1.509050e+01 
-8.331327e-01 1.519043e+01 
-8.553747e-01 1.529036e+01 
-8.777739e-01 1.539027e+01 
-9.003507e-01 1.549018e+01 
-9.231264e-01 1.559008e+01 
-9.461240e-01 1.568996e+01 
-9.693656e-01 1.578984e+01 
-9.928764e-01 1.588970e+01 
-1.016683e+00 1.598955e+01 
-1.040813e+00 1.608938e+01 
-1.065297e+00 1.618922e+01 
-1.090148e+00 1.628904e+01 
-1.115386e+00 1.638885e+01 
-1.141033e+00 1.648865e+01 
-1.167109e+00 1.658845e+01 
-1.193640e+00 1.668823e+01 
-1.220650e+00 1.678800e+01 
-1.248171e+00 1.688777e+01 
-1.276225e+00 1.698758e+01 
-1.304727e+00 1.708747e+01 
-1.333482e+00 1.718737e+01 
-1.362445e+00 1.728728e+01 
-1.391622e+00 1.738718e+01 
-1.421021e+00 1.748707e+01 
-1.450653e+00 1.758691e+01 
-1.480624e+00 1.768673e+01 
-1.511024e+00 1.778653e+01 
-1.541872e+00 1.788633e+01 
-1.573182e+00 1.798612e+01 
-1.604971e+00 1.808590e+01 
-1.637258e+00 1.818568e+01 
-1.670058e+00 1.828545e+01 
-1.703391e+00 1.838521e+01 
-1.737277e+00 1.848497e+01 
-1.771733e+00 1.858472e+01 
-1.806779e+00 1.868446e+01 
-1.842439e+00 1.878420e+01 
-1.878747e+00 1.888400e+01 
-1.915544e+00 1.898385e+01 
-1.952712e+00 1.908370e+01 
-1.990253e+00 1.918355e+01 
-2.028164e+00 1.928340e+01 
-2.066446e+00 1.938325e+01 
-2.105097e+00 1.948310e+01 
-2.144113e+00 1.958295e+01 
-2.183492e+00 1.968281e+01 
-2.223230e+00 1.978267e+01 
-2.263322e+00 1.988253e+01 
-2.303764e+00 1.998239e+01 
-2.344548e+00 2.008226e+01 
-2.385667e+00 2.018213e+01 
-2.427113e+00 2.028200e+01 
-2.468837e+00 2.038178e+01 
-2.511104e+00 2.048151e+01 
-2.554080e+00 2.058124e+01 
-2.597751e+00 2.068098e+01 
-2.642089e+00 2.078066e+01 
-2.687244e+00 2.088036e+01 
-2.733281e+00 2.098021e+01 
-2.779740e+00 2.108010e+01 
-2.826500e+00 2.117998e+01 
-2.873569e+00 2.127986e+01 
-2.920960e+00 2.137974e+01 
-2.968682e+00 2.147961e+01 
-3.016749e+00 2.157948e+01 
-3.065170e+00 2.167935e+01 
-3.113960e+00 2.177921e+01 
-3.163131e+00 2.187906e+01 
-3.212695e+00 2.197892e+01 
-3.262668e+00 2.207876e+01 
-3.313062e+00 2.217861e+01 
-3.363894e+00 2.227845e+01 
-3.415178e+00 2.237828e+01 
-3.466930e+00 2.247811e+01 
-3.519167e+00 2.257794e+01 
-3.571906e+00 2.267776e+01 
-3.625165e+00 2.277757e+01 
-3.678962e+00 2.287738e+01 
-3.733317e+00 2.297718e+01 
-3.788248e+00 2.307698e+01 
-3.843778e+00 2.317678e+01 
-3.899926e+00 2.327656e+01 
-3.956715e+00 2.337634e+01 
-4.014168e+00 2.347612e+01 
-4.072309e+00 2.357589e+01 
-4.131163e+00 2.367565e+01 
-4.190754e+00 2.377541e+01 
-4.251110e+00 2.387516e+01 
-4.312257e+00 2.397491e+01 
-4.374225e+00 2.407465e+01 
-4.437042e+00 2.417438e+01 
-4.500739e+00 2.427411e+01 
-4.565347e+00 2.437383e+01 
-4.630900e+00 2.447354e+01 
-4.697431e+00 2.457325e+01 
-4.764975e+00 2.467295e+01 
-4.833587e+00 2.477267e+01 
-4.903259e+00 2.487245e+01 
-4.973716e+00 2.497223e+01 
-5.045006e+00 2.507203e+01 
-5.117038e+00 2.517183e+01 
-5.189846e+00 2.527162e+01 
-5.263429e+00 2.537141e+01 
-5.337808e+00 2.547121e+01 
-5.412998e+00 2.557099e+01 
-5.489021e+00 2.567078e+01 
-5.565896e+00 2.577056e+01 
-5.643645e+00 2.587034e+01 
-5.722288e+00 2.597012e+01 
-5.801848e+00 2.606990e+01 
-5.882348e+00 2.616967e+01 
-5.963812e+00 2.626944e+01 
-6.046265e+00 2.636921e+01 
-6.129733e+00 2.646898e+01 
-6.214241e+00 2.656874e+01 
-6.299816e+00 2.666850e+01 
-6.386489e+00 2.676826e+01 
-6.474288e+00 2.686802e+01 
-6.563244e+00 2.696777e+01 
-6.653390e+00 2.706752e+01 
-6.744758e+00 2.716727e+01 
-6.837384e+00 2.726702e+01 
-6.931302e+00 2.736676e+01 
-7.026550e+00 2.746651e+01 
-7.123167e+00 2.756625e+01 
-7.221194e+00 2.766598e+01 
-7.320677e+00 2.776572e+01 
-7.420436e+00 2.786428e+01 
-7.520195e+00 2.796151e+01 
-7.619949e+00 2.805744e+01 
-7.719698e+00 2.815206e+01 
-7.819441e+00 2.824539e+01 
-7.919178e+00 2.833740e+01 
-8.018910e+00 2.842810e+01 
-8.118637e+00 2.851749e+01 
-8.218359e+00 2.860557e+01 
-8.318075e+00 2.869234e+01 
-8.417787e+00 2.877779e+01 
-8.517493e+00 2.886195e+01 
-8.617194e+00 2.894480e+01 
-8.716891e+00 2.902635e+01 
-8.816587e+00 2.910660e+01 
-8.916374e+00 2.918566e+01 
-9.016188e+00 2.926386e+01 
-9.115996e+00 2.934130e+01 
-9.215799e+00 2.941796e+01 
-9.315596e+00 2.949383e+01 
-9.415388e+00 2.956891e+01 
-9.515175e+00 2.964317e+01 
-9.614956e+00 2.971661e+01 
-9.714732e+00 2.978921e+01 
-9.814502e+00 2.986097e+01 
-9.914267e+00 2.993187e+01 
-1.001403e+01 3.000190e+01 
-1.011378e+01 3.007107e+01 
-1.021353e+01 3.013934e+01 
-1.031327e+01 3.020673e+01 
-1.041301e+01 3.027322e+01 
-1.051274e+01 3.033881e+01 
-1.061247e+01 3.040348e+01 
-1.071219e+01 3.046724e+01 
-1.081191e+01 3.053007e+01 
-1.091163e+01 3.059198e+01 
-1.101135e+01 3.065298e+01 
-1.111109e+01 3.071310e+01 
-1.121083e+01 3.077240e+01 
-1.131057e+01 3.083089e+01 
-1.141030e+01 3.088856e+01 
-1.151004e+01 3.094543e+01 
-1.160977e+01 3.100149e+01 
-1.170950e+01 3.105675e+01 
-1.180923e+01 3.111122e+01 
-1.190896e+01 3.116489e+01 
-1.200869e+01 3.121777e+01 
-1.210841e+01 3.126987e+01 
-1.220814e+01 3.132119e+01 
-1.230786e+01 3.137173e+01 
-1.240759e+01 3.142149e+01 
-1.250731e+01 3.147049e+01 
-1.260703e+01 3.151873e+01 
-1.270676e+01 3.156621e+01 
-1.280658e+01 3.161301e+01 
-1.290640e+01 3.165931e+01 
-1.300622e+01 3.170513e+01 
-1.310604e+01 3.175048e+01 
-1.320585e+01 3.179535e+01 
-1.330567e+01 3.183974e+01 
-1.340548e+01 3.188365e+01 
-1.350530e+01 3.192707e+01 
-1.360511e+01 3.197000e+01 
-1.370491e+01 3.201245e+01 
-1.380472e+01 3.205441e+01 
-1.390453e+01 3.209588e+01 
-1.400433e+01 3.213685e+01 
-1.410413e+01 3.217733e+01 
-1.420393e+01 3.221731e+01 
-1.430373e+01 3.225679e+01 
-1.440353e+01 3.229578e+01 
-1.450332e+01 3.233426e+01 
-1.460312e+01 3.237225e+01 
-1.470291e+01 3.240973e+01 
-1.480270e+01 3.244671e+01 
-1.490249e+01 3.248318e+01 
-1.500228e+01 3.251915e+01 
-1.510207e+01 3.255461e+01 
-1.520185e+01 3.258957e+01 
-1.530164e+01 3.262402e+01 
-1.540142e+01 3.265796e+01 
-1.550120e+01 3.269139e+01 
-1.560099e+01 3.272432e+01 
-1.570077e+01 3.275673e+01 
-1.580054e+01 3.278864e+01 
-1.590032e+01 3.282003e+01 
-1.600010e+01 3.285092e+01 
-1.609987e+01 3.288129e+01 
-1.619965e+01 3.291115e+01 
-1.629942e+01 3.294051e+01 
-1.639920e+01 3.296935e+01 
-1.649897e+01 3.299768e+01 
-1.659874e+01 3.302551e+01 
-1.669851e+01 3.305282e+01 
-1.679827e+01 3.307962e+01 
-1.689802e+01 3.310588e+01 
-1.699774e+01 3.313159e+01 
-1.709744e+01 3.315668e+01 
-1.719713e+01 3.318111e+01 
-1.729682e+01 3.320488e+01 
-1.739651e+01 3.322798e+01 
-1.749620e+01 3.325040e+01 
-1.759588e+01 3.327215e+01 
-1.769557e+01 3.329324e+01 
-1.779525e+01 3.331365e+01 
-1.789494e+01 3.333340e+01 
-1.799462e+01 3.335248e+01 
-1.809430e+01 3.337090e+01 
-1.819399e+01 3.338865e+01 
-1.829372e+01 3.340575e+01 
-1.839350e+01 3.342230e+01 
-1.849330e+01 3.343840e+01 
-1.859309e+01 3.345408e+01 
-1.869287e+01 3.346931e+01 
-1.879266e+01 3.348412e+01 
-1.889245e+01 3.349848e+01 
-1.899223e+01 3.351240e+01 
-1.909201e+01 3.352588e+01 
-1.919180e+01 3.353892e+01 
-1.929159e+01 3.355151e+01 
-1.939140e+01 3.356368e+01 
-1.949121e+01 3.357545e+01 
-1.959102e+01 3.358685e+01 
-1.969083e+01 3.359786e+01 
-1.979064e+01 3.360849e+01 
-1.989045e+01 3.361873e+01 
-1.999026e+01 3.362858e+01 
-2.009006e+01 3.363805e+01 
-2.018987e+01 3.364712e+01 
-2.028967e+01 3.365579e+01 
-2.038947e+01 3.366407e+01 
-2.048927e+01 3.367194e+01 
-2.058907e+01 3.367942e+01 
-2.068887e+01 3.368649e+01 
-2.078866e+01 3.369315e+01 
-2.088846e+01 3.369940e+01 
-2.098825e+01 3.370524e+01 
-2.108804e+01 3.371067e+01 
-2.118784e+01 3.371568e+01 
-2.128762e+01 3.372027e+01 
-2.138741e+01 3.372444e+01 
-2.148720e+01 3.372818e+01 
-2.158699e+01 3.373151e+01 
-2.168677e+01 3.373440e+01 
-2.178655e+01 3.373686e+01 
-2.188634e+01 3.373889e+01 
-2.198612e+01 3.374048e+01 
-2.208590e+01 3.374164e+01 
-2.218567e+01 3.374235e+01 
-2.228545e+01 3.374262e+01 
-2.238523e+01 3.374245e+01 
-2.248500e+01 3.374184e+01 
-2.258478e+01 3.374077e+01 
-2.268455e+01 3.373925e+01 
-2.278432e+01 3.373728e+01 
-2.288409e+01 3.373485e+01 
-2.298386e+01 3.373196e+01 
-2.308363e+01 3.372861e+01 
-2.318340e+01 3.372480e+01 
-2.328316e+01 3.372052e+01 
-2.338293e+01 3.371577e+01 
-2.348269e+01 3.371056e+01 
-2.358245e+01 3.370487e+01 
-2.368222e+01 3.369870e+01 
-2.378198e+01 3.369206e+01 
-2.388174e+01 3.368494e+01 
-2.398150e+01 3.367734e+01 
-2.408126e+01 3.366925e+01 
-2.418101e+01 3.366068e+01 
-2.428077e+01 3.365161e+01 
-2.438053e+01 3.364206e+01 
-2.448028e+01 3.363201e+01 
-2.458004e+01 3.362147e+01 
-2.467979e+01 3.361042e+01 
-2.477954e+01 3.359888e+01 
-2.487929e+01 3.358683e+01 
-2.497905e+01 3.357428e+01 
-2.507880e+01 3.356122e+01 
-2.517855e+01 3.354765e+01 
-2.527830e+01 3.353356e+01 
-2.537804e+01 3.351896e+01 
-2.547779e+01 3.350384e+01 
-2.557754e+01 3.348820e+01 
-2.567729e+01 3.347204e+01 
-2.577703e+01 3.345536e+01 
-2.587678e+01 3.343814e+01 
-2.597653e+01 3.342040e+01 
-2.607627e+01 3.340212e+01 
-2.617602e+01 3.338331e+01 
-2.627576e+01 3.336396e+01 
-2.637550e+01 3.334407e+01 
-2.647525e+01 3.332363e+01 
-2.657499e+01 3.330265e+01 
-2.667473e+01 3.328113e+01 
-2.677447e+01 3.325905e+01 
-2.687422e+01 3.323642e+01 
-2.697400e+01 3.321323e+01 
-2.707381e+01 3.318956e+01 
-2.717362e+01 3.316549e+01 
-2.727343e+01 3.314100e+01 
-2.737324e+01 3.311610e+01 
-2.747305e+01 3.309078e+01 
-2.757285e+01 3.306503e+01 
-2.767265e+01 3.303885e+01 
-2.777245e+01 3.301223e+01 
-2.787225e+01 3.298517e+01 
-2.797205e+01 3.295767e+01 
-2.807184e+01 3.292970e+01 
-2.817163e+01 3.290128e+01 
-2.827142e+01 3.287238e+01 
-2.837121e+01 3.284301e+01 
-2.847099e+01 3.281317e+01 
-2.857078e+01 3.278283e+01 
-2.867056e+01 3.275199e+01 
-2.877033e+01 3.272066e+01 
-2.887011e+01 3.268881e+01 
-2.896988e+01 3.265645e+01 
-2.906966e+01 3.262356e+01 
-2.916942e+01 3.259014e+01 
-2.926919e+01 3.255618e+01 
-2.936895e+01 3.252166e+01 
-2.946873e+01 3.248659e+01 
-2.956855e+01 3.245097e+01 
-2.966838e+01 3.241492e+01 
-2.976820e+01 3.237844e+01 
-2.986803e+01 3.234155e+01 
-2.996785e+01 3.230423e+01 
-3.006768e+01 3.226648e+01 
-3.016750e+01 3.222830e+01 
-3.026732e+01 3.218970e+01 
-3.036715e+01 3.215065e+01 
-3.046697e+01 3.211117e+01 
-3.056679e+01 3.207124e+01 
-3.066661e+01 3.203088e+01 
-3.076644e+01 3.199006e+01 
-3.086626e+01 3.194880e+01 
-3.096608e+01 3.190708e+01 
-3.106590e+01 3.186491e+01 
-3.116572e+01 3.182228e+01 
-3.126554e+01 3.177918e+01 
-3.136536e+01 3.173563e+01 
-3.146518e+01 3.169160e+01 
-3.156500e+01 3.164711e+01 
-3.166482e+01 3.160214e+01 
-3.176464e+01 3.155669e+01 
-3.186446e+01 3.151077e+01 
-3.196428e+01 3.146436e+01 
-3.206410e+01 3.141746e+01 
-3.216391e+01 3.137008e+01 
-3.226373e+01 3.132220e+01 
-3.236355e+01 3.127382e+01 
-3.246337e+01 3.122495e+01 
-3.256318e+01 3.117557e+01 
-3.266300e+01 3.112568e+01 
-3.276282e+01 3.107528e+01 
-3.286264e+01 3.102437e+01 
-3.296245e+01 3.097294e+01 
-3.306227e+01 3.092099e+01 
-3.316209e+01 3.086851e+01 
-3.326190e+01 3.081550e+01 
-3.336172e+01 3.076196e+01 
-3.346154e+01 3.070788e+01 
-3.356135e+01 3.065326e+01 
-3.366117e+01 3.059810e+01 
-3.376098e+01 3.054238e+01 
-3.386080e+01 3.048611e+01 
-3.396061e+01 3.042928e+01 
-3.406043e+01 3.037189e+01 
-3.416025e+01 3.031393e+01 
-3.426006e+01 3.025540e+01 
-3.435988e+01 3.019629e+01 
-3.445969e+01 3.013661e+01 
-3.455951e+01 3.007633e+01 
-3.465932e+01 3.001546e+01 
-3.475914e+01 2.995400e+01 
-3.485895e+01 2.989194e+01 
-3.495876e+01 2.982927e+01 
-3.505858e+01 2.976599e+01 
-3.515839e+01 2.970209e+01 
-3.525821e+01 2.963756e+01 
-3.535802e+01 2.957241e+01 
-3.545784e+01 2.950663e+01 
-3.555765e+01 2.944020e+01 
-3.565746e+01 2.937313e+01 
-3.575728e+01 2.930541e+01 
-3.585709e+01 2.923702e+01 
-3.595691e+01 2.916798e+01 
-3.605672e+01 2.909826e+01 
-3.615653e+01 2.902786e+01 
-3.625635e+01 2.895677e+01 
-3.635616e+01 2.888500e+01 
-3.645597e+01 2.881252e+01 
-3.655579e+01 2.873934e+01 
-3.665560e+01 2.866544e+01 
-3.675541e+01 2.859082e+01 
-3.685522e+01 2.851547e+01 
-3.695503e+01 2.843938e+01 
-3.705481e+01 2.836253e+01 
-3.715459e+01 2.828479e+01 
-3.725437e+01 2.820616e+01 
-3.735416e+01 2.812662e+01 
-3.745394e+01 2.804618e+01 
-3.755374e+01 2.796483e+01 
-3.765353e+01 2.788258e+01 
-3.775332e+01 2.779942e+01 
-3.785311e+01 2.771534e+01 
-3.795291e+01 2.763032e+01 
-3.805275e+01 2.754432e+01 
-3.815259e+01 2.745758e+01 
-3.825244e+01 2.737012e+01 
-3.835228e+01 2.728193e+01 
-3.845213e+01 2.719301e+01 
-3.855197e+01 2.710335e+01 
-3.865182e+01 2.701292e+01 
-3.875166e+01 2.692172e+01 
-3.885150e+01 2.682975e+01 
-3.895135e+01 2.673698e+01 
-3.905119e+01 2.664340e+01 
-3.915103e+01 2.654901e+01 
-3.925087e+01 2.645379e+01 
-3.935071e+01 2.635772e+01 
-3.945055e+01 2.626080e+01 
-3.955039e+01 2.616301e+01 
-3.965023e+01 2.606433e+01 
-3.975007e+01 2.596476e+01 
-3.984927e+01 2.586492e+01 
-3.994757e+01 2.576508e+01 
-4.004499e+01 2.566524e+01 
-4.014154e+01 2.556540e+01 
-4.023721e+01 2.546557e+01 
-4.033203e+01 2.536573e+01 
-4.042601e+01 2.526589e+01 
-4.051914e+01 2.516606e+01 
-4.061144e+01 2.506622e+01 
-4.070292e+01 2.496639e+01 
-4.079359e+01 2.486655e+01 
-4.088345e+01 2.476671e+01 
-4.097252e+01 2.466688e+01 
-4.106079e+01 2.456704e+01 
-4.114829e+01 2.446721e+01 
-4.123502e+01 2.436738e+01 
-4.132097e+01 2.426754e+01 
-4.140618e+01 2.416771e+01 
-4.149063e+01 2.406787e+01 
-4.157434e+01 2.396804e+01 
-4.165731e+01 2.386821e+01 
-4.173956e+01 2.376837e+01 
-4.182109e+01 2.366854e+01 
-4.190190e+01 2.356871e+01 
-4.198200e+01 2.346888e+01 
-4.206141e+01 2.336904e+01 
-4.214012e+01 2.326921e+01 
-4.221814e+01 2.316938e+01 
-4.229549e+01 2.306955e+01 
-4.237215e+01 2.296971e+01 
-4.244816e+01 2.286988e+01 
-4.252350e+01 2.277005e+01 
-4.259818e+01 2.267022e+01 
-4.267221e+01 2.257038e+01 
-4.274560e+01 2.247055e+01 
-4.281836e+01 2.237072e+01 
-4.289048e+01 2.227089e+01 
-4.296197e+01 2.217106e+01 
-4.303285e+01 2.207122e+01 
-4.310311e+01 2.197139e+01 
-4.317276e+01 2.187156e+01 
-4.324180e+01 2.177173e+01 
-4.331025e+01 2.167189e+01 
-4.337810e+01 2.157206e+01 
-4.344536e+01 2.147223e+01 
-4.351204e+01 2.137240e+01 
-4.357814e+01 2.127256e+01 
-4.364367e+01 2.117273e+01 
-4.370863e+01 2.107290e+01 
-4.377303e+01 2.097306e+01 
-4.383687e+01 2.087323e+01 
-4.390015e+01 2.077340e+01 
-4.396289e+01 2.067356e+01 
-4.402508e+01 2.057373e+01 
-4.408673e+01 2.047390e+01 
-4.414784e+01 2.037406e+01 
-4.420843e+01 2.027423e+01 
-4.426848e+01 2.017439e+01 
-4.432802e+01 2.007456e+01 
-4.438703e+01 1.997472e+01 
-4.444554e+01 1.987489e+01 
-4.450353e+01 1.977505e+01 
-4.456101e+01 1.967521e+01 
-4.461800e+01 1.957538e+01 
-4.467448e+01 1.947555e+01 
-4.473044e+01 1.937572e+01 
-4.478591e+01 1.927588e+01 
-4.484089e+01 1.917605e+01 
-4.489537e+01 1.907621e+01 
-4.494937e+01 1.897638e+01 
-4.500288e+01 1.887655e+01 
-4.505591e+01 1.877671e+01 
-4.510845e+01 1.867688e+01 
-4.516051e+01 1.857705e+01 
-4.521209e+01 1.847722e+01 
-4.526320e+01 1.837738e+01 
-4.531383e+01 1.827755e+01 
-4.536398e+01 1.817772e+01 
-4.541368e+01 1.807788e+01 
-4.546296e+01 1.797800e+01 
-4.551189e+01 1.787813e+01 
-4.556047e+01 1.777825e+01 
-4.560871e+01 1.767838e+01 
-4.565660e+01 1.757851e+01 
-4.570414e+01 1.747863e+01 
-4.575135e+01 1.737876e+01 
-4.579821e+01 1.727889e+01 
-4.584473e+01 1.717901e+01 
-4.589091e+01 1.707914e+01 
-4.593675e+01 1.697927e+01 
-4.598226e+01 1.687940e+01 
-4.602743e+01 1.677952e+01 
-4.607227e+01 1.667965e+01 
-4.611677e+01 1.657978e+01 
-4.616094e+01 1.647990e+01 
-4.620478e+01 1.638003e+01 
-4.624829e+01 1.628016e+01 
-4.629147e+01 1.618028e+01 
-4.633432e+01 1.608041e+01 
-4.637684e+01 1.598054e+01 
-4.641905e+01 1.588067e+01 
-4.646092e+01 1.578079e+01 
-4.650247e+01 1.568092e+01 
-4.654371e+01 1.558105e+01 
-4.658462e+01 1.548117e+01 
-4.662521e+01 1.538130e+01 
-4.666548e+01 1.528143e+01 
-4.670544e+01 1.518155e+01 
-4.674508e+01 1.508168e+01 
-4.678440e+01 1.498181e+01 
-4.682341e+01 1.488194e+01 
-4.686211e+01 1.478206e+01 
-4.690050e+01 1.468219e+01 
-4.693857e+01 1.458232e+01 
-4.697634e+01 1.448244e+01 
-4.701380e+01 1.438257e+01 
-4.705095e+01 1.428269e+01 
-4.708779e+01 1.418282e+01 
-4.712433e+01 1.408295e+01 
-4.716057e+01 1.398307e+01 
-4.719650e+01 1.388320e+01 
-4.723213e+01 1.378333e+01 
-4.726746e+01 1.368345e+01 
-4.730249e+01 1.358358e+01 
-4.733722e+01 1.348370e+01 
-4.737166e+01 1.338383e+01 
-4.740580e+01 1.328395e+01 
-4.743964e+01 1.318408e+01 
-4.747319e+01 1.308420e+01 
-4.750644e+01 1.298433e+01 
-4.753940e+01 1.288445e+01 
-4.757208e+01 1.278458e+01 
-4.760446e+01 1.268470e+01 
-4.763655e+01 1.258483e+01 
-4.766835e+01 1.248495e+01 
-4.769987e+01 1.238508e+01 
-4.773110e+01 1.228520e+01 
-4.776204e+01 1.218533e+01 
-4.779271e+01 1.208545e+01 
-4.782308e+01 1.198557e+01 
-4.785318e+01 1.188570e+01 
-4.788299e+01 1.178582e+01 
-4.791253e+01 1.168595e+01 
-4.794178e+01 1.158607e+01 
-4.797076e+01 1.148619e+01 
-4.799945e+01 1.138631e+01 
-4.802788e+01 1.128644e+01 
-4.805602e+01 1.118656e+01 
-4.808389e+01 1.108668e+01 
-4.811149e+01 1.098682e+01 
-4.813878e+01 1.088696e+01 
-4.816577e+01 1.078709e+01 
-4.819245e+01 1.068723e+01 
-4.821883e+01 1.058737e+01 
-4.824491e+01 1.048750e+01 
-4.827068e+01 1.038764e+01 
-4.829616e+01 1.028778e+01 
-4.832134e+01 1.018791e+01 
-4.834622e+01 1.008805e+01 
-4.837081e+01 9.988183e+00 
-4.839510e+01 9.888317e+00 
-4.841910e+01 9.788452e+00 
-4.844280e+01 9.688586e+00 
-4.846622e+01 9.588720e+00 
-4.848934e+01 9.488854e+00 
-4.851218e+01 9.388988e+00 
-4.853473e+01 9.289121e+00 
-4.855699e+01 9.189254e+00 
-4.857897e+01 9.089387e+00 
-4.860066e+01 8.989519e+00 
-4.862207e+01 8.889651e+00 
-4.864320e+01 8.789783e+00 
-4.866405e+01 8.689915e+00 
-4.868461e+01 8.590047e+00 
-4.870490e+01 8.490178e+00 
-4.872491e+01 8.390309e+00 
-4.874464e+01 8.290440e+00 
-4.876409e+01 8.190571e+00 
-4.878327e+01 8.090701e+00 
-4.880217e+01 7.990831e+00 
-4.882080e+01 7.890961e+00 
-4.883916e+01 7.791091e+00 
-4.885724e+01 7.691221e+00 
-4.887506e+01 7.591350e+00 
-4.889260e+01 7.491480e+00 
-4.890987e+01 7.391609e+00 
-4.892687e+01 7.291738e+00 
-4.894360e+01 7.191866e+00 
-4.896007e+01 7.091995e+00 
-4.897627e+01 6.992123e+00 
-4.899220e+01 6.892251e+00 
-4.900787e+01 6.792379e+00 
-4.902327e+01 6.692507e+00 
-4.903841e+01 6.592635e+00 
-4.905328e+01 6.492762e+00 
-4.906789e+01 6.392890e+00 
-4.908224e+01 6.293017e+00 
-4.909633e+01 6.193144e+00 
-4.911015e+01 6.093271e+00 
-4.912372e+01 5.993398e+00 
-4.913702e+01 5.893524e+00 
-4.915007e+01 5.793651e+00 
-4.916286e+01 5.693777e+00 
-4.917538e+01 5.593903e+00 
-4.918765e+01 5.494030e+00 
-4.919966e+01 5.394156e+00 
-4.921142e+01 5.294281e+00 
-4.922292e+01 5.194407e+00 
-4.923416e+01 5.094533e+00 
-4.924515e+01 4.994658e+00 
-4.925588e+01 4.894782e+00 
-4.926636e+01 4.794896e+00 
-4.927661e+01 4.694997e+00 
-4.928666e+01 4.595085e+00 
-4.929653e+01 4.495165e+00 
-4.930624e+01 4.395245e+00 
-4.931578e+01 4.295326e+00 
-4.932517e+01 4.195407e+00 
-4.933438e+01 4.095490e+00 
-4.934343e+01 3.995573e+00 
-4.935231e+01 3.895658e+00 
-4.936102e+01 3.795743e+00 
-4.936956e+01 3.695829e+00 
-4.937793e+01 3.595916e+00 
-4.938611e+01 3.496004e+00 
-4.939412e+01 3.396092e+00 
-4.940196e+01 3.296182e+00 
-4.940961e+01 3.196272e+00 
-4.941708e+01 3.096363e+00 
-4.942436e+01 2.996455e+00 
-4.943147e+01 2.896548e+00 
-4.943838e+01 2.796642e+00 
-4.944511e+01 2.696736e+00 
-4.945164e+01 2.596831e+00 
-4.945799e+01 2.496927e+00 
-4.946414e+01 2.397024e+00 
-4.947009e+01 2.297122e+00 
-4.947585e+01 2.197220e+00 
-4.948142e+01 2.097319e+00 
-4.948678e+01 1.997419e+00 
-4.949194e+01 1.897526e+00 
-4.949689e+01 1.797641e+00 
-4.950161e+01 1.697753e+00 
-4.950610e+01 1.597864e+00 
-4.951037e+01 1.497973e+00 
-4.951443e+01 1.398081e+00 
-4.951826e+01 1.298187e+00 
-4.952189e+01 1.198291e+00 
-4.952530e+01 1.098394e+00 
-4.952851e+01 9.984953e-01 
-4.953152e+01 8.985948e-01 
-4.953433e+01 7.986926e-01 
-4.953694e+01 6.987888e-01 
-4.953936e+01 5.988834e-01 
-4.963934e+01 6.011166e-01 
-4.963691e+01 7.012112e-01 
-4.963429e+01 8.013074e-01 
-4.963148e+01 9.014052e-01 
-4.962847e+01 1.001505e+00 
-4.962525e+01 1.101606e+00 
-4.962183e+01 1.201709e+00 
-4.961820e+01 1.301813e+00 
-4.961435e+01 1.401919e+00 
-4.961029e+01 1.502027e+00 
-4.960601e+01 1.602136e+00 
-4.960151e+01 1.702247e+00 
-4.959678e+01 1.802359e+00 
-4.959182e+01 1.902474e+00 
-4.958665e+01 2.002581e+00 
-4.958127e+01 2.102681e+00 
-4.957570e+01 2.202780e+00 
-4.956993e+01 2.302878e+00 
-4.956396e+01 2.402976e+00 
-4.955780e+01 2.503073e+00 
-4.955144e+01 2.603169e+00 
-4.954489e+01 2.703264e+00 
-4.953815e+01 2.803358e+00 
-4.953123e+01 2.903452e+00 
-4.952411e+01 3.003545e+00 
-4.951681e+01 3.103637e+00 
-4.950933e+01 3.203728e+00 
-4.950167e+01 3.303818e+00 
-4.949382e+01 3.403908e+00 
-4.948579e+01 3.503996e+00 
-4.947759e+01 3.604084e+00 
-4.946921e+01 3.704171e+00 
-4.946066e+01 3.804257e+00 
-4.945194e+01 3.904342e+00 
-4.944304e+01 4.004427e+00 
-4.943398e+01 4.104510e+00 
-4.942474e+01 4.204593e+00 
-4.941535e+01 4.304674e+00 
-4.940578e+01 4.404755e+00 
-4.939606e+01 4.504835e+00 
-4.938618e+01 4.604915e+00 
-4.937611e+01 4.705003e+00 
-4.936584e+01 4.805104e+00 
-4.935533e+01 4.905218e+00 
-4.934457e+01 5.005342e+00 
-4.933356e+01 5.105467e+00 
-4.932229e+01 5.205593e+00 
-4.931076e+01 5.305719e+00 
-4.929898e+01 5.405844e+00 
-4.928694e+01 5.505970e+00 
-4.927464e+01 5.606097e+00 
-4.926208e+01 5.706223e+00 
-4.924926e+01 5.806349e+00 
-4.923618e+01 5.906476e+00 
-4.922284e+01 6.006602e+00 
-4.920924e+01 6.106729e+00 
-4.919538e+01 6.206856e+00 
-4.918126e+01 6.306983e+00 
-4.916688e+01 6.407110e+00 
-4.915223e+01 6.507238e+00 
-4.913732e+01 6.607365e+00 
-4.912214e+01 6.707493e+00 
-4.910670e+01 6.807621e+00 
-4.909099e+01 6.907749e+00 
-4.907502e+01 7.007877e+00 
-4.905878e+01 7.108005e+00 
-4.904227e+01 7.208134e+00 
-4.902550e+01 7.308262e+00 
-4.900845e+01 7.408391e+00 
-4.899113e+01 7.508520e+00 
-4.897355e+01 7.608650e+00 
-4.895569e+01 7.708779e+00 
-4.893756e+01 7.808909e+00 
-4.891916e+01 7.909039e+00 
-4.890048e+01 8.009169e+00 
-4.888153e+01 8.109299e+00 
-4.886230e+01 8.209429e+00 
-4.884279e+01 8.309560e+00 
-4.882301e+01 8.409691e+00 
-4.880295e+01 8.509822e+00 
-4.878261e+01 8.609953e+00 
-4.876199e+01 8.710085e+00 
-4.874109e+01 8.810217e+00 
-4.871991e+01 8.910349e+00 
-4.869844e+01 9.010481e+00 
-4.867669e+01 9.110613e+00 
-4.865466e+01 9.210746e+00 
-4.863233e+01 9.310879e+00 
-4.860972e+01 9.411012e+00 
-4.858683e+01 9.511146e+00 
-4.856364e+01 9.611280e+00 
-4.854016e+01 9.711414e+00 
-4.851639e+01 9.811548e+00 
-4.849233e+01 9.911683e+00 
-4.846797e+01 1.001182e+01 
-4.844332e+01 1.011195e+01 
-4.841837e+01 1.021209e+01 
-4.839313e+01 1.031222e+01 
-4.836758e+01 1.041236e+01 
-4.834173e+01 1.051250e+01 
-4.831559e+01 1.061263e+01 
-4.828914e+01 1.071277e+01 
-4.826238e+01 1.081291e+01 
-4.823532e+01 1.091304e+01 
-4.820795e+01 1.101318e+01 
-4.818028e+01 1.111332e+01 
-4.815234e+01 1.121344e+01 
-4.812413e+01 1.131356e+01 
-4.809564e+01 1.141369e+01 
-4.806687e+01 1.151381e+01 
-4.803782e+01 1.161393e+01 
-4.800849e+01 1.171405e+01 
-4.797889e+01 1.181418e+01 
-4.794900e+01 1.191430e+01 
-4.791883e+01 1.201443e+01 
-4.788838e+01 1.211455e+01 
-4.785764e+01 1.221467e+01 
-4.782662e+01 1.231480e+01 
-4.779531e+01 1.241492e+01 
-4.776372e+01 1.251505e+01 
-4.773183e+01 1.261517e+01 
-4.769966e+01 1.271530e+01 
-4.766720e+01 1.281542e+01 
-4.763445e+01 1.291555e+01 
-4.760140e+01 1.301567e+01 
-4.756807e+01 1.311580e+01 
-4.753443e+01 1.321592e+01 
-4.750051e+01 1.331605e+01 
-4.746628e+01 1.341617e+01 
-4.743176e+01 1.351630e+01 
-4.739694e+01 1.361642e+01 
-4.736182e+01 1.371655e+01 
-4.732641e+01 1.381667e+01 
-4.729068e+01 1.391680e+01 
-4.725466e+01 1.401693e+01 
-4.721833e+01 1.411705e+01 
-4.718170e+01 1.421718e+01 
-4.714477e+01 1.431731e+01 
-4.710752e+01 1.441743e+01 
-4.706997e+01 1.451756e+01 
-4.703211e+01 1.461768e+01 
-4.699394e+01 1.471781e+01 
-4.695545e+01 1.481794e+01 
-4.691666e+01 1.491806e+01 
-4.687755e+01 1.501819e+01 
-4.683812e+01 1.511832e+01 
-4.679838e+01 1.521845e+01 
-4.675833e+01 1.531857e+01 
-4.671795e+01 1.541870e+01 
-4.667726e+01 1.551883e+01 
-4.663624e+01 1.561895e+01 
-4.659491e+01 1.571908e+01 
-4.655325e+01 1.581921e+01 
-4.651127e+01 1.591933e+01 
-4.646896e+01 1.601946e+01 
-4.642633e+01 1.611959e+01 
-4.638336e+01 1.621972e+01 
-4.634008e+01 1.631984e+01 
-4.629646e+01 1.641997e+01 
-4.625251e+01 1.652010e+01 
-4.620822e+01 1.662022e+01 
-4.616361e+01 1.672035e+01 
-4.611866e+01 1.682048e+01 
-4.607338e+01 1.692060e+01 
-4.602775e+01 1.702073e+01 
-4.598179e+01 1.712086e+01 
-4.593550e+01 1.722099e+01 
-4.588886e+01 1.732111e+01 
-4.584188e+01 1.742124e+01 
-4.579455e+01 1.752137e+01 
-4.574689e+01 1.762149e+01 
-4.569888e+01 1.772162e+01 
-4.565052e+01 1.782175e+01 
-4.560181e+01 1.792187e+01 
-4.555276e+01 1.802200e+01 
-4.550335e+01 1.812212e+01 
-4.545351e+01 1.822228e+01 
-4.540319e+01 1.832245e+01 
-4.535239e+01 1.842262e+01 
-4.530111e+01 1.852278e+01 
-4.524935e+01 1.862295e+01 
-4.519712e+01 1.872312e+01 
-4.514440e+01 1.882329e+01 
-4.509119e+01 1.892345e+01 
-4.503751e+01 1.902362e+01 
-4.498333e+01 1.912379e+01 
-4.492867e+01 1.922395e+01 
-4.487351e+01 1.932412e+01 
-4.481786e+01 1.942428e+01 
-4.476171e+01 1.952445e+01 
-4.470504e+01 1.962462e+01 
-4.464786e+01 1.972479e+01 
-4.459019e+01 1.982495e+01 
-4.453201e+01 1.992511e+01 
-4.447331e+01 2.002528e+01 
-4.441410e+01 2.012544e+01 
-4.435437e+01 2.022561e+01 
-4.429412e+01 2.032577e+01 
-4.423333e+01 2.042594e+01 
-4.417202e+01 2.052610e+01 
-4.411016e+01 2.062627e+01 
-4.404777e+01 2.072644e+01 
-4.398482e+01 2.082660e+01 
-4.392133e+01 2.092677e+01 
-4.385728e+01 2.102694e+01 
-4.379267e+01 2.112710e+01 
-4.372749e+01 2.122727e+01 
-4.366174e+01 2.132744e+01 
-4.359542e+01 2.142760e+01 
-4.352852e+01 2.152777e+01 
-4.346103e+01 2.162794e+01 
-4.339295e+01 2.172811e+01 
-4.332428e+01 2.182827e+01 
-4.325500e+01 2.192844e+01 
-4.318512e+01 2.202861e+01 
-4.311463e+01 2.212878e+01 
-4.304351e+01 2.222894e+01 
-4.297178e+01 2.232911e+01 
-4.289942e+01 2.242928e+01 
-4.282642e+01 2.252945e+01 
-4.275279e+01 2.262962e+01 
-4.267850e+01 2.272978e+01 
-4.260357e+01 2.282995e+01 
-4.252798e+01 2.293012e+01 
-4.245172e+01 2.303029e+01 
-4.237480e+01 2.313045e+01 
-4.229719e+01 2.323062e+01 
-4.221891e+01 2.333079e+01 
-4.213994e+01 2.343096e+01 
-4.206027e+01 2.353112e+01 
-4.197989e+01 2.363129e+01 
-4.189881e+01 2.373146e+01 
-4.181701e+01 2.383163e+01 
-4.173449e+01 2.393179e+01 
-4.165124e+01 2.403196e+01 
-4.156726e+01 2.413213e+01 
-4.148252e+01 2.423229e+01 
-4.139704e+01 2.433246e+01 
-4.131080e+01 2.443262e+01 
-4.122379e+01 2.453279e+01 
-4.113600e+01 2.463296e+01 
-4.104743e+01 2.473312e+01 
-4.095807e+01 2.483329e+01 
-4.086791e+01 2.493345e+01 
-4.077695e+01 2.503361e+01 
-4.068517e+01 2.513378e+01 
-4.059257e+01 2.523394e+01 
-4.049913e+01 2.533411e+01 
-4.040485e+01 2.543427e+01 
-4.030972e+01 2.553443e+01 
-4.021374e+01 2.563460e+01 
-4.011688e+01 2.573476e+01 
-4.001915e+01 2.583492e+01 
-3.992052e+01 2.593508e+01 
-3.982101e+01 2.603524e+01 
-3.972085e+01 2.613514e+01 
-3.962069e+01 2.623413e+01 
-3.952052e+01 2.633224e+01 
-3.942036e+01 2.642947e+01 
-3.932021e+01 2.652585e+01 
-3.922005e+01 2.662137e+01 
-3.911989e+01 2.671607e+01 
-3.901973e+01 2.680994e+01 
-3.891957e+01 2.690300e+01 
-3.881941e+01 2.699527e+01 
-3.871926e+01 2.708675e+01 
-3.861910e+01 2.717746e+01 
-3.851895e+01 2.726741e+01 
-3.841879e+01 2.735661e+01 
-3.831864e+01 2.744507e+01 
-3.821848e+01 2.753280e+01 
-3.811833e+01 2.761981e+01 
-3.801817e+01 2.770608e+01 
-3.791796e+01 2.779146e+01 
-3.781775e+01 2.787589e+01 
-3.771755e+01 2.795940e+01 
-3.761734e+01 2.804199e+01 
-3.751713e+01 2.812369e+01 
-3.741692e+01 2.820447e+01 
-3.731670e+01 2.828435e+01 
-3.721649e+01 2.836333e+01 
-3.711627e+01 2.844142e+01 
-3.701605e+01 2.851861e+01 
-3.691585e+01 2.859500e+01 
-3.681566e+01 2.867063e+01 
-3.671548e+01 2.874553e+01 
-3.661529e+01 2.881971e+01 
-3.651510e+01 2.889317e+01 
-3.641492e+01 2.896592e+01 
-3.631473e+01 2.903796e+01 
-3.621454e+01 2.910931e+01 
-3.611436e+01 2.917998e+01 
-3.601417e+01 2.924996e+01 
-3.591398e+01 2.931926e+01 
-3.581380e+01 2.938790e+01 
-3.571361e+01 2.945588e+01 
-3.561342e+01 2.952320e+01 
-3.551324e+01 2.958988e+01 
-3.541305e+01 2.965591e+01 
-3.531287e+01 2.972130e+01 
-3.521268e+01 2.978607e+01 
-3.511250e+01 2.985021e+01 
-3.501231e+01 2.991372e+01 
-3.491213e+01 2.997663e+01 
-3.481194e+01 3.003892e+01 
-3.471175e+01 3.010062e+01 
-3.461157e+01 3.016171e+01 
-3.451138e+01 3.022221e+01 
-3.441120e+01 3.028212e+01 
-3.431101e+01 3.034145e+01 
-3.421083e+01 3.040020e+01 
-3.411065e+01 3.045837e+01 
-3.401046e+01 3.051597e+01 
-3.391028e+01 3.057301e+01 
-3.381009e+01 3.062949e+01 
-3.370991e+01 3.068542e+01 
-3.360972e+01 3.074079e+01 
-3.350954e+01 3.079561e+01 
-3.340936e+01 3.084989e+01 
-3.330917e+01 3.090363e+01 
-3.320899e+01 3.095683e+01 
-3.310881e+01 3.100950e+01 
-3.300862e+01 3.106164e+01 
-3.290844e+01 3.111326e+01 
-3.280826e+01 3.116436e+01 
-3.270807e+01 3.121495e+01 
-3.260789e+01 3.126502e+01 
-3.250771e+01 3.131458e+01 
-3.240753e+01 3.136363e+01 
-3.230734e+01 3.141219e+01 
-3.220716e+01 3.146024e+01 
-3.210698e+01 3.150780e+01 
-3.200680e+01 3.155487e+01 
-3.190662e+01 3.160145e+01 
-3.180644e+01 3.164754e+01 
-3.170626e+01 3.169315e+01 
-3.160608e+01 3.173828e+01 
-3.150589e+01 3.178294e+01 
-3.140571e+01 3.182712e+01 
-3.130553e+01 3.187084e+01 
-3.120536e+01 3.191409e+01 
-3.110518e+01 3.195687e+01 
-3.100500e+01 3.199920e+01 
-3.090482e+01 3.204106e+01 
-3.080464e+01 3.208248e+01 
-3.070446e+01 3.212344e+01 
-3.060428e+01 3.216395e+01 
-3.050411e+01 3.220402e+01 
-3.040393e+01 3.224364e+01 
-3.030375e+01 3.228282e+01 
-3.020357e+01 3.232157e+01 
-3.010340e+01 3.235988e+01 
-3.000322e+01 3.239776e+01 
-2.990305e+01 3.243522e+01 
-2.980287e+01 3.247224e+01 
-2.970270e+01 3.250884e+01 
-2.960252e+01 3.254502e+01 
-2.950234e+01 3.258077e+01 
-2.940212e+01 3.261600e+01 
-2.930188e+01 3.265068e+01 
-2.920165e+01 3.268480e+01 
-2.910142e+01 3.271838e+01 
-2.900119e+01 3.275142e+01 
-2.890096e+01 3.278393e+01 
-2.880074e+01 3.281592e+01 
-2.870052e+01 3.284740e+01 
-2.860030e+01 3.287837e+01 
-2.850008e+01 3.290884e+01 
-2.839987e+01 3.293882e+01 
-2.829965e+01 3.296831e+01 
-2.819944e+01 3.299733e+01 
-2.809924e+01 3.302588e+01 
-2.799903e+01 3.305396e+01 
-2.789882e+01 3.308158e+01 
-2.779862e+01 3.310875e+01 
-2.769842e+01 3.313547e+01 
-2.759822e+01 3.316176e+01 
-2.749803e+01 3.318761e+01 
-2.739783e+01 3.321303e+01 
-2.729764e+01 3.323803e+01 
-2.719745e+01 3.326261e+01 
-2.709726e+01 3.328677e+01 
-2.699707e+01 3.331053e+01 
-2.689686e+01 3.333382e+01 
-2.679660e+01 3.335657e+01 
-2.669634e+01 3.337876e+01 
-2.659609e+01 3.340040e+01 
-2.649583e+01 3.342149e+01 
-2.639557e+01 3.344203e+01 
-2.629532e+01 3.346203e+01 
-2.619506e+01 3.348148e+01 
-2.609480e+01 3.350039e+01 
-2.599455e+01 3.351876e+01 
-2.589430e+01 3.353660e+01 
-2.579404e+01 3.355390e+01 
-2.569379e+01 3.357067e+01 
-2.559353e+01 3.358692e+01 
-2.549328e+01 3.360264e+01 
-2.539303e+01 3.361783e+01 
-2.529278e+01 3.363251e+01 
-2.519253e+01 3.364666e+01 
-2.509228e+01 3.366030e+01 
-2.499203e+01 3.367343e+01 
-2.489178e+01 3.368605e+01 
-2.479153e+01 3.369816e+01 
-2.469129e+01 3.370976e+01 
-2.459104e+01 3.372086e+01 
-2.449079e+01 3.373146e+01 
-2.439055e+01 3.374156e+01 
-2.429031e+01 3.375116e+01 
-2.419006e+01 3.376027e+01 
-2.408982e+01 3.376888e+01 
-2.398958e+01 3.377701e+01 
-2.388934e+01 3.378465e+01 
-2.378910e+01 3.379181e+01 
-2.368886e+01 3.379848e+01 
-2.358862e+01 3.380468e+01 
-2.348838e+01 3.381039e+01 
-2.338815e+01 3.381564e+01 
-2.328791e+01 3.382041e+01 
-2.318768e+01 3.382471e+01 
-2.308745e+01 3.382854e+01 
-2.298722e+01 3.383190e+01 
-2.288698e+01 3.383480e+01 
-2.278676e+01 3.383725e+01 
-2.268653e+01 3.383923e+01 
-2.258630e+01 3.384076e+01 
-2.248607e+01 3.384183e+01 
-2.238585e+01 3.384245e+01 
-2.228562e+01 3.384262e+01 
-2.218540e+01 3.384235e+01 
-2.208518e+01 3.384163e+01 
-2.198496e+01 3.384047e+01 
-2.188474e+01 3.383887e+01 
-2.178452e+01 3.383684e+01 
-2.168430e+01 3.383437e+01 
-2.158409e+01 3.383146e+01 
-2.148388e+01 3.382813e+01 
-2.138366e+01 3.382437e+01 
-2.128345e+01 3.382018e+01 
-2.118324e+01 3.381557e+01 
-2.108303e+01 3.381054e+01 
-2.098282e+01 3.380509e+01 
-2.088262e+01 3.379923e+01 
-2.078241e+01 3.379295e+01 
-2.068221e+01 3.378627e+01 
-2.058201e+01 3.377917e+01 
-2.048180e+01 3.377167e+01 
-2.038160e+01 3.376376e+01 
-2.028141e+01 3.375545e+01 
-2.018121e+01 3.374674e+01 
-2.008101e+01 3.373764e+01 
-1.998082e+01 3.372814e+01 
-1.988063e+01 3.371825e+01 
-1.978043e+01 3.370796e+01 
-1.968024e+01 3.369730e+01 
-1.958005e+01 3.368624e+01 
-1.947987e+01 3.367481e+01 
-1.937968e+01 3.366299e+01 
-1.927949e+01 3.365078e+01 
-1.917928e+01 3.363813e+01 
-1.907906e+01 3.362504e+01 
-1.897884e+01 3.361150e+01 
-1.887863e+01 3.359752e+01 
-1.877841e+01 3.358310e+01 
-1.867820e+01 3.356823e+01 
-1.857799e+01 3.355293e+01 
-1.847778e+01 3.353719e+01 
-1.837757e+01 3.352102e+01 
-1.827736e+01 3.350440e+01 
-1.817709e+01 3.348721e+01 
-1.807677e+01 3.346935e+01 
-1.797645e+01 3.345082e+01 
-1.787614e+01 3.343162e+01 
-1.777582e+01 3.341175e+01 
-1.767551e+01 3.339121e+01 
-1.757519e+01 3.336999e+01 
-1.747488e+01 3.334810e+01 
-1.737456e+01 3.332554e+01 
-1.727425e+01 3.330230e+01 
-1.717394e+01 3.327839e+01 
-1.707364e+01 3.325380e+01 
-1.697333e+01 3.322856e+01 
-1.687306e+01 3.320272e+01 
-1.677281e+01 3.317632e+01 
-1.667257e+01 3.314939e+01 
-1.657234e+01 3.312196e+01 
-1.647211e+01 3.309401e+01 
-1.637188e+01 3.306555e+01 
-1.627165e+01 3.303657e+01 
-1.617143e+01 3.300709e+01 
-1.607120e+01 3.297709e+01 
-1.597098e+01 3.294658e+01 
-1.587075e+01 3.291556e+01 
-1.577053e+01 3.288403e+01 
-1.567031e+01 3.285198e+01 
-1.557009e+01 3.281943e+01 
-1.546987e+01 3.278636e+01 
-1.536965e+01 3.275278e+01 
-1.526944e+01 3.271869e+01 
-1.516922e+01 3.268410e+01 
-1.506901e+01 3.264899e+01 
-1.496879e+01 3.261338e+01 
-1.486858e+01 3.257726e+01 
-1.476837e+01 3.254063e+01 
-1.466816e+01 3.250350e+01 
-1.456796e+01 3.246586e+01 
-1.446775e+01 3.242772e+01 
-1.436755e+01 3.238908e+01 
-1.426734e+01 3.234994e+01 
-1.416714e+01 3.231029e+01 
-1.406694e+01 3.227015e+01 
-1.396675e+01 3.222952e+01 
-1.386655e+01 3.218838e+01 
-1.376635e+01 3.214676e+01 
-1.366616e+01 3.210464e+01 
-1.356597e+01 3.206203e+01 
-1.346578e+01 3.201893e+01 
-1.336559e+01 3.197535e+01 
-1.326541e+01 3.193128e+01 
-1.316522e+01 3.188672e+01 
-1.306504e+01 3.184169e+01 
-1.296486e+01 3.179618e+01 
-1.286468e+01 3.175019e+01 
-1.276450e+01 3.170373e+01 
-1.266431e+01 3.165675e+01 
-1.256405e+01 3.160902e+01 
-1.246377e+01 3.156052e+01 
-1.236349e+01 3.151125e+01 
-1.226321e+01 3.146121e+01 
-1.216294e+01 3.141039e+01 
-1.206266e+01 3.135879e+01 
-1.196239e+01 3.130641e+01 
-1.186211e+01 3.125324e+01 
-1.176184e+01 3.119928e+01 
-1.166157e+01 3.114452e+01 
-1.156130e+01 3.108896e+01 
-1.146104e+01 3.103260e+01 
-1.136077e+01 3.097543e+01 
-1.126051e+01 3.091745e+01 
-1.116025e+01 3.085866e+01 
-1.105999e+01 3.079906e+01 
-1.095972e+01 3.073862e+01 
-1.085945e+01 3.067729e+01 
-1.075916e+01 3.061503e+01 
-1.065888e+01 3.055184e+01 
-1.055860e+01 3.048773e+01 
-1.045833e+01 3.042271e+01 
-1.035807e+01 3.035677e+01 
-1.025780e+01 3.028994e+01 
-1.015755e+01 3.022221e+01 
-1.005730e+01 3.015358e+01 
-9.957049e+00 3.008408e+01 
-9.856809e+00 3.001371e+01 
-9.756573e+00 2.994248e+01 
-9.656343e+00 2.987039e+01 
-9.556119e+00 2.979747e+01 
-9.455901e+00 2.972371e+01 
-9.355687e+00 2.964913e+01 
-9.255479e+00 2.957375e+01 
-9.155277e+00 2.949757e+01 
-9.055080e+00 2.942060e+01 
-8.954888e+00 2.934287e+01 
-8.854701e+00 2.926438e+01 
-8.754489e+00 2.918498e+01 
-8.654184e+00 2.910424e+01 
-8.553881e+00 2.902220e+01 
-8.453583e+00 2.893886e+01 
-8.353289e+00 2.885421e+01 
-8.253000e+00 2.876826e+01 
-8.152717e+00 2.868101e+01 
-8.052438e+00 2.859244e+01 
-7.952165e+00 2.850256e+01 
-7.851897e+00 2.841138e+01 
-7.751635e+00 2.831889e+01 
-7.651378e+00 2.822509e+01 
-7.551126e+00 2.812999e+01 
-7.450880e+00 2.803358e+01 
-7.350639e+00 2.793589e+01 
-7.250399e+00 2.783686e+01 
-7.150393e+00 2.773660e+01 
-7.051848e+00 2.763634e+01 
-6.954724e+00 2.753608e+01 
-6.858981e+00 2.743583e+01 
-6.764579e+00 2.733557e+01 
-6.671481e+00 2.723532e+01 
-6.579650e+00 2.713507e+01 
-6.489052e+00 2.703482e+01 
-6.399654e+00 2.693457e+01 
-6.311423e+00 2.683433e+01 
-6.224329e+00 2.673409e+01 
-6.138340e+00 2.663385e+01 
-6.053429e+00 2.653361e+01 
-5.969568e+00 2.643338e+01 
-5.886730e+00 2.633315e+01 
-5.804889e+00 2.623292e+01 
-5.724021e+00 2.613269e+01 
-5.644102e+00 2.603247e+01 
-5.565107e+00 2.593225e+01 
-5.487015e+00 2.583203e+01 
-5.409804e+00 2.573181e+01 
-5.333454e+00 2.563160e+01 
-5.257942e+00 2.553138e+01 
-5.183251e+00 2.543118e+01 
-5.109360e+00 2.533097e+01 
-5.036253e+00 2.523076e+01 
-4.963922e+00 2.513056e+01 
-4.892345e+00 2.503036e+01 
-4.821572e+00 2.493014e+01 
-4.751596e+00 2.482992e+01 
-4.682593e+00 2.472964e+01 
-4.614642e+00 2.462934e+01 
-4.547719e+00 2.452905e+01 
-4.481787e+00 2.442876e+01 
-4.416814e+00 2.432848e+01 
-4.352766e+00 2.422821e+01 
-4.289610e+00 2.412794e+01 
-4.227317e+00 2.402768e+01 
-4.165855e+00 2.392743e+01 
-4.105197e+00 2.382718e+01 
-4.045314e+00 2.372694e+01 
-3.986180e+00 2.362670e+01 
-3.927769e+00 2.352647e+01 
-3.870056e+00 2.342625e+01 
-3.813016e+00 2.332603e+01 
-3.756627e+00 2.322581e+01 
-3.700866e+00 2.312561e+01 
-3.645711e+00 2.302540e+01 
-3.591142e+00 2.292521e+01 
-3.537138e+00 2.282502e+01 
-3.483680e+00 2.272483e+01 
-3.430749e+00 2.262465e+01 
-3.378328e+00 2.252448e+01 
-3.326398e+00 2.242431e+01 
-3.274944e+00 2.232414e+01 
-3.223947e+00 2.222398e+01 
-3.173395e+00 2.212382e+01 
-3.123270e+00 2.202367e+01 
-3.073559e+00 2.192353e+01 
-3.024247e+00 2.182338e+01 
-2.975321e+00 2.172324e+01 
-2.926768e+00 2.162311e+01 
-2.878576e+00 2.152298e+01 
-2.830731e+00 2.142285e+01 
-2.783224e+00 2.132273e+01 
-2.736041e+00 2.122261e+01 
-2.689173e+00 2.112249e+01 
-2.642609e+00 2.102238e+01 
-2.596432e+00 2.092223e+01 
-2.550997e+00 2.082192e+01 
-2.506381e+00 2.072161e+01 
-2.462476e+00 2.062135e+01 
-2.419268e+00 2.052108e+01 
-2.376765e+00 2.042081e+01 
-2.334854e+00 2.032058e+01 
-2.293304e+00 2.022046e+01 
-2.252079e+00 2.012033e+01 
-2.211187e+00 2.002020e+01 
-2.170635e+00 1.992006e+01 
-2.130430e+00 1.981992e+01 
-2.090578e+00 1.971978e+01 
-2.051085e+00 1.961964e+01 
-2.011954e+00 1.951949e+01 
-1.973189e+00 1.941934e+01 
-1.934792e+00 1.931919e+01 
-1.896765e+00 1.921904e+01 
-1.859109e+00 1.911889e+01 
-1.821827e+00 1.901874e+01 
-1.784916e+00 1.891858e+01 
-1.748465e+00 1.881839e+01 
-1.712617e+00 1.871813e+01 
-1.677387e+00 1.861787e+01 
-1.642757e+00 1.851762e+01 
-1.608705e+00 1.841738e+01 
-1.575212e+00 1.831714e+01 
-1.542260e+00 1.821691e+01 
-1.509828e+00 1.811669e+01 
-1.477901e+00 1.801647e+01 
-1.446459e+00 1.791626e+01 
-1.415485e+00 1.781606e+01 
-1.384963e+00 1.771586e+01 
-1.354878e+00 1.761567e+01 
-1.325154e+00 1.751552e+01 
-1.295691e+00 1.741541e+01 
-1.266455e+00 1.731531e+01 
-1.237436e+00 1.721522e+01 
-1.208628e+00 1.711512e+01 
-1.180063e+00 1.701501e+01 
-1.151901e+00 1.691482e+01 
-1.124251e+00 1.681459e+01 
-1.097114e+00 1.671436e+01 
-1.070467e+00 1.661414e+01 
-1.044281e+00 1.651394e+01 
-1.018533e+00 1.641374e+01 
-9.931995e-01 1.631355e+01 
-9.682592e-01 1.621337e+01 
-9.436917e-01 1.611320e+01 
-9.194819e-01 1.601304e+01 
-8.956030e-01 1.591289e+01 
-8.720269e-01 1.581275e+01 
-8.487264e-01 1.571263e+01 
-8.256760e-01 1.561251e+01 
-8.028527e-01 1.551241e+01 
-7.802335e-01 1.541232e+01 
-7.577966e-01 1.531223e+01 
-7.355215e-01 1.521216e+01 
-7.133898e-01 1.511209e+01 
-6.914251e-01 1.501201e+01 
-6.696929e-01 1.491190e+01 
-6.482360e-01 1.481177e+01 
-6.267430e-01 1.471180e+01 
-6.054046e-01 1.461172e+01 
-5.842512e-01 1.451163e+01 
-5.632682e-01 1.441155e+01 
-5.425011e-01 1.431145e+01 
-5.220036e-01 1.421132e+01 
-5.018279e-01 1.411117e+01 
-4.820151e-01 1.401100e+01 
-4.626022e-01 1.391081e+01 
-4.436232e-01 1.381060e+01 
-4.251133e-01 1.371038e+01 
-4.071074e-01 1.361013e+01 
-3.896309e-01 1.350988e+01 
-3.726171e-01 1.340966e+01 
-3.560880e-01 1.330943e+01 
-3.400453e-01 1.320920e+01 
-3.245456e-01 1.310893e+01 
-3.096072e-01 1.300866e+01 
-2.951898e-01 1.290841e+01 
-2.812583e-01 1.280818e+01 
-2.677868e-01 1.270796e+01 
-2.547526e-01 1.260774e+01 
-2.421357e-01 1.250754e+01 
-2.299184e-01 1.240735e+01 
-2.184400e-01 1.230697e+01 
-2.075558e-01 1.220669e+01 
-1.972051e-01 1.210643e+01 
-1.873394e-01 1.200619e+01 
-1.779143e-01 1.190598e+01 
-2.774750e-01 1.189661e+01 
