1.819006e+00 6.845584e+00 
1.827949e+00 6.945566e+00 
1.836929e+00 7.045559e+00 
1.845920e+00 7.145527e+00 
1.854972e+00 7.245442e+00 
1.864193e+00 7.345340e+00 
1.873620e+00 7.445240e+00 
1.883251e+00 7.545141e+00 
1.893081e+00 7.645028e+00 
1.903135e+00 7.744873e+00 
1.913501e+00 7.844697e+00 
1.924227e+00 7.944538e+00 
1.935276e+00 8.044375e+00 
1.946654e+00 8.144190e+00 
1.958408e+00 8.244003e+00 
1.970544e+00 8.343825e+00 
1.983045e+00 8.443654e+00 
1.995897e+00 8.543491e+00 
2.009083e+00 8.643336e+00 
2.022589e+00 8.743188e+00 
2.036400e+00 8.843048e+00 
2.050502e+00 8.942934e+00 
2.064842e+00 9.042837e+00 
2.079395e+00 9.142839e+00 
2.093941e+00 9.242807e+00 
2.108529e+00 9.342622e+00 
2.123494e+00 9.442406e+00 
2.138899e+00 9.542160e+00 
2.154812e+00 9.641908e+00 
2.171249e+00 9.741655e+00 
2.188212e+00 9.841401e+00 
2.205704e+00 9.941146e+00 
2.223729e+00 1.004089e+01 
2.242293e+00 1.014063e+01 
2.261410e+00 1.024037e+01 
2.281077e+00 1.034018e+01 
2.301151e+00 1.043995e+01 
2.321692e+00 1.053966e+01 
2.342845e+00 1.063938e+01 
2.364610e+00 1.073909e+01 
2.386976e+00 1.083882e+01 
2.409938e+00 1.093852e+01 
2.433527e+00 1.103821e+01 
2.457794e+00 1.113786e+01 
2.482811e+00 1.123751e+01 
2.508606e+00 1.133722e+01 
2.535055e+00 1.143693e+01 
2.562126e+00 1.153658e+01 
2.589964e+00 1.163619e+01 
2.618653e+00 1.173576e+01 
2.648314e+00 1.183528e+01 
2.679043e+00 1.193478e+01 
2.710907e+00 1.203425e+01 
2.743982e+00 1.213368e+01 
2.778387e+00 1.223309e+01 
2.814227e+00 1.233259e+01 
2.851259e+00 1.243209e+01 
2.889486e+00 1.253147e+01 
2.929181e+00 1.263073e+01 
2.970684e+00 1.272990e+01 
3.014315e+00 1.282904e+01 
3.060157e+00 1.292816e+01 
3.108353e+00 1.302726e+01 
3.159034e+00 1.312630e+01 
3.212406e+00 1.322526e+01 
3.268762e+00 1.332406e+01 
3.328745e+00 1.342273e+01 
3.393149e+00 1.352158e+01 
3.461504e+00 1.362036e+01 
3.534270e+00 1.371906e+01 
3.612034e+00 1.381763e+01 
3.695771e+00 1.391606e+01 
3.786792e+00 1.401438e+01 
3.885233e+00 1.411121e+01 
3.983871e+00 1.420024e+01 
4.082608e+00 1.428308e+01 
4.181387e+00 1.436063e+01 
4.280143e+00 1.443337e+01 
4.378877e+00 1.450154e+01 
4.477593e+00 1.456536e+01 
4.576289e+00 1.462500e+01 
4.674969e+00 1.468064e+01 
4.773676e+00 1.473244e+01 
4.872583e+00 1.478074e+01 
4.971657e+00 1.482619e+01 
5.070723e+00 1.486922e+01 
5.169761e+00 1.490987e+01 
5.268768e+00 1.494814e+01 
5.367745e+00 1.498400e+01 
5.466684e+00 1.501744e+01 
5.565725e+00 1.504846e+01 
5.664925e+00 1.507737e+01 
5.764171e+00 1.510450e+01 
5.863401e+00 1.512998e+01 
5.962615e+00 1.515377e+01 
6.061816e+00 1.517588e+01 
6.161001e+00 1.519629e+01 
6.260171e+00 1.521499e+01 
6.359325e+00 1.523196e+01 
6.458461e+00 1.524718e+01 
6.557639e+00 1.526064e+01 
6.656897e+00 1.527243e+01 
6.756204e+00 1.528273e+01 
6.855522e+00 1.529164e+01 
6.954841e+00 1.529917e+01 
7.054160e+00 1.530535e+01 
7.153480e+00 1.531016e+01 
7.252802e+00 1.531362e+01 
7.352127e+00 1.531574e+01 
7.451456e+00 1.531651e+01 
7.550788e+00 1.531594e+01 
7.650125e+00 1.531406e+01 
7.749468e+00 1.531085e+01 
7.848817e+00 1.530633e+01 
7.948185e+00 1.530051e+01 
8.047603e+00 1.529343e+01 
8.147052e+00 1.528517e+01 
8.246496e+00 1.527581e+01 
8.345934e+00 1.526532e+01 
8.445367e+00 1.525370e+01 
8.544794e+00 1.524092e+01 
8.644217e+00 1.522698e+01 
8.743635e+00 1.521185e+01 
8.843048e+00 1.519552e+01 
8.942457e+00 1.517797e+01 
9.041861e+00 1.515919e+01 
9.141263e+00 1.513916e+01 
9.240661e+00 1.511786e+01 
9.340055e+00 1.509527e+01 
9.439448e+00 1.507138e+01 
9.538839e+00 1.504618e+01 
9.638249e+00 1.501963e+01 
9.737739e+00 1.499175e+01 
9.837296e+00 1.496271e+01 
9.936849e+00 1.493267e+01 
1.003640e+01 1.490161e+01 
1.013593e+01 1.486952e+01 
1.023547e+01 1.483635e+01 
1.033499e+01 1.480209e+01 
1.043451e+01 1.476671e+01 
1.053402e+01 1.473018e+01 
1.063353e+01 1.469247e+01 
1.073303e+01 1.465356e+01 
1.083252e+01 1.461340e+01 
1.093202e+01 1.457196e+01 
1.103154e+01 1.452924e+01 
1.113109e+01 1.448528e+01 
1.123064e+01 1.444015e+01 
1.133018e+01 1.439381e+01 
1.142971e+01 1.434623e+01 
1.152925e+01 1.429739e+01 
1.162878e+01 1.424725e+01 
1.172830e+01 1.419580e+01 
1.182783e+01 1.414299e+01 
1.192735e+01 1.408879e+01 
1.202687e+01 1.403318e+01 
1.212638e+01 1.397611e+01 
1.222590e+01 1.391755e+01 
1.232541e+01 1.385747e+01 
1.242494e+01 1.379580e+01 
1.252454e+01 1.373256e+01 
1.262416e+01 1.366799e+01 
1.272378e+01 1.360211e+01 
1.282339e+01 1.353491e+01 
1.292301e+01 1.346635e+01 
1.302263e+01 1.339641e+01 
1.312224e+01 1.332506e+01 
1.322186e+01 1.325228e+01 
1.332148e+01 1.317804e+01 
1.342110e+01 1.310231e+01 
1.352072e+01 1.302505e+01 
1.362034e+01 1.294625e+01 
1.371996e+01 1.286586e+01 
1.381959e+01 1.278385e+01 
1.391921e+01 1.270020e+01 
1.401884e+01 1.261487e+01 
1.411846e+01 1.252782e+01 
1.421807e+01 1.243900e+01 
1.431767e+01 1.234826e+01 
1.441728e+01 1.225552e+01 
1.451689e+01 1.216075e+01 
1.461650e+01 1.206390e+01 
1.471612e+01 1.196491e+01 
1.481426e+01 1.186529e+01 
1.491037e+01 1.176566e+01 
1.500457e+01 1.166598e+01 
1.509712e+01 1.156628e+01 
1.518819e+01 1.146658e+01 
1.527778e+01 1.136688e+01 
1.536591e+01 1.126719e+01 
1.545260e+01 1.116750e+01 
1.553786e+01 1.106781e+01 
1.562171e+01 1.096813e+01 
1.570416e+01 1.086845e+01 
1.578523e+01 1.076878e+01 
1.586492e+01 1.066910e+01 
1.594326e+01 1.056943e+01 
1.602024e+01 1.046977e+01 
1.609590e+01 1.037011e+01 
1.617023e+01 1.027045e+01 
1.624324e+01 1.017079e+01 
1.631496e+01 1.007114e+01 
1.638538e+01 9.971495e+00 
1.645453e+01 9.871851e+00 
1.652240e+01 9.772211e+00 
1.658902e+01 9.672574e+00 
1.665438e+01 9.572941e+00 
1.671850e+01 9.473310e+00 
1.678141e+01 9.373659e+00 
1.684317e+01 9.274007e+00 
1.690382e+01 9.174354e+00 
1.696336e+01 9.074702e+00 
1.702183e+01 8.975037e+00 
1.707927e+01 8.875354e+00 
1.713574e+01 8.775675e+00 
1.719124e+01 8.675996e+00 
1.724580e+01 8.576316e+00 
1.729941e+01 8.476635e+00 
1.735210e+01 8.376953e+00 
1.740388e+01 8.277270e+00 
1.745476e+01 8.177586e+00 
1.750475e+01 8.077901e+00 
1.755387e+01 7.978214e+00 
1.760213e+01 7.878526e+00 
1.764954e+01 7.778837e+00 
1.769612e+01 7.679146e+00 
1.774187e+01 7.579454e+00 
1.778680e+01 7.479760e+00 
1.783094e+01 7.380065e+00 
1.787428e+01 7.280369e+00 
1.791684e+01 7.180670e+00 
1.795864e+01 7.080971e+00 
1.799967e+01 6.981269e+00 
1.803996e+01 6.881566e+00 
1.807950e+01 6.781861e+00 
1.811832e+01 6.682154e+00 
1.815642e+01 6.582446e+00 
1.819381e+01 6.482728e+00 
1.823052e+01 6.382987e+00 
1.826662e+01 6.283244e+00 
1.830210e+01 6.183501e+00 
1.833696e+01 6.083758e+00 
1.837122e+01 5.984015e+00 
1.840488e+01 5.884270e+00 
1.843793e+01 5.784526e+00 
1.847040e+01 5.684781e+00 
1.850227e+01 5.585035e+00 
1.853356e+01 5.485289e+00 
1.856427e+01 5.385542e+00 
1.859440e+01 5.285795e+00 
1.862395e+01 5.186047e+00 
1.865294e+01 5.086298e+00 
1.868137e+01 4.986549e+00 
1.870923e+01 4.886799e+00 
1.873653e+01 4.787048e+00 
1.876329e+01 4.687308e+00 
1.878945e+01 4.587604e+00 
1.881497e+01 4.487909e+00 
1.883982e+01 4.388214e+00 
1.886400e+01 4.288518e+00 
1.888752e+01 4.188822e+00 
1.891039e+01 4.089126e+00 
1.893260e+01 3.989429e+00 
1.895417e+01 3.889732e+00 
1.897509e+01 3.790034e+00 
1.899537e+01 3.690336e+00 
1.901501e+01 3.590637e+00 
1.903402e+01 3.490938e+00 
1.905239e+01 3.391239e+00 
1.907014e+01 3.291539e+00 
1.908726e+01 3.191838e+00 
1.910376e+01 3.092137e+00 
1.911963e+01 2.992435e+00 
1.913489e+01 2.892733e+00 
1.914954e+01 2.793030e+00 
1.916358e+01 2.693327e+00 
1.917701e+01 2.593623e+00 
1.918983e+01 2.493905e+00 
1.920208e+01 2.394148e+00 
1.921384e+01 2.294385e+00 
1.922511e+01 2.194623e+00 
1.923590e+01 2.094861e+00 
1.924621e+01 1.995100e+00 
1.925604e+01 1.895339e+00 
1.926538e+01 1.795579e+00 
1.927424e+01 1.695819e+00 
1.928261e+01 1.596061e+00 
1.929049e+01 1.496302e+00 
1.929789e+01 1.396544e+00 
1.930480e+01 1.296787e+00 
1.931122e+01 1.197031e+00 
1.931716e+01 1.097275e+00 
1.932261e+01 9.975191e-01 
1.932756e+01 8.977641e-01 
1.933203e+01 7.980097e-01 
1.933600e+01 6.982558e-01 
1.933949e+01 5.985025e-01 
1.943944e+01 6.014975e-01 
1.943594e+01 7.017442e-01 
1.943195e+01 8.019903e-01 
1.942746e+01 9.022359e-01 
1.942248e+01 1.002481e+00 
1.941701e+01 1.102725e+00 
1.941105e+01 1.202969e+00 
1.940459e+01 1.303213e+00 
1.939765e+01 1.403456e+00 
1.939022e+01 1.503698e+00 
1.938230e+01 1.603939e+00 
1.937388e+01 1.704181e+00 
1.936499e+01 1.804421e+00 
1.935560e+01 1.904661e+00 
1.934573e+01 2.004900e+00 
1.933537e+01 2.105139e+00 
1.932453e+01 2.205377e+00 
1.931321e+01 2.305615e+00 
1.930139e+01 2.405852e+00 
1.928908e+01 2.506095e+00 
1.927619e+01 2.606377e+00 
1.926268e+01 2.706673e+00 
1.924857e+01 2.806970e+00 
1.923383e+01 2.907267e+00 
1.921848e+01 3.007565e+00 
1.920251e+01 3.107863e+00 
1.918592e+01 3.208162e+00 
1.916870e+01 3.308461e+00 
1.915084e+01 3.408761e+00 
1.913236e+01 3.509062e+00 
1.911324e+01 3.609363e+00 
1.909349e+01 3.709664e+00 
1.907309e+01 3.809966e+00 
1.905204e+01 3.910268e+00 
1.903034e+01 4.010571e+00 
1.900800e+01 4.110874e+00 
1.898499e+01 4.211178e+00 
1.896133e+01 4.311482e+00 
1.893700e+01 4.411786e+00 
1.891200e+01 4.512091e+00 
1.888633e+01 4.612396e+00 
1.886001e+01 4.712692e+00 
1.883312e+01 4.812952e+00 
1.880568e+01 4.913201e+00 
1.877768e+01 5.013451e+00 
1.874911e+01 5.113702e+00 
1.871998e+01 5.213953e+00 
1.869028e+01 5.314205e+00 
1.866000e+01 5.414458e+00 
1.862913e+01 5.514711e+00 
1.859769e+01 5.614965e+00 
1.856565e+01 5.715219e+00 
1.853303e+01 5.815474e+00 
1.849980e+01 5.915730e+00 
1.846597e+01 6.015985e+00 
1.843154e+01 6.116242e+00 
1.839649e+01 6.216499e+00 
1.836084e+01 6.316756e+00 
1.832456e+01 6.417013e+00 
1.828765e+01 6.517272e+00 
1.825005e+01 6.617554e+00 
1.821174e+01 6.717846e+00 
1.817269e+01 6.818139e+00 
1.813291e+01 6.918434e+00 
1.809239e+01 7.018731e+00 
1.805111e+01 7.119029e+00 
1.800907e+01 7.219330e+00 
1.796625e+01 7.319631e+00 
1.792265e+01 7.419935e+00 
1.787824e+01 7.520240e+00 
1.783303e+01 7.620546e+00 
1.778700e+01 7.720854e+00 
1.774014e+01 7.821163e+00 
1.769244e+01 7.921474e+00 
1.764388e+01 8.021786e+00 
1.759445e+01 8.122099e+00 
1.754415e+01 8.222414e+00 
1.749295e+01 8.322730e+00 
1.744085e+01 8.423047e+00 
1.738782e+01 8.523365e+00 
1.733387e+01 8.623684e+00 
1.727897e+01 8.724004e+00 
1.722311e+01 8.824325e+00 
1.716627e+01 8.924646e+00 
1.710847e+01 9.024963e+00 
1.704962e+01 9.125298e+00 
1.698966e+01 9.225646e+00 
1.692860e+01 9.325993e+00 
1.686640e+01 9.426341e+00 
1.680306e+01 9.526690e+00 
1.673847e+01 9.627059e+00 
1.667263e+01 9.727426e+00 
1.660554e+01 9.827789e+00 
1.653718e+01 9.928149e+00 
1.646754e+01 1.002850e+01 
1.639662e+01 1.012886e+01 
1.632441e+01 1.022921e+01 
1.625089e+01 1.032955e+01 
1.617606e+01 1.042989e+01 
1.609990e+01 1.053023e+01 
1.602240e+01 1.063057e+01 
1.594355e+01 1.073090e+01 
1.586333e+01 1.083122e+01 
1.578175e+01 1.093155e+01 
1.569877e+01 1.103187e+01 
1.561439e+01 1.113219e+01 
1.552860e+01 1.123250e+01 
1.544137e+01 1.133281e+01 
1.535270e+01 1.143312e+01 
1.526257e+01 1.153342e+01 
1.517096e+01 1.163372e+01 
1.507786e+01 1.173402e+01 
1.498305e+01 1.183434e+01 
1.488623e+01 1.193471e+01 
1.478736e+01 1.203509e+01 
1.468698e+01 1.213483e+01 
1.458660e+01 1.223245e+01 
1.448621e+01 1.232797e+01 
1.438581e+01 1.242145e+01 
1.428542e+01 1.251292e+01 
1.418502e+01 1.260246e+01 
1.408464e+01 1.269017e+01 
1.398427e+01 1.277615e+01 
1.388389e+01 1.286043e+01 
1.378352e+01 1.294306e+01 
1.368314e+01 1.302407e+01 
1.358276e+01 1.310348e+01 
1.348238e+01 1.318133e+01 
1.338200e+01 1.325765e+01 
1.328162e+01 1.333246e+01 
1.318124e+01 1.340581e+01 
1.308086e+01 1.347771e+01 
1.298047e+01 1.354819e+01 
1.288009e+01 1.361728e+01 
1.277971e+01 1.368501e+01 
1.267932e+01 1.375140e+01 
1.257894e+01 1.381647e+01 
1.247854e+01 1.388022e+01 
1.237808e+01 1.394247e+01 
1.227759e+01 1.400315e+01 
1.217710e+01 1.406229e+01 
1.207662e+01 1.411992e+01 
1.197613e+01 1.417608e+01 
1.187565e+01 1.423081e+01 
1.177518e+01 1.428413e+01 
1.167471e+01 1.433608e+01 
1.157424e+01 1.438670e+01 
1.147377e+01 1.443600e+01 
1.137331e+01 1.448403e+01 
1.127285e+01 1.453080e+01 
1.117239e+01 1.457636e+01 
1.107194e+01 1.462072e+01 
1.097146e+01 1.466385e+01 
1.087097e+01 1.470571e+01 
1.077046e+01 1.474629e+01 
1.066996e+01 1.478560e+01 
1.056946e+01 1.482369e+01 
1.046897e+01 1.486059e+01 
1.036849e+01 1.489631e+01 
1.026802e+01 1.493091e+01 
1.016755e+01 1.496439e+01 
1.006709e+01 1.499679e+01 
9.966633e+00 1.502813e+01 
9.866187e+00 1.505845e+01 
9.765743e+00 1.508775e+01 
9.665233e+00 1.511592e+01 
9.564644e+00 1.514279e+01 
9.464035e+00 1.516831e+01 
9.363427e+00 1.519250e+01 
9.262822e+00 1.521537e+01 
9.162220e+00 1.523694e+01 
9.061621e+00 1.525722e+01 
8.961026e+00 1.527623e+01 
8.860435e+00 1.529399e+01 
8.759848e+00 1.531053e+01 
8.659265e+00 1.532584e+01 
8.558688e+00 1.533995e+01 
8.458115e+00 1.535288e+01 
8.357548e+00 1.536465e+01 
8.256986e+00 1.537526e+01 
8.156430e+00 1.538473e+01 
8.055880e+00 1.539309e+01 
7.955297e+00 1.540026e+01 
7.854665e+00 1.540616e+01 
7.754014e+00 1.541074e+01 
7.653357e+00 1.541400e+01 
7.552694e+00 1.541593e+01 
7.452027e+00 1.541651e+01 
7.351355e+00 1.541573e+01 
7.250680e+00 1.541360e+01 
7.150002e+00 1.541010e+01 
7.049323e+00 1.540523e+01 
6.948642e+00 1.539898e+01 
6.847960e+00 1.539135e+01 
6.747278e+00 1.538233e+01 
6.646586e+00 1.537190e+01 
6.545843e+00 1.535994e+01 
6.445021e+00 1.534627e+01 
6.344157e+00 1.533080e+01 
6.243311e+00 1.531356e+01 
6.142481e+00 1.529457e+01 
6.041667e+00 1.527383e+01 
5.940867e+00 1.525138e+01 
5.840081e+00 1.522722e+01 
5.739312e+00 1.520136e+01 
5.638558e+00 1.517383e+01 
5.537757e+00 1.514447e+01 
5.436799e+00 1.511287e+01 
5.335738e+00 1.507874e+01 
5.234714e+00 1.504216e+01 
5.133721e+00 1.500315e+01 
5.032759e+00 1.496173e+01 
4.931825e+00 1.491791e+01 
4.830899e+00 1.487164e+01 
4.729807e+00 1.482231e+01 
4.628513e+00 1.476919e+01 
4.527193e+00 1.471212e+01 
4.425890e+00 1.465095e+01 
4.324605e+00 1.458554e+01 
4.223339e+00 1.451567e+01 
4.122095e+00 1.444115e+01 
4.020874e+00 1.436175e+01 
3.919611e+00 1.427686e+01 
3.818249e+00 1.418546e+01 
3.716690e+00 1.408570e+01 
3.622416e+00 1.398402e+01 
3.535890e+00 1.388245e+01 
3.455778e+00 1.378102e+01 
3.381027e+00 1.367972e+01 
3.310929e+00 1.357850e+01 
3.244970e+00 1.347734e+01 
3.183322e+00 1.337602e+01 
3.125552e+00 1.327482e+01 
3.071025e+00 1.317378e+01 
3.019336e+00 1.307282e+01 
2.970234e+00 1.297191e+01 
2.923556e+00 1.287103e+01 
2.879157e+00 1.277018e+01 
2.836937e+00 1.266935e+01 
2.796637e+00 1.256861e+01 
2.757927e+00 1.246799e+01 
2.720510e+00 1.236748e+01 
2.684305e+00 1.226698e+01 
2.649483e+00 1.216639e+01 
2.616020e+00 1.206582e+01 
2.583810e+00 1.196529e+01 
2.552768e+00 1.186479e+01 
2.522819e+00 1.176432e+01 
2.493874e+00 1.166388e+01 
2.465817e+00 1.156350e+01 
2.438553e+00 1.146315e+01 
2.411949e+00 1.136286e+01 
2.385999e+00 1.126256e+01 
2.360804e+00 1.116221e+01 
2.336366e+00 1.106187e+01 
2.312626e+00 1.096155e+01 
2.289527e+00 1.086126e+01 
2.267034e+00 1.076098e+01 
2.245145e+00 1.066070e+01 
2.223869e+00 1.056041e+01 
2.203208e+00 1.046013e+01 
2.183041e+00 1.035990e+01 
2.163297e+00 1.025970e+01 
2.144081e+00 1.015945e+01 
2.125418e+00 1.005919e+01 
2.107298e+00 9.958930e+00 
2.089716e+00 9.858675e+00 
2.072665e+00 9.758421e+00 
2.056143e+00 9.658168e+00 
2.040148e+00 9.557915e+00 
2.024665e+00 9.457669e+00 
2.009635e+00 9.357454e+00 
1.994992e+00 9.257269e+00 
1.980437e+00 9.157237e+00 
1.965884e+00 9.057239e+00 
1.951517e+00 8.957142e+00 
1.937382e+00 8.857028e+00 
1.923532e+00 8.756888e+00 
1.909986e+00 8.656740e+00 
1.896758e+00 8.556585e+00 
1.883863e+00 8.456422e+00 
1.871319e+00 8.356251e+00 
1.859139e+00 8.256072e+00 
1.847341e+00 8.155885e+00 
1.835919e+00 8.055701e+00 
1.824834e+00 7.955538e+00 
1.814073e+00 7.855379e+00 
1.803670e+00 7.755202e+00 
1.793584e+00 7.655048e+00 
1.783731e+00 7.554935e+00 
1.774082e+00 7.454836e+00 
1.764636e+00 7.354735e+00 
1.755395e+00 7.254634e+00 
1.746328e+00 7.154549e+00 
1.737331e+00 7.054517e+00 
1.728349e+00 6.954510e+00 
1.719404e+00 6.854492e+00 
1.819006e+00 6.845584e+00 
