4.553869e+01 -5.985635e-01 
4.553582e+01 -6.984173e-01 
4.553266e+01 -7.982707e-01 
4.552920e+01 -8.981236e-01 
4.552545e+01 -9.979761e-01 
4.552141e+01 -1.097828e+00 
4.551707e+01 -1.197680e+00 
4.551243e+01 -1.297531e+00 
4.550749e+01 -1.397382e+00 
4.550226e+01 -1.497232e+00 
4.549672e+01 -1.597082e+00 
4.549088e+01 -1.696931e+00 
4.548474e+01 -1.796780e+00 
4.547830e+01 -1.896628e+00 
4.547155e+01 -1.996483e+00 
4.546451e+01 -2.096345e+00 
4.545719e+01 -2.196207e+00 
4.544959e+01 -2.296070e+00 
4.544172e+01 -2.395932e+00 
4.543356e+01 -2.495795e+00 
4.542514e+01 -2.595658e+00 
4.541643e+01 -2.695522e+00 
4.540745e+01 -2.795385e+00 
4.539819e+01 -2.895249e+00 
4.538866e+01 -2.995113e+00 
4.537885e+01 -3.094977e+00 
4.536877e+01 -3.194841e+00 
4.535841e+01 -3.294705e+00 
4.534778e+01 -3.394570e+00 
4.533687e+01 -3.494435e+00 
4.532568e+01 -3.594300e+00 
4.531422e+01 -3.694165e+00 
4.530249e+01 -3.794030e+00 
4.529048e+01 -3.893895e+00 
4.527819e+01 -3.993761e+00 
4.526563e+01 -4.093627e+00 
4.525280e+01 -4.193493e+00 
4.523969e+01 -4.293359e+00 
4.522631e+01 -4.393225e+00 
4.521265e+01 -4.493092e+00 
4.519872e+01 -4.592958e+00 
4.518451e+01 -4.692825e+00 
4.517003e+01 -4.792692e+00 
4.515528e+01 -4.892559e+00 
4.514025e+01 -4.992426e+00 
4.512494e+01 -5.092293e+00 
4.510936e+01 -5.192161e+00 
4.509351e+01 -5.292028e+00 
4.507738e+01 -5.391896e+00 
4.506098e+01 -5.491763e+00 
4.504430e+01 -5.591631e+00 
4.502734e+01 -5.691499e+00 
4.501011e+01 -5.791367e+00 
4.499261e+01 -5.891235e+00 
4.497483e+01 -5.991104e+00 
4.495677e+01 -6.090973e+00 
4.493844e+01 -6.190841e+00 
4.491983e+01 -6.290711e+00 
4.490094e+01 -6.390585e+00 
4.488180e+01 -6.490455e+00 
4.486237e+01 -6.590328e+00 
4.484268e+01 -6.690203e+00 
4.482272e+01 -6.790077e+00 
4.480250e+01 -6.889951e+00 
4.478201e+01 -6.989826e+00 
4.476125e+01 -7.089700e+00 
4.474023e+01 -7.189574e+00 
4.471893e+01 -7.289447e+00 
4.469737e+01 -7.389321e+00 
4.467553e+01 -7.489194e+00 
4.465343e+01 -7.589068e+00 
4.463105e+01 -7.688941e+00 
4.460840e+01 -7.788813e+00 
4.458547e+01 -7.888686e+00 
4.456227e+01 -7.988559e+00 
4.453880e+01 -8.088431e+00 
4.451504e+01 -8.188303e+00 
4.449101e+01 -8.288175e+00 
4.446670e+01 -8.388047e+00 
4.444211e+01 -8.487918e+00 
4.441724e+01 -8.587790e+00 
4.439209e+01 -8.687661e+00 
4.436666e+01 -8.787532e+00 
4.434094e+01 -8.887402e+00 
4.431494e+01 -8.987273e+00 
4.428866e+01 -9.087143e+00 
4.426208e+01 -9.187014e+00 
4.423522e+01 -9.286884e+00 
4.420807e+01 -9.386753e+00 
4.418063e+01 -9.486623e+00 
4.415290e+01 -9.586492e+00 
4.412488e+01 -9.686362e+00 
4.409657e+01 -9.786230e+00 
4.406796e+01 -9.886099e+00 
4.403905e+01 -9.985968e+00 
4.400985e+01 -1.008584e+01 
4.398035e+01 -1.018570e+01 
4.395056e+01 -1.028557e+01 
4.392046e+01 -1.038544e+01 
4.389006e+01 -1.048531e+01 
4.385936e+01 -1.058517e+01 
4.382836e+01 -1.068504e+01 
4.379704e+01 -1.078491e+01 
4.376543e+01 -1.088478e+01 
4.373350e+01 -1.098467e+01 
4.370132e+01 -1.108455e+01 
4.366887e+01 -1.118444e+01 
4.363616e+01 -1.128433e+01 
4.360319e+01 -1.138421e+01 
4.356995e+01 -1.148410e+01 
4.353645e+01 -1.158399e+01 
4.350269e+01 -1.168387e+01 
4.346865e+01 -1.178376e+01 
4.343436e+01 -1.188364e+01 
4.339978e+01 -1.198350e+01 
4.336488e+01 -1.208334e+01 
4.332960e+01 -1.218318e+01 
4.329394e+01 -1.228301e+01 
4.325788e+01 -1.238285e+01 
4.322143e+01 -1.248269e+01 
4.318458e+01 -1.258252e+01 
4.314734e+01 -1.268236e+01 
4.310970e+01 -1.278220e+01 
4.307167e+01 -1.288204e+01 
4.303323e+01 -1.298187e+01 
4.299439e+01 -1.308171e+01 
4.295516e+01 -1.318155e+01 
4.291551e+01 -1.328139e+01 
4.287547e+01 -1.338122e+01 
4.283501e+01 -1.348106e+01 
4.279415e+01 -1.358090e+01 
4.275288e+01 -1.368074e+01 
4.271121e+01 -1.378058e+01 
4.266912e+01 -1.388041e+01 
4.262661e+01 -1.398025e+01 
4.258369e+01 -1.408009e+01 
4.254036e+01 -1.417993e+01 
4.249661e+01 -1.427977e+01 
4.245244e+01 -1.437961e+01 
4.240785e+01 -1.447945e+01 
4.236284e+01 -1.457929e+01 
4.231741e+01 -1.467913e+01 
4.227155e+01 -1.477897e+01 
4.222527e+01 -1.487881e+01 
4.217856e+01 -1.497865e+01 
4.213142e+01 -1.507849e+01 
4.208385e+01 -1.517834e+01 
4.203585e+01 -1.527818e+01 
4.198742e+01 -1.537802e+01 
4.193855e+01 -1.547786e+01 
4.188924e+01 -1.557770e+01 
4.183950e+01 -1.567755e+01 
4.178932e+01 -1.577739e+01 
4.173870e+01 -1.587723e+01 
4.168763e+01 -1.597708e+01 
4.163612e+01 -1.607692e+01 
4.158417e+01 -1.617676e+01 
4.153176e+01 -1.627661e+01 
4.147891e+01 -1.637645e+01 
4.142561e+01 -1.647630e+01 
4.137185e+01 -1.657614e+01 
4.131764e+01 -1.667599e+01 
4.126298e+01 -1.677583e+01 
4.120786e+01 -1.687568e+01 
4.115228e+01 -1.697553e+01 
4.109623e+01 -1.707537e+01 
4.103973e+01 -1.717522e+01 
4.098276e+01 -1.727507e+01 
4.092532e+01 -1.737492e+01 
4.086742e+01 -1.747476e+01 
4.080904e+01 -1.757461e+01 
4.075020e+01 -1.767446e+01 
4.069088e+01 -1.777431e+01 
4.063108e+01 -1.787416e+01 
4.057081e+01 -1.797401e+01 
4.051005e+01 -1.807386e+01 
4.044883e+01 -1.817370e+01 
4.038706e+01 -1.827355e+01 
4.032481e+01 -1.837340e+01 
4.026207e+01 -1.847325e+01 
4.019883e+01 -1.857310e+01 
4.013509e+01 -1.867295e+01 
4.007085e+01 -1.877280e+01 
4.000611e+01 -1.887265e+01 
3.994085e+01 -1.897250e+01 
3.987508e+01 -1.907234e+01 
3.980879e+01 -1.917219e+01 
3.974198e+01 -1.927204e+01 
3.967464e+01 -1.937189e+01 
3.960676e+01 -1.947174e+01 
3.953836e+01 -1.957159e+01 
3.946941e+01 -1.967144e+01 
3.939991e+01 -1.977129e+01 
3.932987e+01 -1.987113e+01 
3.925927e+01 -1.997098e+01 
3.918812e+01 -2.007083e+01 
3.911640e+01 -2.017068e+01 
3.904411e+01 -2.027053e+01 
3.897125e+01 -2.037038e+01 
3.889781e+01 -2.047022e+01 
3.882379e+01 -2.057007e+01 
3.874918e+01 -2.066992e+01 
3.867398e+01 -2.076977e+01 
3.859819e+01 -2.086962e+01 
3.852178e+01 -2.096946e+01 
3.844478e+01 -2.106931e+01 
3.836715e+01 -2.116914e+01 
3.828887e+01 -2.126896e+01 
3.820982e+01 -2.136877e+01 
3.813000e+01 -2.146858e+01 
3.804938e+01 -2.156840e+01 
3.796797e+01 -2.166821e+01 
3.788574e+01 -2.176802e+01 
3.780270e+01 -2.186783e+01 
3.771882e+01 -2.196764e+01 
3.763410e+01 -2.206745e+01 
3.754852e+01 -2.216727e+01 
3.746208e+01 -2.226708e+01 
3.737476e+01 -2.236689e+01 
3.728654e+01 -2.246670e+01 
3.719743e+01 -2.256651e+01 
3.710740e+01 -2.266632e+01 
3.701644e+01 -2.276613e+01 
3.692454e+01 -2.286594e+01 
3.683169e+01 -2.296576e+01 
3.673788e+01 -2.306557e+01 
3.664308e+01 -2.316538e+01 
3.654730e+01 -2.326519e+01 
3.645051e+01 -2.336500e+01 
3.635270e+01 -2.346482e+01 
3.625385e+01 -2.356463e+01 
3.615404e+01 -2.366437e+01 
3.605423e+01 -2.376306e+01 
3.595441e+01 -2.386072e+01 
3.585460e+01 -2.395737e+01 
3.575478e+01 -2.405304e+01 
3.565497e+01 -2.414773e+01 
3.555515e+01 -2.424146e+01 
3.545534e+01 -2.433425e+01 
3.535552e+01 -2.442613e+01 
3.525570e+01 -2.451709e+01 
3.515589e+01 -2.460715e+01 
3.505607e+01 -2.469632e+01 
3.495626e+01 -2.478459e+01 
3.485645e+01 -2.487197e+01 
3.475664e+01 -2.495848e+01 
3.465683e+01 -2.504410e+01 
3.455703e+01 -2.512885e+01 
3.445722e+01 -2.521274e+01 
3.435742e+01 -2.529576e+01 
3.425761e+01 -2.537793e+01 
3.415781e+01 -2.545924e+01 
3.405801e+01 -2.553971e+01 
3.395821e+01 -2.561933e+01 
3.385842e+01 -2.569812e+01 
3.375862e+01 -2.577607e+01 
3.365882e+01 -2.585321e+01 
3.355903e+01 -2.592952e+01 
3.345924e+01 -2.600501e+01 
3.335944e+01 -2.607970e+01 
3.325965e+01 -2.615358e+01 
3.315986e+01 -2.622667e+01 
3.306007e+01 -2.629896e+01 
3.296028e+01 -2.637047e+01 
3.286050e+01 -2.644119e+01 
3.276071e+01 -2.651114e+01 
3.266092e+01 -2.658032e+01 
3.256114e+01 -2.664873e+01 
3.246135e+01 -2.671639e+01 
3.236157e+01 -2.678329e+01 
3.226178e+01 -2.684945e+01 
3.216200e+01 -2.691486e+01 
3.206219e+01 -2.697957e+01 
3.196236e+01 -2.704364e+01 
3.186253e+01 -2.710714e+01 
3.176270e+01 -2.717007e+01 
3.166287e+01 -2.723245e+01 
3.156304e+01 -2.729427e+01 
3.146321e+01 -2.735555e+01 
3.136338e+01 -2.741628e+01 
3.126355e+01 -2.747647e+01 
3.116372e+01 -2.753612e+01 
3.106389e+01 -2.759525e+01 
3.096406e+01 -2.765384e+01 
3.086422e+01 -2.771192e+01 
3.076440e+01 -2.776947e+01 
3.066463e+01 -2.782645e+01 
3.056489e+01 -2.788271e+01 
3.046515e+01 -2.793819e+01 
3.036541e+01 -2.799290e+01 
3.026567e+01 -2.804684e+01 
3.016592e+01 -2.810004e+01 
3.006618e+01 -2.815250e+01 
2.996643e+01 -2.820424e+01 
2.986668e+01 -2.825526e+01 
2.976693e+01 -2.830558e+01 
2.966717e+01 -2.835520e+01 
2.956742e+01 -2.840414e+01 
2.946766e+01 -2.845240e+01 
2.936791e+01 -2.850001e+01 
2.926815e+01 -2.854696e+01 
2.916838e+01 -2.859326e+01 
2.906862e+01 -2.863893e+01 
2.896886e+01 -2.868397e+01 
2.886909e+01 -2.872840e+01 
2.876932e+01 -2.877222e+01 
2.866955e+01 -2.881543e+01 
2.856978e+01 -2.885806e+01 
2.847001e+01 -2.890010e+01 
2.837023e+01 -2.894156e+01 
2.827046e+01 -2.898246e+01 
2.817068e+01 -2.902279e+01 
2.807090e+01 -2.906257e+01 
2.797112e+01 -2.910181e+01 
2.787133e+01 -2.914050e+01 
2.777155e+01 -2.917867e+01 
2.767176e+01 -2.921631e+01 
2.757198e+01 -2.925343e+01 
2.747219e+01 -2.929004e+01 
2.737239e+01 -2.932614e+01 
2.727260e+01 -2.936174e+01 
2.717281e+01 -2.939685e+01 
2.707301e+01 -2.943148e+01 
2.697321e+01 -2.946562e+01 
2.687341e+01 -2.949929e+01 
2.677361e+01 -2.953249e+01 
2.667381e+01 -2.956522e+01 
2.657401e+01 -2.959750e+01 
2.647420e+01 -2.962932e+01 
2.637439e+01 -2.966070e+01 
2.627459e+01 -2.969163e+01 
2.617478e+01 -2.972212e+01 
2.607497e+01 -2.975219e+01 
2.597515e+01 -2.978182e+01 
2.587534e+01 -2.981103e+01 
2.577552e+01 -2.983983e+01 
2.567570e+01 -2.986821e+01 
2.557589e+01 -2.989618e+01 
2.547607e+01 -2.992375e+01 
2.537625e+01 -2.995091e+01 
2.527642e+01 -2.997768e+01 
2.517660e+01 -3.000406e+01 
2.507677e+01 -3.003005e+01 
2.497695e+01 -3.005566e+01 
2.487712e+01 -3.008088e+01 
2.477734e+01 -3.010571e+01 
2.467758e+01 -3.013007e+01 
2.457782e+01 -3.015390e+01 
2.447806e+01 -3.017721e+01 
2.437830e+01 -3.020001e+01 
2.427853e+01 -3.022230e+01 
2.417877e+01 -3.024408e+01 
2.407901e+01 -3.026534e+01 
2.397925e+01 -3.028609e+01 
2.387949e+01 -3.030634e+01 
2.377973e+01 -3.032608e+01 
2.367997e+01 -3.034531e+01 
2.358021e+01 -3.036404e+01 
2.348045e+01 -3.038227e+01 
2.338069e+01 -3.039999e+01 
2.328093e+01 -3.041721e+01 
2.318117e+01 -3.043394e+01 
2.308141e+01 -3.045016e+01 
2.298165e+01 -3.046589e+01 
2.288189e+01 -3.048113e+01 
2.278213e+01 -3.049587e+01 
2.268237e+01 -3.051011e+01 
2.258261e+01 -3.052387e+01 
2.248284e+01 -3.053714e+01 
2.238308e+01 -3.054991e+01 
2.228332e+01 -3.056220e+01 
2.218356e+01 -3.057401e+01 
2.208380e+01 -3.058532e+01 
2.198404e+01 -3.059616e+01 
2.188427e+01 -3.060651e+01 
2.178451e+01 -3.061638e+01 
2.168475e+01 -3.062578e+01 
2.158498e+01 -3.063469e+01 
2.148522e+01 -3.064313e+01 
2.138545e+01 -3.065109e+01 
2.128569e+01 -3.065858e+01 
2.118592e+01 -3.066559e+01 
2.108616e+01 -3.067214e+01 
2.098639e+01 -3.067821e+01 
2.088662e+01 -3.068382e+01 
2.078686e+01 -3.068895e+01 
2.068709e+01 -3.069363e+01 
2.058732e+01 -3.069784e+01 
2.048755e+01 -3.070158e+01 
2.038778e+01 -3.070487e+01 
2.028801e+01 -3.070770e+01 
2.018824e+01 -3.071007e+01 
2.008847e+01 -3.071198e+01 
1.998869e+01 -3.071344e+01 
1.988892e+01 -3.071444e+01 
1.978914e+01 -3.071500e+01 
1.968937e+01 -3.071510e+01 
1.958959e+01 -3.071476e+01 
1.948981e+01 -3.071397e+01 
1.939004e+01 -3.071273e+01 
1.929026e+01 -3.071106e+01 
1.919048e+01 -3.070894e+01 
1.909070e+01 -3.070638e+01 
1.899091e+01 -3.070339e+01 
1.889113e+01 -3.069996e+01 
1.879135e+01 -3.069609e+01 
1.869156e+01 -3.069179e+01 
1.859178e+01 -3.068707e+01 
1.849199e+01 -3.068191e+01 
1.839220e+01 -3.067633e+01 
1.829241e+01 -3.067033e+01 
1.819265e+01 -3.066389e+01 
1.809295e+01 -3.065698e+01 
1.799325e+01 -3.064947e+01 
1.789355e+01 -3.064136e+01 
1.779385e+01 -3.063265e+01 
1.769415e+01 -3.062333e+01 
1.759445e+01 -3.061341e+01 
1.749474e+01 -3.060288e+01 
1.739504e+01 -3.059175e+01 
1.729534e+01 -3.058002e+01 
1.719563e+01 -3.056768e+01 
1.709593e+01 -3.055473e+01 
1.699623e+01 -3.054118e+01 
1.689652e+01 -3.052703e+01 
1.679681e+01 -3.051226e+01 
1.669711e+01 -3.049690e+01 
1.659740e+01 -3.048092e+01 
1.649769e+01 -3.046434e+01 
1.639798e+01 -3.044716e+01 
1.629827e+01 -3.042937e+01 
1.619856e+01 -3.041097e+01 
1.609884e+01 -3.039197e+01 
1.599913e+01 -3.037237e+01 
1.589941e+01 -3.035216e+01 
1.579970e+01 -3.033134e+01 
1.569998e+01 -3.030993e+01 
1.560026e+01 -3.028791e+01 
1.550054e+01 -3.026529e+01 
1.540081e+01 -3.024207e+01 
1.530109e+01 -3.021825e+01 
1.520136e+01 -3.019383e+01 
1.510163e+01 -3.016881e+01 
1.500190e+01 -3.014320e+01 
1.490217e+01 -3.011699e+01 
1.480244e+01 -3.009019e+01 
1.470270e+01 -3.006279e+01 
1.460297e+01 -3.003481e+01 
1.450323e+01 -3.000623e+01 
1.440349e+01 -2.997707e+01 
1.430374e+01 -2.994732e+01 
1.420400e+01 -2.991698e+01 
1.410425e+01 -2.988606e+01 
1.400450e+01 -2.985457e+01 
1.390475e+01 -2.982249e+01 
1.380500e+01 -2.978983e+01 
1.370524e+01 -2.975660e+01 
1.360548e+01 -2.972280e+01 
1.350572e+01 -2.968843e+01 
1.340598e+01 -2.965350e+01 
1.330625e+01 -2.961797e+01 
1.320652e+01 -2.958179e+01 
1.310681e+01 -2.954497e+01 
1.300717e+01 -2.950746e+01 
1.290753e+01 -2.946908e+01 
1.280788e+01 -2.942981e+01 
1.270823e+01 -2.938967e+01 
1.260858e+01 -2.934865e+01 
1.250892e+01 -2.930674e+01 
1.240925e+01 -2.926396e+01 
1.230955e+01 -2.922030e+01 
1.220985e+01 -2.917585e+01 
1.211012e+01 -2.913062e+01 
1.201040e+01 -2.908466e+01 
1.191067e+01 -2.903797e+01 
1.181093e+01 -2.899055e+01 
1.171120e+01 -2.894240e+01 
1.161146e+01 -2.889352e+01 
1.151172e+01 -2.884392e+01 
1.141198e+01 -2.879359e+01 
1.131223e+01 -2.874253e+01 
1.121248e+01 -2.869075e+01 
1.111273e+01 -2.863825e+01 
1.101298e+01 -2.858503e+01 
1.091322e+01 -2.853109e+01 
1.081346e+01 -2.847643e+01 
1.071369e+01 -2.842107e+01 
1.061393e+01 -2.836500e+01 
1.051415e+01 -2.830822e+01 
1.041438e+01 -2.825074e+01 
1.031460e+01 -2.819257e+01 
1.021482e+01 -2.813370e+01 
1.011504e+01 -2.807415e+01 
1.001525e+01 -2.801391e+01 
9.915455e+00 -2.795300e+01 
9.815659e+00 -2.789141e+01 
9.715859e+00 -2.782916e+01 
9.616056e+00 -2.776625e+01 
9.516279e+00 -2.770270e+01 
9.416602e+00 -2.763847e+01 
9.316925e+00 -2.757315e+01 
9.217246e+00 -2.750672e+01 
9.117562e+00 -2.743917e+01 
9.017875e+00 -2.737050e+01 
8.918191e+00 -2.730070e+01 
8.818533e+00 -2.722976e+01 
8.718885e+00 -2.715757e+01 
8.619235e+00 -2.708403e+01 
8.519582e+00 -2.700914e+01 
8.419924e+00 -2.693288e+01 
8.320264e+00 -2.685524e+01 
8.220600e+00 -2.677621e+01 
8.120933e+00 -2.669577e+01 
8.021263e+00 -2.661390e+01 
7.921589e+00 -2.653058e+01 
7.821911e+00 -2.644581e+01 
7.722230e+00 -2.635957e+01 
7.622545e+00 -2.627184e+01 
7.522857e+00 -2.618260e+01 
7.423166e+00 -2.609184e+01 
7.323470e+00 -2.599954e+01 
7.223771e+00 -2.590567e+01 
7.124068e+00 -2.581024e+01 
7.024338e+00 -2.571318e+01 
6.924577e+00 -2.561462e+01 
6.824921e+00 -2.551482e+01 
6.726367e+00 -2.541500e+01 
6.628789e+00 -2.531517e+01 
6.532152e+00 -2.521534e+01 
6.436421e+00 -2.511551e+01 
6.341565e+00 -2.501567e+01 
6.247555e+00 -2.491583e+01 
6.154360e+00 -2.481599e+01 
6.061954e+00 -2.471614e+01 
5.970312e+00 -2.461629e+01 
5.879411e+00 -2.451644e+01 
5.789278e+00 -2.441662e+01 
5.700062e+00 -2.431683e+01 
5.611824e+00 -2.421703e+01 
5.524512e+00 -2.411722e+01 
5.438075e+00 -2.401740e+01 
5.352466e+00 -2.391757e+01 
5.267642e+00 -2.381774e+01 
5.183582e+00 -2.371793e+01 
5.100438e+00 -2.361822e+01 
5.018647e+00 -2.351860e+01 
4.938451e+00 -2.341896e+01 
4.859782e+00 -2.331933e+01 
4.782580e+00 -2.321968e+01 
4.706780e+00 -2.312002e+01 
4.632322e+00 -2.302036e+01 
4.559146e+00 -2.292069e+01 
4.487204e+00 -2.282101e+01 
4.416442e+00 -2.272132e+01 
4.346808e+00 -2.262162e+01 
4.278255e+00 -2.252192e+01 
4.210742e+00 -2.242220e+01 
4.144223e+00 -2.232248e+01 
4.078656e+00 -2.222275e+01 
4.014007e+00 -2.212301e+01 
3.950234e+00 -2.202327e+01 
3.887301e+00 -2.192352e+01 
3.825179e+00 -2.182376e+01 
3.763830e+00 -2.172399e+01 
3.703227e+00 -2.162422e+01 
3.643339e+00 -2.152443e+01 
3.584136e+00 -2.142465e+01 
3.525596e+00 -2.132485e+01 
3.467689e+00 -2.122505e+01 
3.410392e+00 -2.112525e+01 
3.353682e+00 -2.102543e+01 
3.297535e+00 -2.092562e+01 
3.241931e+00 -2.082579e+01 
3.186850e+00 -2.072597e+01 
3.132282e+00 -2.062613e+01 
3.078181e+00 -2.052628e+01 
3.024517e+00 -2.042644e+01 
2.971343e+00 -2.032663e+01 
2.918754e+00 -2.022685e+01 
2.866799e+00 -2.012708e+01 
2.815485e+00 -2.002730e+01 
2.764790e+00 -1.992752e+01 
2.714710e+00 -1.982774e+01 
2.665242e+00 -1.972796e+01 
2.616382e+00 -1.962818e+01 
2.568127e+00 -1.952840e+01 
2.520473e+00 -1.942862e+01 
2.473415e+00 -1.932884e+01 
2.426947e+00 -1.922906e+01 
2.381064e+00 -1.912928e+01 
2.335761e+00 -1.902950e+01 
2.291032e+00 -1.892971e+01 
2.246870e+00 -1.882993e+01 
2.203270e+00 -1.873015e+01 
2.160254e+00 -1.863041e+01 
2.117925e+00 -1.853071e+01 
2.076374e+00 -1.843101e+01 
2.035582e+00 -1.833131e+01 
1.995523e+00 -1.823160e+01 
1.956174e+00 -1.813187e+01 
1.917510e+00 -1.803215e+01 
1.879510e+00 -1.793241e+01 
1.842151e+00 -1.783267e+01 
1.805408e+00 -1.773291e+01 
1.769248e+00 -1.763313e+01 
1.733604e+00 -1.753332e+01 
1.698411e+00 -1.743350e+01 
1.663638e+00 -1.733367e+01 
1.629268e+00 -1.723384e+01 
1.595284e+00 -1.713400e+01 
1.561673e+00 -1.703415e+01 
1.528420e+00 -1.693430e+01 
1.495521e+00 -1.683446e+01 
1.463028e+00 -1.673469e+01 
1.431082e+00 -1.663498e+01 
1.399785e+00 -1.653525e+01 
1.369115e+00 -1.643551e+01 
1.339037e+00 -1.633576e+01 
1.309521e+00 -1.623600e+01 
1.280534e+00 -1.613622e+01 
1.252028e+00 -1.603641e+01 
1.223955e+00 -1.593659e+01 
1.196286e+00 -1.583676e+01 
1.168992e+00 -1.573692e+01 
1.142046e+00 -1.563707e+01 
1.115424e+00 -1.553720e+01 
1.089101e+00 -1.543733e+01 
1.063065e+00 -1.533747e+01 
1.037326e+00 -1.523762e+01 
1.011932e+00 -1.513779e+01 
9.869177e-01 -1.503797e+01 
9.622694e-01 -1.493810e+01 
9.379056e-01 -1.483818e+01 
9.137128e-01 -1.473826e+01 
8.896932e-01 -1.463837e+01 
8.659300e-01 -1.453850e+01 
8.424349e-01 -1.443861e+01 
8.191855e-01 -1.433873e+01 
7.961941e-01 -1.423887e+01 
7.735095e-01 -1.413903e+01 
7.511760e-01 -1.403921e+01 
7.292357e-01 -1.393942e+01 
7.077373e-01 -1.383964e+01 
6.867152e-01 -1.373987e+01 
6.661961e-01 -1.364011e+01 
6.461707e-01 -1.354033e+01 
6.266247e-01 -1.344057e+01 
6.075800e-01 -1.334082e+01 
5.890624e-01 -1.324107e+01 
5.710710e-01 -1.314132e+01 
5.536048e-01 -1.304157e+01 
5.366644e-01 -1.294184e+01 
5.202735e-01 -1.284210e+01 
5.044269e-01 -1.274236e+01 
4.891080e-01 -1.264261e+01 
4.742998e-01 -1.254284e+01 
4.599934e-01 -1.244318e+01 
4.463773e-01 -1.234354e+01 
4.334957e-01 -1.224382e+01 
4.211887e-01 -1.214408e+01 
4.094051e-01 -1.204431e+01 
3.980825e-01 -1.194451e+01 
3.871677e-01 -1.184472e+01 
3.766741e-01 -1.174492e+01 
3.665997e-01 -1.164516e+01 
3.570114e-01 -1.154540e+01 
3.479015e-01 -1.144559e+01 
3.391676e-01 -1.134576e+01 
3.307839e-01 -1.124592e+01 
3.227227e-01 -1.114607e+01 
3.149549e-01 -1.104620e+01 
3.074560e-01 -1.094633e+01 
3.002118e-01 -1.084645e+01 
2.931966e-01 -1.074650e+01 
2.862880e-01 -1.064653e+01 
2.794493e-01 -1.054658e+01 
2.727052e-01 -1.044662e+01 
2.660349e-01 -1.034667e+01 
2.594691e-01 -1.024674e+01 
2.530476e-01 -1.014682e+01 
2.467846e-01 -1.004690e+01 
2.406865e-01 -9.946986e+00 
2.347593e-01 -9.847075e+00 
2.290089e-01 -9.747148e+00 
2.234067e-01 -9.647229e+00 
2.179669e-01 -9.547319e+00 
2.127054e-01 -9.447357e+00 
2.075178e-01 -9.347363e+00 
2.023453e-01 -9.247414e+00 
1.972749e-01 -9.147490e+00 
1.923569e-01 -9.047559e+00 
1.875772e-01 -8.947621e+00 
1.829225e-01 -8.847677e+00 
1.783796e-01 -8.747727e+00 
1.739361e-01 -8.647770e+00 
1.695795e-01 -8.547807e+00 
1.652957e-01 -8.447830e+00 
1.610576e-01 -8.347837e+00 
1.568336e-01 -8.247834e+00 
1.526014e-01 -8.147814e+00 
1.483275e-01 -8.047757e+00 
1.439423e-01 -7.947730e+00 
1.395041e-01 -7.847760e+00 
1.351274e-01 -7.747804e+00 
1.308395e-01 -7.647861e+00 
1.266985e-01 -7.549095e+00 
1.250000e-01 -7.449947e+00 
1.250000e-01 -7.349947e+00 
1.250000e-01 -7.249947e+00 
1.250000e-01 -7.149947e+00 
1.250000e-01 -7.049947e+00 
1.250000e-01 -6.949947e+00 
1.250000e-01 -6.849947e+00 
1.250000e-01 -6.749947e+00 
1.250000e-01 -6.649947e+00 
1.250000e-01 -6.549947e+00 
1.250000e-01 -6.449947e+00 
1.250000e-01 -6.349947e+00 
1.250000e-01 -6.249947e+00 
1.250000e-01 -6.149947e+00 
1.250000e-01 -6.049947e+00 
1.250000e-01 -5.949947e+00 
1.250000e-01 -5.849947e+00 
1.250000e-01 -5.749947e+00 
1.250000e-01 -5.649947e+00 
1.250000e-01 -5.549947e+00 
1.250000e-01 -5.449947e+00 
1.250000e-01 -5.349947e+00 
1.250000e-01 -5.249947e+00 
1.250000e-01 -5.149947e+00 
1.250000e-01 -5.049947e+00 
1.250000e-01 -4.949947e+00 
1.250000e-01 -4.849947e+00 
1.250000e-01 -4.749947e+00 
1.250000e-01 -4.649947e+00 
1.250000e-01 -4.549947e+00 
1.250000e-01 -4.449947e+00 
1.250000e-01 -4.349947e+00 
1.250000e-01 -4.249947e+00 
1.250000e-01 -4.149947e+00 
1.250000e-01 -4.049947e+00 
1.250000e-01 -3.949947e+00 
1.250000e-01 -3.849947e+00 
1.250000e-01 -3.749947e+00 
1.250000e-01 -3.649947e+00 
1.250000e-01 -3.549947e+00 
1.250000e-01 -3.449947e+00 
1.250000e-01 -3.349947e+00 
1.250000e-01 -3.249947e+00 
1.250000e-01 -3.149947e+00 
1.250000e-01 -3.049947e+00 
1.250000e-01 -2.949947e+00 
1.250000e-01 -2.849947e+00 
1.250000e-01 -2.749947e+00 
1.250000e-01 -2.649947e+00 
1.250000e-01 -2.549947e+00 
1.250000e-01 -2.449947e+00 
1.250000e-01 -2.349947e+00 
1.250000e-01 -2.249947e+00 
1.250000e-01 -2.149947e+00 
1.250000e-01 -2.049947e+00 
1.250000e-01 -1.949947e+00 
1.250000e-01 -1.849947e+00 
1.250000e-01 -1.749947e+00 
1.250000e-01 -1.649947e+00 
1.250000e-01 -1.549947e+00 
1.250000e-01 -1.449947e+00 
1.250000e-01 -1.349947e+00 
1.250000e-01 -1.249947e+00 
1.250000e-01 -1.149947e+00 
1.250000e-01 -1.049947e+00 
1.250000e-01 -9.499474e-01 
1.250000e-01 -8.499474e-01 
1.250000e-01 -7.499474e-01 
1.250000e-01 -6.499474e-01 
1.250000e-01 -5.499474e-01 
1.250000e-01 -4.499474e-01 
1.250000e-01 -3.499474e-01 
1.250000e-01 -2.499474e-01 
1.250000e-01 -1.499474e-01 
1.250000e-01 -4.994736e-02 
1.250000e-01 4.994736e-02 
1.250000e-01 1.499474e-01 
1.250000e-01 2.499474e-01 
1.250000e-01 3.499474e-01 
1.250000e-01 4.499474e-01 
1.250000e-01 5.499474e-01 
1.250000e-01 6.499474e-01 
1.250000e-01 7.499474e-01 
1.250000e-01 8.499474e-01 
1.250000e-01 9.499474e-01 
1.250000e-01 1.049947e+00 
1.250000e-01 1.149947e+00 
1.250000e-01 1.249947e+00 
1.250000e-01 1.349947e+00 
1.250000e-01 1.449947e+00 
1.250000e-01 1.549947e+00 
1.250000e-01 1.649947e+00 
1.250000e-01 1.749947e+00 
1.250000e-01 1.849947e+00 
1.250000e-01 1.949947e+00 
1.250000e-01 2.049947e+00 
1.250000e-01 2.149947e+00 
1.250000e-01 2.249947e+00 
1.250000e-01 2.349947e+00 
1.250000e-01 2.449947e+00 
1.250000e-01 2.549947e+00 
1.250000e-01 2.649947e+00 
1.250000e-01 2.749947e+00 
1.250000e-01 2.849947e+00 
1.250000e-01 2.949947e+00 
1.250000e-01 3.049947e+00 
1.250000e-01 3.149947e+00 
1.250000e-01 3.249947e+00 
1.250000e-01 3.349947e+00 
1.250000e-01 3.449947e+00 
1.250000e-01 3.549947e+00 
1.250000e-01 3.649947e+00 
1.250000e-01 3.749947e+00 
1.250000e-01 3.849947e+00 
1.250000e-01 3.949947e+00 
1.250000e-01 4.049947e+00 
1.250000e-01 4.149947e+00 
1.250000e-01 4.249947e+00 
1.250000e-01 4.349947e+00 
1.250000e-01 4.449947e+00 
1.250000e-01 4.549947e+00 
1.250000e-01 4.649947e+00 
1.250000e-01 4.749947e+00 
1.250000e-01 4.849947e+00 
1.250000e-01 4.949947e+00 
1.250000e-01 5.049947e+00 
1.250000e-01 5.149947e+00 
1.250000e-01 5.249947e+00 
1.250000e-01 5.349947e+00 
1.250000e-01 5.449947e+00 
1.250000e-01 5.549947e+00 
1.250000e-01 5.649947e+00 
1.250000e-01 5.749947e+00 
1.250000e-01 5.849947e+00 
1.250000e-01 5.949947e+00 
1.250000e-01 6.049947e+00 
1.250000e-01 6.149947e+00 
1.250000e-01 6.249947e+00 
1.250000e-01 6.349947e+00 
1.250000e-01 6.449947e+00 
1.250000e-01 6.549947e+00 
1.250000e-01 6.649947e+00 
1.250000e-01 6.749947e+00 
1.250000e-01 6.849947e+00 
1.250000e-01 6.949947e+00 
1.250000e-01 7.049947e+00 
1.250000e-01 7.149947e+00 
1.250000e-01 7.249947e+00 
1.250000e-01 7.349947e+00 
1.249927e-01 7.449095e+00 
1.266622e-01 7.547861e+00 
1.308371e-01 7.647804e+00 
1.351255e-01 7.747760e+00 
1.395027e-01 7.847730e+00 
1.439435e-01 7.947757e+00 
1.483299e-01 8.047814e+00 
1.526022e-01 8.147834e+00 
1.568338e-01 8.247837e+00 
1.610572e-01 8.347830e+00 
1.652947e-01 8.447807e+00 
1.695779e-01 8.547770e+00 
1.739342e-01 8.647727e+00 
1.783774e-01 8.747677e+00 
1.829199e-01 8.847621e+00 
1.875743e-01 8.947559e+00 
1.923535e-01 9.047490e+00 
1.972711e-01 9.147414e+00 
2.023427e-01 9.247363e+00 
2.075175e-01 9.347357e+00 
2.127035e-01 9.447319e+00 
2.179620e-01 9.547229e+00 
2.234022e-01 9.647148e+00 
2.290047e-01 9.747075e+00 
2.347541e-01 9.846986e+00 
2.406813e-01 9.946901e+00 
2.467796e-01 1.004682e+01 
2.530426e-01 1.014674e+01 
2.594645e-01 1.024667e+01 
2.660315e-01 1.034662e+01 
2.727027e-01 1.044658e+01 
2.794461e-01 1.054653e+01 
2.862856e-01 1.064650e+01 
2.931929e-01 1.074645e+01 
3.002035e-01 1.084633e+01 
3.074466e-01 1.094620e+01 
3.149447e-01 1.104607e+01 
3.227112e-01 1.114592e+01 
3.307707e-01 1.124576e+01 
2.311214e-01 1.125413e+01 
2.230354e-01 1.115397e+01 
2.152458e-01 1.105382e+01 
2.077273e-01 1.095369e+01 
2.004655e-01 1.085356e+01 
1.934383e-01 1.075345e+01 
1.865236e-01 1.065339e+01 
1.796793e-01 1.055336e+01 
1.729295e-01 1.045331e+01 
1.662534e-01 1.035328e+01 
1.596796e-01 1.025323e+01 
1.532485e-01 1.015315e+01 
1.469754e-01 1.005308e+01 
1.408671e-01 9.952993e+00 
1.349296e-01 9.852908e+00 
1.291699e-01 9.752820e+00 
1.235590e-01 9.652746e+00 
1.181099e-01 9.552666e+00 
1.128417e-01 9.452575e+00 
1.076518e-01 9.352538e+00 
1.024763e-01 9.252531e+00 
9.739963e-02 9.152481e+00 
9.247442e-02 9.052405e+00 
8.768843e-02 8.952336e+00 
8.302817e-02 8.852274e+00 
7.848054e-02 8.752218e+00 
7.403285e-02 8.652168e+00 
6.967276e-02 8.552124e+00 
6.538638e-02 8.452088e+00 
6.114695e-02 8.352065e+00 
5.692287e-02 8.252057e+00 
5.269161e-02 8.152061e+00 
4.842104e-02 8.052081e+00 
4.403944e-02 7.952137e+00 
3.960113e-02 7.852165e+00 
3.522123e-02 7.752135e+00 
3.092904e-02 7.652091e+00 
2.674935e-02 7.552034e+00 
2.500727e-02 7.450800e+00 
2.500000e-02 7.349947e+00 
2.500000e-02 7.249947e+00 
2.500000e-02 7.149947e+00 
2.500000e-02 7.049947e+00 
2.500000e-02 6.949947e+00 
2.500000e-02 6.849947e+00 
2.500000e-02 6.749947e+00 
2.500000e-02 6.649947e+00 
2.500000e-02 6.549947e+00 
2.500000e-02 6.449947e+00 
2.500000e-02 6.349947e+00 
2.500000e-02 6.249947e+00 
2.500000e-02 6.149947e+00 
2.500000e-02 6.049947e+00 
2.500000e-02 5.949947e+00 
2.500000e-02 5.849947e+00 
2.500000e-02 5.749947e+00 
2.500000e-02 5.649947e+00 
2.500000e-02 5.549947e+00 
2.500000e-02 5.449947e+00 
2.500000e-02 5.349947e+00 
2.500000e-02 5.249947e+00 
2.500000e-02 5.149947e+00 
2.500000e-02 5.049947e+00 
2.500000e-02 4.949947e+00 
2.500000e-02 4.849947e+00 
2.500000e-02 4.749947e+00 
2.500000e-02 4.649947e+00 
2.500000e-02 4.549947e+00 
2.500000e-02 4.449947e+00 
2.500000e-02 4.349947e+00 
2.500000e-02 4.249947e+00 
2.500000e-02 4.149947e+00 
2.500000e-02 4.049947e+00 
2.500000e-02 3.949947e+00 
2.500000e-02 3.849947e+00 
2.500000e-02 3.749947e+00 
2.500000e-02 3.649947e+00 
2.500000e-02 3.549947e+00 
2.500000e-02 3.449947e+00 
2.500000e-02 3.349947e+00 
2.500000e-02 3.249947e+00 
2.500000e-02 3.149947e+00 
2.500000e-02 3.049947e+00 
2.500000e-02 2.949947e+00 
2.500000e-02 2.849947e+00 
2.500000e-02 2.749947e+00 
2.500000e-02 2.649947e+00 
2.500000e-02 2.549947e+00 
2.500000e-02 2.449947e+00 
2.500000e-02 2.349947e+00 
2.500000e-02 2.249947e+00 
2.500000e-02 2.149947e+00 
2.500000e-02 2.049947e+00 
2.500000e-02 1.949947e+00 
2.500000e-02 1.849947e+00 
2.500000e-02 1.749947e+00 
2.500000e-02 1.649947e+00 
2.500000e-02 1.549947e+00 
2.500000e-02 1.449947e+00 
2.500000e-02 1.349947e+00 
2.500000e-02 1.249947e+00 
2.500000e-02 1.149947e+00 
2.500000e-02 1.049947e+00 
2.500000e-02 9.499474e-01 
2.500000e-02 8.499474e-01 
2.500000e-02 7.499474e-01 
2.500000e-02 6.499474e-01 
2.500000e-02 5.499474e-01 
2.500000e-02 4.499474e-01 
2.500000e-02 3.499474e-01 
2.500000e-02 2.499474e-01 
2.500000e-02 1.499474e-01 
2.500000e-02 4.994736e-02 
2.500000e-02 -4.994736e-02 
2.500000e-02 -1.499474e-01 
2.500000e-02 -2.499474e-01 
2.500000e-02 -3.499474e-01 
2.500000e-02 -4.499474e-01 
2.500000e-02 -5.499474e-01 
2.500000e-02 -6.499474e-01 
2.500000e-02 -7.499474e-01 
2.500000e-02 -8.499474e-01 
2.500000e-02 -9.499474e-01 
2.500000e-02 -1.049947e+00 
2.500000e-02 -1.149947e+00 
2.500000e-02 -1.249947e+00 
2.500000e-02 -1.349947e+00 
2.500000e-02 -1.449947e+00 
2.500000e-02 -1.549947e+00 
2.500000e-02 -1.649947e+00 
2.500000e-02 -1.749947e+00 
2.500000e-02 -1.849947e+00 
2.500000e-02 -1.949947e+00 
2.500000e-02 -2.049947e+00 
2.500000e-02 -2.149947e+00 
2.500000e-02 -2.249947e+00 
2.500000e-02 -2.349947e+00 
2.500000e-02 -2.449947e+00 
2.500000e-02 -2.549947e+00 
2.500000e-02 -2.649947e+00 
2.500000e-02 -2.749947e+00 
2.500000e-02 -2.849947e+00 
2.500000e-02 -2.949947e+00 
2.500000e-02 -3.049947e+00 
2.500000e-02 -3.149947e+00 
2.500000e-02 -3.249947e+00 
2.500000e-02 -3.349947e+00 
2.500000e-02 -3.449947e+00 
2.500000e-02 -3.549947e+00 
2.500000e-02 -3.649947e+00 
2.500000e-02 -3.749947e+00 
2.500000e-02 -3.849947e+00 
2.500000e-02 -3.949947e+00 
2.500000e-02 -4.049947e+00 
2.500000e-02 -4.149947e+00 
2.500000e-02 -4.249947e+00 
2.500000e-02 -4.349947e+00 
2.500000e-02 -4.449947e+00 
2.500000e-02 -4.549947e+00 
2.500000e-02 -4.649947e+00 
2.500000e-02 -4.749947e+00 
2.500000e-02 -4.849947e+00 
2.500000e-02 -4.949947e+00 
2.500000e-02 -5.049947e+00 
2.500000e-02 -5.149947e+00 
2.500000e-02 -5.249947e+00 
2.500000e-02 -5.349947e+00 
2.500000e-02 -5.449947e+00 
2.500000e-02 -5.549947e+00 
2.500000e-02 -5.649947e+00 
2.500000e-02 -5.749947e+00 
2.500000e-02 -5.849947e+00 
2.500000e-02 -5.949947e+00 
2.500000e-02 -6.049947e+00 
2.500000e-02 -6.149947e+00 
2.500000e-02 -6.249947e+00 
2.500000e-02 -6.349947e+00 
2.500000e-02 -6.449947e+00 
2.500000e-02 -6.549947e+00 
2.500000e-02 -6.649947e+00 
2.500000e-02 -6.749947e+00 
2.500000e-02 -6.849947e+00 
2.500000e-02 -6.949947e+00 
2.500000e-02 -7.049947e+00 
2.500000e-02 -7.149947e+00 
2.500000e-02 -7.249947e+00 
2.500000e-02 -7.349947e+00 
2.500000e-02 -7.449947e+00 
2.671305e-02 -7.550800e+00 
3.092665e-02 -7.652034e+00 
3.521932e-02 -7.752091e+00 
3.959979e-02 -7.852135e+00 
4.404066e-02 -7.952165e+00 
4.842347e-02 -8.052137e+00 
5.269246e-02 -8.152081e+00 
5.692304e-02 -8.252061e+00 
6.114664e-02 -8.352057e+00 
6.538540e-02 -8.452065e+00 
6.967118e-02 -8.552088e+00 
7.403094e-02 -8.652124e+00 
7.847831e-02 -8.752168e+00 
8.302559e-02 -8.852218e+00 
8.768548e-02 -8.952274e+00 
9.247106e-02 -9.052336e+00 
9.739583e-02 -9.152405e+00 
1.024737e-01 -9.252481e+00 
1.076515e-01 -9.352531e+00 
1.128397e-01 -9.452538e+00 
1.181051e-01 -9.552575e+00 
1.235545e-01 -9.652666e+00 
1.291657e-01 -9.752746e+00 
1.349245e-01 -9.852820e+00 
1.408620e-01 -9.952908e+00 
1.469704e-01 -1.005299e+01 
1.532435e-01 -1.015308e+01 
1.596750e-01 -1.025315e+01 
1.662500e-01 -1.035323e+01 
1.729271e-01 -1.045328e+01 
1.796761e-01 -1.055331e+01 
1.865212e-01 -1.065336e+01 
1.934346e-01 -1.075339e+01 
2.004572e-01 -1.085345e+01 
2.077180e-01 -1.095356e+01 
2.152356e-01 -1.105369e+01 
2.230239e-01 -1.115382e+01 
2.311081e-01 -1.125397e+01 
2.395183e-01 -1.135413e+01 
2.482820e-01 -1.145431e+01 
2.574253e-01 -1.155449e+01 
2.670584e-01 -1.165473e+01 
2.771800e-01 -1.175497e+01 
2.877160e-01 -1.185518e+01 
2.986752e-01 -1.195538e+01 
3.100425e-01 -1.205558e+01 
3.218789e-01 -1.215581e+01 
3.342483e-01 -1.225607e+01 
3.472013e-01 -1.235635e+01 
3.609141e-01 -1.245672e+01 
3.753142e-01 -1.255705e+01 
3.901917e-01 -1.265729e+01 
4.055855e-01 -1.275754e+01 
4.215120e-01 -1.285779e+01 
4.379880e-01 -1.295806e+01 
4.550167e-01 -1.305832e+01 
4.725696e-01 -1.315857e+01 
4.906502e-01 -1.325882e+01 
5.092598e-01 -1.335907e+01 
5.283989e-01 -1.345932e+01 
5.480364e-01 -1.355956e+01 
5.681513e-01 -1.365979e+01 
5.887653e-01 -1.376002e+01 
6.098860e-01 -1.386026e+01 
6.314790e-01 -1.396048e+01 
6.535085e-01 -1.406068e+01 
6.759221e-01 -1.416086e+01 
6.986795e-01 -1.426103e+01 
7.217349e-01 -1.436117e+01 
7.450385e-01 -1.446128e+01 
7.685866e-01 -1.456140e+01 
7.924089e-01 -1.466152e+01 
8.164846e-01 -1.476164e+01 
8.407136e-01 -1.486171e+01 
8.651158e-01 -1.496179e+01 
8.898313e-01 -1.506193e+01 
9.149308e-01 -1.516210e+01 
9.404127e-01 -1.526227e+01 
9.662313e-01 -1.536243e+01 
9.923355e-01 -1.546256e+01 
1.018726e+00 -1.556269e+01 
1.045421e+00 -1.566283e+01 
1.072445e+00 -1.576297e+01 
1.099825e+00 -1.586313e+01 
1.127588e+00 -1.596330e+01 
1.155763e+00 -1.606348e+01 
1.184379e+00 -1.616368e+01 
1.213491e+00 -1.626390e+01 
1.243146e+00 -1.636413e+01 
1.273373e+00 -1.646438e+01 
1.304202e+00 -1.656464e+01 
1.335670e+00 -1.666492e+01 
1.367795e+00 -1.676520e+01 
1.400437e+00 -1.686543e+01 
1.433444e+00 -1.696560e+01 
1.466796e+00 -1.706575e+01 
1.500510e+00 -1.716590e+01 
1.534601e+00 -1.726606e+01 
1.569085e+00 -1.736622e+01 
1.603976e+00 -1.746639e+01 
1.639293e+00 -1.756657e+01 
1.675073e+00 -1.766676e+01 
1.711391e+00 -1.776698e+01 
1.748314e+00 -1.786723e+01 
1.785864e+00 -1.796748e+01 
1.824063e+00 -1.806775e+01 
1.862935e+00 -1.816802e+01 
1.902502e+00 -1.826830e+01 
1.942789e+00 -1.836859e+01 
1.983820e+00 -1.846888e+01 
2.025620e+00 -1.856918e+01 
2.068207e+00 -1.866949e+01 
2.111446e+00 -1.876975e+01 
2.155235e+00 -1.886997e+01 
2.199588e+00 -1.897018e+01 
2.244510e+00 -1.907040e+01 
2.290010e+00 -1.917062e+01 
2.336092e+00 -1.927084e+01 
2.382762e+00 -1.937106e+01 
2.430027e+00 -1.947128e+01 
2.477890e+00 -1.957150e+01 
2.526357e+00 -1.967172e+01 
2.575431e+00 -1.977194e+01 
2.625116e+00 -1.987216e+01 
2.675415e+00 -1.997238e+01 
2.726331e+00 -2.007259e+01 
2.777870e+00 -2.017281e+01 
2.830058e+00 -2.027304e+01 
2.882877e+00 -2.037326e+01 
2.936262e+00 -2.047346e+01 
2.990098e+00 -2.057362e+01 
3.044359e+00 -2.067377e+01 
3.099101e+00 -2.077393e+01 
3.154375e+00 -2.087410e+01 
3.210173e+00 -2.097428e+01 
3.266524e+00 -2.107446e+01 
3.323446e+00 -2.117465e+01 
3.380963e+00 -2.127484e+01 
3.439101e+00 -2.137504e+01 
3.497881e+00 -2.147525e+01 
3.557336e+00 -2.157546e+01 
3.617484e+00 -2.167568e+01 
3.678361e+00 -2.177590e+01 
3.739995e+00 -2.187614e+01 
3.802414e+00 -2.197638e+01 
3.865658e+00 -2.207663e+01 
3.929754e+00 -2.217688e+01 
3.994742e+00 -2.227714e+01 
4.060664e+00 -2.237742e+01 
4.127551e+00 -2.247769e+01 
4.195449e+00 -2.257798e+01 
4.264405e+00 -2.267828e+01 
4.334458e+00 -2.277858e+01 
4.405658e+00 -2.287889e+01 
4.478059e+00 -2.297921e+01 
4.551712e+00 -2.307954e+01 
4.626668e+00 -2.317987e+01 
4.702986e+00 -2.328022e+01 
4.780730e+00 -2.338057e+01 
4.859965e+00 -2.348093e+01 
4.940747e+00 -2.358130e+01 
5.023148e+00 -2.368167e+01 
5.106781e+00 -2.378197e+01 
5.191152e+00 -2.388216e+01 
5.276259e+00 -2.398232e+01 
5.362166e+00 -2.408250e+01 
5.448916e+00 -2.418268e+01 
5.536558e+00 -2.428287e+01 
5.625144e+00 -2.438307e+01 
5.714726e+00 -2.448327e+01 
5.805193e+00 -2.458346e+01 
5.896365e+00 -2.468361e+01 
5.988280e+00 -2.478376e+01 
6.080967e+00 -2.488391e+01 
6.174451e+00 -2.498406e+01 
6.268761e+00 -2.508422e+01 
6.363925e+00 -2.518439e+01 
6.459973e+00 -2.528455e+01 
6.556939e+00 -2.538472e+01 
6.654855e+00 -2.548490e+01 
6.753760e+00 -2.558508e+01 
6.853815e+00 -2.568528e+01 
6.954054e+00 -2.578432e+01 
7.054324e+00 -2.588190e+01 
7.154621e+00 -2.597791e+01 
7.254922e+00 -2.607234e+01 
7.355227e+00 -2.616522e+01 
7.455535e+00 -2.625654e+01 
7.555847e+00 -2.634635e+01 
7.656162e+00 -2.643464e+01 
7.756481e+00 -2.652144e+01 
7.856803e+00 -2.660676e+01 
7.957129e+00 -2.669062e+01 
8.057459e+00 -2.677304e+01 
8.157792e+00 -2.685403e+01 
8.258128e+00 -2.693360e+01 
8.358468e+00 -2.701177e+01 
8.458811e+00 -2.708856e+01 
8.559157e+00 -2.716397e+01 
8.659507e+00 -2.723803e+01 
8.759859e+00 -2.731074e+01 
8.860202e+00 -2.738217e+01 
8.960517e+00 -2.745241e+01 
9.060830e+00 -2.752152e+01 
9.161147e+00 -2.758950e+01 
9.261467e+00 -2.765637e+01 
9.361790e+00 -2.772211e+01 
9.462113e+00 -2.778676e+01 
9.562336e+00 -2.785059e+01 
9.662533e+00 -2.791375e+01 
9.762734e+00 -2.797626e+01 
9.862937e+00 -2.803809e+01 
9.963145e+00 -2.809926e+01 
1.006336e+01 -2.815976e+01 
1.016357e+01 -2.821957e+01 
1.026379e+01 -2.827869e+01 
1.036401e+01 -2.833713e+01 
1.046424e+01 -2.839487e+01 
1.056447e+01 -2.845191e+01 
1.066470e+01 -2.850824e+01 
1.076493e+01 -2.856387e+01 
1.086517e+01 -2.861879e+01 
1.096541e+01 -2.867299e+01 
1.106566e+01 -2.872648e+01 
1.116591e+01 -2.877924e+01 
1.126616e+01 -2.883128e+01 
1.136641e+01 -2.888260e+01 
1.146667e+01 -2.893320e+01 
1.156693e+01 -2.898306e+01 
1.166719e+01 -2.903220e+01 
1.176746e+01 -2.908060e+01 
1.186773e+01 -2.912828e+01 
1.196800e+01 -2.917522e+01 
1.206827e+01 -2.922144e+01 
1.216854e+01 -2.926692e+01 
1.226884e+01 -2.931163e+01 
1.236914e+01 -2.935556e+01 
1.246947e+01 -2.939863e+01 
1.256981e+01 -2.944083e+01 
1.267016e+01 -2.948214e+01 
1.277051e+01 -2.952257e+01 
1.287087e+01 -2.956211e+01 
1.297122e+01 -2.960078e+01 
1.307158e+01 -2.963856e+01 
1.317188e+01 -2.967560e+01 
1.327214e+01 -2.971197e+01 
1.337242e+01 -2.974770e+01 
1.347267e+01 -2.978281e+01 
1.357291e+01 -2.981735e+01 
1.367315e+01 -2.985131e+01 
1.377339e+01 -2.988471e+01 
1.387364e+01 -2.991752e+01 
1.397389e+01 -2.994976e+01 
1.407414e+01 -2.998142e+01 
1.417439e+01 -3.001250e+01 
1.427465e+01 -3.004299e+01 
1.437490e+01 -3.007289e+01 
1.447516e+01 -3.010221e+01 
1.457542e+01 -3.013094e+01 
1.467569e+01 -3.015907e+01 
1.477595e+01 -3.018662e+01 
1.487622e+01 -3.021356e+01 
1.497649e+01 -3.023992e+01 
1.507676e+01 -3.026567e+01 
1.517703e+01 -3.029082e+01 
1.527730e+01 -3.031538e+01 
1.537758e+01 -3.033933e+01 
1.547786e+01 -3.036268e+01 
1.557814e+01 -3.038543e+01 
1.567842e+01 -3.040757e+01 
1.577870e+01 -3.042911e+01 
1.587898e+01 -3.045005e+01 
1.597926e+01 -3.047037e+01 
1.607955e+01 -3.049009e+01 
1.617984e+01 -3.050920e+01 
1.628012e+01 -3.052771e+01 
1.638041e+01 -3.054560e+01 
1.648070e+01 -3.056289e+01 
1.658099e+01 -3.057957e+01 
1.668129e+01 -3.059564e+01 
1.678158e+01 -3.061110e+01 
1.688187e+01 -3.062595e+01 
1.698217e+01 -3.064019e+01 
1.708246e+01 -3.065382e+01 
1.718276e+01 -3.066685e+01 
1.728305e+01 -3.067926e+01 
1.738335e+01 -3.069107e+01 
1.748365e+01 -3.070226e+01 
1.758395e+01 -3.071285e+01 
1.768424e+01 -3.072284e+01 
1.778454e+01 -3.073221e+01 
1.788484e+01 -3.074098e+01 
1.798514e+01 -3.074914e+01 
1.808544e+01 -3.075670e+01 
1.818574e+01 -3.076365e+01 
1.828598e+01 -3.077012e+01 
1.838619e+01 -3.077615e+01 
1.848640e+01 -3.078176e+01 
1.858662e+01 -3.078693e+01 
1.868683e+01 -3.079168e+01 
1.878704e+01 -3.079600e+01 
1.888726e+01 -3.079988e+01 
1.898748e+01 -3.080333e+01 
1.908770e+01 -3.080634e+01 
1.918791e+01 -3.080891e+01 
1.928813e+01 -3.081103e+01 
1.938836e+01 -3.081272e+01 
1.948858e+01 -3.081396e+01 
1.958880e+01 -3.081476e+01 
1.968902e+01 -3.081510e+01 
1.978925e+01 -3.081500e+01 
1.988947e+01 -3.081444e+01 
1.998970e+01 -3.081343e+01 
2.008993e+01 -3.081197e+01 
2.019015e+01 -3.081005e+01 
2.029038e+01 -3.080767e+01 
2.039061e+01 -3.080483e+01 
2.049084e+01 -3.080153e+01 
2.059107e+01 -3.079777e+01 
2.069130e+01 -3.079354e+01 
2.079154e+01 -3.078884e+01 
2.089177e+01 -3.078368e+01 
2.099200e+01 -3.077805e+01 
2.109223e+01 -3.077195e+01 
2.119247e+01 -3.076538e+01 
2.129270e+01 -3.075833e+01 
2.139294e+01 -3.075081e+01 
2.149317e+01 -3.074281e+01 
2.159341e+01 -3.073434e+01 
2.169365e+01 -3.072538e+01 
2.179388e+01 -3.071594e+01 
2.189412e+01 -3.070603e+01 
2.199436e+01 -3.069563e+01 
2.209459e+01 -3.068474e+01 
2.219483e+01 -3.067337e+01 
2.229507e+01 -3.066151e+01 
2.239531e+01 -3.064916e+01 
2.249555e+01 -3.063633e+01 
2.259579e+01 -3.062300e+01 
2.269603e+01 -3.060918e+01 
2.279627e+01 -3.059486e+01 
2.289650e+01 -3.058005e+01 
2.299674e+01 -3.056475e+01 
2.309698e+01 -3.054894e+01 
2.319722e+01 -3.053264e+01 
2.329746e+01 -3.051584e+01 
2.339770e+01 -3.049853e+01 
2.349794e+01 -3.048072e+01 
2.359818e+01 -3.046241e+01 
2.369842e+01 -3.044360e+01 
2.379866e+01 -3.042427e+01 
2.389890e+01 -3.040444e+01 
2.399914e+01 -3.038410e+01 
2.409938e+01 -3.036324e+01 
2.419962e+01 -3.034188e+01 
2.429986e+01 -3.032000e+01 
2.440010e+01 -3.029761e+01 
2.450034e+01 -3.027470e+01 
2.460057e+01 -3.025128e+01 
2.470081e+01 -3.022733e+01 
2.480106e+01 -3.020286e+01 
2.490127e+01 -3.017792e+01 
2.500145e+01 -3.015261e+01 
2.510162e+01 -3.012692e+01 
2.520179e+01 -3.010083e+01 
2.530197e+01 -3.007436e+01 
2.540215e+01 -3.004750e+01 
2.550233e+01 -3.002024e+01 
2.560251e+01 -2.999257e+01 
2.570269e+01 -2.996450e+01 
2.580287e+01 -2.993602e+01 
2.590305e+01 -2.990712e+01 
2.600324e+01 -2.987780e+01 
2.610343e+01 -2.984805e+01 
2.620362e+01 -2.981788e+01 
2.630381e+01 -2.978727e+01 
2.640400e+01 -2.975621e+01 
2.650419e+01 -2.972472e+01 
2.660439e+01 -2.969277e+01 
2.670458e+01 -2.966037e+01 
2.680478e+01 -2.962751e+01 
2.690498e+01 -2.959418e+01 
2.700518e+01 -2.956037e+01 
2.710538e+01 -2.952609e+01 
2.720558e+01 -2.949133e+01 
2.730579e+01 -2.945607e+01 
2.740600e+01 -2.942032e+01 
2.750621e+01 -2.938407e+01 
2.760642e+01 -2.934731e+01 
2.770663e+01 -2.931003e+01 
2.780684e+01 -2.927223e+01 
2.790706e+01 -2.923391e+01 
2.800727e+01 -2.919504e+01 
2.810749e+01 -2.915564e+01 
2.820771e+01 -2.911568e+01 
2.830793e+01 -2.907517e+01 
2.840816e+01 -2.903409e+01 
2.850838e+01 -2.899244e+01 
2.860861e+01 -2.895021e+01 
2.870884e+01 -2.890739e+01 
2.880907e+01 -2.886398e+01 
2.890930e+01 -2.881996e+01 
2.900954e+01 -2.877533e+01 
2.910977e+01 -2.873007e+01 
2.921001e+01 -2.868419e+01 
2.931025e+01 -2.863766e+01 
2.941049e+01 -2.859049e+01 
2.951073e+01 -2.854266e+01 
2.961097e+01 -2.849416e+01 
2.971122e+01 -2.844498e+01 
2.981147e+01 -2.839511e+01 
2.991171e+01 -2.834454e+01 
3.001196e+01 -2.829327e+01 
3.011222e+01 -2.824127e+01 
3.021247e+01 -2.818855e+01 
3.031273e+01 -2.813508e+01 
3.041298e+01 -2.808085e+01 
3.051324e+01 -2.802587e+01 
3.061350e+01 -2.797010e+01 
3.071376e+01 -2.791354e+01 
3.081399e+01 -2.785630e+01 
3.091417e+01 -2.779855e+01 
3.101434e+01 -2.774028e+01 
3.111451e+01 -2.768149e+01 
3.121467e+01 -2.762217e+01 
3.131484e+01 -2.756231e+01 
3.141501e+01 -2.750192e+01 
3.151518e+01 -2.744098e+01 
3.161535e+01 -2.737950e+01 
3.171552e+01 -2.731747e+01 
3.181569e+01 -2.725488e+01 
3.191586e+01 -2.719173e+01 
3.201603e+01 -2.712801e+01 
3.211620e+01 -2.706373e+01 
3.221639e+01 -2.699877e+01 
3.231661e+01 -2.693308e+01 
3.241682e+01 -2.686664e+01 
3.251704e+01 -2.679945e+01 
3.261726e+01 -2.673150e+01 
3.271747e+01 -2.666280e+01 
3.281768e+01 -2.659332e+01 
3.291790e+01 -2.652308e+01 
3.301811e+01 -2.645205e+01 
3.311832e+01 -2.638025e+01 
3.321853e+01 -2.630765e+01 
3.331874e+01 -2.623426e+01 
3.341895e+01 -2.616007e+01 
3.351916e+01 -2.608507e+01 
3.361936e+01 -2.600927e+01 
3.371957e+01 -2.593264e+01 
3.381977e+01 -2.585520e+01 
3.391998e+01 -2.577692e+01 
3.402018e+01 -2.569782e+01 
3.412038e+01 -2.561787e+01 
3.422058e+01 -2.553709e+01 
3.432078e+01 -2.545545e+01 
3.442098e+01 -2.537296e+01 
3.452117e+01 -2.528962e+01 
3.462137e+01 -2.520541e+01 
3.472156e+01 -2.512033e+01 
3.482175e+01 -2.503437e+01 
3.492194e+01 -2.494754e+01 
3.502213e+01 -2.485983e+01 
3.512232e+01 -2.477122e+01 
3.522251e+01 -2.468173e+01 
3.532269e+01 -2.459133e+01 
3.542287e+01 -2.450004e+01 
3.552306e+01 -2.440783e+01 
3.562324e+01 -2.431470e+01 
3.572342e+01 -2.422062e+01 
3.582361e+01 -2.412559e+01 
3.592379e+01 -2.402957e+01 
3.602398e+01 -2.393256e+01 
3.612416e+01 -2.383454e+01 
3.622435e+01 -2.373548e+01 
3.632454e+01 -2.363537e+01 
3.642375e+01 -2.353518e+01 
3.652193e+01 -2.343500e+01 
3.661909e+01 -2.333481e+01 
3.671524e+01 -2.323462e+01 
3.681039e+01 -2.313443e+01 
3.690456e+01 -2.303424e+01 
3.699776e+01 -2.293406e+01 
3.709001e+01 -2.283387e+01 
3.718131e+01 -2.273368e+01 
3.727168e+01 -2.263349e+01 
3.736114e+01 -2.253330e+01 
3.744969e+01 -2.243311e+01 
3.753734e+01 -2.233292e+01 
3.762411e+01 -2.223273e+01 
3.771001e+01 -2.213255e+01 
3.779506e+01 -2.203236e+01 
3.787926e+01 -2.193217e+01 
3.796262e+01 -2.183198e+01 
3.804515e+01 -2.173179e+01 
3.812687e+01 -2.163160e+01 
3.820779e+01 -2.153142e+01 
3.828792e+01 -2.143123e+01 
3.836726e+01 -2.133104e+01 
3.844584e+01 -2.123086e+01 
3.852372e+01 -2.113069e+01 
3.860097e+01 -2.103054e+01 
3.867760e+01 -2.093038e+01 
3.875363e+01 -2.083023e+01 
3.882906e+01 -2.073008e+01 
3.890390e+01 -2.062993e+01 
3.897815e+01 -2.052978e+01 
3.905181e+01 -2.042962e+01 
3.912489e+01 -2.032947e+01 
3.919740e+01 -2.022932e+01 
3.926934e+01 -2.012917e+01 
3.934071e+01 -2.002902e+01 
3.941152e+01 -1.992887e+01 
3.948178e+01 -1.982871e+01 
3.955148e+01 -1.972856e+01 
3.962064e+01 -1.962841e+01 
3.968926e+01 -1.952826e+01 
3.975734e+01 -1.942811e+01 
3.982488e+01 -1.932796e+01 
3.989190e+01 -1.922781e+01 
3.995839e+01 -1.912766e+01 
4.002436e+01 -1.902750e+01 
4.008981e+01 -1.892735e+01 
4.015476e+01 -1.882720e+01 
4.021919e+01 -1.872705e+01 
4.028312e+01 -1.862690e+01 
4.034655e+01 -1.852675e+01 
4.040948e+01 -1.842660e+01 
4.047192e+01 -1.832645e+01 
4.053387e+01 -1.822630e+01 
4.059530e+01 -1.812614e+01 
4.065624e+01 -1.802599e+01 
4.071669e+01 -1.792584e+01 
4.077667e+01 -1.782569e+01 
4.083617e+01 -1.772554e+01 
4.089519e+01 -1.762539e+01 
4.095375e+01 -1.752524e+01 
4.101183e+01 -1.742508e+01 
4.106944e+01 -1.732493e+01 
4.112659e+01 -1.722478e+01 
4.118326e+01 -1.712463e+01 
4.123948e+01 -1.702447e+01 
4.129523e+01 -1.692432e+01 
4.135053e+01 -1.682417e+01 
4.140536e+01 -1.672401e+01 
4.145974e+01 -1.662386e+01 
4.151366e+01 -1.652370e+01 
4.156713e+01 -1.642355e+01 
4.162014e+01 -1.632339e+01 
4.167271e+01 -1.622324e+01 
4.172483e+01 -1.612308e+01 
4.177650e+01 -1.602292e+01 
4.182773e+01 -1.592277e+01 
4.187851e+01 -1.582261e+01 
4.192885e+01 -1.572245e+01 
4.197875e+01 -1.562230e+01 
4.202821e+01 -1.552214e+01 
4.207723e+01 -1.542198e+01 
4.212582e+01 -1.532182e+01 
4.217398e+01 -1.522166e+01 
4.222170e+01 -1.512151e+01 
4.226899e+01 -1.502135e+01 
4.231585e+01 -1.492119e+01 
4.236228e+01 -1.482103e+01 
4.240828e+01 -1.472087e+01 
4.245386e+01 -1.462071e+01 
4.249902e+01 -1.452055e+01 
4.254375e+01 -1.442039e+01 
4.258806e+01 -1.432023e+01 
4.263195e+01 -1.422007e+01 
4.267543e+01 -1.411991e+01 
4.271848e+01 -1.401975e+01 
4.276112e+01 -1.391959e+01 
4.280335e+01 -1.381942e+01 
4.284517e+01 -1.371926e+01 
4.288657e+01 -1.361910e+01 
4.292756e+01 -1.351894e+01 
4.296815e+01 -1.341878e+01 
4.300833e+01 -1.331861e+01 
4.304810e+01 -1.321845e+01 
4.308746e+01 -1.311829e+01 
4.312643e+01 -1.301813e+01 
4.316499e+01 -1.291796e+01 
4.320315e+01 -1.281780e+01 
4.324091e+01 -1.271764e+01 
4.327827e+01 -1.261748e+01 
4.331524e+01 -1.251731e+01 
4.335181e+01 -1.241715e+01 
4.338799e+01 -1.231699e+01 
4.342377e+01 -1.221682e+01 
4.345917e+01 -1.211666e+01 
4.349418e+01 -1.201650e+01 
4.352885e+01 -1.191636e+01 
4.356323e+01 -1.181624e+01 
4.359734e+01 -1.171613e+01 
4.363119e+01 -1.161601e+01 
4.366476e+01 -1.151590e+01 
4.369808e+01 -1.141579e+01 
4.373112e+01 -1.131567e+01 
4.376391e+01 -1.121556e+01 
4.379643e+01 -1.111545e+01 
4.382869e+01 -1.101533e+01 
4.386068e+01 -1.091522e+01 
4.389238e+01 -1.081509e+01 
4.392378e+01 -1.071496e+01 
4.395486e+01 -1.061483e+01 
4.398565e+01 -1.051469e+01 
4.401613e+01 -1.041456e+01 
4.404630e+01 -1.031443e+01 
4.407618e+01 -1.021430e+01 
4.410576e+01 -1.011416e+01 
4.413504e+01 -1.001403e+01 
4.416402e+01 -9.913901e+00 
4.419270e+01 -9.813770e+00 
4.422109e+01 -9.713638e+00 
4.424919e+01 -9.613508e+00 
4.427699e+01 -9.513377e+00 
4.430450e+01 -9.413247e+00 
4.433172e+01 -9.313116e+00 
4.435865e+01 -9.212986e+00 
4.438529e+01 -9.112857e+00 
4.441165e+01 -9.012727e+00 
4.443772e+01 -8.912598e+00 
4.446350e+01 -8.812468e+00 
4.448900e+01 -8.712339e+00 
4.451422e+01 -8.612210e+00 
4.453915e+01 -8.512082e+00 
4.456380e+01 -8.411953e+00 
4.458817e+01 -8.311825e+00 
4.461227e+01 -8.211697e+00 
4.463608e+01 -8.111569e+00 
4.465962e+01 -8.011441e+00 
4.468288e+01 -7.911314e+00 
4.470586e+01 -7.811187e+00 
4.472857e+01 -7.711059e+00 
4.475101e+01 -7.610932e+00 
4.477317e+01 -7.510806e+00 
4.479506e+01 -7.410679e+00 
4.481668e+01 -7.310553e+00 
4.483803e+01 -7.210426e+00 
4.485911e+01 -7.110300e+00 
4.487992e+01 -7.010174e+00 
4.490046e+01 -6.910049e+00 
4.492073e+01 -6.809923e+00 
4.494074e+01 -6.709797e+00 
4.496048e+01 -6.609672e+00 
4.497996e+01 -6.509545e+00 
4.499915e+01 -6.409415e+00 
4.501809e+01 -6.309289e+00 
4.503675e+01 -6.209159e+00 
4.505513e+01 -6.109027e+00 
4.507323e+01 -6.008896e+00 
4.509106e+01 -5.908765e+00 
4.510861e+01 -5.808633e+00 
4.512589e+01 -5.708501e+00 
4.514289e+01 -5.608369e+00 
4.515961e+01 -5.508237e+00 
4.517606e+01 -5.408104e+00 
4.519223e+01 -5.307972e+00 
4.520813e+01 -5.207839e+00 
4.522375e+01 -5.107707e+00 
4.523909e+01 -5.007574e+00 
4.525416e+01 -4.907441e+00 
4.526896e+01 -4.807308e+00 
4.528348e+01 -4.707175e+00 
4.529772e+01 -4.607042e+00 
4.531169e+01 -4.506908e+00 
4.532539e+01 -4.406775e+00 
4.533880e+01 -4.306641e+00 
4.535195e+01 -4.206507e+00 
4.536482e+01 -4.106373e+00 
4.537741e+01 -4.006239e+00 
4.538973e+01 -3.906105e+00 
4.540177e+01 -3.805970e+00 
4.541354e+01 -3.705835e+00 
4.542503e+01 -3.605700e+00 
4.543624e+01 -3.505565e+00 
4.544718e+01 -3.405430e+00 
4.545785e+01 -3.305295e+00 
4.546824e+01 -3.205159e+00 
4.547835e+01 -3.105023e+00 
4.548818e+01 -3.004887e+00 
4.549774e+01 -2.904751e+00 
4.550702e+01 -2.804615e+00 
4.551603e+01 -2.704478e+00 
4.552476e+01 -2.604342e+00 
4.553321e+01 -2.504205e+00 
4.554138e+01 -2.404068e+00 
4.554928e+01 -2.303930e+00 
4.555690e+01 -2.203793e+00 
4.556424e+01 -2.103655e+00 
4.557130e+01 -2.003517e+00 
4.557807e+01 -1.903372e+00 
4.558453e+01 -1.803220e+00 
4.559069e+01 -1.703069e+00 
4.559655e+01 -1.602918e+00 
4.560210e+01 -1.502768e+00 
4.560736e+01 -1.402618e+00 
4.561231e+01 -1.302469e+00 
4.561696e+01 -1.202320e+00 
4.562131e+01 -1.102172e+00 
4.562537e+01 -1.002024e+00 
4.562913e+01 -9.018764e-01 
4.563260e+01 -8.017293e-01 
4.563577e+01 -7.015827e-01 
4.563865e+01 -6.014365e-01 
4.553869e+01 -5.985635e-01 
