1.105254e+01 -2.997990e-01 
1.105214e+01 -3.994862e-01 
1.105112e+01 -4.991732e-01 
1.104947e+01 -5.988588e-01 
1.104720e+01 -6.985372e-01 
1.104428e+01 -7.982153e-01 
1.104072e+01 -8.979058e-01 
1.103654e+01 -9.975996e-01 
1.103175e+01 -1.097292e+00 
1.102635e+01 -1.196985e+00 
1.102032e+01 -1.296676e+00 
1.101368e+01 -1.396367e+00 
1.100642e+01 -1.496057e+00 
1.099853e+01 -1.595747e+00 
1.099002e+01 -1.695436e+00 
1.098089e+01 -1.795124e+00 
1.097112e+01 -1.894813e+00 
1.096072e+01 -1.994501e+00 
1.094969e+01 -2.094189e+00 
1.093803e+01 -2.193877e+00 
1.092573e+01 -2.293564e+00 
1.091279e+01 -2.393252e+00 
1.089922e+01 -2.492940e+00 
1.088500e+01 -2.592628e+00 
1.087014e+01 -2.692316e+00 
1.085464e+01 -2.792004e+00 
1.083849e+01 -2.891693e+00 
1.082169e+01 -2.991382e+00 
1.080425e+01 -3.091071e+00 
1.078616e+01 -3.190761e+00 
1.076741e+01 -3.290452e+00 
1.074802e+01 -3.390143e+00 
1.072797e+01 -3.489835e+00 
1.070727e+01 -3.589527e+00 
1.068592e+01 -3.689224e+00 
1.066392e+01 -3.788925e+00 
1.064127e+01 -3.888629e+00 
1.061799e+01 -3.988332e+00 
1.059406e+01 -4.088024e+00 
1.056947e+01 -4.187699e+00 
1.054418e+01 -4.287347e+00 
1.051812e+01 -4.386986e+00 
1.049126e+01 -4.486623e+00 
1.046360e+01 -4.586258e+00 
1.043512e+01 -4.685890e+00 
1.040582e+01 -4.785520e+00 
1.037567e+01 -4.885148e+00 
1.034468e+01 -4.984773e+00 
1.031283e+01 -5.084397e+00 
1.028011e+01 -5.184019e+00 
1.024651e+01 -5.283639e+00 
1.021202e+01 -5.383257e+00 
1.017662e+01 -5.482874e+00 
1.014030e+01 -5.582490e+00 
1.010306e+01 -5.682104e+00 
1.006488e+01 -5.781717e+00 
1.002575e+01 -5.881329e+00 
9.985651e+00 -5.980940e+00 
9.944581e+00 -6.080551e+00 
9.902525e+00 -6.180161e+00 
9.859470e+00 -6.279771e+00 
9.815404e+00 -6.379380e+00 
9.770315e+00 -6.478990e+00 
9.724191e+00 -6.578599e+00 
9.677019e+00 -6.678209e+00 
9.628787e+00 -6.777819e+00 
9.579483e+00 -6.877430e+00 
9.529094e+00 -6.977041e+00 
9.477607e+00 -7.076653e+00 
9.425011e+00 -7.176267e+00 
9.371292e+00 -7.275881e+00 
9.316437e+00 -7.375497e+00 
9.260436e+00 -7.475114e+00 
9.203271e+00 -7.574736e+00 
9.144945e+00 -7.674356e+00 
9.085438e+00 -7.773964e+00 
9.024714e+00 -7.873524e+00 
8.962579e+00 -7.973070e+00 
8.899018e+00 -8.072507e+00 
8.833577e+00 -8.171922e+00 
8.766113e+00 -8.271335e+00 
8.696562e+00 -8.370749e+00 
8.624856e+00 -8.470162e+00 
8.550928e+00 -8.569576e+00 
8.474706e+00 -8.668990e+00 
8.396112e+00 -8.768405e+00 
8.315065e+00 -8.867822e+00 
8.231479e+00 -8.967240e+00 
8.145259e+00 -9.066660e+00 
8.056308e+00 -9.166082e+00 
7.964519e+00 -9.265506e+00 
7.869777e+00 -9.364933e+00 
7.771957e+00 -9.464362e+00 
7.672535e+00 -9.562209e+00 
7.573163e+00 -9.656912e+00 
7.473965e+00 -9.748247e+00 
7.374908e+00 -9.835583e+00 
7.275888e+00 -9.918604e+00 
7.176902e+00 -9.997419e+00 
7.077951e+00 -1.007214e+01 
6.979034e+00 -1.014287e+01 
6.880152e+00 -1.020971e+01 
6.781302e+00 -1.027274e+01 
6.682485e+00 -1.033206e+01 
6.583701e+00 -1.038773e+01 
6.484948e+00 -1.043984e+01 
6.386208e+00 -1.048846e+01 
6.287476e+00 -1.053370e+01 
6.188724e+00 -1.057567e+01 
6.089951e+00 -1.061455e+01 
5.991183e+00 -1.065046e+01 
5.892501e+00 -1.068345e+01 
5.794242e+00 -1.071332e+01 
5.696521e+00 -1.073922e+01 
5.598961e+00 -1.076025e+01 
5.501583e+00 -1.077624e+01 
5.404932e+00 -1.078694e+01 
5.308550e+00 -1.079112e+01 
5.212354e+00 -1.078833e+01 
5.116182e+00 -1.077818e+01 
5.019978e+00 -1.076042e+01 
4.923724e+00 -1.073477e+01 
4.827385e+00 -1.070080e+01 
4.730922e+00 -1.065797e+01 
4.634382e+00 -1.060563e+01 
4.538054e+00 -1.054292e+01 
4.442163e+00 -1.046743e+01 
4.345550e+00 -1.037236e+01 
4.264840e+00 -1.027499e+01 
4.194223e+00 -1.017718e+01 
4.131024e+00 -1.007905e+01 
4.073656e+00 -9.980702e+00 
4.021068e+00 -9.882166e+00 
3.972541e+00 -9.783554e+00 
3.927675e+00 -9.684837e+00 
3.886067e+00 -9.586019e+00 
3.847342e+00 -9.487054e+00 
3.811078e+00 -9.387961e+00 
3.776940e+00 -9.288800e+00 
3.744743e+00 -9.189608e+00 
3.714377e+00 -9.090356e+00 
3.685674e+00 -8.991023e+00 
3.658440e+00 -8.891623e+00 
3.632515e+00 -8.792165e+00 
3.607762e+00 -8.692656e+00 
3.584066e+00 -8.593107e+00 
3.561339e+00 -8.493542e+00 
3.539519e+00 -8.393861e+00 
3.518395e+00 -8.294253e+00 
3.498104e+00 -8.194656e+00 
3.478668e+00 -8.095069e+00 
3.460096e+00 -7.995474e+00 
3.442369e+00 -7.895854e+00 
3.425427e+00 -7.796201e+00 
3.409202e+00 -7.696515e+00 
3.393600e+00 -7.596661e+00 
3.378315e+00 -7.496911e+00 
3.363531e+00 -7.397038e+00 
3.349005e+00 -7.297143e+00 
3.334697e+00 -7.197259e+00 
3.320629e+00 -7.097390e+00 
3.306835e+00 -6.997548e+00 
3.293369e+00 -6.897747e+00 
3.280300e+00 -6.797857e+00 
3.267458e+00 -6.697973e+00 
3.254855e+00 -6.598109e+00 
3.242533e+00 -6.498264e+00 
3.230530e+00 -6.398456e+00 
3.218921e+00 -6.298667e+00 
3.207736e+00 -6.198833e+00 
3.196875e+00 -6.098863e+00 
3.186095e+00 -5.999090e+00 
3.175766e+00 -5.899210e+00 
3.165679e+00 -5.799320e+00 
3.155817e+00 -5.699437e+00 
3.146190e+00 -5.599549e+00 
3.136789e+00 -5.499656e+00 
3.127605e+00 -5.399759e+00 
3.118628e+00 -5.299858e+00 
3.109853e+00 -5.199954e+00 
3.101270e+00 -5.100045e+00 
3.092876e+00 -5.000177e+00 
3.084747e+00 -4.900310e+00 
3.076887e+00 -4.800444e+00 
3.069297e+00 -4.700575e+00 
3.061970e+00 -4.600701e+00 
3.054897e+00 -4.500825e+00 
3.048073e+00 -4.400947e+00 
3.041490e+00 -4.301007e+00 
3.035023e+00 -4.201004e+00 
3.028550e+00 -4.100983e+00 
3.022033e+00 -4.000953e+00 
3.015458e+00 -3.900953e+00 
3.008900e+00 -3.801220e+00 
3.002865e+00 -3.701271e+00 
2.996931e+00 -3.601303e+00 
2.991060e+00 -3.501296e+00 
2.985176e+00 -3.401294e+00 
2.979288e+00 -3.301301e+00 
2.973415e+00 -3.201319e+00 
2.967581e+00 -3.101414e+00 
2.961942e+00 -3.001557e+00 
2.956584e+00 -2.901605e+00 
2.951324e+00 -2.801648e+00 
2.946147e+00 -2.701688e+00 
2.941052e+00 -2.601727e+00 
2.936036e+00 -2.501765e+00 
2.931096e+00 -2.401802e+00 
2.926229e+00 -2.301841e+00 
2.921441e+00 -2.201899e+00 
2.916772e+00 -2.101974e+00 
2.912250e+00 -2.002043e+00 
2.907868e+00 -1.902124e+00 
2.903647e+00 -1.802161e+00 
2.899499e+00 -1.702170e+00 
2.895370e+00 -1.602182e+00 
2.891265e+00 -1.502189e+00 
2.887175e+00 -1.402214e+00 
2.883134e+00 -1.302240e+00 
2.879146e+00 -1.202265e+00 
2.875207e+00 -1.102278e+00 
2.871295e+00 -1.002287e+00 
2.867400e+00 -9.022923e-01 
2.863517e+00 -8.023462e-01 
2.859745e+00 -7.024719e-01 
2.856224e+00 -6.026037e-01 
2.852967e+00 -5.027253e-01 
2.849951e+00 -4.027668e-01 
2.847018e+00 -3.028156e-01 
2.844180e+00 -2.027614e-01 
2.841238e+00 -1.028546e-01 
2.838498e+00 -4.233290e-03 
2.838479e+00 2.854555e-03 
2.841235e+00 1.027614e-01 
2.844182e+00 2.028156e-01 
2.847017e+00 3.027668e-01 
2.849950e+00 4.027253e-01 
2.852963e+00 5.026037e-01 
2.856220e+00 6.024719e-01 
2.859740e+00 7.023462e-01 
2.863515e+00 8.022923e-01 
2.867400e+00 9.022871e-01 
2.871295e+00 1.002278e+00 
2.875207e+00 1.102265e+00 
2.879145e+00 1.202240e+00 
2.883133e+00 1.302214e+00 
2.887174e+00 1.402189e+00 
2.891265e+00 1.502182e+00 
2.895369e+00 1.602170e+00 
2.899498e+00 1.702161e+00 
2.903645e+00 1.802124e+00 
2.907865e+00 1.902043e+00 
2.807961e+00 1.906424e+00 
2.803734e+00 1.806343e+00 
2.799584e+00 1.706306e+00 
2.795455e+00 1.606296e+00 
2.791349e+00 1.506284e+00 
2.787257e+00 1.406277e+00 
2.783214e+00 1.306253e+00 
2.779224e+00 1.206226e+00 
2.775284e+00 1.106201e+00 
2.771371e+00 1.006188e+00 
2.767475e+00 9.061794e-01 
2.763590e+00 8.061743e-01 
2.759811e+00 7.061204e-01 
2.756282e+00 6.059946e-01 
2.753016e+00 5.058629e-01 
2.749995e+00 4.057413e-01 
2.747060e+00 3.056998e-01 
2.744222e+00 2.056510e-01 
2.741278e+00 1.057052e-01 
2.738517e+00 5.612026e-03 
2.738498e+00 -4.233290e-03 
2.741276e+00 -1.056120e-01 
2.744223e+00 -2.057052e-01 
2.747058e+00 -3.056510e-01 
2.749994e+00 -4.056998e-01 
2.753013e+00 -5.057413e-01 
2.756277e+00 -6.058629e-01 
2.759807e+00 -7.059946e-01 
2.763588e+00 -8.061204e-01 
2.767475e+00 -9.061743e-01 
2.771371e+00 -1.006179e+00 
2.775284e+00 -1.106188e+00 
2.779223e+00 -1.206201e+00 
2.783213e+00 -1.306226e+00 
2.787256e+00 -1.406253e+00 
2.791349e+00 -1.506277e+00 
2.795454e+00 -1.606284e+00 
2.799584e+00 -1.706296e+00 
2.803733e+00 -1.806306e+00 
2.807957e+00 -1.906343e+00 
2.812347e+00 -2.006424e+00 
2.816874e+00 -2.106493e+00 
2.821550e+00 -2.206567e+00 
2.826343e+00 -2.306626e+00 
2.831214e+00 -2.406665e+00 
2.836158e+00 -2.506701e+00 
2.841178e+00 -2.606739e+00 
2.846277e+00 -2.706778e+00 
2.851457e+00 -2.806819e+00 
2.856723e+00 -2.906861e+00 
2.862085e+00 -3.006909e+00 
2.867740e+00 -3.107053e+00 
2.873585e+00 -3.207148e+00 
2.879460e+00 -3.307165e+00 
2.885349e+00 -3.407173e+00 
2.891233e+00 -3.507170e+00 
2.897103e+00 -3.607163e+00 
2.903041e+00 -3.707196e+00 
2.909082e+00 -3.807247e+00 
2.915674e+00 -3.907514e+00 
2.922248e+00 -4.007513e+00 
2.928761e+00 -4.107484e+00 
2.935232e+00 -4.207463e+00 
2.941699e+00 -4.307460e+00 
2.948290e+00 -4.407520e+00 
2.955130e+00 -4.507641e+00 
2.962219e+00 -4.607765e+00 
2.969565e+00 -4.707892e+00 
2.977175e+00 -4.808022e+00 
2.985056e+00 -4.908157e+00 
2.993205e+00 -5.008289e+00 
3.001621e+00 -5.108421e+00 
3.010220e+00 -5.208513e+00 
3.019012e+00 -5.308608e+00 
3.028006e+00 -5.408708e+00 
3.037209e+00 -5.508811e+00 
3.046630e+00 -5.608918e+00 
3.056278e+00 -5.709030e+00 
3.066163e+00 -5.809146e+00 
3.076272e+00 -5.909257e+00 
3.086626e+00 -6.009377e+00 
3.097453e+00 -6.109604e+00 
3.108321e+00 -6.209634e+00 
3.119542e+00 -6.309800e+00 
3.131200e+00 -6.410011e+00 
3.143248e+00 -6.510203e+00 
3.155608e+00 -6.610358e+00 
3.168245e+00 -6.710493e+00 
3.181117e+00 -6.810609e+00 
3.194214e+00 -6.910719e+00 
3.207733e+00 -7.010919e+00 
3.221570e+00 -7.111076e+00 
3.235674e+00 -7.211207e+00 
3.250015e+00 -7.311323e+00 
3.264571e+00 -7.411428e+00 
3.279393e+00 -7.511555e+00 
3.294753e+00 -7.611806e+00 
3.310401e+00 -7.711952e+00 
3.326726e+00 -7.812265e+00 
3.343783e+00 -7.912613e+00 
3.361643e+00 -8.012993e+00 
3.380362e+00 -8.113398e+00 
3.399956e+00 -8.213810e+00 
3.420408e+00 -8.314214e+00 
3.441694e+00 -8.414605e+00 
3.463652e+00 -8.514924e+00 
3.486573e+00 -8.615359e+00 
3.510479e+00 -8.715810e+00 
3.535471e+00 -8.816302e+00 
3.561673e+00 -8.916844e+00 
3.589228e+00 -9.017444e+00 
3.618306e+00 -9.118111e+00 
3.649116e+00 -9.218858e+00 
3.681823e+00 -9.319667e+00 
3.716522e+00 -9.420506e+00 
3.753430e+00 -9.521413e+00 
3.792938e+00 -9.622448e+00 
3.835506e+00 -9.723630e+00 
3.881495e+00 -9.824913e+00 
3.931334e+00 -9.926300e+00 
3.985423e+00 -1.002776e+01 
4.044629e+00 -1.012941e+01 
4.110130e+00 -1.023129e+01 
4.183728e+00 -1.033348e+01 
4.268505e+00 -1.043611e+01 
4.371892e+00 -1.053858e+01 
4.476001e+00 -1.062134e+01 
4.579674e+00 -1.068934e+01 
4.683133e+00 -1.074581e+01 
4.786670e+00 -1.079214e+01 
4.890331e+00 -1.082903e+01 
4.994077e+00 -1.085701e+01 
5.097873e+00 -1.087649e+01 
5.201701e+00 -1.088776e+01 
5.305506e+00 -1.089107e+01 
5.409123e+00 -1.088686e+01 
5.512473e+00 -1.087565e+01 
5.615094e+00 -1.085894e+01 
5.717534e+00 -1.083699e+01 
5.819813e+00 -1.080999e+01 
5.921554e+00 -1.077913e+01 
6.022872e+00 -1.074530e+01 
6.124104e+00 -1.070853e+01 
6.225331e+00 -1.066873e+01 
6.326579e+00 -1.062574e+01 
6.427847e+00 -1.057938e+01 
6.529107e+00 -1.052956e+01 
6.630354e+00 -1.047618e+01 
6.731570e+00 -1.041918e+01 
6.832754e+00 -1.035849e+01 
6.933904e+00 -1.029403e+01 
7.035021e+00 -1.022573e+01 
7.136104e+00 -1.015349e+01 
7.237153e+00 -1.007723e+01 
7.338167e+00 -9.996843e+00 
7.439147e+00 -9.912221e+00 
7.540090e+00 -9.823264e+00 
7.640892e+00 -9.730484e+00 
7.741521e+00 -9.634604e+00 
7.842098e+00 -9.535638e+00 
7.941059e+00 -9.435067e+00 
8.036912e+00 -9.334494e+00 
8.129781e+00 -9.233918e+00 
8.219782e+00 -9.133340e+00 
8.307024e+00 -9.032760e+00 
8.391604e+00 -8.932178e+00 
8.473617e+00 -8.831595e+00 
8.553150e+00 -8.731010e+00 
8.630284e+00 -8.630424e+00 
8.705097e+00 -8.529838e+00 
8.777663e+00 -8.429251e+00 
8.848049e+00 -8.328665e+00 
8.916320e+00 -8.228078e+00 
8.982543e+00 -8.127493e+00 
9.046834e+00 -8.026930e+00 
9.109544e+00 -7.926476e+00 
9.170810e+00 -7.826036e+00 
9.230791e+00 -7.725644e+00 
9.289567e+00 -7.625264e+00 
9.347170e+00 -7.524886e+00 
9.403606e+00 -7.424503e+00 
9.458888e+00 -7.324119e+00 
9.513027e+00 -7.223733e+00 
9.566037e+00 -7.123347e+00 
9.617928e+00 -7.022959e+00 
9.668715e+00 -6.922570e+00 
9.718409e+00 -6.822181e+00 
9.767022e+00 -6.721791e+00 
9.814568e+00 -6.621401e+00 
9.861058e+00 -6.521010e+00 
9.906504e+00 -6.420620e+00 
9.950920e+00 -6.320229e+00 
9.994316e+00 -6.219839e+00 
1.003671e+01 -6.119449e+00 
1.007810e+01 -6.019060e+00 
1.011851e+01 -5.918671e+00 
1.015795e+01 -5.818283e+00 
1.019644e+01 -5.717896e+00 
1.023397e+01 -5.617510e+00 
1.027057e+01 -5.517126e+00 
1.030624e+01 -5.416743e+00 
1.034101e+01 -5.316361e+00 
1.037487e+01 -5.215981e+00 
1.040784e+01 -5.115603e+00 
1.043993e+01 -5.015227e+00 
1.047116e+01 -4.914852e+00 
1.050153e+01 -4.814480e+00 
1.053106e+01 -4.714110e+00 
1.055975e+01 -4.613742e+00 
1.058762e+01 -4.513377e+00 
1.061467e+01 -4.413014e+00 
1.064093e+01 -4.312653e+00 
1.066640e+01 -4.212301e+00 
1.069115e+01 -4.111976e+00 
1.071522e+01 -4.011668e+00 
1.073865e+01 -3.911371e+00 
1.076143e+01 -3.811075e+00 
1.078357e+01 -3.710776e+00 
1.080506e+01 -3.610473e+00 
1.082589e+01 -3.510165e+00 
1.084606e+01 -3.409857e+00 
1.086557e+01 -3.309548e+00 
1.088443e+01 -3.209239e+00 
1.090264e+01 -3.108929e+00 
1.092019e+01 -3.008618e+00 
1.093710e+01 -2.908307e+00 
1.095335e+01 -2.807996e+00 
1.096895e+01 -2.707684e+00 
1.098391e+01 -2.607372e+00 
1.099821e+01 -2.507060e+00 
1.101188e+01 -2.406748e+00 
1.102490e+01 -2.306436e+00 
1.103728e+01 -2.206123e+00 
1.104902e+01 -2.105811e+00 
1.106012e+01 -2.005499e+00 
1.107058e+01 -1.905187e+00 
1.108041e+01 -1.804876e+00 
1.108961e+01 -1.704564e+00 
1.109817e+01 -1.604253e+00 
1.110611e+01 -1.503943e+00 
1.111342e+01 -1.403633e+00 
1.112010e+01 -1.303324e+00 
1.112616e+01 -1.203015e+00 
1.113160e+01 -1.102708e+00 
1.113643e+01 -1.002400e+00 
1.114063e+01 -9.020942e-01 
1.114422e+01 -8.017847e-01 
1.114715e+01 -7.014628e-01 
1.114944e+01 -6.011412e-01 
1.115110e+01 -5.008268e-01 
1.115214e+01 -4.005138e-01 
1.115254e+01 -3.002010e-01 
1.105254e+01 -2.997990e-01 
