1.633859e+00 7.398725e+00 
1.642849e+00 7.498638e+00 
1.652012e+00 7.598519e+00 
1.661410e+00 7.698349e+00 
1.671153e+00 7.798185e+00 
1.681229e+00 7.898035e+00 
1.691612e+00 7.997898e+00 
1.702274e+00 8.097773e+00 
1.713189e+00 8.197650e+00 
1.724354e+00 8.297518e+00 
1.735789e+00 8.397393e+00 
1.747478e+00 8.497277e+00 
1.759407e+00 8.597169e+00 
1.771556e+00 8.697070e+00 
1.783909e+00 8.796980e+00 
1.796446e+00 8.896899e+00 
1.809150e+00 8.996821e+00 
1.822004e+00 9.096657e+00 
1.835179e+00 9.196392e+00 
1.848864e+00 9.295898e+00 
1.863583e+00 9.395542e+00 
1.879063e+00 9.495350e+00 
1.894941e+00 9.595155e+00 
1.911221e+00 9.694950e+00 
1.927925e+00 9.794735e+00 
1.945077e+00 9.894519e+00 
1.962678e+00 9.994297e+00 
1.980743e+00 1.009407e+01 
1.999289e+00 1.019383e+01 
2.018331e+00 1.029359e+01 
2.037892e+00 1.039343e+01 
2.057793e+00 1.049327e+01 
2.078008e+00 1.059298e+01 
2.098842e+00 1.069269e+01 
2.120293e+00 1.079240e+01 
2.142358e+00 1.089212e+01 
2.165035e+00 1.099183e+01 
2.188321e+00 1.109154e+01 
2.212236e+00 1.119122e+01 
2.236862e+00 1.129099e+01 
2.261995e+00 1.139071e+01 
2.287716e+00 1.149041e+01 
2.314104e+00 1.159008e+01 
2.341204e+00 1.168974e+01 
2.369071e+00 1.178937e+01 
2.397752e+00 1.188896e+01 
2.427340e+00 1.198852e+01 
2.457922e+00 1.208804e+01 
2.489587e+00 1.218753e+01 
2.522420e+00 1.228701e+01 
2.556551e+00 1.238673e+01 
2.591293e+00 1.248630e+01 
2.627046e+00 1.258583e+01 
2.663921e+00 1.268535e+01 
2.701970e+00 1.278485e+01 
2.741197e+00 1.288425e+01 
2.781915e+00 1.298362e+01 
2.824217e+00 1.308298e+01 
2.868132e+00 1.318230e+01 
2.913803e+00 1.328153e+01 
2.961487e+00 1.338066e+01 
3.011491e+00 1.347968e+01 
3.064187e+00 1.357857e+01 
3.120202e+00 1.367753e+01 
3.179396e+00 1.377650e+01 
3.241909e+00 1.387545e+01 
3.307869e+00 1.397435e+01 
3.377591e+00 1.407304e+01 
3.452061e+00 1.417154e+01 
3.532699e+00 1.427014e+01 
3.619907e+00 1.436906e+01 
3.712266e+00 1.446789e+01 
3.810801e+00 1.456669e+01 
3.909520e+00 1.465907e+01 
4.008383e+00 1.474537e+01 
4.107265e+00 1.482663e+01 
4.206127e+00 1.490324e+01 
4.304971e+00 1.497542e+01 
4.403813e+00 1.504340e+01 
4.502816e+00 1.510749e+01 
4.602060e+00 1.516846e+01 
4.701305e+00 1.522705e+01 
4.800527e+00 1.528331e+01 
4.899725e+00 1.533725e+01 
4.998899e+00 1.538887e+01 
5.098049e+00 1.543816e+01 
5.197174e+00 1.548512e+01 
5.296273e+00 1.552975e+01 
5.395346e+00 1.557205e+01 
5.494392e+00 1.561200e+01 
5.593413e+00 1.564961e+01 
5.692682e+00 1.568495e+01 
5.792050e+00 1.571860e+01 
5.891417e+00 1.575079e+01 
5.990777e+00 1.578152e+01 
6.090131e+00 1.581080e+01 
6.189476e+00 1.583863e+01 
6.288814e+00 1.586501e+01 
6.388144e+00 1.588994e+01 
6.487466e+00 1.591341e+01 
6.586779e+00 1.593543e+01 
6.686083e+00 1.595599e+01 
6.785378e+00 1.597508e+01 
6.884663e+00 1.599270e+01 
6.983938e+00 1.600883e+01 
7.083202e+00 1.602347e+01 
7.182455e+00 1.603660e+01 
7.281725e+00 1.604822e+01 
7.381135e+00 1.605838e+01 
7.480599e+00 1.606735e+01 
7.580080e+00 1.607524e+01 
7.679570e+00 1.608210e+01 
7.779092e+00 1.608793e+01 
7.878632e+00 1.609281e+01 
7.978168e+00 1.609677e+01 
8.077698e+00 1.609981e+01 
8.177220e+00 1.610190e+01 
8.276736e+00 1.610305e+01 
8.376245e+00 1.610323e+01 
8.475747e+00 1.610244e+01 
8.575243e+00 1.610065e+01 
8.674732e+00 1.609787e+01 
8.774214e+00 1.609406e+01 
8.873690e+00 1.608922e+01 
8.973159e+00 1.608333e+01 
9.072623e+00 1.607638e+01 
9.172080e+00 1.606836e+01 
9.271531e+00 1.605924e+01 
9.370977e+00 1.604902e+01 
9.470417e+00 1.603768e+01 
9.569852e+00 1.602520e+01 
9.669282e+00 1.601156e+01 
9.768707e+00 1.599676e+01 
9.868128e+00 1.598078e+01 
9.967544e+00 1.596360e+01 
1.006696e+01 1.594520e+01 
1.016637e+01 1.592557e+01 
1.026577e+01 1.590469e+01 
1.036520e+01 1.588253e+01 
1.046473e+01 1.585914e+01 
1.056428e+01 1.583472e+01 
1.066386e+01 1.580930e+01 
1.076346e+01 1.578296e+01 
1.086305e+01 1.575573e+01 
1.096264e+01 1.572759e+01 
1.106222e+01 1.569853e+01 
1.116179e+01 1.566852e+01 
1.126136e+01 1.563755e+01 
1.136093e+01 1.560559e+01 
1.146049e+01 1.557262e+01 
1.156004e+01 1.553862e+01 
1.165959e+01 1.550357e+01 
1.175913e+01 1.546745e+01 
1.185867e+01 1.543022e+01 
1.195820e+01 1.539186e+01 
1.205773e+01 1.535236e+01 
1.215725e+01 1.531168e+01 
1.225677e+01 1.526980e+01 
1.235628e+01 1.522669e+01 
1.245580e+01 1.518233e+01 
1.255530e+01 1.513668e+01 
1.265481e+01 1.508971e+01 
1.275431e+01 1.504141e+01 
1.285380e+01 1.499172e+01 
1.295330e+01 1.494063e+01 
1.305279e+01 1.488810e+01 
1.315228e+01 1.483410e+01 
1.325177e+01 1.477859e+01 
1.335130e+01 1.472151e+01 
1.345091e+01 1.466293e+01 
1.355053e+01 1.460313e+01 
1.365016e+01 1.454213e+01 
1.374978e+01 1.447991e+01 
1.384940e+01 1.441643e+01 
1.394902e+01 1.435170e+01 
1.404865e+01 1.428567e+01 
1.414827e+01 1.421835e+01 
1.424790e+01 1.414970e+01 
1.434753e+01 1.407970e+01 
1.444716e+01 1.400834e+01 
1.454679e+01 1.393559e+01 
1.464643e+01 1.386143e+01 
1.474606e+01 1.378584e+01 
1.484570e+01 1.370881e+01 
1.494534e+01 1.363030e+01 
1.504499e+01 1.355031e+01 
1.514463e+01 1.346879e+01 
1.524428e+01 1.338575e+01 
1.534394e+01 1.330114e+01 
1.544361e+01 1.321497e+01 
1.554327e+01 1.312723e+01 
1.564292e+01 1.303788e+01 
1.574258e+01 1.294685e+01 
1.584223e+01 1.285409e+01 
1.594188e+01 1.275953e+01 
1.604152e+01 1.266311e+01 
1.614121e+01 1.256473e+01 
1.624042e+01 1.246505e+01 
1.633788e+01 1.236536e+01 
1.643362e+01 1.226569e+01 
1.652766e+01 1.216601e+01 
1.662003e+01 1.206634e+01 
1.671076e+01 1.196667e+01 
1.679986e+01 1.186701e+01 
1.688737e+01 1.176735e+01 
1.697330e+01 1.166769e+01 
1.705768e+01 1.156804e+01 
1.714052e+01 1.146839e+01 
1.722184e+01 1.136874e+01 
1.730168e+01 1.126909e+01 
1.738003e+01 1.116945e+01 
1.745693e+01 1.106981e+01 
1.753238e+01 1.097018e+01 
1.760640e+01 1.087055e+01 
1.767902e+01 1.077092e+01 
1.775026e+01 1.067128e+01 
1.782024e+01 1.057156e+01 
1.788923e+01 1.047181e+01 
1.795731e+01 1.037207e+01 
1.802448e+01 1.027233e+01 
1.809076e+01 1.017259e+01 
1.815616e+01 1.007284e+01 
1.822067e+01 9.973103e+00 
1.828432e+01 9.873363e+00 
1.834711e+01 9.773623e+00 
1.840904e+01 9.673884e+00 
1.847014e+01 9.574145e+00 
1.853039e+01 9.474406e+00 
1.858982e+01 9.374669e+00 
1.864843e+01 9.274942e+00 
1.870615e+01 9.175267e+00 
1.876289e+01 9.075596e+00 
1.881863e+01 8.975924e+00 
1.887339e+01 8.876251e+00 
1.892719e+01 8.776577e+00 
1.898004e+01 8.676901e+00 
1.903196e+01 8.577224e+00 
1.908297e+01 8.477545e+00 
1.913308e+01 8.377865e+00 
1.918229e+01 8.278183e+00 
1.923064e+01 8.178499e+00 
1.927812e+01 8.078813e+00 
1.932475e+01 7.979126e+00 
1.937056e+01 7.879437e+00 
1.941554e+01 7.779746e+00 
1.945971e+01 7.680053e+00 
1.950308e+01 7.580358e+00 
1.954567e+01 7.480661e+00 
1.958749e+01 7.380962e+00 
1.962854e+01 7.281260e+00 
1.966886e+01 7.181533e+00 
1.970850e+01 7.081805e+00 
1.974746e+01 6.982077e+00 
1.978575e+01 6.882348e+00 
1.982339e+01 6.782619e+00 
1.986036e+01 6.682890e+00 
1.989668e+01 6.583160e+00 
1.993236e+01 6.483429e+00 
1.996739e+01 6.383698e+00 
2.000179e+01 6.283966e+00 
2.003555e+01 6.184234e+00 
2.006869e+01 6.084501e+00 
2.010121e+01 5.984768e+00 
2.013311e+01 5.885033e+00 
2.016440e+01 5.785298e+00 
2.019508e+01 5.685562e+00 
2.022517e+01 5.585825e+00 
2.025465e+01 5.486088e+00 
2.028354e+01 5.386349e+00 
2.031185e+01 5.286610e+00 
2.033957e+01 5.186870e+00 
2.036672e+01 5.087128e+00 
2.039329e+01 4.987386e+00 
2.041930e+01 4.887643e+00 
2.044474e+01 4.787898e+00 
2.046962e+01 4.688153e+00 
2.049395e+01 4.588406e+00 
2.051773e+01 4.488659e+00 
2.054096e+01 4.388910e+00 
2.056365e+01 4.289160e+00 
2.058581e+01 4.189409e+00 
2.060743e+01 4.089656e+00 
2.062852e+01 3.989903e+00 
2.064909e+01 3.890148e+00 
2.066913e+01 3.790409e+00 
2.068862e+01 3.690711e+00 
2.070747e+01 3.591019e+00 
2.072568e+01 3.491310e+00 
2.074329e+01 3.391545e+00 
2.076040e+01 3.291778e+00 
2.077704e+01 3.192012e+00 
2.079318e+01 3.092247e+00 
2.080884e+01 2.992482e+00 
2.082401e+01 2.892718e+00 
2.083870e+01 2.792955e+00 
2.085290e+01 2.693193e+00 
2.086661e+01 2.593431e+00 
2.087983e+01 2.493669e+00 
2.089257e+01 2.393909e+00 
2.090481e+01 2.294149e+00 
2.091657e+01 2.194390e+00 
2.092783e+01 2.094631e+00 
2.093861e+01 1.994873e+00 
2.094889e+01 1.895116e+00 
2.095868e+01 1.795359e+00 
2.096798e+01 1.695603e+00 
2.097679e+01 1.595848e+00 
2.098510e+01 1.496093e+00 
2.099292e+01 1.396339e+00 
2.100025e+01 1.296586e+00 
2.100707e+01 1.196833e+00 
2.101340e+01 1.097081e+00 
2.101924e+01 9.973301e-01 
2.102457e+01 8.975794e-01 
2.102941e+01 7.978293e-01 
2.103374e+01 6.980799e-01 
2.103758e+01 5.983311e-01 
2.113752e+01 6.016689e-01 
2.113367e+01 7.019201e-01 
2.112931e+01 8.021707e-01 
2.112446e+01 9.024206e-01 
2.111909e+01 1.002670e+00 
2.111323e+01 1.102919e+00 
2.110687e+01 1.203167e+00 
2.110001e+01 1.303414e+00 
2.109265e+01 1.403661e+00 
2.108480e+01 1.503907e+00 
2.107645e+01 1.604152e+00 
2.106760e+01 1.704397e+00 
2.105825e+01 1.804641e+00 
2.104841e+01 1.904884e+00 
2.103808e+01 2.005127e+00 
2.102725e+01 2.105369e+00 
2.101594e+01 2.205610e+00 
2.100412e+01 2.305851e+00 
2.099182e+01 2.406091e+00 
2.097903e+01 2.506331e+00 
2.096574e+01 2.606569e+00 
2.095197e+01 2.706807e+00 
2.093770e+01 2.807045e+00 
2.092295e+01 2.907282e+00 
2.090770e+01 3.007518e+00 
2.089197e+01 3.107753e+00 
2.087575e+01 3.207988e+00 
2.085904e+01 3.308222e+00 
2.084185e+01 3.408455e+00 
2.082416e+01 3.508690e+00 
2.080585e+01 3.608981e+00 
2.078688e+01 3.709289e+00 
2.076728e+01 3.809591e+00 
2.074713e+01 3.909852e+00 
2.072646e+01 4.010097e+00 
2.070526e+01 4.110344e+00 
2.068354e+01 4.210591e+00 
2.066127e+01 4.310840e+00 
2.063847e+01 4.411090e+00 
2.061512e+01 4.511341e+00 
2.059123e+01 4.611594e+00 
2.056678e+01 4.711847e+00 
2.054177e+01 4.812102e+00 
2.051620e+01 4.912357e+00 
2.049006e+01 5.012614e+00 
2.046335e+01 5.112872e+00 
2.043606e+01 5.213130e+00 
2.040820e+01 5.313390e+00 
2.037975e+01 5.413651e+00 
2.035070e+01 5.513912e+00 
2.032106e+01 5.614175e+00 
2.029082e+01 5.714438e+00 
2.025998e+01 5.814702e+00 
2.022853e+01 5.914967e+00 
2.019646e+01 6.015232e+00 
2.016377e+01 6.115499e+00 
2.013045e+01 6.215766e+00 
2.009651e+01 6.316034e+00 
2.006193e+01 6.416302e+00 
2.002671e+01 6.516571e+00 
1.999084e+01 6.616840e+00 
1.995432e+01 6.717110e+00 
1.991715e+01 6.817381e+00 
1.987931e+01 6.917652e+00 
1.984081e+01 7.017923e+00 
1.980164e+01 7.118195e+00 
1.976179e+01 7.218467e+00 
1.972125e+01 7.318740e+00 
1.967996e+01 7.419038e+00 
1.963789e+01 7.519339e+00 
1.959504e+01 7.619642e+00 
1.955140e+01 7.719947e+00 
1.950696e+01 7.820254e+00 
1.946171e+01 7.920563e+00 
1.941562e+01 8.020874e+00 
1.936870e+01 8.121187e+00 
1.932092e+01 8.221501e+00 
1.927227e+01 8.321817e+00 
1.922274e+01 8.422135e+00 
1.917232e+01 8.522455e+00 
1.912099e+01 8.622776e+00 
1.906873e+01 8.723099e+00 
1.901554e+01 8.823423e+00 
1.896139e+01 8.923749e+00 
1.890627e+01 9.024076e+00 
1.885017e+01 9.124404e+00 
1.879306e+01 9.224733e+00 
1.873496e+01 9.325058e+00 
1.867604e+01 9.425331e+00 
1.861630e+01 9.525594e+00 
1.855573e+01 9.625855e+00 
1.849432e+01 9.726116e+00 
1.843206e+01 9.826377e+00 
1.836895e+01 9.926637e+00 
1.830497e+01 1.002690e+01 
1.824012e+01 1.012716e+01 
1.817439e+01 1.022741e+01 
1.810777e+01 1.032767e+01 
1.804025e+01 1.042793e+01 
1.797183e+01 1.052819e+01 
1.790248e+01 1.062844e+01 
1.783211e+01 1.072872e+01 
1.776037e+01 1.082908e+01 
1.768722e+01 1.092945e+01 
1.761265e+01 1.102982e+01 
1.753665e+01 1.113019e+01 
1.745920e+01 1.123055e+01 
1.738028e+01 1.133091e+01 
1.729989e+01 1.143126e+01 
1.721799e+01 1.153161e+01 
1.713457e+01 1.163196e+01 
1.704962e+01 1.173231e+01 
1.696310e+01 1.183265e+01 
1.687501e+01 1.193299e+01 
1.678531e+01 1.203333e+01 
1.669398e+01 1.213366e+01 
1.660100e+01 1.223399e+01 
1.650635e+01 1.233431e+01 
1.641000e+01 1.243464e+01 
1.631192e+01 1.253495e+01 
1.621208e+01 1.263527e+01 
1.611177e+01 1.273428e+01 
1.601141e+01 1.283139e+01 
1.591106e+01 1.292663e+01 
1.581071e+01 1.302004e+01 
1.571037e+01 1.311171e+01 
1.561002e+01 1.320169e+01 
1.550968e+01 1.329003e+01 
1.540935e+01 1.337678e+01 
1.530901e+01 1.346198e+01 
1.520866e+01 1.354561e+01 
1.510830e+01 1.362771e+01 
1.500795e+01 1.370828e+01 
1.490759e+01 1.378736e+01 
1.480723e+01 1.386496e+01 
1.470686e+01 1.394110e+01 
1.460650e+01 1.401580e+01 
1.450613e+01 1.408910e+01 
1.440576e+01 1.416099e+01 
1.430539e+01 1.423152e+01 
1.420502e+01 1.430069e+01 
1.410464e+01 1.436853e+01 
1.400427e+01 1.443505e+01 
1.390389e+01 1.450028e+01 
1.380351e+01 1.456424e+01 
1.370313e+01 1.462695e+01 
1.360276e+01 1.468842e+01 
1.350238e+01 1.474867e+01 
1.340199e+01 1.480771e+01 
1.330152e+01 1.486533e+01 
1.320101e+01 1.492142e+01 
1.310050e+01 1.497599e+01 
1.299999e+01 1.502906e+01 
1.289949e+01 1.508068e+01 
1.279898e+01 1.513087e+01 
1.269848e+01 1.517967e+01 
1.259799e+01 1.522711e+01 
1.249750e+01 1.527322e+01 
1.239701e+01 1.531803e+01 
1.229652e+01 1.536156e+01 
1.219604e+01 1.540385e+01 
1.209556e+01 1.544493e+01 
1.199509e+01 1.548481e+01 
1.189462e+01 1.552353e+01 
1.179416e+01 1.556111e+01 
1.169370e+01 1.559757e+01 
1.159325e+01 1.563295e+01 
1.149281e+01 1.566725e+01 
1.139236e+01 1.570052e+01 
1.129193e+01 1.573276e+01 
1.119150e+01 1.576401e+01 
1.109107e+01 1.579427e+01 
1.099065e+01 1.582358e+01 
1.089024e+01 1.585196e+01 
1.078983e+01 1.587942e+01 
1.068943e+01 1.590598e+01 
1.058901e+01 1.593161e+01 
1.048856e+01 1.595626e+01 
1.038809e+01 1.597988e+01 
1.028752e+01 1.600229e+01 
1.018693e+01 1.602343e+01 
1.008633e+01 1.604330e+01 
9.985746e+00 1.606193e+01 
9.885163e+00 1.607932e+01 
9.784583e+00 1.609550e+01 
9.684008e+00 1.611047e+01 
9.583438e+00 1.612427e+01 
9.482873e+00 1.613690e+01 
9.382314e+00 1.614837e+01 
9.281759e+00 1.615872e+01 
9.181211e+00 1.616794e+01 
9.080668e+00 1.617606e+01 
8.980131e+00 1.618309e+01 
8.879601e+00 1.618904e+01 
8.779077e+00 1.619394e+01 
8.678559e+00 1.619779e+01 
8.578048e+00 1.620062e+01 
8.477543e+00 1.620242e+01 
8.377046e+00 1.620323e+01 
8.276554e+00 1.620305e+01 
8.176070e+00 1.620190e+01 
8.075593e+00 1.619978e+01 
7.975122e+00 1.619672e+01 
7.874659e+00 1.619273e+01 
7.774198e+00 1.618781e+01 
7.673720e+00 1.618193e+01 
7.573210e+00 1.617501e+01 
7.472691e+00 1.616704e+01 
7.372156e+00 1.615797e+01 
7.271565e+00 1.614771e+01 
7.170836e+00 1.613593e+01 
7.070088e+00 1.612261e+01 
6.969353e+00 1.610776e+01 
6.868628e+00 1.609140e+01 
6.767913e+00 1.607354e+01 
6.667207e+00 1.605419e+01 
6.566511e+00 1.603335e+01 
6.465825e+00 1.601104e+01 
6.365147e+00 1.598726e+01 
6.264477e+00 1.596200e+01 
6.163814e+00 1.593528e+01 
6.063160e+00 1.590709e+01 
5.962513e+00 1.587744e+01 
5.861874e+00 1.584632e+01 
5.761241e+00 1.581374e+01 
5.660608e+00 1.577967e+01 
5.559877e+00 1.574382e+01 
5.458898e+00 1.570549e+01 
5.357945e+00 1.566479e+01 
5.257018e+00 1.562172e+01 
5.156117e+00 1.557630e+01 
5.055242e+00 1.552853e+01 
4.954391e+00 1.547841e+01 
4.853566e+00 1.542596e+01 
4.752764e+00 1.537117e+01 
4.651986e+00 1.531404e+01 
4.551231e+00 1.525458e+01 
4.450475e+00 1.519270e+01 
4.349477e+00 1.512735e+01 
4.248319e+00 1.505783e+01 
4.147164e+00 1.498400e+01 
4.046025e+00 1.490568e+01 
3.944907e+00 1.482264e+01 
3.843771e+00 1.473442e+01 
3.742489e+00 1.463972e+01 
3.641476e+00 1.453852e+01 
3.546858e+00 1.443735e+01 
3.457696e+00 1.433628e+01 
3.374670e+00 1.423487e+01 
3.297840e+00 1.413337e+01 
3.226206e+00 1.403206e+01 
3.158725e+00 1.393096e+01 
3.094859e+00 1.382991e+01 
3.034389e+00 1.372888e+01 
2.977167e+00 1.362784e+01 
2.923247e+00 1.352673e+01 
2.872228e+00 1.342575e+01 
2.823690e+00 1.332488e+01 
2.777294e+00 1.322411e+01 
2.732761e+00 1.312343e+01 
2.689907e+00 1.302279e+01 
2.648665e+00 1.292217e+01 
2.608953e+00 1.282156e+01 
2.570518e+00 1.272107e+01 
2.533277e+00 1.262058e+01 
2.497182e+00 1.252011e+01 
2.462135e+00 1.241968e+01 
2.427809e+00 1.231940e+01 
2.394626e+00 1.221888e+01 
2.362632e+00 1.211837e+01 
2.331752e+00 1.201789e+01 
2.301896e+00 1.191745e+01 
2.272977e+00 1.181704e+01 
2.244900e+00 1.171667e+01 
2.217609e+00 1.161633e+01 
2.191047e+00 1.151600e+01 
2.165166e+00 1.141570e+01 
2.139894e+00 1.131542e+01 
2.115151e+00 1.121519e+01 
2.091080e+00 1.111487e+01 
2.067656e+00 1.101458e+01 
2.044848e+00 1.091429e+01 
2.022655e+00 1.081401e+01 
2.001079e+00 1.071372e+01 
1.980122e+00 1.061343e+01 
1.959787e+00 1.051314e+01 
1.939822e+00 1.041298e+01 
1.920197e+00 1.031282e+01 
1.901062e+00 1.021258e+01 
1.882428e+00 1.011234e+01 
1.864278e+00 1.001211e+01 
1.846597e+00 9.911892e+00 
1.829370e+00 9.811676e+00 
1.812593e+00 9.711461e+00 
1.796245e+00 9.611256e+00 
1.780305e+00 9.511061e+00 
1.764765e+00 9.410869e+00 
1.749938e+00 9.310513e+00 
1.736111e+00 9.210019e+00 
1.722865e+00 9.109754e+00 
1.709969e+00 9.009590e+00 
1.697245e+00 8.909512e+00 
1.684687e+00 8.809431e+00 
1.672312e+00 8.709341e+00 
1.660138e+00 8.609242e+00 
1.648184e+00 8.509134e+00 
1.636467e+00 8.409018e+00 
1.625003e+00 8.308893e+00 
1.613808e+00 8.208760e+00 
1.602866e+00 8.108638e+00 
1.592177e+00 8.008513e+00 
1.581766e+00 7.908376e+00 
1.571659e+00 7.808226e+00 
1.561883e+00 7.708062e+00 
1.552452e+00 7.607892e+00 
1.543267e+00 7.507773e+00 
1.534262e+00 7.407686e+00 
1.633859e+00 7.398725e+00 
