6.397980e-01 -1.333828e+01 
8.903271e-01 -1.333376e+01 
1.140843e+00 -1.332748e+01 
1.391357e+00 -1.331947e+01 
1.641881e+00 -1.330973e+01 
1.892425e+00 -1.329824e+01 
2.143055e+00 -1.328492e+01 
2.393733e+00 -1.326949e+01 
2.644461e+00 -1.325176e+01 
2.895225e+00 -1.323158e+01 
3.145937e+00 -1.320882e+01 
3.396581e+00 -1.318366e+01 
3.647147e+00 -1.315632e+01 
3.897630e+00 -1.312706e+01 
4.148022e+00 -1.309617e+01 
4.398474e+00 -1.306393e+01 
4.649161e+00 -1.303010e+01 
4.899955e+00 -1.299389e+01 
5.150914e+00 -1.295491e+01 
5.401827e+00 -1.291261e+01 
5.652699e+00 -1.286711e+01 
5.903533e+00 -1.281855e+01 
6.154334e+00 -1.276705e+01 
6.405105e+00 -1.271268e+01 
6.655883e+00 -1.265555e+01 
6.906690e+00 -1.259559e+01 
7.157549e+00 -1.253267e+01 
7.408462e+00 -1.246658e+01 
7.659433e+00 -1.239707e+01 
7.910463e+00 -1.232389e+01 
8.161543e+00 -1.224678e+01 
8.412560e+00 -1.216552e+01 
8.663626e+00 -1.208026e+01 
8.914747e+00 -1.199075e+01 
9.165921e+00 -1.189668e+01 
9.417285e+00 -1.179771e+01 
9.668799e+00 -1.169292e+01 
9.920212e+00 -1.158164e+01 
1.017149e+01 -1.146414e+01 
1.042293e+01 -1.134070e+01 
1.067440e+01 -1.121047e+01 
1.092588e+01 -1.107309e+01 
1.117739e+01 -1.092818e+01 
1.142892e+01 -1.077532e+01 
1.168047e+01 -1.061403e+01 
1.193204e+01 -1.044381e+01 
1.218362e+01 -1.026407e+01 
1.243521e+01 -1.007417e+01 
1.268682e+01 -9.873452e+00 
1.293847e+01 -9.660990e+00 
1.319013e+01 -9.435689e+00 
1.344183e+01 -9.196285e+00 
1.369024e+01 -8.944454e+00 
1.392240e+01 -8.692642e+00 
1.413988e+01 -8.440858e+00 
1.434405e+01 -8.189106e+00 
1.453632e+01 -7.937042e+00 
1.471532e+01 -7.684958e+00 
1.488183e+01 -7.432892e+00 
1.503676e+01 -7.180844e+00 
1.518085e+01 -6.928811e+00 
1.531477e+01 -6.676793e+00 
1.543906e+01 -6.424790e+00 
1.555420e+01 -6.172800e+00 
1.566063e+01 -5.920825e+00 
1.575871e+01 -5.668866e+00 
1.584879e+01 -5.416924e+00 
1.593114e+01 -5.165013e+00 
1.600621e+01 -4.912764e+00 
1.607286e+01 -4.660255e+00 
1.613028e+01 -4.407798e+00 
1.617886e+01 -4.155398e+00 
1.621898e+01 -3.903056e+00 
1.625097e+01 -3.650776e+00 
1.627514e+01 -3.398559e+00 
1.629179e+01 -3.146406e+00 
1.630116e+01 -2.894320e+00 
1.630352e+01 -2.642298e+00 
1.629907e+01 -2.389989e+00 
1.628683e+01 -2.137605e+00 
1.626651e+01 -1.885167e+00 
1.623787e+01 -1.632747e+00 
1.620078e+01 -1.379818e+00 
1.615326e+01 -1.126268e+00 
1.609294e+01 -8.728606e-01 
1.601995e+01 -6.196233e-01 
1.593446e+01 -3.665790e-01 
1.583668e+01 -1.136964e-01 
1.572599e+01 1.404525e-01 
1.559645e+01 3.942711e-01 
1.544799e+01 6.477349e-01 
1.528063e+01 9.008471e-01 
1.509417e+01 1.154004e+00 
1.488488e+01 1.408362e+00 
1.464045e+01 1.662348e+00 
1.438672e+01 1.888563e+00 
1.413340e+01 2.086552e+00 
1.388042e+01 2.262759e+00 
1.362830e+01 2.421133e+00 
1.337676e+01 2.567813e+00 
1.312630e+01 2.706047e+00 
1.287533e+01 2.842307e+00 
1.262441e+01 2.973787e+00 
1.237472e+01 3.100282e+00 
1.212392e+01 3.228817e+00 
1.186867e+01 3.355537e+00 
1.161222e+01 3.459043e+00 
1.135581e+01 3.536252e+00 
1.110219e+01 3.588985e+00 
1.084969e+01 3.628725e+00 
1.059864e+01 3.659654e+00 
1.034714e+01 3.687035e+00 
1.009612e+01 3.709274e+00 
9.845742e+00 3.728045e+00 
9.595347e+00 3.745533e+00 
9.344812e+00 3.761700e+00 
9.094559e+00 3.776055e+00 
8.844924e+00 3.789530e+00 
8.594761e+00 3.804258e+00 
8.343934e+00 3.818471e+00 
8.092629e+00 3.829924e+00 
7.843872e+00 3.836924e+00 
7.592100e+00 3.848180e+00 
7.342807e+00 3.853441e+00 
7.091520e+00 3.861109e+00 
6.842527e+00 3.864434e+00 
6.591894e+00 3.871152e+00 
6.342412e+00 3.875733e+00 
6.092080e+00 3.882060e+00 
5.842253e+00 3.887271e+00 
5.592140e+00 3.893065e+00 
5.341636e+00 3.898487e+00 
5.092077e+00 3.902213e+00 
4.840932e+00 3.907431e+00 
4.591975e+00 3.908805e+00 
4.341154e+00 3.913681e+00 
4.091557e+00 3.915802e+00 
3.841460e+00 3.919274e+00 
3.591562e+00 3.922419e+00 
3.341328e+00 3.925907e+00 
3.091160e+00 3.928615e+00 
2.840898e+00 3.930762e+00 
2.591357e+00 3.932031e+00 
2.341098e+00 3.934837e+00 
2.091342e+00 3.936774e+00 
1.841381e+00 3.939525e+00 
1.591485e+00 3.942405e+00 
1.340705e+00 3.945639e+00 
1.090995e+00 3.946266e+00 
8.409847e-01 3.947863e+00 
5.911728e-01 3.949423e+00 
3.407931e-01 3.951613e+00 
9.067022e-02 3.952536e+00 
-1.586446e-01 3.953044e+00 
-4.085587e-01 3.955840e+00 
-6.593557e-01 3.958929e+00 
-9.089508e-01 3.959353e+00 
-1.159387e+00 3.961131e+00 
-1.409440e+00 3.961454e+00 
-1.659350e+00 3.961599e+00 
-1.909350e+00 3.962045e+00 
-2.159737e+00 3.962492e+00 
-2.409492e+00 3.961647e+00 
-2.659653e+00 3.961618e+00 
-2.910413e+00 3.961048e+00 
-3.159733e+00 3.957955e+00 
-3.410112e+00 3.957123e+00 
-3.408856e+00 3.807128e+00 
-3.159235e+00 3.807956e+00 
-2.908554e+00 3.811060e+00 
-2.659314e+00 3.811618e+00 
-2.409475e+00 3.811647e+00 
-2.159230e+00 3.812493e+00 
-1.909618e+00 3.812046e+00 
-1.659617e+00 3.811600e+00 
-1.409527e+00 3.811454e+00 
-1.159580e+00 3.811131e+00 
-9.100164e-01 3.809357e+00 
-6.596115e-01 3.808929e+00 
-4.104085e-01 3.805851e+00 
-1.603226e-01 3.803054e+00 
9.036260e-02 3.802536e+00 
3.402397e-01 3.801614e+00 
5.898600e-01 3.799429e+00 
8.400481e-01 3.797866e+00 
1.090037e+00 3.796270e+00 
1.340328e+00 3.795639e+00 
1.589548e+00 3.792418e+00 
1.839652e+00 3.789535e+00 
2.089691e+00 3.786783e+00 
2.339934e+00 3.784841e+00 
2.589676e+00 3.782041e+00 
2.840135e+00 3.780764e+00 
3.089873e+00 3.778620e+00 
3.339705e+00 3.775916e+00 
3.589471e+00 3.772434e+00 
3.839572e+00 3.769286e+00 
4.089475e+00 3.765817e+00 
4.339879e+00 3.763686e+00 
4.589057e+00 3.758834e+00 
4.840100e+00 3.757434e+00 
5.088956e+00 3.752246e+00 
5.339396e+00 3.748504e+00 
5.588893e+00 3.743100e+00 
5.838779e+00 3.737311e+00 
6.088952e+00 3.732093e+00 
6.338621e+00 3.725781e+00 
6.589139e+00 3.721177e+00 
6.838506e+00 3.714488e+00 
7.089513e+00 3.711123e+00 
7.338226e+00 3.703511e+00 
7.588933e+00 3.698213e+00 
7.837161e+00 3.687075e+00 
8.088403e+00 3.679983e+00 
8.337098e+00 3.668626e+00 
8.586272e+00 3.654498e+00 
8.836109e+00 3.639789e+00 
9.086474e+00 3.626273e+00 
9.336221e+00 3.611946e+00 
9.585686e+00 3.595845e+00 
9.835291e+00 3.578410e+00 
1.008491e+01 3.559693e+00 
1.033390e+01 3.537620e+00 
1.058239e+01 3.510536e+00 
1.083134e+01 3.479851e+00 
1.107884e+01 3.440813e+00 
1.132522e+01 3.389404e+00 
1.156881e+01 3.315461e+00 
1.181237e+01 3.216503e+00 
1.205711e+01 3.094514e+00 
1.230631e+01 2.966793e+00 
1.255662e+01 2.839979e+00 
1.280570e+01 2.709444e+00 
1.305473e+01 2.574225e+00 
1.330427e+01 2.436489e+00 
1.355273e+01 2.291560e+00 
1.380061e+01 2.135751e+00 
1.404763e+01 1.963490e+00 
1.429431e+01 1.770411e+00 
1.454058e+01 1.550431e+00 
1.477673e+01 1.304417e+00 
1.497828e+01 1.058775e+00 
1.515983e+01 8.119318e-01 
1.532284e+01 5.650440e-01 
1.546699e+01 3.185078e-01 
1.559235e+01 7.232647e-02 
1.569913e+01 -1.735247e-01 
1.579454e+01 -4.206421e-01 
1.587783e+01 -6.675978e-01 
1.594880e+01 -9.143605e-01 
1.600732e+01 -1.160953e+00 
1.605334e+01 -1.407404e+00 
1.608945e+01 -1.654474e+00 
1.611746e+01 -1.902054e+00 
1.613731e+01 -2.149616e+00 
1.614924e+01 -2.397232e+00 
1.615354e+01 -2.644923e+00 
1.615117e+01 -2.892901e+00 
1.614189e+01 -3.140815e+00 
1.612547e+01 -3.388663e+00 
1.610166e+01 -3.636445e+00 
1.607017e+01 -3.884165e+00 
1.603072e+01 -4.131823e+00 
1.598298e+01 -4.379423e+00 
1.592660e+01 -4.626966e+00 
1.586118e+01 -4.874457e+00 
1.578738e+01 -5.122208e+00 
1.570622e+01 -5.370297e+00 
1.561747e+01 -5.618355e+00 
1.552086e+01 -5.866396e+00 
1.541603e+01 -6.114421e+00 
1.530263e+01 -6.362431e+00 
1.518025e+01 -6.610428e+00 
1.504840e+01 -6.858410e+00 
1.490655e+01 -7.106377e+00 
1.475405e+01 -7.354329e+00 
1.459018e+01 -7.602264e+00 
1.441403e+01 -7.850179e+00 
1.422479e+01 -8.098115e+00 
1.402338e+01 -8.346363e+00 
1.380889e+01 -8.594579e+00 
1.357997e+01 -8.842767e+00 
1.333506e+01 -9.090936e+00 
1.308676e+01 -9.326988e+00 
1.283843e+01 -9.549223e+00 
1.259007e+01 -9.758831e+00 
1.234168e+01 -9.956905e+00 
1.209327e+01 -1.014434e+01 
1.184485e+01 -1.032175e+01 
1.159642e+01 -1.048979e+01 
1.134797e+01 -1.064904e+01 
1.109950e+01 -1.079999e+01 
1.085101e+01 -1.094312e+01 
1.060249e+01 -1.107883e+01 
1.035396e+01 -1.120750e+01 
1.010540e+01 -1.132948e+01 
9.856680e+00 -1.144576e+01 
9.608093e+00 -1.155575e+01 
9.359607e+00 -1.165924e+01 
9.110971e+00 -1.175711e+01 
8.862146e+00 -1.185027e+01 
8.613267e+00 -1.193897e+01 
8.364333e+00 -1.202348e+01 
8.115349e+00 -1.210407e+01 
7.866429e+00 -1.218050e+01 
7.617459e+00 -1.225306e+01 
7.368430e+00 -1.232202e+01 
7.119343e+00 -1.238762e+01 
6.870202e+00 -1.245009e+01 
6.621009e+00 -1.250966e+01 
6.371787e+00 -1.256643e+01 
6.122558e+00 -1.262045e+01 
5.873359e+00 -1.267162e+01 
5.624193e+00 -1.271985e+01 
5.375065e+00 -1.276501e+01 
5.125978e+00 -1.280700e+01 
4.876937e+00 -1.284567e+01 
4.627731e+00 -1.288164e+01 
4.378418e+00 -1.291527e+01 
4.128870e+00 -1.294740e+01 
3.879262e+00 -1.297819e+01 
3.629746e+00 -1.300733e+01 
3.380312e+00 -1.303455e+01 
3.130955e+00 -1.305957e+01 
2.881667e+00 -1.308220e+01 
2.632431e+00 -1.310225e+01 
2.383159e+00 -1.311986e+01 
2.133837e+00 -1.313521e+01 
1.884467e+00 -1.314845e+01 
1.635011e+00 -1.315989e+01 
1.385535e+00 -1.316958e+01 
1.136050e+00 -1.317755e+01 
8.865651e-01 -1.318381e+01 
6.370942e-01 -1.318831e+01 
6.397980e-01 -1.333828e+01 
