-2.013868e+01 -5.981799e-01 
-2.013505e+01 -6.979315e-01 
-2.013092e+01 -7.976837e-01 
-2.012629e+01 -8.974366e-01 
-2.012117e+01 -9.971900e-01 
-2.011556e+01 -1.096944e+00 
-2.010945e+01 -1.196699e+00 
-2.010285e+01 -1.296454e+00 
-2.009576e+01 -1.396210e+00 
-2.008818e+01 -1.495966e+00 
-2.008010e+01 -1.595723e+00 
-2.007154e+01 -1.695481e+00 
-2.006248e+01 -1.795239e+00 
-2.005294e+01 -1.894998e+00 
-2.004291e+01 -1.994758e+00 
-2.003240e+01 -2.094518e+00 
-2.002139e+01 -2.194279e+00 
-2.000990e+01 -2.294040e+00 
-1.999793e+01 -2.393802e+00 
-1.998546e+01 -2.493565e+00 
-1.997252e+01 -2.593328e+00 
-1.995909e+01 -2.693092e+00 
-1.994517e+01 -2.792857e+00 
-1.993077e+01 -2.892610e+00 
-1.991587e+01 -2.992315e+00 
-1.990036e+01 -3.092013e+00 
-1.988423e+01 -3.191710e+00 
-1.986747e+01 -3.291408e+00 
-1.985008e+01 -3.391104e+00 
-1.983206e+01 -3.490800e+00 
-1.981339e+01 -3.590495e+00 
-1.979409e+01 -3.690190e+00 
-1.977415e+01 -3.789884e+00 
-1.975355e+01 -3.889578e+00 
-1.973231e+01 -3.989271e+00 
-1.971041e+01 -4.088964e+00 
-1.968784e+01 -4.188673e+00 
-1.966464e+01 -4.288421e+00 
-1.964090e+01 -4.388172e+00 
-1.961661e+01 -4.487923e+00 
-1.959178e+01 -4.587672e+00 
-1.956641e+01 -4.687421e+00 
-1.954048e+01 -4.787169e+00 
-1.951399e+01 -4.886915e+00 
-1.948695e+01 -4.986661e+00 
-1.945934e+01 -5.086407e+00 
-1.943116e+01 -5.186151e+00 
-1.940241e+01 -5.285895e+00 
-1.937308e+01 -5.385637e+00 
-1.934317e+01 -5.485379e+00 
-1.931267e+01 -5.585121e+00 
-1.928159e+01 -5.684862e+00 
-1.924990e+01 -5.784602e+00 
-1.921762e+01 -5.884341e+00 
-1.918473e+01 -5.984080e+00 
-1.915123e+01 -6.083819e+00 
-1.911711e+01 -6.183556e+00 
-1.908238e+01 -6.283294e+00 
-1.904703e+01 -6.383031e+00 
-1.901104e+01 -6.482768e+00 
-1.897443e+01 -6.582504e+00 
-1.893717e+01 -6.682240e+00 
-1.889928e+01 -6.781970e+00 
-1.886073e+01 -6.881678e+00 
-1.882147e+01 -6.981381e+00 
-1.878146e+01 -7.081083e+00 
-1.874072e+01 -7.180783e+00 
-1.869921e+01 -7.280481e+00 
-1.865694e+01 -7.380178e+00 
-1.861389e+01 -7.479872e+00 
-1.857005e+01 -7.579565e+00 
-1.852541e+01 -7.679257e+00 
-1.847996e+01 -7.778946e+00 
-1.843368e+01 -7.878634e+00 
-1.838656e+01 -7.978321e+00 
-1.833860e+01 -8.078006e+00 
-1.828978e+01 -8.177689e+00 
-1.824007e+01 -8.277371e+00 
-1.818949e+01 -8.377052e+00 
-1.813800e+01 -8.476732e+00 
-1.808559e+01 -8.576410e+00 
-1.803226e+01 -8.676087e+00 
-1.797798e+01 -8.775763e+00 
-1.792274e+01 -8.875439e+00 
-1.786653e+01 -8.975113e+00 
-1.780933e+01 -9.074786e+00 
-1.775112e+01 -9.174459e+00 
-1.769190e+01 -9.274130e+00 
-1.763164e+01 -9.373802e+00 
-1.757029e+01 -9.473526e+00 
-1.750804e+01 -9.573271e+00 
-1.744495e+01 -9.673016e+00 
-1.738101e+01 -9.772762e+00 
-1.731625e+01 -9.872444e+00 
-1.725045e+01 -9.972074e+00 
-1.718337e+01 -1.007170e+01 
-1.711498e+01 -1.017133e+01 
-1.704526e+01 -1.027097e+01 
-1.697420e+01 -1.037061e+01 
-1.690179e+01 -1.047025e+01 
-1.682801e+01 -1.056989e+01 
-1.675285e+01 -1.066954e+01 
-1.667629e+01 -1.076919e+01 
-1.659831e+01 -1.086884e+01 
-1.651890e+01 -1.096850e+01 
-1.643803e+01 -1.106816e+01 
-1.635570e+01 -1.116782e+01 
-1.627188e+01 -1.126748e+01 
-1.618656e+01 -1.136715e+01 
-1.609970e+01 -1.146682e+01 
-1.601130e+01 -1.156650e+01 
-1.592132e+01 -1.166617e+01 
-1.582975e+01 -1.176586e+01 
-1.573659e+01 -1.186555e+01 
-1.564181e+01 -1.196525e+01 
-1.554541e+01 -1.206495e+01 
-1.544743e+01 -1.216466e+01 
-1.534786e+01 -1.226433e+01 
-1.524823e+01 -1.236222e+01 
-1.514857e+01 -1.245815e+01 
-1.504892e+01 -1.255225e+01 
-1.494928e+01 -1.264455e+01 
-1.484963e+01 -1.273509e+01 
-1.474999e+01 -1.282390e+01 
-1.465035e+01 -1.291101e+01 
-1.455072e+01 -1.299645e+01 
-1.445108e+01 -1.308025e+01 
-1.435145e+01 -1.316244e+01 
-1.425182e+01 -1.324306e+01 
-1.415219e+01 -1.332211e+01 
-1.405257e+01 -1.339964e+01 
-1.395294e+01 -1.347568e+01 
-1.385332e+01 -1.355023e+01 
-1.375370e+01 -1.362334e+01 
-1.365408e+01 -1.369503e+01 
-1.355446e+01 -1.376533e+01 
-1.345484e+01 -1.383425e+01 
-1.335522e+01 -1.390182e+01 
-1.325560e+01 -1.396806e+01 
-1.315598e+01 -1.403300e+01 
-1.305636e+01 -1.409666e+01 
-1.295675e+01 -1.415906e+01 
-1.285722e+01 -1.422015e+01 
-1.275771e+01 -1.427974e+01 
-1.265821e+01 -1.433777e+01 
-1.255870e+01 -1.439428e+01 
-1.245920e+01 -1.444931e+01 
-1.235969e+01 -1.450290e+01 
-1.226017e+01 -1.455507e+01 
-1.216066e+01 -1.460587e+01 
-1.206114e+01 -1.465531e+01 
-1.196161e+01 -1.470344e+01 
-1.186208e+01 -1.475028e+01 
-1.176255e+01 -1.479586e+01 
-1.166302e+01 -1.484020e+01 
-1.156348e+01 -1.488335e+01 
-1.146394e+01 -1.492531e+01 
-1.136439e+01 -1.496612e+01 
-1.126484e+01 -1.500581e+01 
-1.116528e+01 -1.504439e+01 
-1.106572e+01 -1.508189e+01 
-1.096615e+01 -1.511834e+01 
-1.086659e+01 -1.515375e+01 
-1.076708e+01 -1.518810e+01 
-1.066755e+01 -1.522131e+01 
-1.056803e+01 -1.525341e+01 
-1.046849e+01 -1.528443e+01 
-1.036895e+01 -1.531440e+01 
-1.026939e+01 -1.534334e+01 
-1.016984e+01 -1.537127e+01 
-1.007033e+01 -1.539821e+01 
-9.970924e+00 -1.542403e+01 
-9.871527e+00 -1.544856e+01 
-9.772128e+00 -1.547178e+01 
-9.672726e+00 -1.549372e+01 
-9.573320e+00 -1.551439e+01 
-9.473911e+00 -1.553380e+01 
-9.374498e+00 -1.555197e+01 
-9.275080e+00 -1.556893e+01 
-9.175658e+00 -1.558468e+01 
-9.076231e+00 -1.559924e+01 
-8.976798e+00 -1.561263e+01 
-8.877361e+00 -1.562486e+01 
-8.777917e+00 -1.563595e+01 
-8.678468e+00 -1.564592e+01 
-8.579014e+00 -1.565478e+01 
-8.479553e+00 -1.566254e+01 
-8.380085e+00 -1.566922e+01 
-8.280612e+00 -1.567483e+01 
-8.181132e+00 -1.567940e+01 
-8.081645e+00 -1.568292e+01 
-7.982160e+00 -1.568543e+01 
-7.882711e+00 -1.568690e+01 
-7.783296e+00 -1.568729e+01 
-7.683889e+00 -1.568651e+01 
-7.584489e+00 -1.568455e+01 
-7.485095e+00 -1.568139e+01 
-7.385706e+00 -1.567703e+01 
-7.286321e+00 -1.567145e+01 
-7.186940e+00 -1.566465e+01 
-7.087569e+00 -1.565660e+01 
-6.988250e+00 -1.564729e+01 
-6.889078e+00 -1.563663e+01 
-6.789896e+00 -1.562429e+01 
-6.690699e+00 -1.561028e+01 
-6.591489e+00 -1.559462e+01 
-6.492265e+00 -1.557733e+01 
-6.393029e+00 -1.555842e+01 
-6.293779e+00 -1.553790e+01 
-6.194517e+00 -1.551578e+01 
-6.095244e+00 -1.549207e+01 
-5.995960e+00 -1.546679e+01 
-5.896665e+00 -1.543993e+01 
-5.797359e+00 -1.541150e+01 
-5.698090e+00 -1.538152e+01 
-5.599033e+00 -1.534995e+01 
-5.500043e+00 -1.531622e+01 
-5.401024e+00 -1.528010e+01 
-5.301977e+00 -1.524159e+01 
-5.202902e+00 -1.520071e+01 
-5.103800e+00 -1.515747e+01 
-5.004670e+00 -1.511187e+01 
-4.905516e+00 -1.506393e+01 
-4.806345e+00 -1.501365e+01 
-4.707304e+00 -1.496109e+01 
-4.608526e+00 -1.490588e+01 
-4.509767e+00 -1.484696e+01 
-4.410991e+00 -1.478406e+01 
-4.312196e+00 -1.471699e+01 
-4.213381e+00 -1.464558e+01 
-4.114547e+00 -1.456961e+01 
-4.015774e+00 -1.448889e+01 
-3.917095e+00 -1.440284e+01 
-3.818316e+00 -1.431029e+01 
-3.720026e+00 -1.421173e+01 
-3.629404e+00 -1.411332e+01 
-3.546138e+00 -1.401481e+01 
-3.469057e+00 -1.391617e+01 
-3.397143e+00 -1.381736e+01 
-3.329480e+00 -1.371845e+01 
-3.265518e+00 -1.361950e+01 
-3.205075e+00 -1.352068e+01 
-3.148268e+00 -1.342181e+01 
-3.094735e+00 -1.332277e+01 
-3.043894e+00 -1.322363e+01 
-2.995395e+00 -1.312441e+01 
-2.948980e+00 -1.302517e+01 
-2.904560e+00 -1.292590e+01 
-2.862032e+00 -1.282663e+01 
-2.821304e+00 -1.272725e+01 
-2.782101e+00 -1.262780e+01 
-2.744246e+00 -1.252834e+01 
-2.707642e+00 -1.242875e+01 
-2.672048e+00 -1.232921e+01 
-2.637574e+00 -1.222976e+01 
-2.604390e+00 -1.213029e+01 
-2.572410e+00 -1.203078e+01 
-2.541553e+00 -1.193125e+01 
-2.511741e+00 -1.183167e+01 
-2.482880e+00 -1.173205e+01 
-2.454866e+00 -1.163241e+01 
-2.427630e+00 -1.153274e+01 
-2.401111e+00 -1.143302e+01 
-2.375218e+00 -1.133330e+01 
-2.349941e+00 -1.123361e+01 
-2.325351e+00 -1.113394e+01 
-2.301464e+00 -1.103424e+01 
-2.278224e+00 -1.093452e+01 
-2.255595e+00 -1.083480e+01 
-2.233575e+00 -1.073509e+01 
-2.212166e+00 -1.063538e+01 
-2.191367e+00 -1.053565e+01 
-2.171130e+00 -1.043583e+01 
-2.151273e+00 -1.033602e+01 
-2.131828e+00 -1.023627e+01 
-2.112902e+00 -1.013651e+01 
-2.094484e+00 -1.003675e+01 
-2.076572e+00 -9.936988e+00 
-2.059158e+00 -9.837225e+00 
-2.042238e+00 -9.737453e+00 
-2.025789e+00 -9.637667e+00 
-2.009783e+00 -9.537871e+00 
-1.994200e+00 -9.438090e+00 
-1.979081e+00 -9.338375e+00 
-1.964543e+00 -9.238623e+00 
-1.950501e+00 -9.138768e+00 
-1.936750e+00 -9.038865e+00 
-1.923200e+00 -8.938971e+00 
-1.909869e+00 -8.839084e+00 
-1.896772e+00 -8.739206e+00 
-1.883925e+00 -8.639336e+00 
-1.871345e+00 -8.539475e+00 
-1.859049e+00 -8.439621e+00 
-1.847054e+00 -8.339776e+00 
-1.835375e+00 -8.239937e+00 
-1.824023e+00 -8.140084e+00 
-1.812967e+00 -8.040224e+00 
-1.802197e+00 -7.940376e+00 
-1.791739e+00 -7.840543e+00 
-1.781618e+00 -7.740711e+00 
-1.771834e+00 -7.640837e+00 
-1.762304e+00 -7.540930e+00 
-1.752962e+00 -7.441024e+00 
-1.743809e+00 -7.341119e+00 
-1.734846e+00 -7.241174e+00 
-1.725990e+00 -7.141185e+00 
-1.717156e+00 -7.041196e+00 
-1.708345e+00 -6.941219e+00 
-1.699582e+00 -6.841254e+00 
-1.690893e+00 -6.741338e+00 
-1.682377e+00 -6.641447e+00 
-1.674079e+00 -6.541531e+00 
-1.665949e+00 -6.441598e+00 
-1.657956e+00 -6.341689e+00 
-1.650147e+00 -6.241791e+00 
-1.642542e+00 -6.141853e+00 
-1.635064e+00 -6.041960e+00 
-1.627801e+00 -5.942065e+00 
-1.620746e+00 -5.842131e+00 
-1.613824e+00 -5.742187e+00 
-1.607015e+00 -5.642234e+00 
-1.600301e+00 -5.542289e+00 
-1.593699e+00 -5.442352e+00 
-1.587223e+00 -5.342420e+00 
-1.580884e+00 -5.242474e+00 
-1.574651e+00 -5.142516e+00 
-1.568503e+00 -5.042561e+00 
-1.562447e+00 -4.942635e+00 
-1.556541e+00 -4.842738e+00 
-1.550841e+00 -4.742808e+00 
-1.545279e+00 -4.642836e+00 
-1.539773e+00 -4.542852e+00 
-1.534299e+00 -4.442858e+00 
-1.528835e+00 -4.342865e+00 
-1.523388e+00 -4.242900e+00 
-1.518013e+00 -4.142947e+00 
-1.512731e+00 -4.042980e+00 
-1.507514e+00 -3.942999e+00 
-1.502334e+00 -3.843004e+00 
-1.497163e+00 -3.742994e+00 
-1.491976e+00 -3.643034e+00 
-1.486873e+00 -3.543165e+00 
-1.482034e+00 -3.443321e+00 
-1.477506e+00 -3.343452e+00 
-1.473241e+00 -3.243556e+00 
-1.469181e+00 -3.143622e+00 
-1.465253e+00 -3.043659e+00 
-1.461398e+00 -2.943675e+00 
-1.457575e+00 -2.843671e+00 
-1.453741e+00 -2.743646e+00 
-1.449857e+00 -2.643600e+00 
-1.445883e+00 -2.543599e+00 
-1.441909e+00 -2.443620e+00 
-1.437975e+00 -2.343626e+00 
-1.434055e+00 -2.243651e+00 
-1.430185e+00 -2.143729e+00 
-1.426469e+00 -2.043739e+00 
-1.422771e+00 -1.943686e+00 
-1.418969e+00 -1.843662e+00 
-1.415120e+00 -1.743667e+00 
-1.411283e+00 -1.643702e+00 
-1.407515e+00 -1.543764e+00 
-1.403872e+00 -1.443839e+00 
-1.400379e+00 -1.343919e+00 
-1.397048e+00 -1.244012e+00 
-1.393901e+00 -1.144099e+00 
-1.390930e+00 -1.044168e+00 
-1.388095e+00 -9.442174e-01 
-1.385359e+00 -8.442480e-01 
-1.382683e+00 -7.442593e-01 
-1.380030e+00 -6.442511e-01 
-1.377359e+00 -5.442252e-01 
-1.374637e+00 -4.441903e-01 
-1.371845e+00 -3.441641e-01 
-1.369000e+00 -2.441440e-01 
-1.366116e+00 -1.441443e-01 
-1.363254e+00 -4.558542e-02 
-1.363233e+00 4.414427e-02 
-1.366116e+00 1.441440e-01 
-1.369001e+00 2.441641e-01 
-1.371845e+00 3.441903e-01 
-1.374638e+00 4.442252e-01 
-1.377360e+00 5.442511e-01 
-1.380030e+00 6.442593e-01 
-1.382683e+00 7.442480e-01 
-1.385358e+00 8.442174e-01 
-1.388093e+00 9.441678e-01 
-1.390928e+00 1.044099e+00 
-1.393899e+00 1.144012e+00 
-1.397045e+00 1.243919e+00 
-1.400377e+00 1.343839e+00 
-1.403870e+00 1.443764e+00 
-1.407512e+00 1.543702e+00 
-1.411281e+00 1.643667e+00 
-1.415120e+00 1.743662e+00 
-1.418970e+00 1.843686e+00 
-1.422773e+00 1.943739e+00 
-1.426469e+00 2.043729e+00 
-1.430182e+00 2.143651e+00 
-1.434054e+00 2.243626e+00 
-1.437975e+00 2.343620e+00 
-1.441908e+00 2.443599e+00 
-1.445883e+00 2.543600e+00 
-1.449858e+00 2.643646e+00 
-1.453742e+00 2.743671e+00 
-1.457575e+00 2.843675e+00 
-1.461397e+00 2.943659e+00 
-1.465251e+00 3.043622e+00 
-1.469178e+00 3.143556e+00 
-1.473237e+00 3.243452e+00 
-1.477501e+00 3.343321e+00 
-1.482027e+00 3.443165e+00 
-1.486866e+00 3.543034e+00 
-1.491974e+00 3.642994e+00 
-1.497164e+00 3.743004e+00 
-1.502334e+00 3.842999e+00 
-1.507513e+00 3.942980e+00 
-1.512729e+00 4.042947e+00 
-1.518010e+00 4.142900e+00 
-1.523386e+00 4.242865e+00 
-1.528835e+00 4.342858e+00 
-1.534299e+00 4.442852e+00 
-1.539772e+00 4.542836e+00 
-1.545277e+00 4.642808e+00 
-1.550837e+00 4.742738e+00 
-1.556535e+00 4.842635e+00 
-1.562442e+00 4.942561e+00 
-1.568500e+00 5.042516e+00 
-1.574649e+00 5.142474e+00 
-1.580880e+00 5.242420e+00 
-1.587219e+00 5.342352e+00 
-1.593694e+00 5.442289e+00 
-1.600297e+00 5.542234e+00 
-1.607012e+00 5.642187e+00 
-1.613820e+00 5.742131e+00 
-1.620742e+00 5.842065e+00 
-1.627793e+00 5.941960e+00 
-1.635056e+00 6.041853e+00 
-1.642537e+00 6.141791e+00 
-1.650140e+00 6.241689e+00 
-1.657949e+00 6.341598e+00 
-1.665943e+00 6.441531e+00 
-1.674072e+00 6.541447e+00 
-1.682367e+00 6.641338e+00 
-1.690886e+00 6.741254e+00 
-1.591262e+00 6.749917e+00 
-1.582729e+00 6.649833e+00 
-1.574415e+00 6.549724e+00 
-1.566273e+00 6.449640e+00 
-1.558267e+00 6.349573e+00 
-1.550444e+00 6.249482e+00 
-1.542826e+00 6.149379e+00 
-1.535335e+00 6.049318e+00 
-1.528057e+00 5.949211e+00 
-1.520990e+00 5.849106e+00 
-1.514059e+00 5.749040e+00 
-1.507243e+00 5.648984e+00 
-1.500522e+00 5.548937e+00 
-1.493912e+00 5.448882e+00 
-1.487428e+00 5.348819e+00 
-1.481081e+00 5.248750e+00 
-1.474842e+00 5.148697e+00 
-1.468689e+00 5.048655e+00 
-1.462625e+00 4.948610e+00 
-1.456709e+00 4.848536e+00 
-1.450999e+00 4.748433e+00 
-1.445432e+00 4.648363e+00 
-1.439923e+00 4.548335e+00 
-1.434448e+00 4.448318e+00 
-1.428984e+00 4.348313e+00 
-1.423534e+00 4.248306e+00 
-1.418155e+00 4.148270e+00 
-1.412869e+00 4.048223e+00 
-1.407649e+00 3.948191e+00 
-1.402468e+00 3.848172e+00 
-1.397297e+00 3.748167e+00 
-1.392108e+00 3.648177e+00 
-1.386997e+00 3.548137e+00 
-1.382144e+00 3.448005e+00 
-1.377603e+00 3.347850e+00 
-1.373328e+00 3.247718e+00 
-1.369260e+00 3.147615e+00 
-1.365328e+00 3.047549e+00 
-1.361472e+00 2.947512e+00 
-1.357648e+00 2.847496e+00 
-1.353815e+00 2.747500e+00 
-1.349934e+00 2.647525e+00 
-1.345962e+00 2.547571e+00 
-1.341987e+00 2.447571e+00 
-1.338052e+00 2.347551e+00 
-1.334130e+00 2.247545e+00 
-1.330257e+00 2.147520e+00 
-1.326538e+00 2.047442e+00 
-1.322841e+00 1.947432e+00 
-1.319043e+00 1.847484e+00 
-1.315194e+00 1.747509e+00 
-1.311355e+00 1.647503e+00 
-1.307583e+00 1.547469e+00 
-1.303936e+00 1.447407e+00 
-1.300438e+00 1.347332e+00 
-1.297100e+00 1.247252e+00 
-1.293948e+00 1.147159e+00 
-1.290972e+00 1.047072e+00 
-1.288134e+00 9.470030e-01 
-1.285395e+00 8.469534e-01 
-1.282718e+00 7.469229e-01 
-1.280065e+00 6.469115e-01 
-1.277396e+00 5.469197e-01 
-1.274675e+00 4.469456e-01 
-1.271884e+00 3.469806e-01 
-1.269041e+00 2.470068e-01 
-1.266158e+00 1.470268e-01 
-1.263274e+00 4.702656e-02 
-1.263254e+00 -4.558542e-02 
-1.266158e+00 -1.470266e-01 
-1.269042e+00 -2.470268e-01 
-1.271885e+00 -3.470068e-01 
-1.274676e+00 -4.469806e-01 
-1.277396e+00 -5.469456e-01 
-1.280065e+00 -6.469197e-01 
-1.282718e+00 -7.469115e-01 
-1.285394e+00 -8.469229e-01 
-1.288132e+00 -9.469534e-01 
-1.290970e+00 -1.047003e+00 
-1.293946e+00 -1.147072e+00 
-1.297097e+00 -1.247159e+00 
-1.300435e+00 -1.347252e+00 
-1.303934e+00 -1.447332e+00 
-1.307581e+00 -1.547407e+00 
-1.311354e+00 -1.647469e+00 
-1.315194e+00 -1.747503e+00 
-1.319043e+00 -1.847509e+00 
-1.322843e+00 -1.947484e+00 
-1.326538e+00 -2.047432e+00 
-1.330254e+00 -2.147442e+00 
-1.334129e+00 -2.247520e+00 
-1.338052e+00 -2.347545e+00 
-1.341986e+00 -2.447551e+00 
-1.345962e+00 -2.547571e+00 
-1.349935e+00 -2.647571e+00 
-1.353816e+00 -2.747525e+00 
-1.357648e+00 -2.847500e+00 
-1.361471e+00 -2.947496e+00 
-1.365327e+00 -3.047512e+00 
-1.369258e+00 -3.147549e+00 
-1.373323e+00 -3.247615e+00 
-1.377598e+00 -3.347718e+00 
-1.382137e+00 -3.447850e+00 
-1.386990e+00 -3.548005e+00 
-1.392106e+00 -3.648137e+00 
-1.397298e+00 -3.748177e+00 
-1.402468e+00 -3.848167e+00 
-1.407648e+00 -3.948172e+00 
-1.412867e+00 -4.048191e+00 
-1.418152e+00 -4.148223e+00 
-1.423532e+00 -4.248270e+00 
-1.428984e+00 -4.348306e+00 
-1.434448e+00 -4.448313e+00 
-1.439922e+00 -4.548318e+00 
-1.445430e+00 -4.648335e+00 
-1.450995e+00 -4.748363e+00 
-1.456703e+00 -4.848433e+00 
-1.462621e+00 -4.948536e+00 
-1.468686e+00 -5.048610e+00 
-1.474840e+00 -5.148655e+00 
-1.481078e+00 -5.248697e+00 
-1.487424e+00 -5.348750e+00 
-1.493908e+00 -5.448819e+00 
-1.500519e+00 -5.548882e+00 
-1.507240e+00 -5.648937e+00 
-1.514055e+00 -5.748984e+00 
-1.520985e+00 -5.849040e+00 
-1.528049e+00 -5.949106e+00 
-1.535327e+00 -6.049211e+00 
-1.542821e+00 -6.149318e+00 
-1.550436e+00 -6.249379e+00 
-1.558260e+00 -6.349482e+00 
-1.566267e+00 -6.449573e+00 
-1.574408e+00 -6.549640e+00 
-1.582720e+00 -6.649724e+00 
-1.591255e+00 -6.749833e+00 
-1.599958e+00 -6.849917e+00 
-1.608727e+00 -6.949952e+00 
-1.617542e+00 -7.049975e+00 
-1.626377e+00 -7.149986e+00 
-1.635236e+00 -7.249997e+00 
-1.644209e+00 -7.350052e+00 
-1.653379e+00 -7.450147e+00 
-1.662738e+00 -7.550241e+00 
-1.672286e+00 -7.650334e+00 
-1.682095e+00 -7.750460e+00 
-1.692249e+00 -7.850628e+00 
-1.702742e+00 -7.950795e+00 
-1.713544e+00 -8.050947e+00 
-1.724630e+00 -8.151087e+00 
-1.736015e+00 -8.251233e+00 
-1.747731e+00 -8.351394e+00 
-1.759763e+00 -8.451549e+00 
-1.772095e+00 -8.551696e+00 
-1.784709e+00 -8.651835e+00 
-1.797589e+00 -8.751965e+00 
-1.810718e+00 -8.852086e+00 
-1.824079e+00 -8.952200e+00 
-1.837657e+00 -9.052306e+00 
-1.851435e+00 -9.152403e+00 
-1.865517e+00 -9.252548e+00 
-1.880126e+00 -9.352796e+00 
-1.895330e+00 -9.453081e+00 
-1.910980e+00 -9.553300e+00 
-1.927051e+00 -9.653504e+00 
-1.943569e+00 -9.753717e+00 
-1.960566e+00 -9.853945e+00 
-1.978061e+00 -9.954182e+00 
-1.996058e+00 -1.005442e+01 
-2.014563e+00 -1.015466e+01 
-2.033581e+00 -1.025491e+01 
-2.053120e+00 -1.035515e+01 
-2.073052e+00 -1.045534e+01 
-2.093361e+00 -1.055552e+01 
-2.114273e+00 -1.065579e+01 
-2.135803e+00 -1.075608e+01 
-2.157947e+00 -1.085637e+01 
-2.180703e+00 -1.095665e+01 
-2.204074e+00 -1.105693e+01 
-2.228103e+00 -1.115723e+01 
-2.252851e+00 -1.125756e+01 
-2.278285e+00 -1.135787e+01 
-2.304320e+00 -1.145815e+01 
-2.330989e+00 -1.155844e+01 
-2.358402e+00 -1.165876e+01 
-2.386611e+00 -1.175912e+01 
-2.415691e+00 -1.185950e+01 
-2.445754e+00 -1.195993e+01 
-2.476894e+00 -1.206039e+01 
-2.509185e+00 -1.216088e+01 
-2.542713e+00 -1.226141e+01 
-2.577563e+00 -1.236196e+01 
-2.613480e+00 -1.246242e+01 
-2.650385e+00 -1.256283e+01 
-2.688639e+00 -1.266337e+01 
-2.728270e+00 -1.276392e+01 
-2.769501e+00 -1.286454e+01 
-2.812637e+00 -1.296527e+01 
-2.857700e+00 -1.306601e+01 
-2.904810e+00 -1.316677e+01 
-2.954049e+00 -1.326754e+01 
-3.005748e+00 -1.336840e+01 
-3.060292e+00 -1.346936e+01 
-3.118361e+00 -1.357049e+01 
-3.180202e+00 -1.367167e+01 
-3.245493e+00 -1.377272e+01 
-3.314599e+00 -1.387381e+01 
-3.388193e+00 -1.397500e+01 
-3.467330e+00 -1.407636e+01 
-3.553012e+00 -1.417785e+01 
-3.646442e+00 -1.427944e+01 
-3.747488e+00 -1.438088e+01 
-3.848708e+00 -1.447580e+01 
-3.950029e+00 -1.456424e+01 
-4.051256e+00 -1.464703e+01 
-4.152423e+00 -1.472485e+01 
-4.253607e+00 -1.479803e+01 
-4.354813e+00 -1.486678e+01 
-4.456037e+00 -1.493130e+01 
-4.557277e+00 -1.499174e+01 
-4.658499e+00 -1.504837e+01 
-4.759458e+00 -1.510197e+01 
-4.860287e+00 -1.515312e+01 
-4.961133e+00 -1.520190e+01 
-5.062004e+00 -1.524831e+01 
-5.162902e+00 -1.529236e+01 
-5.263826e+00 -1.533402e+01 
-5.364779e+00 -1.537330e+01 
-5.465760e+00 -1.541016e+01 
-5.566770e+00 -1.544460e+01 
-5.667714e+00 -1.547680e+01 
-5.768444e+00 -1.550723e+01 
-5.869138e+00 -1.553606e+01 
-5.969843e+00 -1.556332e+01 
-6.070559e+00 -1.558898e+01 
-6.171286e+00 -1.561304e+01 
-6.272024e+00 -1.563550e+01 
-6.372775e+00 -1.565634e+01 
-6.473538e+00 -1.567556e+01 
-6.574315e+00 -1.569314e+01 
-6.675104e+00 -1.570906e+01 
-6.775907e+00 -1.572330e+01 
-6.876725e+00 -1.573586e+01 
-6.977553e+00 -1.574672e+01 
-7.078234e+00 -1.575616e+01 
-7.178863e+00 -1.576432e+01 
-7.279482e+00 -1.577122e+01 
-7.380098e+00 -1.577688e+01 
-7.480709e+00 -1.578130e+01 
-7.581314e+00 -1.578449e+01 
-7.681914e+00 -1.578649e+01 
-7.782507e+00 -1.578728e+01 
-7.883092e+00 -1.578690e+01 
-7.983643e+00 -1.578541e+01 
-8.084158e+00 -1.578289e+01 
-8.184671e+00 -1.577933e+01 
-8.285191e+00 -1.577473e+01 
-8.385718e+00 -1.576906e+01 
-8.486251e+00 -1.576231e+01 
-8.586790e+00 -1.575447e+01 
-8.687335e+00 -1.574553e+01 
-8.787886e+00 -1.573546e+01 
-8.888443e+00 -1.572425e+01 
-8.989005e+00 -1.571188e+01 
-9.089573e+00 -1.569835e+01 
-9.190146e+00 -1.568362e+01 
-9.290723e+00 -1.566770e+01 
-9.391306e+00 -1.565055e+01 
-9.491892e+00 -1.563217e+01 
-9.592483e+00 -1.561253e+01 
-9.693077e+00 -1.559163e+01 
-9.793675e+00 -1.556943e+01 
-9.894276e+00 -1.554593e+01 
-9.994880e+00 -1.552111e+01 
-1.009547e+01 -1.549500e+01 
-1.019596e+01 -1.546780e+01 
-1.029641e+01 -1.543962e+01 
-1.039686e+01 -1.541043e+01 
-1.049731e+01 -1.538019e+01 
-1.059778e+01 -1.534888e+01 
-1.069825e+01 -1.531648e+01 
-1.079873e+01 -1.528296e+01 
-1.089922e+01 -1.524828e+01 
-1.099965e+01 -1.521256e+01 
-1.110009e+01 -1.517580e+01 
-1.120053e+01 -1.513797e+01 
-1.130097e+01 -1.509905e+01 
-1.140142e+01 -1.505902e+01 
-1.150187e+01 -1.501784e+01 
-1.160232e+01 -1.497549e+01 
-1.170278e+01 -1.493196e+01 
-1.180325e+01 -1.488720e+01 
-1.190372e+01 -1.484120e+01 
-1.200419e+01 -1.479392e+01 
-1.210467e+01 -1.474534e+01 
-1.220515e+01 -1.469542e+01 
-1.230563e+01 -1.464414e+01 
-1.240612e+01 -1.459147e+01 
-1.250661e+01 -1.453736e+01 
-1.260710e+01 -1.448179e+01 
-1.270759e+01 -1.442473e+01 
-1.280809e+01 -1.436612e+01 
-1.290859e+01 -1.430595e+01 
-1.300906e+01 -1.424429e+01 
-1.310944e+01 -1.418141e+01 
-1.320983e+01 -1.411727e+01 
-1.331021e+01 -1.405183e+01 
-1.341059e+01 -1.398509e+01 
-1.351097e+01 -1.391700e+01 
-1.361135e+01 -1.384757e+01 
-1.371173e+01 -1.377674e+01 
-1.381211e+01 -1.370451e+01 
-1.391248e+01 -1.363085e+01 
-1.401286e+01 -1.355574e+01 
-1.411324e+01 -1.347914e+01 
-1.421361e+01 -1.340103e+01 
-1.431398e+01 -1.332139e+01 
-1.441435e+01 -1.324019e+01 
-1.451472e+01 -1.315739e+01 
-1.461509e+01 -1.307298e+01 
-1.471545e+01 -1.298692e+01 
-1.481581e+01 -1.289919e+01 
-1.491617e+01 -1.280975e+01 
-1.501653e+01 -1.271856e+01 
-1.511688e+01 -1.262561e+01 
-1.521723e+01 -1.253086e+01 
-1.531758e+01 -1.243426e+01 
-1.541794e+01 -1.233567e+01 
-1.551817e+01 -1.223534e+01 
-1.561674e+01 -1.213505e+01 
-1.571371e+01 -1.203475e+01 
-1.580907e+01 -1.193445e+01 
-1.590281e+01 -1.183414e+01 
-1.599497e+01 -1.173383e+01 
-1.608553e+01 -1.163350e+01 
-1.617452e+01 -1.153318e+01 
-1.626195e+01 -1.143285e+01 
-1.634785e+01 -1.133252e+01 
-1.643223e+01 -1.123218e+01 
-1.651513e+01 -1.113184e+01 
-1.659655e+01 -1.103150e+01 
-1.667651e+01 -1.093116e+01 
-1.675504e+01 -1.083081e+01 
-1.683214e+01 -1.073046e+01 
-1.690785e+01 -1.063011e+01 
-1.698216e+01 -1.052975e+01 
-1.705509e+01 -1.042939e+01 
-1.712667e+01 -1.032903e+01 
-1.719691e+01 -1.022867e+01 
-1.726581e+01 -1.012830e+01 
-1.733340e+01 -1.002793e+01 
-1.739970e+01 -9.927556e+00 
-1.746486e+01 -9.827238e+00 
-1.752913e+01 -9.726984e+00 
-1.759255e+01 -9.626729e+00 
-1.765513e+01 -9.526474e+00 
-1.771681e+01 -9.426198e+00 
-1.777747e+01 -9.325870e+00 
-1.783709e+01 -9.225541e+00 
-1.789568e+01 -9.125214e+00 
-1.795326e+01 -9.024887e+00 
-1.800984e+01 -8.924561e+00 
-1.806544e+01 -8.824237e+00 
-1.812008e+01 -8.723913e+00 
-1.817376e+01 -8.623590e+00 
-1.822651e+01 -8.523268e+00 
-1.827833e+01 -8.422948e+00 
-1.832925e+01 -8.322629e+00 
-1.837927e+01 -8.222311e+00 
-1.842841e+01 -8.121994e+00 
-1.847668e+01 -8.021679e+00 
-1.852409e+01 -7.921366e+00 
-1.857066e+01 -7.821054e+00 
-1.861640e+01 -7.720743e+00 
-1.866132e+01 -7.620435e+00 
-1.870543e+01 -7.520128e+00 
-1.874875e+01 -7.419822e+00 
-1.879128e+01 -7.319519e+00 
-1.883304e+01 -7.219217e+00 
-1.887403e+01 -7.118917e+00 
-1.891427e+01 -7.018619e+00 
-1.895378e+01 -6.918322e+00 
-1.899255e+01 -6.818030e+00 
-1.903065e+01 -6.717760e+00 
-1.906810e+01 -6.617496e+00 
-1.910492e+01 -6.517232e+00 
-1.914109e+01 -6.416969e+00 
-1.917664e+01 -6.316706e+00 
-1.921155e+01 -6.216444e+00 
-1.924585e+01 -6.116181e+00 
-1.927952e+01 -6.015920e+00 
-1.931259e+01 -5.915659e+00 
-1.934504e+01 -5.815398e+00 
-1.937689e+01 -5.715138e+00 
-1.940814e+01 -5.614879e+00 
-1.943880e+01 -5.514621e+00 
-1.946887e+01 -5.414363e+00 
-1.949835e+01 -5.314105e+00 
-1.952725e+01 -5.213849e+00 
-1.955557e+01 -5.113593e+00 
-1.958333e+01 -5.013339e+00 
-1.961051e+01 -4.913085e+00 
-1.963713e+01 -4.812831e+00 
-1.966319e+01 -4.712579e+00 
-1.968870e+01 -4.612328e+00 
-1.971365e+01 -4.512077e+00 
-1.973806e+01 -4.411828e+00 
-1.976192e+01 -4.311579e+00 
-1.978524e+01 -4.211327e+00 
-1.980794e+01 -4.111036e+00 
-1.982998e+01 -4.010729e+00 
-1.985135e+01 -3.910422e+00 
-1.987208e+01 -3.810116e+00 
-1.989215e+01 -3.709810e+00 
-1.991157e+01 -3.609505e+00 
-1.993035e+01 -3.509200e+00 
-1.994848e+01 -3.408896e+00 
-1.996598e+01 -3.308592e+00 
-1.998285e+01 -3.208290e+00 
-1.999908e+01 -3.107987e+00 
-2.001468e+01 -3.007685e+00 
-2.002967e+01 -2.907390e+00 
-2.004414e+01 -2.807143e+00 
-2.005813e+01 -2.706908e+00 
-2.007162e+01 -2.606672e+00 
-2.008463e+01 -2.506435e+00 
-2.009715e+01 -2.406198e+00 
-2.010919e+01 -2.305960e+00 
-2.012074e+01 -2.205721e+00 
-2.013179e+01 -2.105482e+00 
-2.014236e+01 -2.005242e+00 
-2.015244e+01 -1.905002e+00 
-2.016203e+01 -1.804761e+00 
-2.017113e+01 -1.704519e+00 
-2.017974e+01 -1.604277e+00 
-2.018785e+01 -1.504034e+00 
-2.019547e+01 -1.403790e+00 
-2.020260e+01 -1.303546e+00 
-2.020923e+01 -1.203301e+00 
-2.021537e+01 -1.103056e+00 
-2.022102e+01 -1.002810e+00 
-2.022616e+01 -9.025634e-01 
-2.023081e+01 -8.023163e-01 
-2.023496e+01 -7.020685e-01 
-2.023862e+01 -6.018201e-01 
-2.013868e+01 -5.981799e-01 
