-1.345046e+01 -3.993446e-01 
-1.344916e+01 -4.990485e-01 
-1.344726e+01 -5.987619e-01 
-1.344479e+01 -6.984845e-01 
-1.344177e+01 -7.982082e-01 
-1.343819e+01 -8.979307e-01 
-1.343406e+01 -9.976520e-01 
-1.342937e+01 -1.097372e+00 
-1.342413e+01 -1.197091e+00 
-1.341832e+01 -1.296809e+00 
-1.341194e+01 -1.396526e+00 
-1.340500e+01 -1.496242e+00 
-1.339748e+01 -1.595957e+00 
-1.338940e+01 -1.695671e+00 
-1.338073e+01 -1.795384e+00 
-1.337149e+01 -1.895096e+00 
-1.336166e+01 -1.994807e+00 
-1.335125e+01 -2.094517e+00 
-1.334025e+01 -2.194226e+00 
-1.332866e+01 -2.293934e+00 
-1.331647e+01 -2.393642e+00 
-1.330369e+01 -2.493349e+00 
-1.329031e+01 -2.593055e+00 
-1.327633e+01 -2.692760e+00 
-1.326174e+01 -2.792465e+00 
-1.324654e+01 -2.892169e+00 
-1.323073e+01 -2.991872e+00 
-1.321430e+01 -3.091575e+00 
-1.319726e+01 -3.191277e+00 
-1.317959e+01 -3.290979e+00 
-1.316131e+01 -3.390680e+00 
-1.314239e+01 -3.490381e+00 
-1.312285e+01 -3.590081e+00 
-1.310267e+01 -3.689781e+00 
-1.308185e+01 -3.789481e+00 
-1.306040e+01 -3.889180e+00 
-1.303830e+01 -3.988879e+00 
-1.301556e+01 -4.088578e+00 
-1.299216e+01 -4.188277e+00 
-1.296812e+01 -4.287976e+00 
-1.294342e+01 -4.387674e+00 
-1.291806e+01 -4.487372e+00 
-1.289205e+01 -4.587047e+00 
-1.286531e+01 -4.686721e+00 
-1.283786e+01 -4.786395e+00 
-1.280967e+01 -4.886069e+00 
-1.278076e+01 -4.985743e+00 
-1.275111e+01 -5.085418e+00 
-1.272072e+01 -5.185093e+00 
-1.268958e+01 -5.284768e+00 
-1.265770e+01 -5.384444e+00 
-1.262508e+01 -5.484121e+00 
-1.259169e+01 -5.583798e+00 
-1.255755e+01 -5.683477e+00 
-1.252265e+01 -5.783156e+00 
-1.248699e+01 -5.882835e+00 
-1.245056e+01 -5.982516e+00 
-1.241335e+01 -6.082198e+00 
-1.237537e+01 -6.181881e+00 
-1.233662e+01 -6.281565e+00 
-1.229708e+01 -6.381251e+00 
-1.225676e+01 -6.480937e+00 
-1.221565e+01 -6.580617e+00 
-1.217374e+01 -6.680281e+00 
-1.213099e+01 -6.779907e+00 
-1.208727e+01 -6.879516e+00 
-1.204254e+01 -6.979125e+00 
-1.199678e+01 -7.078734e+00 
-1.194997e+01 -7.178343e+00 
-1.190210e+01 -7.277951e+00 
-1.185316e+01 -7.377560e+00 
-1.180314e+01 -7.477170e+00 
-1.175202e+01 -7.576780e+00 
-1.169979e+01 -7.676391e+00 
-1.164643e+01 -7.776002e+00 
-1.159194e+01 -7.875605e+00 
-1.153628e+01 -7.975202e+00 
-1.147941e+01 -8.074777e+00 
-1.142123e+01 -8.174355e+00 
-1.136174e+01 -8.273935e+00 
-1.130091e+01 -8.373517e+00 
-1.123872e+01 -8.473102e+00 
-1.117517e+01 -8.572690e+00 
-1.111024e+01 -8.672281e+00 
-1.104390e+01 -8.771875e+00 
-1.097614e+01 -8.871472e+00 
-1.090695e+01 -8.971072e+00 
-1.083630e+01 -9.070676e+00 
-1.076417e+01 -9.170283e+00 
-1.069056e+01 -9.269893e+00 
-1.061544e+01 -9.369507e+00 
-1.053878e+01 -9.469125e+00 
-1.046060e+01 -9.568723e+00 
-1.038081e+01 -9.668235e+00 
-1.029898e+01 -9.767724e+00 
-1.021489e+01 -9.867213e+00 
-1.012849e+01 -9.966704e+00 
-1.003968e+01 -1.006620e+01 
-9.948402e+00 -1.016569e+01 
-9.854549e+00 -1.026519e+01 
-9.758034e+00 -1.036468e+01 
-9.658755e+00 -1.046418e+01 
-9.559261e+00 -1.056110e+01 
-9.459778e+00 -1.065532e+01 
-9.360296e+00 -1.074691e+01 
-9.260812e+00 -1.083595e+01 
-9.161325e+00 -1.092257e+01 
-9.061835e+00 -1.100685e+01 
-8.962343e+00 -1.108888e+01 
-8.862848e+00 -1.116875e+01 
-8.763349e+00 -1.124654e+01 
-8.663849e+00 -1.132231e+01 
-8.564418e+00 -1.139609e+01 
-8.465075e+00 -1.146766e+01 
-8.365850e+00 -1.153675e+01 
-8.266621e+00 -1.160311e+01 
-8.167390e+00 -1.166685e+01 
-8.068155e+00 -1.172808e+01 
-7.968918e+00 -1.178689e+01 
-7.869676e+00 -1.184335e+01 
-7.770434e+00 -1.189756e+01 
-7.671217e+00 -1.194957e+01 
-7.572042e+00 -1.199934e+01 
-7.472885e+00 -1.204685e+01 
-7.373746e+00 -1.209210e+01 
-7.274624e+00 -1.213510e+01 
-7.175520e+00 -1.217587e+01 
-7.076432e+00 -1.221441e+01 
-6.977360e+00 -1.225074e+01 
-6.878303e+00 -1.228487e+01 
-6.779261e+00 -1.231680e+01 
-6.680232e+00 -1.234655e+01 
-6.581216e+00 -1.237413e+01 
-6.482212e+00 -1.239954e+01 
-6.383218e+00 -1.242280e+01 
-6.284235e+00 -1.244391e+01 
-6.185261e+00 -1.246288e+01 
-6.086295e+00 -1.247972e+01 
-5.987335e+00 -1.249443e+01 
-5.888599e+00 -1.250700e+01 
-5.790384e+00 -1.251699e+01 
-5.692797e+00 -1.252342e+01 
-5.595029e+00 -1.252512e+01 
-5.497196e+00 -1.252245e+01 
-5.399350e+00 -1.251553e+01 
-5.301525e+00 -1.250433e+01 
-5.203719e+00 -1.248877e+01 
-5.105936e+00 -1.246870e+01 
-5.008179e+00 -1.244396e+01 
-4.910451e+00 -1.241432e+01 
-4.812740e+00 -1.237951e+01 
-4.715042e+00 -1.233920e+01 
-4.617350e+00 -1.229301e+01 
-4.519676e+00 -1.224049e+01 
-4.422224e+00 -1.218116e+01 
-4.325058e+00 -1.211362e+01 
-4.228088e+00 -1.203551e+01 
-4.130892e+00 -1.194336e+01 
-4.043173e+00 -1.184551e+01 
-3.964842e+00 -1.174752e+01 
-3.894196e+00 -1.164936e+01 
-3.829951e+00 -1.155109e+01 
-3.771264e+00 -1.145279e+01 
-3.717597e+00 -1.135436e+01 
-3.668266e+00 -1.125569e+01 
-3.622472e+00 -1.115688e+01 
-3.579713e+00 -1.105795e+01 
-3.539637e+00 -1.095894e+01 
-3.501948e+00 -1.085984e+01 
-3.466380e+00 -1.076064e+01 
-3.432679e+00 -1.066136e+01 
-3.400649e+00 -1.056208e+01 
-3.370253e+00 -1.046275e+01 
-3.341318e+00 -1.036320e+01 
-3.313386e+00 -1.026363e+01 
-3.286410e+00 -1.016408e+01 
-3.260424e+00 -1.006453e+01 
-3.235423e+00 -9.964968e+00 
-3.211366e+00 -9.865391e+00 
-3.188222e+00 -9.765805e+00 
-3.165965e+00 -9.666215e+00 
-3.144587e+00 -9.566630e+00 
-3.124088e+00 -9.467031e+00 
-3.104430e+00 -9.367395e+00 
-3.085531e+00 -9.267724e+00 
-3.067317e+00 -9.168020e+00 
-3.049717e+00 -9.068286e+00 
-3.032667e+00 -8.968518e+00 
-3.016095e+00 -8.868728e+00 
-2.999957e+00 -8.768918e+00 
-2.984203e+00 -8.669047e+00 
-2.968713e+00 -8.569154e+00 
-2.953450e+00 -8.469303e+00 
-2.938496e+00 -8.369462e+00 
-2.923876e+00 -8.269672e+00 
-2.909691e+00 -8.169893e+00 
-2.895961e+00 -8.070111e+00 
-2.882676e+00 -7.970324e+00 
-2.869828e+00 -7.870530e+00 
-2.857397e+00 -7.770705e+00 
-2.845316e+00 -7.670821e+00 
-2.833468e+00 -7.570907e+00 
-2.821790e+00 -7.470948e+00 
-2.810196e+00 -7.370995e+00 
-2.798701e+00 -7.271064e+00 
-2.787349e+00 -7.171159e+00 
-2.776193e+00 -7.071275e+00 
-2.765276e+00 -6.971424e+00 
-2.754667e+00 -6.871617e+00 
-2.744451e+00 -6.771829e+00 
-2.734662e+00 -6.672015e+00 
-2.725249e+00 -6.572186e+00 
-2.716180e+00 -6.472344e+00 
-2.707422e+00 -6.372412e+00 
-2.698803e+00 -6.272496e+00 
-2.690349e+00 -6.172516e+00 
-2.681934e+00 -6.072528e+00 
-2.673546e+00 -5.972567e+00 
-2.665238e+00 -5.872613e+00 
-2.657023e+00 -5.772666e+00 
-2.648915e+00 -5.672725e+00 
-2.640927e+00 -5.572794e+00 
-2.633081e+00 -5.472898e+00 
-2.625447e+00 -5.373029e+00 
-2.618075e+00 -5.273149e+00 
-2.610945e+00 -5.173245e+00 
-2.604002e+00 -5.073279e+00 
-2.597122e+00 -4.973221e+00 
-2.590128e+00 -4.873215e+00 
-2.583125e+00 -4.773257e+00 
-2.576210e+00 -4.673324e+00 
-2.569431e+00 -4.573414e+00 
-2.562832e+00 -4.473515e+00 
-2.556438e+00 -4.373628e+00 
-2.550272e+00 -4.273743e+00 
-2.544335e+00 -4.173841e+00 
-2.538593e+00 -4.073910e+00 
-2.532986e+00 -3.973900e+00 
-2.527354e+00 -3.873809e+00 
-2.521545e+00 -3.773829e+00 
-2.515779e+00 -3.673897e+00 
-2.510151e+00 -3.573984e+00 
-2.504697e+00 -3.474057e+00 
-2.499389e+00 -3.374110e+00 
-2.494186e+00 -3.274148e+00 
-2.489059e+00 -3.174184e+00 
-2.484004e+00 -3.074215e+00 
-2.479011e+00 -2.974242e+00 
-2.474075e+00 -2.874332e+00 
-2.469319e+00 -2.774421e+00 
-2.464743e+00 -2.674516e+00 
-2.460355e+00 -2.574586e+00 
-2.456106e+00 -2.474606e+00 
-2.451898e+00 -2.374612e+00 
-2.447700e+00 -2.274609e+00 
-2.443496e+00 -2.174598e+00 
-2.439268e+00 -2.074577e+00 
-2.435000e+00 -1.974557e+00 
-2.430693e+00 -1.874562e+00 
-2.426395e+00 -1.774577e+00 
-2.422128e+00 -1.674591e+00 
-2.417887e+00 -1.574579e+00 
-2.413625e+00 -1.474590e+00 
-2.409388e+00 -1.374712e+00 
-2.405397e+00 -1.274857e+00 
-2.401695e+00 -1.174995e+00 
-2.398270e+00 -1.075128e+00 
-2.395109e+00 -9.752195e-01 
-2.392131e+00 -8.752793e-01 
-2.389272e+00 -7.753318e-01 
-2.386517e+00 -6.753628e-01 
-2.383824e+00 -5.753605e-01 
-2.381126e+00 -4.753665e-01 
-2.378440e+00 -3.753323e-01 
-2.375684e+00 -2.753029e-01 
-2.372871e+00 -1.752882e-01 
-2.370048e+00 -7.670896e-02 
-2.370028e+00 7.528823e-02 
-2.372871e+00 1.753029e-01 
-2.375685e+00 2.753323e-01 
-2.378440e+00 3.753665e-01 
-2.381126e+00 4.753605e-01 
-2.383824e+00 5.753628e-01 
-2.386516e+00 6.753318e-01 
-2.389270e+00 7.752793e-01 
-2.392129e+00 8.752195e-01 
-2.395106e+00 9.751279e-01 
-2.398266e+00 1.074995e+00 
-2.401690e+00 1.174857e+00 
-2.405391e+00 1.274712e+00 
-2.409382e+00 1.374590e+00 
-2.413624e+00 1.474579e+00 
-2.417888e+00 1.574591e+00 
-2.422127e+00 1.674577e+00 
-2.426395e+00 1.774562e+00 
-2.430693e+00 1.874557e+00 
-2.435001e+00 1.974577e+00 
-2.439269e+00 2.074598e+00 
-2.443496e+00 2.174609e+00 
-2.447700e+00 2.274612e+00 
-2.451897e+00 2.374606e+00 
-2.456105e+00 2.474586e+00 
-2.460352e+00 2.574516e+00 
-2.464738e+00 2.674421e+00 
-2.469315e+00 2.774332e+00 
-2.474070e+00 2.874242e+00 
-2.479010e+00 2.974215e+00 
-2.484003e+00 3.074184e+00 
-2.489057e+00 3.174148e+00 
-2.389188e+00 3.179270e+00 
-2.384130e+00 3.079234e+00 
-2.379134e+00 2.979203e+00 
-2.374192e+00 2.879176e+00 
-2.369428e+00 2.779086e+00 
-2.364843e+00 2.678997e+00 
-2.360448e+00 2.578902e+00 
-2.356195e+00 2.478832e+00 
-2.351986e+00 2.378811e+00 
-2.347788e+00 2.278806e+00 
-2.343585e+00 2.178809e+00 
-2.339358e+00 2.078820e+00 
-2.335092e+00 1.978841e+00 
-2.330785e+00 1.878861e+00 
-2.326487e+00 1.778856e+00 
-2.322218e+00 1.678841e+00 
-2.317978e+00 1.578827e+00 
-2.313715e+00 1.478839e+00 
-2.309472e+00 1.378828e+00 
-2.305471e+00 1.278706e+00 
-2.301759e+00 1.178561e+00 
-2.298324e+00 1.078423e+00 
-2.295156e+00 9.782900e-01 
-2.292173e+00 8.781984e-01 
-2.289311e+00 7.781386e-01 
-2.286554e+00 6.780861e-01 
-2.283860e+00 5.780551e-01 
-2.281163e+00 4.780574e-01 
-2.278477e+00 3.780514e-01 
-2.275723e+00 2.780856e-01 
-2.272911e+00 1.781150e-01 
-2.270068e+00 7.812970e-02 
-2.270048e+00 -7.670896e-02 
-2.272911e+00 -1.781297e-01 
-2.275724e+00 -2.781150e-01 
-2.278477e+00 -3.780856e-01 
-2.281162e+00 -4.780514e-01 
-2.283860e+00 -5.780574e-01 
-2.286554e+00 -6.780551e-01 
-2.289310e+00 -7.780861e-01 
-2.292172e+00 -8.781386e-01 
-2.295154e+00 -9.781984e-01 
-2.298320e+00 -1.078290e+00 
-2.301754e+00 -1.178423e+00 
-2.305465e+00 -1.278561e+00 
-2.309467e+00 -1.378706e+00 
-2.313715e+00 -1.478828e+00 
-2.317978e+00 -1.578839e+00 
-2.322218e+00 -1.678827e+00 
-2.326486e+00 -1.778841e+00 
-2.330785e+00 -1.878856e+00 
-2.335093e+00 -1.978861e+00 
-2.339359e+00 -2.078841e+00 
-2.343585e+00 -2.178820e+00 
-2.347788e+00 -2.278809e+00 
-2.351986e+00 -2.378806e+00 
-2.356194e+00 -2.478811e+00 
-2.360445e+00 -2.578832e+00 
-2.364839e+00 -2.678902e+00 
-2.369424e+00 -2.778997e+00 
-2.374188e+00 -2.879086e+00 
-2.379133e+00 -2.979176e+00 
-2.384129e+00 -3.079203e+00 
-2.389187e+00 -3.179234e+00 
-2.394317e+00 -3.279270e+00 
-2.399524e+00 -3.379308e+00 
-2.404837e+00 -3.479361e+00 
-2.410299e+00 -3.579434e+00 
-2.415937e+00 -3.679521e+00 
-2.421711e+00 -3.779589e+00 
-2.427522e+00 -3.879609e+00 
-2.433144e+00 -3.979518e+00 
-2.438750e+00 -4.079508e+00 
-2.444499e+00 -4.179577e+00 
-2.450448e+00 -4.279675e+00 
-2.456628e+00 -4.379790e+00 
-2.463037e+00 -4.479903e+00 
-2.469648e+00 -4.580004e+00 
-2.476440e+00 -4.680094e+00 
-2.483364e+00 -4.780160e+00 
-2.490372e+00 -4.880203e+00 
-2.497366e+00 -4.980197e+00 
-2.504237e+00 -5.080139e+00 
-2.511185e+00 -5.180173e+00 
-2.518329e+00 -5.280269e+00 
-2.525719e+00 -5.380389e+00 
-2.533372e+00 -5.480519e+00 
-2.541233e+00 -5.580624e+00 
-2.549233e+00 -5.680693e+00 
-2.557351e+00 -5.780752e+00 
-2.565574e+00 -5.880805e+00 
-2.573889e+00 -5.980850e+00 
-2.582284e+00 -6.080890e+00 
-2.590702e+00 -6.180902e+00 
-2.599159e+00 -6.280922e+00 
-2.607792e+00 -6.381006e+00 
-2.616561e+00 -6.481074e+00 
-2.625659e+00 -6.581232e+00 
-2.635104e+00 -6.681403e+00 
-2.644928e+00 -6.781589e+00 
-2.655187e+00 -6.881801e+00 
-2.665836e+00 -6.981994e+00 
-2.676786e+00 -7.082143e+00 
-2.687967e+00 -7.182259e+00 
-2.699340e+00 -7.282354e+00 
-2.710852e+00 -7.382423e+00 
-2.722456e+00 -7.482470e+00 
-2.734144e+00 -7.582511e+00 
-2.746011e+00 -7.682596e+00 
-2.758120e+00 -7.782713e+00 
-2.770594e+00 -7.882887e+00 
-2.783495e+00 -7.983094e+00 
-2.796835e+00 -8.083307e+00 
-2.810624e+00 -8.183525e+00 
-2.824872e+00 -8.283746e+00 
-2.839552e+00 -8.383956e+00 
-2.854553e+00 -8.484115e+00 
-2.869861e+00 -8.584264e+00 
-2.885384e+00 -8.684371e+00 
-2.901178e+00 -8.784500e+00 
-2.917377e+00 -8.884690e+00 
-2.934017e+00 -8.984900e+00 
-2.951146e+00 -9.085132e+00 
-2.968838e+00 -9.185397e+00 
-2.987159e+00 -9.285694e+00 
-3.006180e+00 -9.386023e+00 
-3.025979e+00 -9.486387e+00 
-3.046639e+00 -9.586787e+00 
-3.068192e+00 -9.687203e+00 
-3.090629e+00 -9.787613e+00 
-3.113962e+00 -9.888027e+00 
-3.138219e+00 -9.988450e+00 
-3.163435e+00 -1.008889e+01 
-3.189651e+00 -1.018934e+01 
-3.216866e+00 -1.028979e+01 
-3.245035e+00 -1.039021e+01 
-3.274226e+00 -1.049066e+01 
-3.305024e+00 -1.059134e+01 
-3.337508e+00 -1.069206e+01 
-3.371686e+00 -1.079278e+01 
-3.407814e+00 -1.089358e+01 
-3.446165e+00 -1.099448e+01 
-3.487014e+00 -1.109546e+01 
-3.530675e+00 -1.119654e+01 
-3.577529e+00 -1.129773e+01 
-3.628145e+00 -1.139906e+01 
-3.683453e+00 -1.150063e+01 
-3.744071e+00 -1.160232e+01 
-3.810476e+00 -1.170405e+01 
-3.883654e+00 -1.180590e+01 
-3.965030e+00 -1.190791e+01 
-4.056392e+00 -1.201006e+01 
-4.159196e+00 -1.210799e+01 
-4.262226e+00 -1.219141e+01 
-4.365060e+00 -1.226321e+01 
-4.467608e+00 -1.232586e+01 
-4.569934e+00 -1.238105e+01 
-4.672242e+00 -1.242958e+01 
-4.774544e+00 -1.247192e+01 
-4.876833e+00 -1.250850e+01 
-4.979105e+00 -1.253964e+01 
-5.081348e+00 -1.256563e+01 
-5.183565e+00 -1.258672e+01 
-5.285759e+00 -1.260308e+01 
-5.387934e+00 -1.261487e+01 
-5.490088e+00 -1.262220e+01 
-5.592255e+00 -1.262508e+01 
-5.694487e+00 -1.262340e+01 
-5.796900e+00 -1.261677e+01 
-5.898685e+00 -1.260649e+01 
-5.999949e+00 -1.259363e+01 
-6.100988e+00 -1.257863e+01 
-6.202023e+00 -1.256146e+01 
-6.303049e+00 -1.254212e+01 
-6.404066e+00 -1.252060e+01 
-6.505072e+00 -1.249689e+01 
-6.606068e+00 -1.247099e+01 
-6.707052e+00 -1.244289e+01 
-6.808023e+00 -1.241257e+01 
-6.908981e+00 -1.238005e+01 
-7.009924e+00 -1.234529e+01 
-7.110852e+00 -1.230830e+01 
-7.211764e+00 -1.226907e+01 
-7.312660e+00 -1.222758e+01 
-7.413538e+00 -1.218384e+01 
-7.514399e+00 -1.213782e+01 
-7.615242e+00 -1.208953e+01 
-7.716067e+00 -1.203894e+01 
-7.816850e+00 -1.198614e+01 
-7.917608e+00 -1.193112e+01 
-8.018366e+00 -1.187380e+01 
-8.119128e+00 -1.181411e+01 
-8.219894e+00 -1.175196e+01 
-8.320663e+00 -1.168725e+01 
-8.421434e+00 -1.161988e+01 
-8.522209e+00 -1.154973e+01 
-8.622866e+00 -1.147723e+01 
-8.723435e+00 -1.140262e+01 
-8.823935e+00 -1.132609e+01 
-8.924436e+00 -1.124753e+01 
-9.024941e+00 -1.116686e+01 
-9.125448e+00 -1.108400e+01 
-9.225959e+00 -1.099887e+01 
-9.326472e+00 -1.091138e+01 
-9.426988e+00 -1.082142e+01 
-9.527506e+00 -1.072889e+01 
-9.628023e+00 -1.063370e+01 
-9.728529e+00 -1.053582e+01 
-9.828821e+00 -1.043532e+01 
-9.926325e+00 -1.033481e+01 
-1.002114e+01 -1.023431e+01 
-1.011337e+01 -1.013380e+01 
-1.020309e+01 -1.003330e+01 
-1.029039e+01 -9.932787e+00 
-1.037535e+01 -9.832276e+00 
-1.045804e+01 -9.731765e+00 
-1.053861e+01 -9.631277e+00 
-1.061744e+01 -9.530875e+00 
-1.069469e+01 -9.430493e+00 
-1.077040e+01 -9.330107e+00 
-1.084460e+01 -9.229717e+00 
-1.091729e+01 -9.129324e+00 
-1.098851e+01 -9.028928e+00 
-1.105827e+01 -8.928528e+00 
-1.112658e+01 -8.828125e+00 
-1.119346e+01 -8.727719e+00 
-1.125894e+01 -8.627310e+00 
-1.132302e+01 -8.526898e+00 
-1.138573e+01 -8.426483e+00 
-1.144708e+01 -8.326065e+00 
-1.150708e+01 -8.225645e+00 
-1.156575e+01 -8.125223e+00 
-1.162311e+01 -8.024798e+00 
-1.167923e+01 -7.924395e+00 
-1.173416e+01 -7.823998e+00 
-1.178794e+01 -7.723609e+00 
-1.184058e+01 -7.623220e+00 
-1.189211e+01 -7.522830e+00 
-1.194253e+01 -7.422440e+00 
-1.199185e+01 -7.322049e+00 
-1.204010e+01 -7.221657e+00 
-1.208728e+01 -7.121266e+00 
-1.213341e+01 -7.020875e+00 
-1.217850e+01 -6.920484e+00 
-1.222256e+01 -6.820093e+00 
-1.226563e+01 -6.719719e+00 
-1.230783e+01 -6.619383e+00 
-1.234920e+01 -6.519063e+00 
-1.238978e+01 -6.418749e+00 
-1.242957e+01 -6.318435e+00 
-1.246858e+01 -6.218119e+00 
-1.250680e+01 -6.117802e+00 
-1.254424e+01 -6.017484e+00 
-1.258091e+01 -5.917165e+00 
-1.261681e+01 -5.816844e+00 
-1.265194e+01 -5.716523e+00 
-1.268630e+01 -5.616202e+00 
-1.271990e+01 -5.515879e+00 
-1.275274e+01 -5.415556e+00 
-1.278483e+01 -5.315232e+00 
-1.281617e+01 -5.214907e+00 
-1.284676e+01 -5.114582e+00 
-1.287661e+01 -5.014257e+00 
-1.290571e+01 -4.913931e+00 
-1.293408e+01 -4.813605e+00 
-1.296172e+01 -4.713279e+00 
-1.298863e+01 -4.612953e+00 
-1.301482e+01 -4.512628e+00 
-1.304033e+01 -4.412326e+00 
-1.306519e+01 -4.312024e+00 
-1.308938e+01 -4.211723e+00 
-1.311291e+01 -4.111422e+00 
-1.313580e+01 -4.011121e+00 
-1.315803e+01 -3.910820e+00 
-1.317961e+01 -3.810519e+00 
-1.320056e+01 -3.710219e+00 
-1.322086e+01 -3.609919e+00 
-1.324052e+01 -3.509619e+00 
-1.325955e+01 -3.409320e+00 
-1.327795e+01 -3.309021e+00 
-1.329572e+01 -3.208723e+00 
-1.331287e+01 -3.108425e+00 
-1.332940e+01 -3.008128e+00 
-1.334530e+01 -2.907831e+00 
-1.336059e+01 -2.807535e+00 
-1.337527e+01 -2.707240e+00 
-1.338934e+01 -2.606945e+00 
-1.340280e+01 -2.506651e+00 
-1.341566e+01 -2.406358e+00 
-1.342792e+01 -2.306066e+00 
-1.343958e+01 -2.205774e+00 
-1.345064e+01 -2.105483e+00 
-1.346112e+01 -2.005193e+00 
-1.347100e+01 -1.904904e+00 
-1.348030e+01 -1.804616e+00 
-1.348902e+01 -1.704329e+00 
-1.349716e+01 -1.604043e+00 
-1.350472e+01 -1.503758e+00 
-1.351170e+01 -1.403474e+00 
-1.351811e+01 -1.303191e+00 
-1.352396e+01 -1.202909e+00 
-1.352924e+01 -1.102628e+00 
-1.353395e+01 -1.002348e+00 
-1.353811e+01 -9.020693e-01 
-1.354170e+01 -8.017918e-01 
-1.354474e+01 -7.015155e-01 
-1.354723e+01 -6.012381e-01 
-1.354914e+01 -5.009515e-01 
-1.355045e+01 -4.006554e-01 
-1.345046e+01 -3.993446e-01 
