-3.237253e-01 -5.508248e+00 
-5.228217e-01 -5.497777e+00 
-7.219531e-01 -5.484288e+00 
-9.210765e-01 -5.467893e+00 
-1.120233e+00 -5.448549e+00 
-1.319419e+00 -5.426357e+00 
-1.518629e+00 -5.401401e+00 
-1.717861e+00 -5.373751e+00 
-1.917110e+00 -5.343464e+00 
-2.116348e+00 -5.310591e+00 
-2.315519e+00 -5.275090e+00 
-2.514675e+00 -5.236696e+00 
-2.713821e+00 -5.195333e+00 
-2.912956e+00 -5.150938e+00 
-3.112089e+00 -5.103441e+00 
-3.311210e+00 -5.052802e+00 
-3.510305e+00 -4.998949e+00 
-3.709374e+00 -4.941744e+00 
-3.908415e+00 -4.881042e+00 
-4.107429e+00 -4.816687e+00 
-4.306417e+00 -4.748513e+00 
-4.505375e+00 -4.676345e+00 
-4.704255e+00 -4.600010e+00 
-4.902938e+00 -4.519144e+00 
-5.101529e+00 -4.432749e+00 
-5.300051e+00 -4.340234e+00 
-5.498518e+00 -4.241051e+00 
-5.696922e+00 -4.134662e+00 
-5.895251e+00 -4.020413e+00 
-6.093491e+00 -3.897489e+00 
-6.291624e+00 -3.764847e+00 
-6.489620e+00 -3.621138e+00 
-6.687484e+00 -3.464463e+00 
-6.885261e+00 -3.292398e+00 
-7.082642e+00 -3.102497e+00 
-7.262979e+00 -2.905952e+00 
-7.417236e+00 -2.710076e+00 
-7.545863e+00 -2.514868e+00 
-7.649440e+00 -2.320793e+00 
-7.726847e+00 -2.128193e+00 
-7.776351e+00 -1.936888e+00 
-7.796734e+00 -1.746615e+00 
-7.786288e+00 -1.556890e+00 
-7.742413e+00 -1.367514e+00 
-7.658441e+00 -1.177134e+00 
-7.527365e+00 -9.855971e-01 
-7.335048e+00 -7.933440e-01 
-7.139913e+00 -6.552357e-01 
-6.943653e+00 -5.430559e-01 
-6.746830e+00 -4.483064e-01 
-6.549378e+00 -3.670255e-01 
-6.351544e+00 -2.959467e-01 
-6.153487e+00 -2.332077e-01 
-5.955180e+00 -1.776969e-01 
-5.756619e+00 -1.283234e-01 
-5.557894e+00 -8.408009e-02 
-5.359024e+00 -4.432053e-02 
-5.160041e+00 -8.492573e-03 
-4.960965e+00 2.382412e-02 
-4.761848e+00 5.297075e-02 
-4.562658e+00 7.911168e-02 
-4.363167e+00 1.025337e-01 
-4.163712e+00 1.242241e-01 
-3.964271e+00 1.440744e-01 
-3.764763e+00 1.620454e-01 
-3.565206e+00 1.783669e-01 
-3.365660e+00 1.932014e-01 
-3.166031e+00 2.065194e-01 
-2.966339e+00 2.185998e-01 
-2.766612e+00 2.296502e-01 
-2.566863e+00 2.397902e-01 
-2.367171e+00 2.490890e-01 
-2.167377e+00 2.573630e-01 
-1.967559e+00 2.649513e-01 
-1.767814e+00 2.719297e-01 
-1.568094e+00 2.780568e-01 
-1.368388e+00 2.832505e-01 
-1.168657e+00 2.874648e-01 
-9.688964e-01 2.907839e-01 
-9.704104e-01 4.107743e-01 
-1.170650e+00 4.074482e-01 
-1.370919e+00 4.032238e-01 
-1.571213e+00 3.980162e-01 
-1.771493e+00 3.918733e-01 
-1.971748e+00 3.848782e-01 
-2.171930e+00 3.772766e-01 
-2.372136e+00 3.689862e-01 
-2.572444e+00 3.596603e-01 
-2.772695e+00 3.494959e-01 
-2.972968e+00 3.384166e-01 
-3.173276e+00 3.263005e-01 
-3.373647e+00 3.129353e-01 
-3.574101e+00 2.980368e-01 
-3.774544e+00 2.816461e-01 
-3.975036e+00 2.635906e-01 
-4.175595e+00 2.436343e-01 
-4.376139e+00 2.218305e-01 
-4.576649e+00 1.982932e-01 
-4.777459e+00 1.719510e-01 
-4.978342e+00 1.425594e-01 
-5.179265e+00 1.099576e-01 
-5.380283e+00 7.378124e-02 
-5.581413e+00 3.359252e-02 
-5.782688e+00 -1.118937e-02 
-5.984127e+00 -6.124054e-02 
-6.185820e+00 -1.176457e-01 
-6.387763e+00 -1.815432e-01 
-6.589929e+00 -2.540849e-01 
-6.792477e+00 -3.373272e-01 
-6.995654e+00 -4.349080e-01 
-7.199394e+00 -5.510146e-01 
-7.404259e+00 -6.953142e-01 
-7.611942e+00 -9.004689e-01 
-7.757175e+00 -1.108932e+00 
-7.851969e+00 -1.318552e+00 
-7.903043e+00 -1.529176e+00 
-7.916520e+00 -1.739451e+00 
-7.895720e+00 -1.949178e+00 
-7.843119e+00 -2.157873e+00 
-7.760892e+00 -2.365273e+00 
-7.651820e+00 -2.571198e+00 
-7.517512e+00 -2.775990e+00 
-7.357318e+00 -2.980114e+00 
-7.171115e+00 -3.183569e+00 
-6.968496e+00 -3.378838e+00 
-6.766273e+00 -3.554974e+00 
-6.564137e+00 -3.715197e+00 
-6.362133e+00 -3.861947e+00 
-6.160266e+00 -3.997194e+00 
-5.958506e+00 -4.122388e+00 
-5.756835e+00 -4.238635e+00 
-5.555239e+00 -4.346799e+00 
-5.353706e+00 -4.447570e+00 
-5.152228e+00 -4.541512e+00 
-4.950819e+00 -4.629178e+00 
-4.749502e+00 -4.711153e+00 
-4.548382e+00 -4.788374e+00 
-4.347341e+00 -4.861319e+00 
-4.146328e+00 -4.930207e+00 
-3.945342e+00 -4.995219e+00 
-3.744383e+00 -5.056523e+00 
-3.543452e+00 -5.114280e+00 
-3.342547e+00 -5.168638e+00 
-3.141669e+00 -5.219738e+00 
-2.940801e+00 -5.267663e+00 
-2.739936e+00 -5.312457e+00 
-2.539082e+00 -5.354188e+00 
-2.338238e+00 -5.392920e+00 
-2.137409e+00 -5.428729e+00 
-1.936648e+00 -5.461863e+00 
-1.735897e+00 -5.492388e+00 
-1.535128e+00 -5.520261e+00 
-1.334338e+00 -5.545426e+00 
-1.133524e+00 -5.567811e+00 
-9.326807e-01 -5.587330e+00 
-7.318040e-01 -5.603883e+00 
-5.309355e-01 -5.617502e+00 
-3.300319e-01 -5.628082e+00 
-3.237253e-01 -5.508248e+00 
