1.604705e+01 -4.989725e-01 
1.604500e+01 -5.987287e-01 
1.604246e+01 -6.984851e-01 
1.603944e+01 -7.982389e-01 
1.603593e+01 -8.979878e-01 
1.603191e+01 -9.977360e-01 
1.602739e+01 -1.097484e+00 
1.602236e+01 -1.197231e+00 
1.601683e+01 -1.296977e+00 
1.601079e+01 -1.396723e+00 
1.600424e+01 -1.496469e+00 
1.599718e+01 -1.596214e+00 
1.598960e+01 -1.695958e+00 
1.598152e+01 -1.795702e+00 
1.597291e+01 -1.895445e+00 
1.596379e+01 -1.995188e+00 
1.595414e+01 -2.094931e+00 
1.594398e+01 -2.194673e+00 
1.593329e+01 -2.294415e+00 
1.592208e+01 -2.394156e+00 
1.591034e+01 -2.493897e+00 
1.589808e+01 -2.593638e+00 
1.588528e+01 -2.693378e+00 
1.587196e+01 -2.793118e+00 
1.585810e+01 -2.892858e+00 
1.584370e+01 -2.992597e+00 
1.582877e+01 -3.092336e+00 
1.581330e+01 -3.192075e+00 
1.579730e+01 -3.291814e+00 
1.578074e+01 -3.391553e+00 
1.576365e+01 -3.491291e+00 
1.574601e+01 -3.591030e+00 
1.572782e+01 -3.690768e+00 
1.570908e+01 -3.790504e+00 
1.568979e+01 -3.890238e+00 
1.566994e+01 -3.989949e+00 
1.564948e+01 -4.089639e+00 
1.562837e+01 -4.189315e+00 
1.560657e+01 -4.288989e+00 
1.558407e+01 -4.388664e+00 
1.556087e+01 -4.488337e+00 
1.553696e+01 -4.588011e+00 
1.551234e+01 -4.687684e+00 
1.548701e+01 -4.787357e+00 
1.546096e+01 -4.887030e+00 
1.543419e+01 -4.986697e+00 
1.540669e+01 -5.086341e+00 
1.537840e+01 -5.185984e+00 
1.534930e+01 -5.285628e+00 
1.531940e+01 -5.385271e+00 
1.528868e+01 -5.484914e+00 
1.525715e+01 -5.584557e+00 
1.522479e+01 -5.684200e+00 
1.519161e+01 -5.783843e+00 
1.515758e+01 -5.883487e+00 
1.512272e+01 -5.983131e+00 
1.508701e+01 -6.082777e+00 
1.505045e+01 -6.182427e+00 
1.501304e+01 -6.282087e+00 
1.497479e+01 -6.381763e+00 
1.493574e+01 -6.481451e+00 
1.489591e+01 -6.581150e+00 
1.485533e+01 -6.680855e+00 
1.481401e+01 -6.780561e+00 
1.477193e+01 -6.880267e+00 
1.472911e+01 -6.979974e+00 
1.468553e+01 -7.079682e+00 
1.464118e+01 -7.179390e+00 
1.459608e+01 -7.279099e+00 
1.455019e+01 -7.378808e+00 
1.450354e+01 -7.478519e+00 
1.445610e+01 -7.578231e+00 
1.440788e+01 -7.677943e+00 
1.435886e+01 -7.777657e+00 
1.430905e+01 -7.877371e+00 
1.425845e+01 -7.977087e+00 
1.420704e+01 -8.076805e+00 
1.415482e+01 -8.176523e+00 
1.410179e+01 -8.276243e+00 
1.404794e+01 -8.375959e+00 
1.399329e+01 -8.475636e+00 
1.393769e+01 -8.575279e+00 
1.388101e+01 -8.674923e+00 
1.382325e+01 -8.774567e+00 
1.376438e+01 -8.874211e+00 
1.370439e+01 -8.973856e+00 
1.364327e+01 -9.073501e+00 
1.358100e+01 -9.173147e+00 
1.351756e+01 -9.272794e+00 
1.345294e+01 -9.372441e+00 
1.338712e+01 -9.472083e+00 
1.332008e+01 -9.571699e+00 
1.325171e+01 -9.671288e+00 
1.318186e+01 -9.770866e+00 
1.311047e+01 -9.870447e+00 
1.303751e+01 -9.970029e+00 
1.296294e+01 -1.006961e+01 
1.288673e+01 -1.016920e+01 
1.280887e+01 -1.026879e+01 
1.272931e+01 -1.036839e+01 
1.264804e+01 -1.046798e+01 
1.256501e+01 -1.056759e+01 
1.248021e+01 -1.066719e+01 
1.239360e+01 -1.076680e+01 
1.230514e+01 -1.086641e+01 
1.221482e+01 -1.096603e+01 
1.212259e+01 -1.106566e+01 
1.202847e+01 -1.116525e+01 
1.193226e+01 -1.126478e+01 
1.183349e+01 -1.136429e+01 
1.173398e+01 -1.146179e+01 
1.163448e+01 -1.155663e+01 
1.153498e+01 -1.164892e+01 
1.143547e+01 -1.173876e+01 
1.133596e+01 -1.182623e+01 
1.123646e+01 -1.191142e+01 
1.113695e+01 -1.199440e+01 
1.103744e+01 -1.207526e+01 
1.093793e+01 -1.215407e+01 
1.083842e+01 -1.223088e+01 
1.073890e+01 -1.230577e+01 
1.063938e+01 -1.237879e+01 
1.053987e+01 -1.245000e+01 
1.044034e+01 -1.251946e+01 
1.034082e+01 -1.258722e+01 
1.024129e+01 -1.265332e+01 
1.014176e+01 -1.271781e+01 
1.004223e+01 -1.278074e+01 
9.942689e+00 -1.284216e+01 
9.843149e+00 -1.290209e+01 
9.743640e+00 -1.296057e+01 
9.644204e+00 -1.301749e+01 
9.544859e+00 -1.307267e+01 
9.445577e+00 -1.312590e+01 
9.346290e+00 -1.317707e+01 
9.247003e+00 -1.322625e+01 
9.147715e+00 -1.327348e+01 
9.048421e+00 -1.331882e+01 
8.949135e+00 -1.336231e+01 
8.849827e+00 -1.340398e+01 
8.750536e+00 -1.344391e+01 
8.651226e+00 -1.348210e+01 
8.551919e+00 -1.351862e+01 
8.452619e+00 -1.355348e+01 
8.353289e+00 -1.358671e+01 
8.253972e+00 -1.361839e+01 
8.154647e+00 -1.364851e+01 
8.055306e+00 -1.367711e+01 
7.955966e+00 -1.370425e+01 
7.856613e+00 -1.372994e+01 
7.757261e+00 -1.375422e+01 
7.657888e+00 -1.377710e+01 
7.558499e+00 -1.379865e+01 
7.459114e+00 -1.381890e+01 
7.359715e+00 -1.383786e+01 
7.260294e+00 -1.385557e+01 
7.160881e+00 -1.387207e+01 
7.061470e+00 -1.388736e+01 
6.962115e+00 -1.390144e+01 
6.862912e+00 -1.391417e+01 
6.763905e+00 -1.392528e+01 
6.665149e+00 -1.393437e+01 
6.566397e+00 -1.394098e+01 
6.467615e+00 -1.394511e+01 
6.368801e+00 -1.394684e+01 
6.269955e+00 -1.394621e+01 
6.171076e+00 -1.394331e+01 
6.072165e+00 -1.393818e+01 
5.973221e+00 -1.393088e+01 
5.874244e+00 -1.392146e+01 
5.775236e+00 -1.390998e+01 
5.676198e+00 -1.389648e+01 
5.577129e+00 -1.388102e+01 
5.478032e+00 -1.386362e+01 
5.378936e+00 -1.384434e+01 
5.280044e+00 -1.382321e+01 
5.181448e+00 -1.379979e+01 
5.082874e+00 -1.377334e+01 
4.984435e+00 -1.374378e+01 
4.886311e+00 -1.371078e+01 
4.788133e+00 -1.367335e+01 
4.689891e+00 -1.363139e+01 
4.591582e+00 -1.358485e+01 
4.493207e+00 -1.353363e+01 
4.394767e+00 -1.347766e+01 
4.296314e+00 -1.341685e+01 
4.198282e+00 -1.335123e+01 
4.100613e+00 -1.327884e+01 
4.002800e+00 -1.319691e+01 
3.904787e+00 -1.310450e+01 
3.811807e+00 -1.300640e+01 
3.727778e+00 -1.290813e+01 
3.650959e+00 -1.280970e+01 
3.580273e+00 -1.271142e+01 
3.515685e+00 -1.261323e+01 
3.456785e+00 -1.251471e+01 
3.402221e+00 -1.241592e+01 
3.351112e+00 -1.231709e+01 
3.303203e+00 -1.221820e+01 
3.258238e+00 -1.211927e+01 
3.216021e+00 -1.202029e+01 
3.176358e+00 -1.192127e+01 
3.139068e+00 -1.182218e+01 
3.103891e+00 -1.172295e+01 
3.070502e+00 -1.162363e+01 
3.038662e+00 -1.152421e+01 
3.008118e+00 -1.142469e+01 
2.978672e+00 -1.132521e+01 
2.950409e+00 -1.122581e+01 
2.923437e+00 -1.112621e+01 
2.897342e+00 -1.102659e+01 
2.872084e+00 -1.092698e+01 
2.847677e+00 -1.082735e+01 
2.824043e+00 -1.072765e+01 
2.801050e+00 -1.062790e+01 
2.778588e+00 -1.052810e+01 
2.756546e+00 -1.042827e+01 
2.734876e+00 -1.032845e+01 
2.713601e+00 -1.022866e+01 
2.692782e+00 -1.012894e+01 
2.672565e+00 -1.002931e+01 
2.653165e+00 -9.929797e+00 
2.634759e+00 -9.830160e+00 
2.617087e+00 -9.730370e+00 
2.599851e+00 -9.630564e+00 
2.583030e+00 -9.530836e+00 
2.566776e+00 -9.431110e+00 
2.551080e+00 -9.331324e+00 
2.535818e+00 -9.231476e+00 
2.520869e+00 -9.131621e+00 
2.506216e+00 -9.031758e+00 
2.491846e+00 -8.931889e+00 
2.477746e+00 -8.832029e+00 
2.463937e+00 -8.732191e+00 
2.450461e+00 -8.632346e+00 
2.437298e+00 -8.532474e+00 
2.424395e+00 -8.432577e+00 
2.411698e+00 -8.332655e+00 
2.399162e+00 -8.232737e+00 
2.386800e+00 -8.132879e+00 
2.374735e+00 -8.033068e+00 
2.363050e+00 -7.933213e+00 
2.351659e+00 -7.833347e+00 
2.340540e+00 -7.733471e+00 
2.329673e+00 -7.633581e+00 
2.319028e+00 -7.533690e+00 
2.308605e+00 -7.433800e+00 
2.298405e+00 -7.333910e+00 
2.288428e+00 -7.234020e+00 
2.278673e+00 -7.134130e+00 
2.269141e+00 -7.034240e+00 
2.259832e+00 -6.934350e+00 
2.250745e+00 -6.834460e+00 
2.241877e+00 -6.734528e+00 
2.233147e+00 -6.634576e+00 
2.224519e+00 -6.534699e+00 
2.216133e+00 -6.434748e+00 
2.207839e+00 -6.334713e+00 
2.199481e+00 -6.234763e+00 
2.191229e+00 -6.134859e+00 
2.183168e+00 -6.034944e+00 
2.175280e+00 -5.935017e+00 
2.167538e+00 -5.835083e+00 
2.159928e+00 -5.735144e+00 
2.152441e+00 -5.635201e+00 
2.145069e+00 -5.535254e+00 
2.137803e+00 -5.435305e+00 
2.130640e+00 -5.335356e+00 
2.123581e+00 -5.235409e+00 
2.116628e+00 -5.135479e+00 
2.109816e+00 -5.035554e+00 
2.103155e+00 -4.935625e+00 
2.096638e+00 -4.835707e+00 
2.090288e+00 -4.735811e+00 
2.084149e+00 -4.635949e+00 
2.078286e+00 -4.536083e+00 
2.072689e+00 -4.436149e+00 
2.067222e+00 -4.336181e+00 
2.061821e+00 -4.236219e+00 
2.056496e+00 -4.136262e+00 
2.051256e+00 -4.036276e+00 
2.046037e+00 -3.936196e+00 
2.040661e+00 -3.836150e+00 
2.035197e+00 -3.736186e+00 
2.029807e+00 -3.636248e+00 
2.024539e+00 -3.536309e+00 
2.019394e+00 -3.436340e+00 
2.014310e+00 -3.336345e+00 
2.009240e+00 -3.236417e+00 
2.004315e+00 -3.136513e+00 
1.999579e+00 -3.036573e+00 
1.994966e+00 -2.936634e+00 
1.990475e+00 -2.836714e+00 
1.986143e+00 -2.736772e+00 
1.981926e+00 -2.636805e+00 
1.977775e+00 -2.536831e+00 
1.973677e+00 -2.436852e+00 
1.969618e+00 -2.336865e+00 
1.965587e+00 -2.236872e+00 
1.961571e+00 -2.136873e+00 
1.957555e+00 -2.036867e+00 
1.953527e+00 -1.936879e+00 
1.949524e+00 -1.836905e+00 
1.945574e+00 -1.736935e+00 
1.941687e+00 -1.637051e+00 
1.938034e+00 -1.537201e+00 
1.934680e+00 -1.437323e+00 
1.931568e+00 -1.337410e+00 
1.928630e+00 -1.237463e+00 
1.925797e+00 -1.137482e+00 
1.923000e+00 -1.037462e+00 
1.920162e+00 -9.373898e-01 
1.917180e+00 -8.373055e-01 
1.914031e+00 -7.373290e-01 
1.910931e+00 -6.373757e-01 
1.907924e+00 -5.374096e-01 
1.904984e+00 -4.374511e-01 
1.902128e+00 -3.374899e-01 
1.899349e+00 -2.375238e-01 
1.896638e+00 -1.375530e-01 
1.894002e+00 -3.887919e-02 
1.893985e+00 3.755297e-02 
1.896637e+00 1.375238e-01 
1.899348e+00 2.374899e-01 
1.902127e+00 3.374511e-01 
1.904983e+00 4.374096e-01 
1.907923e+00 5.373757e-01 
1.910930e+00 6.373290e-01 
1.914031e+00 7.373055e-01 
1.917182e+00 8.373898e-01 
1.920164e+00 9.374618e-01 
1.923001e+00 1.037482e+00 
1.925797e+00 1.137463e+00 
1.928628e+00 1.237410e+00 
1.931565e+00 1.337323e+00 
1.934676e+00 1.437201e+00 
1.938028e+00 1.537051e+00 
1.941683e+00 1.636935e+00 
1.945572e+00 1.736905e+00 
1.949523e+00 1.836879e+00 
1.953526e+00 1.936867e+00 
1.957555e+00 2.036873e+00 
1.961571e+00 2.136872e+00 
1.965587e+00 2.236865e+00 
1.969618e+00 2.336852e+00 
1.973676e+00 2.436831e+00 
1.977774e+00 2.536805e+00 
1.981925e+00 2.636772e+00 
1.986141e+00 2.736714e+00 
1.990471e+00 2.836634e+00 
1.994963e+00 2.936573e+00 
1.999577e+00 3.036513e+00 
2.004310e+00 3.136417e+00 
2.009236e+00 3.236345e+00 
2.014310e+00 3.336340e+00 
2.019392e+00 3.436309e+00 
2.024536e+00 3.536248e+00 
2.029803e+00 3.636186e+00 
2.035195e+00 3.736150e+00 
2.040663e+00 3.836196e+00 
2.046041e+00 3.936276e+00 
2.051255e+00 4.036262e+00 
2.056493e+00 4.136219e+00 
2.061819e+00 4.236181e+00 
2.067221e+00 4.336149e+00 
1.967370e+00 4.341609e+00 
1.961965e+00 4.241577e+00 
1.956635e+00 4.141539e+00 
1.951392e+00 4.041496e+00 
1.946177e+00 3.941483e+00 
1.940807e+00 3.841562e+00 
1.935344e+00 3.741608e+00 
1.929948e+00 3.641572e+00 
1.924675e+00 3.541511e+00 
1.919524e+00 3.441449e+00 
1.914439e+00 3.341418e+00 
1.909364e+00 3.241413e+00 
1.904431e+00 3.141341e+00 
1.899689e+00 3.041246e+00 
1.895069e+00 2.941185e+00 
1.890572e+00 2.841124e+00 
1.886234e+00 2.741044e+00 
1.882013e+00 2.640987e+00 
1.877860e+00 2.540954e+00 
1.873760e+00 2.440927e+00 
1.869700e+00 2.340907e+00 
1.865668e+00 2.240893e+00 
1.861651e+00 2.140886e+00 
1.857635e+00 2.040885e+00 
1.853607e+00 1.940892e+00 
1.849603e+00 1.840880e+00 
1.845650e+00 1.740853e+00 
1.841758e+00 1.640823e+00 
1.838095e+00 1.540707e+00 
1.834732e+00 1.440557e+00 
1.831614e+00 1.340436e+00 
1.828671e+00 1.240348e+00 
1.825837e+00 1.140295e+00 
1.823040e+00 1.040277e+00 
1.820205e+00 9.402966e-01 
1.817227e+00 8.403686e-01 
1.814080e+00 7.404528e-01 
1.810978e+00 6.404294e-01 
1.807968e+00 5.403827e-01 
1.805026e+00 4.403488e-01 
1.802168e+00 3.403072e-01 
1.799387e+00 2.402685e-01 
1.796674e+00 1.402346e-01 
1.794020e+00 4.020542e-02 
1.794002e+00 -3.887919e-02 
1.796673e+00 -1.402054e-01 
1.799386e+00 -2.402346e-01 
1.802167e+00 -3.402685e-01 
1.805025e+00 -4.403072e-01 
1.807967e+00 -5.403488e-01 
1.810976e+00 -6.403827e-01 
1.814080e+00 -7.404294e-01 
1.817229e+00 -8.404528e-01 
1.820207e+00 -9.403686e-01 
1.823041e+00 -1.040297e+00 
1.825836e+00 -1.140277e+00 
1.828670e+00 -1.240295e+00 
1.831611e+00 -1.340348e+00 
1.834728e+00 -1.440436e+00 
1.838090e+00 -1.540557e+00 
1.841754e+00 -1.640707e+00 
1.845649e+00 -1.740823e+00 
1.849602e+00 -1.840853e+00 
1.853607e+00 -1.940880e+00 
1.857636e+00 -2.040892e+00 
1.861651e+00 -2.140885e+00 
1.865668e+00 -2.240886e+00 
1.869700e+00 -2.340893e+00 
1.873759e+00 -2.440907e+00 
1.877859e+00 -2.540927e+00 
1.882012e+00 -2.640954e+00 
1.886232e+00 -2.740987e+00 
1.890569e+00 -2.841044e+00 
1.895067e+00 -2.941124e+00 
1.899686e+00 -3.041185e+00 
1.904427e+00 -3.141246e+00 
1.909361e+00 -3.241341e+00 
1.914438e+00 -3.341413e+00 
1.919523e+00 -3.441418e+00 
1.924671e+00 -3.541449e+00 
1.929945e+00 -3.641511e+00 
1.935342e+00 -3.741572e+00 
1.940810e+00 -3.841608e+00 
1.946181e+00 -3.941562e+00 
1.951391e+00 -4.041483e+00 
1.956633e+00 -4.141496e+00 
1.961963e+00 -4.241539e+00 
1.967368e+00 -4.341577e+00 
1.972838e+00 -4.441609e+00 
1.978443e+00 -4.541675e+00 
1.984321e+00 -4.641809e+00 
1.990476e+00 -4.741947e+00 
1.996839e+00 -4.842051e+00 
2.003367e+00 -4.942134e+00 
2.010037e+00 -5.042205e+00 
2.016859e+00 -5.142280e+00 
2.023822e+00 -5.242350e+00 
2.030889e+00 -5.342402e+00 
2.038059e+00 -5.442453e+00 
2.045332e+00 -5.542504e+00 
2.052712e+00 -5.642557e+00 
2.060208e+00 -5.742614e+00 
2.067827e+00 -5.842675e+00 
2.075578e+00 -5.942741e+00 
2.083478e+00 -6.042814e+00 
2.091552e+00 -6.142900e+00 
2.099820e+00 -6.242995e+00 
2.108187e+00 -6.343046e+00 
2.116475e+00 -6.443010e+00 
2.124869e+00 -6.543060e+00 
2.133518e+00 -6.643182e+00 
2.142256e+00 -6.743230e+00 
2.151136e+00 -6.843299e+00 
2.160243e+00 -6.943409e+00 
2.169572e+00 -7.043519e+00 
2.179125e+00 -7.143629e+00 
2.188901e+00 -7.243739e+00 
2.198900e+00 -7.343849e+00 
2.209122e+00 -7.443958e+00 
2.219568e+00 -7.544068e+00 
2.230236e+00 -7.644178e+00 
2.241127e+00 -7.744287e+00 
2.252273e+00 -7.844411e+00 
2.263694e+00 -7.944545e+00 
2.275413e+00 -8.044690e+00 
2.287523e+00 -8.144879e+00 
2.299919e+00 -8.245022e+00 
2.312476e+00 -8.345104e+00 
2.325192e+00 -8.445182e+00 
2.338122e+00 -8.545284e+00 
2.351318e+00 -8.645412e+00 
2.364836e+00 -8.745567e+00 
2.378689e+00 -8.845730e+00 
2.392829e+00 -8.945870e+00 
2.407235e+00 -9.046000e+00 
2.421928e+00 -9.146138e+00 
2.436920e+00 -9.246282e+00 
2.452229e+00 -9.346434e+00 
2.467991e+00 -9.446648e+00 
2.484333e+00 -9.546922e+00 
2.501244e+00 -9.647195e+00 
2.518546e+00 -9.747388e+00 
2.536291e+00 -9.847598e+00 
2.554828e+00 -9.947961e+00 
2.574412e+00 -1.004845e+01 
2.594780e+00 -1.014882e+01 
2.615711e+00 -1.024910e+01 
2.637074e+00 -1.034930e+01 
2.658822e+00 -1.044949e+01 
2.680940e+00 -1.054966e+01 
2.703490e+00 -1.064986e+01 
2.726599e+00 -1.075011e+01 
2.750373e+00 -1.085041e+01 
2.774955e+00 -1.095077e+01 
2.800410e+00 -1.105117e+01 
2.826700e+00 -1.115155e+01 
2.853885e+00 -1.125195e+01 
2.882484e+00 -1.135255e+01 
2.912230e+00 -1.145307e+01 
2.943062e+00 -1.155355e+01 
2.975266e+00 -1.165413e+01 
3.009102e+00 -1.175481e+01 
3.044813e+00 -1.185558e+01 
3.082761e+00 -1.195648e+01 
3.123187e+00 -1.205747e+01 
3.166251e+00 -1.215849e+01 
3.212160e+00 -1.225956e+01 
3.261112e+00 -1.236067e+01 
3.313387e+00 -1.246184e+01 
3.369240e+00 -1.256305e+01 
3.429841e+00 -1.266453e+01 
3.496707e+00 -1.276634e+01 
3.569754e+00 -1.286806e+01 
3.648926e+00 -1.296963e+01 
3.735779e+00 -1.307136e+01 
3.832173e+00 -1.317326e+01 
3.934160e+00 -1.326963e+01 
4.036347e+00 -1.335546e+01 
4.138678e+00 -1.343153e+01 
4.240646e+00 -1.349993e+01 
4.342193e+00 -1.356273e+01 
4.443754e+00 -1.362055e+01 
4.545378e+00 -1.367353e+01 
4.647069e+00 -1.372176e+01 
4.748827e+00 -1.376530e+01 
4.850649e+00 -1.380421e+01 
4.952525e+00 -1.383855e+01 
5.054086e+00 -1.386911e+01 
5.155512e+00 -1.389637e+01 
5.256916e+00 -1.392050e+01 
5.358025e+00 -1.394213e+01 
5.458928e+00 -1.396178e+01 
5.559831e+00 -1.397951e+01 
5.660762e+00 -1.399529e+01 
5.761724e+00 -1.400906e+01 
5.862716e+00 -1.402079e+01 
5.963740e+00 -1.403043e+01 
6.064795e+00 -1.403791e+01 
6.165884e+00 -1.404317e+01 
6.267005e+00 -1.404617e+01 
6.368159e+00 -1.404683e+01 
6.469345e+00 -1.404510e+01 
6.570563e+00 -1.404089e+01 
6.671811e+00 -1.403415e+01 
6.773055e+00 -1.402486e+01 
6.874048e+00 -1.401355e+01 
6.974845e+00 -1.400062e+01 
7.075491e+00 -1.398638e+01 
7.176079e+00 -1.397091e+01 
7.276666e+00 -1.395422e+01 
7.377245e+00 -1.393632e+01 
7.477846e+00 -1.391713e+01 
7.578461e+00 -1.389664e+01 
7.679073e+00 -1.387483e+01 
7.779699e+00 -1.385167e+01 
7.880347e+00 -1.382708e+01 
7.980994e+00 -1.380107e+01 
8.081654e+00 -1.377358e+01 
8.182313e+00 -1.374461e+01 
8.282988e+00 -1.371408e+01 
8.383671e+00 -1.368198e+01 
8.484341e+00 -1.364831e+01 
8.585041e+00 -1.361297e+01 
8.685734e+00 -1.357596e+01 
8.786424e+00 -1.353725e+01 
8.887133e+00 -1.349676e+01 
8.987825e+00 -1.345452e+01 
9.088539e+00 -1.341042e+01 
9.189245e+00 -1.336445e+01 
9.289957e+00 -1.331655e+01 
9.390670e+00 -1.326668e+01 
9.491383e+00 -1.321479e+01 
9.592102e+00 -1.316081e+01 
9.692756e+00 -1.310492e+01 
9.793320e+00 -1.304735e+01 
9.893811e+00 -1.298831e+01 
9.994271e+00 -1.292783e+01 
1.009473e+01 -1.286585e+01 
1.019520e+01 -1.280233e+01 
1.029567e+01 -1.273724e+01 
1.039614e+01 -1.267052e+01 
1.049662e+01 -1.260212e+01 
1.059709e+01 -1.253201e+01 
1.069758e+01 -1.246012e+01 
1.079806e+01 -1.238639e+01 
1.089854e+01 -1.231078e+01 
1.099903e+01 -1.223323e+01 
1.109952e+01 -1.215366e+01 
1.120001e+01 -1.207201e+01 
1.130050e+01 -1.198822e+01 
1.140100e+01 -1.190219e+01 
1.150149e+01 -1.181387e+01 
1.160198e+01 -1.172315e+01 
1.170248e+01 -1.162995e+01 
1.180298e+01 -1.153417e+01 
1.190347e+01 -1.143571e+01 
1.200323e+01 -1.133522e+01 
1.210036e+01 -1.123475e+01 
1.219527e+01 -1.113434e+01 
1.228820e+01 -1.103397e+01 
1.237922e+01 -1.093359e+01 
1.246837e+01 -1.083320e+01 
1.255567e+01 -1.073281e+01 
1.264115e+01 -1.063241e+01 
1.272485e+01 -1.053202e+01 
1.280679e+01 -1.043161e+01 
1.288700e+01 -1.033121e+01 
1.296551e+01 -1.023080e+01 
1.304235e+01 -1.013039e+01 
1.311755e+01 -1.002997e+01 
1.319114e+01 -9.929553e+00 
1.326314e+01 -9.829134e+00 
1.333358e+01 -9.728712e+00 
1.340252e+01 -9.628301e+00 
1.347008e+01 -9.527917e+00 
1.353638e+01 -9.427559e+00 
1.360146e+01 -9.327206e+00 
1.366535e+01 -9.226853e+00 
1.372807e+01 -9.126499e+00 
1.378963e+01 -9.026144e+00 
1.385005e+01 -8.925789e+00 
1.390934e+01 -8.825433e+00 
1.396753e+01 -8.725077e+00 
1.402461e+01 -8.624721e+00 
1.408061e+01 -8.524364e+00 
1.413563e+01 -8.424041e+00 
1.418978e+01 -8.323757e+00 
1.424311e+01 -8.223477e+00 
1.429563e+01 -8.123195e+00 
1.434733e+01 -8.022913e+00 
1.439823e+01 -7.922629e+00 
1.444832e+01 -7.822343e+00 
1.449762e+01 -7.722057e+00 
1.454612e+01 -7.621769e+00 
1.459384e+01 -7.521481e+00 
1.464077e+01 -7.421192e+00 
1.468692e+01 -7.320901e+00 
1.473229e+01 -7.220610e+00 
1.477690e+01 -7.120318e+00 
1.482074e+01 -7.020026e+00 
1.486382e+01 -6.919733e+00 
1.490614e+01 -6.819439e+00 
1.494771e+01 -6.719145e+00 
1.498853e+01 -6.618850e+00 
1.502860e+01 -6.518549e+00 
1.506790e+01 -6.418237e+00 
1.510640e+01 -6.317913e+00 
1.514407e+01 -6.217573e+00 
1.518089e+01 -6.117223e+00 
1.521686e+01 -6.016869e+00 
1.525197e+01 -5.916513e+00 
1.528624e+01 -5.816157e+00 
1.531967e+01 -5.715800e+00 
1.535226e+01 -5.615443e+00 
1.538402e+01 -5.515086e+00 
1.541496e+01 -5.414729e+00 
1.544508e+01 -5.314372e+00 
1.547439e+01 -5.214016e+00 
1.550289e+01 -5.113659e+00 
1.553059e+01 -5.013303e+00 
1.555754e+01 -4.912970e+00 
1.558376e+01 -4.812643e+00 
1.560926e+01 -4.712316e+00 
1.563404e+01 -4.611989e+00 
1.565811e+01 -4.511663e+00 
1.568146e+01 -4.411336e+00 
1.570411e+01 -4.311011e+00 
1.572606e+01 -4.210685e+00 
1.574731e+01 -4.110361e+00 
1.576790e+01 -4.010051e+00 
1.578787e+01 -3.909762e+00 
1.580726e+01 -3.809496e+00 
1.582610e+01 -3.709232e+00 
1.584438e+01 -3.608970e+00 
1.586212e+01 -3.508709e+00 
1.587931e+01 -3.408447e+00 
1.589595e+01 -3.308186e+00 
1.591204e+01 -3.207925e+00 
1.592759e+01 -3.107664e+00 
1.594260e+01 -3.007403e+00 
1.595707e+01 -2.907142e+00 
1.597101e+01 -2.806882e+00 
1.598440e+01 -2.706622e+00 
1.599727e+01 -2.606362e+00 
1.600960e+01 -2.506103e+00 
1.602140e+01 -2.405844e+00 
1.603267e+01 -2.305585e+00 
1.604341e+01 -2.205327e+00 
1.605363e+01 -2.105069e+00 
1.606332e+01 -2.004812e+00 
1.607249e+01 -1.904555e+00 
1.608114e+01 -1.804298e+00 
1.608928e+01 -1.704042e+00 
1.609689e+01 -1.603786e+00 
1.610399e+01 -1.503531e+00 
1.611058e+01 -1.403277e+00 
1.611665e+01 -1.303023e+00 
1.612221e+01 -1.202769e+00 
1.612726e+01 -1.102516e+00 
1.613181e+01 -1.002264e+00 
1.613585e+01 -9.020122e-01 
1.613938e+01 -8.017611e-01 
1.614242e+01 -7.015149e-01 
1.614497e+01 -6.012713e-01 
1.614703e+01 -5.010275e-01 
1.604705e+01 -4.989725e-01 
