-2.615686e+00 3.253099e+00 
-2.621111e+00 3.353068e+00 
-2.626598e+00 3.453039e+00 
-2.632143e+00 3.552995e+00 
-2.637773e+00 3.652920e+00 
-2.643556e+00 3.752864e+00 
-2.649459e+00 3.852921e+00 
-2.655243e+00 3.952931e+00 
-2.661002e+00 4.052822e+00 
-2.666977e+00 4.152704e+00 
-2.673191e+00 4.252599e+00 
-2.679618e+00 4.352507e+00 
-2.686230e+00 4.452439e+00 
-2.692979e+00 4.552384e+00 
-2.699839e+00 4.652328e+00 
-2.706812e+00 4.752271e+00 
-2.713903e+00 4.852239e+00 
-2.721061e+00 4.952248e+00 
-2.728198e+00 5.052216e+00 
-2.735394e+00 5.152136e+00 
-2.742752e+00 5.252051e+00 
-2.750281e+00 5.351955e+00 
-2.758001e+00 5.451840e+00 
-2.765954e+00 5.551730e+00 
-2.774130e+00 5.651650e+00 
-2.782471e+00 5.751592e+00 
-2.790930e+00 5.851545e+00 
-2.799483e+00 5.951498e+00 
-2.808132e+00 6.051470e+00 
-2.816834e+00 6.151393e+00 
-2.825693e+00 6.251329e+00 
-2.834678e+00 6.351237e+00 
-2.843842e+00 6.451064e+00 
-2.853359e+00 6.550899e+00 
-2.863208e+00 6.650746e+00 
-2.873365e+00 6.750559e+00 
-2.883901e+00 6.850360e+00 
-2.894845e+00 6.950197e+00 
-2.906124e+00 7.050073e+00 
-2.917659e+00 7.149981e+00 
-2.929384e+00 7.249901e+00 
-2.941274e+00 7.349832e+00 
-2.953308e+00 7.449789e+00 
-2.965423e+00 7.549692e+00 
-2.977730e+00 7.649554e+00 
-2.990315e+00 7.749384e+00 
-3.003244e+00 7.849184e+00 
-3.016581e+00 7.948980e+00 
-3.030338e+00 8.048771e+00 
-3.044522e+00 8.148543e+00 
-3.059172e+00 8.248298e+00 
-3.074328e+00 8.348059e+00 
-3.089990e+00 8.447896e+00 
-3.105986e+00 8.547703e+00 
-3.122370e+00 8.647444e+00 
-3.139300e+00 8.747229e+00 
-3.156677e+00 8.847013e+00 
-3.174502e+00 8.946771e+00 
-3.192827e+00 9.046494e+00 
-3.211727e+00 9.146184e+00 
-3.231272e+00 9.245838e+00 
-3.251540e+00 9.345451e+00 
-3.272616e+00 9.444997e+00 
-3.294649e+00 9.544497e+00 
-3.317760e+00 9.644022e+00 
-3.341900e+00 9.743555e+00 
-3.367052e+00 9.843069e+00 
-3.393264e+00 9.942565e+00 
-3.420585e+00 1.004204e+01 
-3.449033e+00 1.014137e+01 
-3.478983e+00 1.024065e+01 
-3.510556e+00 1.033993e+01 
-3.543787e+00 1.043914e+01 
-3.578793e+00 1.053820e+01 
-3.616001e+00 1.063715e+01 
-3.655781e+00 1.073610e+01 
-3.698170e+00 1.083497e+01 
-3.743408e+00 1.093367e+01 
-3.792030e+00 1.103218e+01 
-3.844659e+00 1.113041e+01 
-3.902351e+00 1.122837e+01 
-3.966495e+00 1.132624e+01 
-4.037876e+00 1.142374e+01 
-4.118931e+00 1.152093e+01 
-4.213609e+00 1.161837e+01 
-4.310845e+00 1.170460e+01 
-4.408413e+00 1.177933e+01 
-4.506071e+00 1.184523e+01 
-4.603889e+00 1.190361e+01 
-4.701298e+00 1.195534e+01 
-4.798667e+00 1.200005e+01 
-4.896057e+00 1.203818e+01 
-4.993375e+00 1.207019e+01 
-5.090612e+00 1.209625e+01 
-5.187899e+00 1.211648e+01 
-5.285275e+00 1.213118e+01 
-5.382697e+00 1.214066e+01 
-5.479935e+00 1.214507e+01 
-5.577262e+00 1.214409e+01 
-5.675075e+00 1.213785e+01 
-5.773195e+00 1.212724e+01 
-5.871844e+00 1.211275e+01 
-5.970760e+00 1.209544e+01 
-6.069712e+00 1.207586e+01 
-6.168672e+00 1.205406e+01 
-6.267648e+00 1.203004e+01 
-6.366627e+00 1.200379e+01 
-6.465645e+00 1.197527e+01 
-6.564649e+00 1.194454e+01 
-6.663672e+00 1.191153e+01 
-6.762671e+00 1.187623e+01 
-6.861682e+00 1.183852e+01 
-6.960709e+00 1.179838e+01 
-7.059750e+00 1.175577e+01 
-7.158808e+00 1.171068e+01 
-7.257885e+00 1.166306e+01 
-7.356981e+00 1.161290e+01 
-7.456096e+00 1.156017e+01 
-7.555230e+00 1.150483e+01 
-7.654384e+00 1.144685e+01 
-7.753557e+00 1.138621e+01 
-7.852750e+00 1.132287e+01 
-7.951961e+00 1.125679e+01 
-8.051174e+00 1.118794e+01 
-8.150445e+00 1.111617e+01 
-8.249826e+00 1.104154e+01 
-8.349300e+00 1.096440e+01 
-8.448782e+00 1.088509e+01 
-8.548262e+00 1.080358e+01 
-8.647744e+00 1.071981e+01 
-8.747235e+00 1.063368e+01 
-8.846724e+00 1.054517e+01 
-8.946209e+00 1.045418e+01 
-9.045691e+00 1.036059e+01 
-9.145170e+00 1.026428e+01 
-9.244661e+00 1.016510e+01 
-9.341610e+00 1.006562e+01 
-9.435812e+00 9.966142e+00 
-9.527366e+00 9.866663e+00 
-9.616366e+00 9.767186e+00 
-9.702898e+00 9.667710e+00 
-9.787045e+00 9.568235e+00 
-9.868885e+00 9.468760e+00 
-9.948492e+00 9.369286e+00 
-1.002595e+01 9.269787e+00 
-1.010148e+01 9.170199e+00 
-1.017542e+01 9.070593e+00 
-1.024786e+01 8.970990e+00 
-1.031881e+01 8.871390e+00 
-1.038830e+01 8.771793e+00 
-1.045635e+01 8.672200e+00 
-1.052298e+01 8.572609e+00 
-1.058819e+01 8.473021e+00 
-1.065201e+01 8.373436e+00 
-1.071446e+01 8.273854e+00 
-1.077556e+01 8.174274e+00 
-1.083531e+01 8.074697e+00 
-1.089375e+01 7.975104e+00 
-1.095094e+01 7.875507e+00 
-1.100691e+01 7.775893e+00 
-1.106173e+01 7.676279e+00 
-1.111542e+01 7.576667e+00 
-1.116798e+01 7.477055e+00 
-1.121943e+01 7.377444e+00 
-1.126979e+01 7.277833e+00 
-1.131905e+01 7.178223e+00 
-1.136725e+01 7.078613e+00 
-1.141439e+01 6.979003e+00 
-1.146048e+01 6.879393e+00 
-1.150554e+01 6.779783e+00 
-1.154958e+01 6.680172e+00 
-1.159261e+01 6.580561e+00 
-1.163465e+01 6.480948e+00 
-1.167571e+01 6.381335e+00 
-1.171579e+01 6.281720e+00 
-1.175493e+01 6.182089e+00 
-1.179317e+01 6.082429e+00 
-1.183059e+01 5.982747e+00 
-1.186724e+01 5.883060e+00 
-1.190314e+01 5.783374e+00 
-1.193828e+01 5.683689e+00 
-1.197269e+01 5.584005e+00 
-1.200635e+01 5.484321e+00 
-1.203926e+01 5.384639e+00 
-1.207145e+01 5.284957e+00 
-1.210290e+01 5.185275e+00 
-1.213361e+01 5.085594e+00 
-1.216361e+01 4.985914e+00 
-1.219287e+01 4.886234e+00 
-1.222142e+01 4.786554e+00 
-1.224925e+01 4.686875e+00 
-1.227637e+01 4.587196e+00 
-1.230278e+01 4.487516e+00 
-1.232849e+01 4.387816e+00 
-1.235354e+01 4.288112e+00 
-1.237795e+01 4.188409e+00 
-1.240171e+01 4.088705e+00 
-1.242483e+01 3.989002e+00 
-1.244731e+01 3.889298e+00 
-1.246916e+01 3.789594e+00 
-1.249038e+01 3.689890e+00 
-1.251096e+01 3.590185e+00 
-1.253093e+01 3.490480e+00 
-1.255026e+01 3.390775e+00 
-1.256898e+01 3.291069e+00 
-1.258708e+01 3.191363e+00 
-1.260457e+01 3.091656e+00 
-1.262145e+01 2.991949e+00 
-1.263771e+01 2.892242e+00 
-1.265337e+01 2.792533e+00 
-1.266843e+01 2.692825e+00 
-1.268289e+01 2.593115e+00 
-1.269676e+01 2.493405e+00 
-1.271002e+01 2.393694e+00 
-1.272270e+01 2.293982e+00 
-1.273479e+01 2.194270e+00 
-1.274630e+01 2.094557e+00 
-1.275722e+01 1.994843e+00 
-1.276756e+01 1.895128e+00 
-1.277732e+01 1.795413e+00 
-1.278651e+01 1.695696e+00 
-1.279512e+01 1.595979e+00 
-1.280317e+01 1.496263e+00 
-1.281065e+01 1.396557e+00 
-1.281753e+01 1.296873e+00 
-1.282377e+01 1.197192e+00 
-1.282938e+01 1.097509e+00 
-1.283436e+01 9.978247e-01 
-1.283870e+01 8.981389e-01 
-1.284241e+01 7.984520e-01 
-1.294236e+01 8.015480e-01 
-1.293863e+01 9.018611e-01 
-1.293426e+01 1.002175e+00 
-1.292926e+01 1.102491e+00 
-1.292362e+01 1.202808e+00 
-1.291733e+01 1.303127e+00 
-1.291041e+01 1.403443e+00 
-1.290289e+01 1.503737e+00 
-1.289480e+01 1.604021e+00 
-1.288614e+01 1.704304e+00 
-1.287690e+01 1.804587e+00 
-1.286708e+01 1.904872e+00 
-1.285668e+01 2.005157e+00 
-1.284570e+01 2.105443e+00 
-1.283413e+01 2.205730e+00 
-1.282198e+01 2.306018e+00 
-1.280923e+01 2.406306e+00 
-1.279588e+01 2.506595e+00 
-1.278194e+01 2.606885e+00 
-1.276740e+01 2.707175e+00 
-1.275225e+01 2.807467e+00 
-1.273650e+01 2.907758e+00 
-1.272014e+01 3.008051e+00 
-1.270317e+01 3.108344e+00 
-1.268558e+01 3.208637e+00 
-1.266737e+01 3.308931e+00 
-1.264855e+01 3.409225e+00 
-1.262910e+01 3.509520e+00 
-1.260902e+01 3.609815e+00 
-1.258831e+01 3.710110e+00 
-1.256697e+01 3.810406e+00 
-1.254500e+01 3.910702e+00 
-1.252238e+01 4.010998e+00 
-1.249912e+01 4.111295e+00 
-1.247522e+01 4.211591e+00 
-1.245067e+01 4.311888e+00 
-1.242547e+01 4.412184e+00 
-1.239961e+01 4.512484e+00 
-1.237304e+01 4.612804e+00 
-1.234575e+01 4.713125e+00 
-1.231774e+01 4.813446e+00 
-1.228901e+01 4.913766e+00 
-1.225956e+01 5.014086e+00 
-1.222937e+01 5.114406e+00 
-1.219846e+01 5.214725e+00 
-1.216681e+01 5.315043e+00 
-1.213443e+01 5.415361e+00 
-1.210130e+01 5.515679e+00 
-1.206743e+01 5.615995e+00 
-1.203281e+01 5.716311e+00 
-1.199744e+01 5.816626e+00 
-1.196132e+01 5.916940e+00 
-1.192444e+01 6.017253e+00 
-1.188679e+01 6.117571e+00 
-1.184829e+01 6.217911e+00 
-1.180887e+01 6.318280e+00 
-1.176848e+01 6.418665e+00 
-1.172711e+01 6.519052e+00 
-1.168475e+01 6.619439e+00 
-1.164138e+01 6.719828e+00 
-1.159700e+01 6.820217e+00 
-1.155159e+01 6.920607e+00 
-1.150515e+01 7.020997e+00 
-1.145764e+01 7.121387e+00 
-1.140907e+01 7.221777e+00 
-1.135942e+01 7.322167e+00 
-1.130868e+01 7.422556e+00 
-1.125683e+01 7.522945e+00 
-1.120386e+01 7.623333e+00 
-1.114976e+01 7.723721e+00 
-1.109452e+01 7.824107e+00 
-1.103812e+01 7.924493e+00 
-1.098047e+01 8.024896e+00 
-1.092156e+01 8.125303e+00 
-1.086131e+01 8.225726e+00 
-1.079970e+01 8.326146e+00 
-1.073673e+01 8.426564e+00 
-1.067238e+01 8.526979e+00 
-1.060663e+01 8.627391e+00 
-1.053947e+01 8.727800e+00 
-1.047087e+01 8.828207e+00 
-1.040082e+01 8.928610e+00 
-1.032930e+01 9.029010e+00 
-1.025629e+01 9.129407e+00 
-1.018178e+01 9.229801e+00 
-1.010563e+01 9.330213e+00 
-1.002740e+01 9.430714e+00 
-9.946964e+00 9.531240e+00 
-9.864271e+00 9.631765e+00 
-9.779248e+00 9.732290e+00 
-9.691817e+00 9.832814e+00 
-9.601895e+00 9.933337e+00 
-9.509395e+00 1.003386e+01 
-9.414224e+00 1.013438e+01 
-9.316280e+00 1.023490e+01 
-9.215771e+00 1.033510e+01 
-9.115250e+00 1.043243e+01 
-9.014732e+00 1.052701e+01 
-8.914218e+00 1.061896e+01 
-8.813706e+00 1.070839e+01 
-8.713197e+00 1.079541e+01 
-8.612679e+00 1.088007e+01 
-8.512159e+00 1.096244e+01 
-8.411641e+00 1.104259e+01 
-8.311115e+00 1.112056e+01 
-8.210496e+00 1.119613e+01 
-8.109767e+00 1.126898e+01 
-8.008980e+00 1.133894e+01 
-7.908191e+00 1.140609e+01 
-7.807384e+00 1.147049e+01 
-7.706558e+00 1.153216e+01 
-7.605711e+00 1.159115e+01 
-7.504845e+00 1.164748e+01 
-7.403960e+00 1.170118e+01 
-7.303056e+00 1.175228e+01 
-7.202133e+00 1.180081e+01 
-7.101191e+00 1.184678e+01 
-7.000232e+00 1.189023e+01 
-6.899259e+00 1.193119e+01 
-6.798270e+00 1.196967e+01 
-6.697269e+00 1.200571e+01 
-6.596292e+00 1.203941e+01 
-6.495296e+00 1.207078e+01 
-6.394314e+00 1.209988e+01 
-6.293293e+00 1.212670e+01 
-6.192269e+00 1.215124e+01 
-6.091229e+00 1.217351e+01 
-5.990181e+00 1.219353e+01 
-5.889097e+00 1.221125e+01 
-5.787746e+00 1.222618e+01 
-5.685866e+00 1.223727e+01 
-5.583679e+00 1.224389e+01 
-5.481006e+00 1.224506e+01 
-5.378244e+00 1.224056e+01 
-5.275666e+00 1.223072e+01 
-5.173042e+00 1.221537e+01 
-5.070329e+00 1.219417e+01 
-4.967566e+00 1.216681e+01 
-4.864884e+00 1.213320e+01 
-4.762274e+00 1.209319e+01 
-4.659643e+00 1.204626e+01 
-4.557052e+00 1.199197e+01 
-4.454870e+00 1.193113e+01 
-4.352528e+00 1.186226e+01 
-4.250096e+00 1.178403e+01 
-4.147332e+00 1.169325e+01 
-4.047282e+00 1.159069e+01 
-3.961152e+00 1.148788e+01 
-3.885857e+00 1.138538e+01 
-3.818747e+00 1.128324e+01 
-3.758517e+00 1.118120e+01 
-3.703901e+00 1.107944e+01 
-3.653747e+00 1.097795e+01 
-3.607271e+00 1.087665e+01 
-3.563878e+00 1.077552e+01 
-3.523223e+00 1.067446e+01 
-3.485196e+00 1.057341e+01 
-3.449504e+00 1.047247e+01 
-3.415735e+00 1.037169e+01 
-3.383688e+00 1.027096e+01 
-3.353296e+00 1.017025e+01 
-3.324452e+00 1.006958e+01 
-3.296836e+00 9.969052e+00 
-3.270352e+00 9.868548e+00 
-3.244949e+00 9.768061e+00 
-3.220578e+00 9.667594e+00 
-3.197241e+00 9.567119e+00 
-3.174982e+00 9.466619e+00 
-3.153709e+00 9.366166e+00 
-3.133281e+00 9.265778e+00 
-3.113597e+00 9.165432e+00 
-3.094578e+00 9.065122e+00 
-3.076149e+00 8.964845e+00 
-3.058237e+00 8.864603e+00 
-3.040782e+00 8.764387e+00 
-3.023779e+00 8.664172e+00 
-3.007308e+00 8.563913e+00 
-2.991250e+00 8.463721e+00 
-2.975536e+00 8.363557e+00 
-2.960306e+00 8.263318e+00 
-2.945583e+00 8.163074e+00 
-2.931334e+00 8.062846e+00 
-2.917518e+00 7.962637e+00 
-2.904125e+00 7.862432e+00 
-2.891144e+00 7.762232e+00 
-2.878516e+00 7.662062e+00 
-2.866174e+00 7.561924e+00 
-2.854035e+00 7.461828e+00 
-2.841991e+00 7.361785e+00 
-2.830084e+00 7.261716e+00 
-2.818341e+00 7.161635e+00 
-2.806784e+00 7.061543e+00 
-2.795476e+00 6.961419e+00 
-2.784496e+00 6.861257e+00 
-2.773917e+00 6.761058e+00 
-2.763722e+00 6.660870e+00 
-2.753842e+00 6.560717e+00 
-2.744294e+00 6.460553e+00 
-2.735097e+00 6.360379e+00 
-2.726095e+00 6.260287e+00 
-2.717224e+00 6.160223e+00 
-2.708509e+00 6.060146e+00 
-2.699855e+00 5.960118e+00 
-2.691294e+00 5.860071e+00 
-2.682827e+00 5.760025e+00 
-2.674476e+00 5.659967e+00 
-2.666287e+00 5.559886e+00 
-2.658317e+00 5.459776e+00 
-2.650578e+00 5.359661e+00 
-2.643035e+00 5.259566e+00 
-2.635664e+00 5.159480e+00 
-2.628456e+00 5.059400e+00 
-2.621315e+00 4.959369e+00 
-2.614158e+00 4.859378e+00 
-2.607063e+00 4.759346e+00 
-2.600082e+00 4.659288e+00 
-2.593214e+00 4.559232e+00 
-2.586457e+00 4.459177e+00 
-2.579836e+00 4.359110e+00 
-2.573398e+00 4.259018e+00 
-2.567170e+00 4.158913e+00 
-2.561180e+00 4.058794e+00 
-2.555409e+00 3.958686e+00 
-2.549626e+00 3.858695e+00 
-2.543730e+00 3.758753e+00 
-2.537940e+00 3.658696e+00 
-2.532301e+00 3.558621e+00 
-2.526751e+00 3.458578e+00 
-2.521262e+00 3.358548e+00 
-2.515833e+00 3.258518e+00 
-2.615686e+00 3.253099e+00 
