-3.998777e+00 6.374990e+00 
-4.248948e+00 6.379070e+00 
-4.499182e+00 6.382580e+00 
-4.748667e+00 6.385301e+00 
-4.998303e+00 6.389738e+00 
-5.248735e+00 6.395406e+00 
-5.497896e+00 6.399603e+00 
-5.748620e+00 6.406638e+00 
-5.998461e+00 6.411235e+00 
-6.248220e+00 6.416362e+00 
-6.497761e+00 6.422284e+00 
-6.747845e+00 6.429754e+00 
-6.997565e+00 6.436932e+00 
-7.248045e+00 6.445067e+00 
-7.496833e+00 6.451546e+00 
-7.746748e+00 6.462109e+00 
-7.996793e+00 6.472963e+00 
-8.245982e+00 6.483624e+00 
-8.495840e+00 6.497028e+00 
-8.745651e+00 6.510905e+00 
-8.994441e+00 6.525345e+00 
-9.244288e+00 6.543917e+00 
-9.493691e+00 6.562963e+00 
-9.742859e+00 6.583992e+00 
-9.992188e+00 6.607836e+00 
-1.024072e+01 6.633850e+00 
-1.048927e+01 6.664817e+00 
-1.073551e+01 6.700317e+00 
-1.098187e+01 6.748726e+00 
-1.122591e+01 6.809250e+00 
-1.147122e+01 6.892280e+00 
-1.171380e+01 6.992612e+00 
-1.195780e+01 7.126686e+00 
-1.220915e+01 7.297730e+00 
-1.246168e+01 7.461650e+00 
-1.271348e+01 7.611286e+00 
-1.296433e+01 7.751146e+00 
-1.321270e+01 7.885402e+00 
-1.345993e+01 8.027041e+00 
-1.370663e+01 8.182830e+00 
-1.395269e+01 8.357033e+00 
-1.419904e+01 8.557117e+00 
-1.444584e+01 8.785459e+00 
-1.468183e+01 9.031581e+00 
-1.488682e+01 9.277384e+00 
-1.506366e+01 9.522823e+00 
-1.521484e+01 9.768767e+00 
-1.534591e+01 1.001528e+01 
-1.546115e+01 1.026221e+01 
-1.556336e+01 1.050956e+01 
-1.565468e+01 1.075671e+01 
-1.573482e+01 1.100371e+01 
-1.580368e+01 1.125062e+01 
-1.586135e+01 1.149747e+01 
-1.590793e+01 1.174427e+01 
-1.594353e+01 1.199103e+01 
-1.596822e+01 1.223776e+01 
-1.598207e+01 1.248462e+01 
-1.598552e+01 1.273252e+01 
-1.598203e+01 1.298048e+01 
-1.597179e+01 1.322853e+01 
-1.595507e+01 1.347651e+01 
-1.593165e+01 1.372434e+01 
-1.590093e+01 1.397214e+01 
-1.586274e+01 1.421992e+01 
-1.581687e+01 1.446767e+01 
-1.576312e+01 1.471539e+01 
-1.570122e+01 1.496308e+01 
-1.563089e+01 1.521075e+01 
-1.555181e+01 1.545839e+01 
-1.546343e+01 1.570635e+01 
-1.536669e+01 1.595465e+01 
-1.526292e+01 1.620291e+01 
-1.515173e+01 1.645108e+01 
-1.503253e+01 1.669909e+01 
-1.490414e+01 1.694712e+01 
-1.476618e+01 1.719516e+01 
-1.461817e+01 1.744338e+01 
-1.446060e+01 1.769159e+01 
-1.429296e+01 1.793974e+01 
-1.411427e+01 1.818783e+01 
-1.392336e+01 1.843593e+01 
-1.371919e+01 1.868413e+01 
-1.350154e+01 1.893233e+01 
-1.326927e+01 1.918054e+01 
-1.302099e+01 1.942879e+01 
-1.277266e+01 1.966166e+01 
-1.252427e+01 1.988091e+01 
-1.227583e+01 2.008806e+01 
-1.202735e+01 2.028415e+01 
-1.177886e+01 2.047015e+01 
-1.153059e+01 2.064655e+01 
-1.128230e+01 2.081268e+01 
-1.103397e+01 2.096922e+01 
-1.078559e+01 2.111688e+01 
-1.053716e+01 2.125631e+01 
-1.028860e+01 2.138812e+01 
-1.003999e+01 2.151314e+01 
-9.791345e+00 2.163182e+01 
-9.542671e+00 2.174448e+01 
-9.293964e+00 2.185140e+01 
-9.045265e+00 2.195286e+01 
-8.796535e+00 2.204896e+01 
-8.547740e+00 2.213994e+01 
-8.298884e+00 2.222616e+01 
-8.049911e+00 2.230796e+01 
-7.800682e+00 2.238588e+01 
-7.551894e+00 2.246075e+01 
-7.303286e+00 2.253102e+01 
-7.054636e+00 2.259617e+01 
-6.805523e+00 2.265651e+01 
-6.556374e+00 2.271366e+01 
-6.307199e+00 2.276778e+01 
-6.058002e+00 2.281897e+01 
-5.808785e+00 2.286734e+01 
-5.559550e+00 2.291297e+01 
-5.310285e+00 2.295595e+01 
-5.060950e+00 2.299638e+01 
-4.811677e+00 2.303452e+01 
-4.562242e+00 2.307018e+01 
-4.312990e+00 2.310388e+01 
-4.063739e+00 2.313503e+01 
-3.814401e+00 2.316365e+01 
-3.564976e+00 2.319004e+01 
-3.315467e+00 2.321449e+01 
-3.065873e+00 2.323730e+01 
-2.816194e+00 2.325874e+01 
-2.566304e+00 2.327912e+01 
-2.316941e+00 2.329909e+01 
-2.067557e+00 2.331693e+01 
-1.818193e+00 2.333271e+01 
-1.568842e+00 2.334635e+01 
-1.319510e+00 2.335783e+01 
-1.070203e+00 2.336709e+01 
-8.209295e-01 2.337403e+01 
-8.236521e-01 2.352401e+01 
-1.074378e+00 2.351703e+01 
-1.325072e+00 2.350773e+01 
-1.575740e+00 2.349619e+01 
-1.826388e+00 2.348248e+01 
-2.077025e+00 2.346663e+01 
-2.327641e+00 2.344871e+01 
-2.578278e+00 2.342864e+01 
-2.828388e+00 2.340825e+01 
-3.078708e+00 2.338675e+01 
-3.329114e+00 2.336387e+01 
-3.579605e+00 2.333933e+01 
-3.830181e+00 2.331282e+01 
-4.080843e+00 2.328406e+01 
-4.331591e+00 2.325272e+01 
-4.582339e+00 2.321883e+01 
-4.832904e+00 2.318301e+01 
-5.083631e+00 2.314466e+01 
-5.334297e+00 2.310401e+01 
-5.585031e+00 2.306079e+01 
-5.835796e+00 2.301489e+01 
-6.086579e+00 2.296623e+01 
-6.337382e+00 2.291471e+01 
-6.588208e+00 2.286024e+01 
-6.839058e+00 2.280271e+01 
-7.089945e+00 2.274195e+01 
-7.341295e+00 2.267613e+01 
-7.592688e+00 2.260509e+01 
-7.843899e+00 2.252952e+01 
-8.094671e+00 2.245112e+01 
-8.345698e+00 2.236867e+01 
-8.596841e+00 2.228168e+01 
-8.848047e+00 2.218984e+01 
-9.099316e+00 2.209279e+01 
-9.350618e+00 2.199029e+01 
-9.601910e+00 2.188228e+01 
-9.853237e+00 2.176845e+01 
-1.010459e+01 2.164851e+01 
-1.035598e+01 2.152213e+01 
-1.060742e+01 2.138883e+01 
-1.085899e+01 2.124769e+01 
-1.111061e+01 2.109816e+01 
-1.136228e+01 2.093959e+01 
-1.161399e+01 2.077123e+01 
-1.186573e+01 2.059243e+01 
-1.211723e+01 2.040424e+01 
-1.236875e+01 2.020581e+01 
-1.262032e+01 1.999612e+01 
-1.287192e+01 1.977412e+01 
-1.312359e+01 1.953822e+01 
-1.337532e+01 1.928662e+01 
-1.361105e+01 1.903483e+01 
-1.383196e+01 1.878304e+01 
-1.403919e+01 1.853123e+01 
-1.423313e+01 1.827933e+01 
-1.441467e+01 1.802742e+01 
-1.458488e+01 1.777557e+01 
-1.474480e+01 1.752378e+01 
-1.489501e+01 1.727200e+01 
-1.503522e+01 1.702004e+01 
-1.516573e+01 1.676807e+01 
-1.528691e+01 1.651608e+01 
-1.539980e+01 1.626425e+01 
-1.550508e+01 1.601251e+01 
-1.560319e+01 1.576081e+01 
-1.569309e+01 1.550877e+01 
-1.577378e+01 1.525641e+01 
-1.584551e+01 1.500408e+01 
-1.590864e+01 1.475177e+01 
-1.596346e+01 1.449950e+01 
-1.601023e+01 1.424724e+01 
-1.604918e+01 1.399502e+01 
-1.608051e+01 1.374282e+01 
-1.610440e+01 1.349065e+01 
-1.612145e+01 1.323863e+01 
-1.613190e+01 1.298668e+01 
-1.613551e+01 1.273464e+01 
-1.613205e+01 1.248254e+01 
-1.611799e+01 1.222940e+01 
-1.609279e+01 1.197613e+01 
-1.605640e+01 1.172289e+01 
-1.600875e+01 1.146969e+01 
-1.594976e+01 1.121654e+01 
-1.587932e+01 1.096345e+01 
-1.579737e+01 1.071045e+01 
-1.570407e+01 1.045760e+01 
-1.559979e+01 1.020495e+01 
-1.548186e+01 9.951883e+00 
-1.534731e+01 9.698394e+00 
-1.519149e+01 9.444338e+00 
-1.500857e+01 9.189777e+00 
-1.479709e+01 8.935580e+00 
-1.455416e+01 8.681702e+00 
-1.430096e+01 8.447055e+00 
-1.404731e+01 8.240644e+00 
-1.379337e+01 8.060453e+00 
-1.354007e+01 7.900241e+00 
-1.328730e+01 7.755267e+00 
-1.303567e+01 7.619196e+00 
-1.278652e+01 7.480274e+00 
-1.253832e+01 7.332708e+00 
-1.229085e+01 7.171929e+00 
-1.204220e+01 7.002681e+00 
-1.178620e+01 6.861237e+00 
-1.152878e+01 6.753766e+00 
-1.127409e+01 6.667199e+00 
-1.101813e+01 6.603174e+00 
-1.076449e+01 6.553142e+00 
-1.051073e+01 6.516361e+00 
-1.025928e+01 6.485002e+00 
-1.000781e+01 6.458652e+00 
-9.757141e+00 6.434673e+00 
-9.506309e+00 6.413495e+00 
-9.255712e+00 6.394352e+00 
-9.005559e+00 6.375758e+00 
-8.754349e+00 6.361157e+00 
-8.504160e+00 6.347259e+00 
-8.254018e+00 6.333840e+00 
-8.003207e+00 6.323100e+00 
-7.753252e+00 6.312250e+00 
-7.503167e+00 6.301680e+00 
-7.251955e+00 6.295118e+00 
-7.002435e+00 6.287011e+00 
-6.752155e+00 6.279816e+00 
-6.502239e+00 6.272351e+00 
-6.251780e+00 6.266404e+00 
-6.001539e+00 6.261267e+00 
-5.751380e+00 6.256663e+00 
-5.502104e+00 6.249662e+00 
-5.251265e+00 6.245427e+00 
-5.001697e+00 6.239776e+00 
-4.751333e+00 6.235325e+00 
-4.500818e+00 6.232589e+00 
-4.251052e+00 6.229085e+00 
-4.001223e+00 6.225010e+00 
-3.998777e+00 6.374990e+00 
