5.238794e-01 -6.243369e+00 
7.245945e-01 -6.237235e+00 
9.253095e-01 -6.229184e+00 
1.126024e+00 -6.219214e+00 
1.326737e+00 -6.207323e+00 
1.527394e+00 -6.193515e+00 
1.728035e+00 -6.177939e+00 
1.928679e+00 -6.160629e+00 
2.129443e+00 -6.141564e+00 
2.330237e+00 -6.120417e+00 
2.531023e+00 -6.097109e+00 
2.731803e+00 -6.071648e+00 
2.932575e+00 -6.044046e+00 
3.133340e+00 -6.014314e+00 
3.334095e+00 -5.982466e+00 
3.534842e+00 -5.948515e+00 
3.735579e+00 -5.912476e+00 
3.936306e+00 -5.874363e+00 
4.137074e+00 -5.834183e+00 
4.337895e+00 -5.791805e+00 
4.538728e+00 -5.747070e+00 
4.739573e+00 -5.699923e+00 
4.940430e+00 -5.650309e+00 
5.141296e+00 -5.598175e+00 
5.342172e+00 -5.543466e+00 
5.543057e+00 -5.486129e+00 
5.743949e+00 -5.426112e+00 
5.944847e+00 -5.363360e+00 
6.145750e+00 -5.297825e+00 
6.346660e+00 -5.229453e+00 
6.547739e+00 -5.158127e+00 
6.748872e+00 -5.083295e+00 
6.950100e+00 -5.004701e+00 
7.151312e+00 -4.921991e+00 
7.352509e+00 -4.835135e+00 
7.553725e+00 -4.744070e+00 
7.754958e+00 -4.648630e+00 
7.956206e+00 -4.548637e+00 
8.157468e+00 -4.443907e+00 
8.358741e+00 -4.334248e+00 
8.560023e+00 -4.219456e+00 
8.761311e+00 -4.099320e+00 
8.962603e+00 -3.973619e+00 
9.164001e+00 -3.842052e+00 
9.365653e+00 -3.703762e+00 
9.567370e+00 -3.557271e+00 
9.769142e+00 -3.401740e+00 
9.970963e+00 -3.236217e+00 
1.017282e+01 -3.059627e+00 
1.037470e+01 -2.870744e+00 
1.057598e+01 -2.668781e+00 
1.076356e+01 -2.466328e+00 
1.093583e+01 -2.263222e+00 
1.109034e+01 -2.060088e+00 
1.122896e+01 -1.856941e+00 
1.135316e+01 -1.653812e+00 
1.146427e+01 -1.450732e+00 
1.156343e+01 -1.247732e+00 
1.165177e+01 -1.044644e+00 
1.173022e+01 -8.394695e-01 
1.179206e+01 -6.338699e-01 
1.183710e+01 -4.272683e-01 
1.186315e+01 -2.194369e-01 
1.186716e+01 -1.011669e-02 
1.184393e+01 2.033784e-01 
1.177969e+01 4.167764e-01 
1.166636e+01 6.308247e-01 
1.148107e+01 8.442934e-01 
1.127181e+01 9.851848e-01 
1.106638e+01 1.084898e+00 
1.086089e+01 1.165248e+00 
1.065830e+01 1.227034e+00 
1.045869e+01 1.280215e+00 
1.025585e+01 1.335358e+00 
1.005386e+01 1.381919e+00 
9.852893e+00 1.422565e+00 
9.652384e+00 1.460378e+00 
9.451747e+00 1.496784e+00 
9.250900e+00 1.531438e+00 
9.050486e+00 1.563663e+00 
8.850598e+00 1.594658e+00 
8.649869e+00 1.626094e+00 
8.448927e+00 1.655538e+00 
8.248606e+00 1.682308e+00 
8.048588e+00 1.708158e+00 
7.848389e+00 1.733983e+00 
7.648360e+00 1.759243e+00 
7.448213e+00 1.784437e+00 
7.247664e+00 1.809278e+00 
7.046869e+00 1.832647e+00 
6.847070e+00 1.853746e+00 
6.647687e+00 1.875342e+00 
6.447598e+00 1.898694e+00 
6.246076e+00 1.921954e+00 
6.046017e+00 1.940934e+00 
5.845950e+00 1.959753e+00 
5.645867e+00 1.978392e+00 
5.445997e+00 1.996789e+00 
5.246605e+00 2.015487e+00 
5.045614e+00 2.035987e+00 
4.844578e+00 2.053798e+00 
4.644026e+00 2.068771e+00 
4.444025e+00 2.082223e+00 
4.244509e+00 2.095640e+00 
4.045022e+00 2.110350e+00 
3.844261e+00 2.126536e+00 
3.644137e+00 2.140627e+00 
3.444191e+00 2.154374e+00 
3.243604e+00 2.168307e+00 
3.042661e+00 2.180678e+00 
2.841985e+00 2.190502e+00 
2.641884e+00 2.198491e+00 
2.442218e+00 2.206191e+00 
2.241799e+00 2.214817e+00 
2.041825e+00 2.222304e+00 
1.841768e+00 2.229863e+00 
1.641374e+00 2.237283e+00 
1.441498e+00 2.243632e+00 
1.241676e+00 2.250309e+00 
1.041147e+00 2.257485e+00 
8.406607e-01 2.263244e+00 
6.401250e-01 2.267703e+00 
4.402416e-01 2.270720e+00 
2.408182e-01 2.274039e+00 
4.072675e-02 2.278910e+00 
-1.606595e-01 2.283554e+00 
-3.613661e-01 2.284480e+00 
-5.611720e-01 2.283524e+00 
-5.608421e-01 2.133524e+00 
-3.606481e-01 2.134482e+00 
-1.613546e-01 2.133555e+00 
3.725909e-02 2.128950e+00 
2.371676e-01 2.124083e+00 
4.377442e-01 2.120741e+00 
6.378609e-01 2.117720e+00 
8.373251e-01 2.113281e+00 
1.036839e+00 2.107547e+00 
1.236310e+00 2.100405e+00 
1.436488e+00 2.093715e+00 
1.636612e+00 2.087358e+00 
1.836218e+00 2.079966e+00 
2.036161e+00 2.072411e+00 
2.236187e+00 2.064922e+00 
2.435768e+00 2.056330e+00 
2.636102e+00 2.048602e+00 
2.836001e+00 2.040621e+00 
3.035324e+00 2.030857e+00 
3.234382e+00 2.018590e+00 
3.433795e+00 2.004735e+00 
3.633848e+00 1.990980e+00 
3.833725e+00 1.976907e+00 
4.032964e+00 1.960836e+00 
4.233477e+00 1.946046e+00 
4.433960e+00 1.932561e+00 
4.633960e+00 1.919109e+00 
4.833408e+00 1.904214e+00 
5.032372e+00 1.886573e+00 
5.231380e+00 1.866262e+00 
5.431989e+00 1.847444e+00 
5.632119e+00 1.829024e+00 
5.832036e+00 1.810400e+00 
6.031969e+00 1.791593e+00 
6.231909e+00 1.772625e+00 
6.430388e+00 1.749685e+00 
6.630299e+00 1.726353e+00 
6.830916e+00 1.704619e+00 
7.031116e+00 1.683476e+00 
7.230321e+00 1.660284e+00 
7.429773e+00 1.635575e+00 
7.629626e+00 1.610417e+00 
7.829596e+00 1.585165e+00 
8.029398e+00 1.559391e+00 
8.229380e+00 1.533545e+00 
8.429058e+00 1.506860e+00 
8.628117e+00 1.477679e+00 
8.827388e+00 1.446465e+00 
9.027500e+00 1.415434e+00 
9.227086e+00 1.383340e+00 
9.426239e+00 1.348968e+00 
9.625602e+00 1.312789e+00 
9.825093e+00 1.275164e+00 
1.002412e+01 1.234897e+00 
1.022214e+01 1.189196e+00 
1.041930e+01 1.135480e+00 
1.061968e+01 1.082090e+00 
1.081710e+01 1.021783e+00 
1.101161e+01 9.452536e-01 
1.120617e+01 8.503080e-01 
1.139692e+01 7.201215e-01 
1.155215e+01 5.335902e-01 
1.164657e+01 3.476385e-01 
1.170003e+01 1.610365e-01 
1.171795e+01 -2.546840e-02 
1.171319e+01 -2.161482e-01 
1.168830e+01 -4.083168e-01 
1.164555e+01 -6.017152e-01 
1.158662e+01 -7.961155e-01 
1.151171e+01 -9.909415e-01 
1.142590e+01 -1.187853e+00 
1.132951e+01 -1.384853e+00 
1.122159e+01 -1.581773e+00 
1.110101e+01 -1.778644e+00 
1.096647e+01 -1.975497e+00 
1.081648e+01 -2.172363e+00 
1.064920e+01 -2.369257e+00 
1.046597e+01 -2.566804e+00 
1.026848e+01 -2.764841e+00 
1.007036e+01 -2.950077e+00 
9.872216e+00 -3.123305e+00 
9.674037e+00 -3.285744e+00 
9.475810e+00 -3.438457e+00 
9.277526e+00 -3.582380e+00 
9.079179e+00 -3.718338e+00 
8.880576e+00 -3.848034e+00 
8.681868e+00 -3.972084e+00 
8.483157e+00 -4.090648e+00 
8.284439e+00 -4.203944e+00 
8.085712e+00 -4.312184e+00 
7.886973e+00 -4.415570e+00 
7.688221e+00 -4.514294e+00 
7.489454e+00 -4.608537e+00 
7.290670e+00 -4.698475e+00 
7.091868e+00 -4.784272e+00 
6.893079e+00 -4.865962e+00 
6.694308e+00 -4.943571e+00 
6.495440e+00 -5.017540e+00 
6.296520e+00 -5.088081e+00 
6.097429e+00 -5.155821e+00 
5.898333e+00 -5.220755e+00 
5.699231e+00 -5.282932e+00 
5.500123e+00 -5.342405e+00 
5.301007e+00 -5.399225e+00 
5.101883e+00 -5.453445e+00 
4.902750e+00 -5.505119e+00 
4.703606e+00 -5.554298e+00 
4.504452e+00 -5.601039e+00 
4.305285e+00 -5.645393e+00 
4.106106e+00 -5.687415e+00 
3.906873e+00 -5.727279e+00 
3.707601e+00 -5.765108e+00 
3.508338e+00 -5.800875e+00 
3.309085e+00 -5.834566e+00 
3.109840e+00 -5.866166e+00 
2.910604e+00 -5.895663e+00 
2.711376e+00 -5.923045e+00 
2.512156e+00 -5.948300e+00 
2.312943e+00 -5.971418e+00 
2.113736e+00 -5.992388e+00 
1.914501e+00 -6.011301e+00 
1.715144e+00 -6.028494e+00 
1.515786e+00 -6.043965e+00 
1.316442e+00 -6.057677e+00 
1.117156e+00 -6.069476e+00 
9.178701e-01 -6.079369e+00 
7.185850e-01 -6.087356e+00 
5.193002e-01 -6.093439e+00 
5.238794e-01 -6.243369e+00 
