-3.244128e+01 -5.986496e-01 
-3.243859e+01 -6.984724e-01 
-3.243554e+01 -7.982955e-01 
-3.243213e+01 -8.981188e-01 
-3.242837e+01 -9.979425e-01 
-3.242426e+01 -1.097766e+00 
-3.241980e+01 -1.197591e+00 
-3.241498e+01 -1.297415e+00 
-3.240982e+01 -1.397240e+00 
-3.240430e+01 -1.497065e+00 
-3.239843e+01 -1.596891e+00 
-3.239221e+01 -1.696717e+00 
-3.238564e+01 -1.796543e+00 
-3.237872e+01 -1.896366e+00 
-3.237145e+01 -1.996164e+00 
-3.236377e+01 -2.095946e+00 
-3.235566e+01 -2.195724e+00 
-3.234709e+01 -2.295502e+00 
-3.233808e+01 -2.395281e+00 
-3.232862e+01 -2.495061e+00 
-3.231872e+01 -2.594842e+00 
-3.230837e+01 -2.694624e+00 
-3.229758e+01 -2.794406e+00 
-3.228635e+01 -2.894189e+00 
-3.227467e+01 -2.993973e+00 
-3.226255e+01 -3.093758e+00 
-3.225000e+01 -3.193543e+00 
-3.223700e+01 -3.293329e+00 
-3.222357e+01 -3.393107e+00 
-3.220968e+01 -3.492876e+00 
-3.219532e+01 -3.592645e+00 
-3.218049e+01 -3.692414e+00 
-3.216517e+01 -3.792182e+00 
-3.214938e+01 -3.891951e+00 
-3.213311e+01 -3.991719e+00 
-3.211635e+01 -4.091486e+00 
-3.209911e+01 -4.191254e+00 
-3.208139e+01 -4.291022e+00 
-3.206318e+01 -4.390789e+00 
-3.204448e+01 -4.490556e+00 
-3.202529e+01 -4.590324e+00 
-3.200561e+01 -4.690105e+00 
-3.198546e+01 -4.789900e+00 
-3.196488e+01 -4.889715e+00 
-3.194390e+01 -4.989529e+00 
-3.192252e+01 -5.089343e+00 
-3.190075e+01 -5.189157e+00 
-3.187857e+01 -5.288970e+00 
-3.185600e+01 -5.388783e+00 
-3.183302e+01 -5.488597e+00 
-3.180964e+01 -5.588410e+00 
-3.178586e+01 -5.688223e+00 
-3.176167e+01 -5.788036e+00 
-3.173707e+01 -5.887848e+00 
-3.171206e+01 -5.987661e+00 
-3.168665e+01 -6.087474e+00 
-3.166082e+01 -6.187286e+00 
-3.163457e+01 -6.287098e+00 
-3.160792e+01 -6.386911e+00 
-3.158084e+01 -6.486723e+00 
-3.155335e+01 -6.586535e+00 
-3.152544e+01 -6.686347e+00 
-3.149711e+01 -6.786159e+00 
-3.146836e+01 -6.885971e+00 
-3.143918e+01 -6.985783e+00 
-3.140958e+01 -7.085595e+00 
-3.137955e+01 -7.185407e+00 
-3.134909e+01 -7.285219e+00 
-3.131820e+01 -7.385031e+00 
-3.128689e+01 -7.484843e+00 
-3.125514e+01 -7.584655e+00 
-3.122295e+01 -7.684467e+00 
-3.119033e+01 -7.784279e+00 
-3.115727e+01 -7.884091e+00 
-3.112377e+01 -7.983904e+00 
-3.108983e+01 -8.083716e+00 
-3.105545e+01 -8.183528e+00 
-3.102063e+01 -8.283341e+00 
-3.098535e+01 -8.383154e+00 
-3.094964e+01 -8.482966e+00 
-3.091347e+01 -8.582780e+00 
-3.087685e+01 -8.682593e+00 
-3.083979e+01 -8.782406e+00 
-3.080226e+01 -8.882220e+00 
-3.076429e+01 -8.982033e+00 
-3.072585e+01 -9.081847e+00 
-3.068696e+01 -9.181661e+00 
-3.064761e+01 -9.281475e+00 
-3.060780e+01 -9.381290e+00 
-3.056752e+01 -9.481105e+00 
-3.052680e+01 -9.580879e+00 
-3.048551e+01 -9.680647e+00 
-3.044363e+01 -9.780415e+00 
-3.040116e+01 -9.880185e+00 
-3.035809e+01 -9.979955e+00 
-3.031443e+01 -1.007973e+01 
-3.027017e+01 -1.017950e+01 
-3.022531e+01 -1.027927e+01 
-3.017985e+01 -1.037904e+01 
-3.013379e+01 -1.047882e+01 
-3.008712e+01 -1.057859e+01 
-3.003984e+01 -1.067836e+01 
-2.999195e+01 -1.077814e+01 
-2.994345e+01 -1.087792e+01 
-2.989433e+01 -1.097769e+01 
-2.984459e+01 -1.107747e+01 
-2.979422e+01 -1.117725e+01 
-2.974323e+01 -1.127703e+01 
-2.969161e+01 -1.137680e+01 
-2.963936e+01 -1.147658e+01 
-2.958648e+01 -1.157636e+01 
-2.953295e+01 -1.167614e+01 
-2.947878e+01 -1.177593e+01 
-2.942397e+01 -1.187571e+01 
-2.936850e+01 -1.197549e+01 
-2.931238e+01 -1.207527e+01 
-2.925560e+01 -1.217505e+01 
-2.919816e+01 -1.227484e+01 
-2.914004e+01 -1.237462e+01 
-2.908126e+01 -1.247440e+01 
-2.902180e+01 -1.257419e+01 
-2.896166e+01 -1.267397e+01 
-2.890083e+01 -1.277376e+01 
-2.883931e+01 -1.287355e+01 
-2.877709e+01 -1.297333e+01 
-2.871417e+01 -1.307312e+01 
-2.865054e+01 -1.317290e+01 
-2.858620e+01 -1.327269e+01 
-2.852113e+01 -1.337248e+01 
-2.845534e+01 -1.347226e+01 
-2.838880e+01 -1.357208e+01 
-2.832159e+01 -1.367190e+01 
-2.825376e+01 -1.377172e+01 
-2.818530e+01 -1.387154e+01 
-2.811621e+01 -1.397137e+01 
-2.804647e+01 -1.407119e+01 
-2.797609e+01 -1.417101e+01 
-2.790505e+01 -1.427083e+01 
-2.783335e+01 -1.437065e+01 
-2.776097e+01 -1.447047e+01 
-2.768793e+01 -1.457029e+01 
-2.761420e+01 -1.467010e+01 
-2.753977e+01 -1.476990e+01 
-2.746452e+01 -1.486969e+01 
-2.738845e+01 -1.496948e+01 
-2.731154e+01 -1.506927e+01 
-2.723380e+01 -1.516906e+01 
-2.715520e+01 -1.526885e+01 
-2.707574e+01 -1.536865e+01 
-2.699541e+01 -1.546844e+01 
-2.691420e+01 -1.556823e+01 
-2.683209e+01 -1.566802e+01 
-2.674908e+01 -1.576782e+01 
-2.666515e+01 -1.586760e+01 
-2.658030e+01 -1.596734e+01 
-2.649428e+01 -1.606708e+01 
-2.640703e+01 -1.616681e+01 
-2.631852e+01 -1.626654e+01 
-2.622872e+01 -1.636628e+01 
-2.613761e+01 -1.646601e+01 
-2.604516e+01 -1.656574e+01 
-2.595135e+01 -1.666548e+01 
-2.585615e+01 -1.676521e+01 
-2.575953e+01 -1.686494e+01 
-2.566147e+01 -1.696468e+01 
-2.556193e+01 -1.706441e+01 
-2.546219e+01 -1.716286e+01 
-2.536246e+01 -1.725984e+01 
-2.526272e+01 -1.735540e+01 
-2.516299e+01 -1.744957e+01 
-2.506325e+01 -1.754238e+01 
-2.496352e+01 -1.763385e+01 
-2.486378e+01 -1.772403e+01 
-2.476404e+01 -1.781293e+01 
-2.466431e+01 -1.790058e+01 
-2.456457e+01 -1.798701e+01 
-2.446483e+01 -1.807224e+01 
-2.436509e+01 -1.815630e+01 
-2.426535e+01 -1.823920e+01 
-2.416561e+01 -1.832097e+01 
-2.406587e+01 -1.840163e+01 
-2.396613e+01 -1.848120e+01 
-2.386639e+01 -1.855970e+01 
-2.376664e+01 -1.863715e+01 
-2.366690e+01 -1.871356e+01 
-2.356716e+01 -1.878897e+01 
-2.346741e+01 -1.886337e+01 
-2.336767e+01 -1.893679e+01 
-2.326792e+01 -1.900924e+01 
-2.316817e+01 -1.908075e+01 
-2.306843e+01 -1.915132e+01 
-2.296868e+01 -1.922097e+01 
-2.286893e+01 -1.928971e+01 
-2.276918e+01 -1.935756e+01 
-2.266943e+01 -1.942453e+01 
-2.256968e+01 -1.949064e+01 
-2.246993e+01 -1.955589e+01 
-2.237018e+01 -1.962030e+01 
-2.227042e+01 -1.968389e+01 
-2.217067e+01 -1.974665e+01 
-2.207092e+01 -1.980861e+01 
-2.197116e+01 -1.986978e+01 
-2.187140e+01 -1.993016e+01 
-2.177165e+01 -1.998977e+01 
-2.167189e+01 -2.004861e+01 
-2.157213e+01 -2.010670e+01 
-2.147237e+01 -2.016405e+01 
-2.137261e+01 -2.022066e+01 
-2.127285e+01 -2.027654e+01 
-2.117309e+01 -2.033171e+01 
-2.107335e+01 -2.038616e+01 
-2.097361e+01 -2.043985e+01 
-2.087387e+01 -2.049278e+01 
-2.077412e+01 -2.054498e+01 
-2.067438e+01 -2.059645e+01 
-2.057464e+01 -2.064719e+01 
-2.047489e+01 -2.069721e+01 
-2.037514e+01 -2.074653e+01 
-2.027540e+01 -2.079515e+01 
-2.017565e+01 -2.084308e+01 
-2.007590e+01 -2.089033e+01 
-1.997615e+01 -2.093689e+01 
-1.987640e+01 -2.098279e+01 
-1.977671e+01 -2.102800e+01 
-1.967705e+01 -2.107238e+01 
-1.957740e+01 -2.111586e+01 
-1.947775e+01 -2.115844e+01 
-1.937810e+01 -2.120013e+01 
-1.927845e+01 -2.124095e+01 
-1.917879e+01 -2.128089e+01 
-1.907914e+01 -2.131997e+01 
-1.897949e+01 -2.135821e+01 
-1.887983e+01 -2.139560e+01 
-1.878017e+01 -2.143217e+01 
-1.868051e+01 -2.146791e+01 
-1.858085e+01 -2.150284e+01 
-1.848119e+01 -2.153697e+01 
-1.838153e+01 -2.157030e+01 
-1.828187e+01 -2.160284e+01 
-1.818220e+01 -2.163461e+01 
-1.808254e+01 -2.166560e+01 
-1.798287e+01 -2.169583e+01 
-1.788320e+01 -2.172531e+01 
-1.778353e+01 -2.175404e+01 
-1.768386e+01 -2.178203e+01 
-1.758419e+01 -2.180928e+01 
-1.748452e+01 -2.183582e+01 
-1.738484e+01 -2.186163e+01 
-1.728516e+01 -2.188673e+01 
-1.718548e+01 -2.191113e+01 
-1.708580e+01 -2.193484e+01 
-1.698612e+01 -2.195785e+01 
-1.688644e+01 -2.198018e+01 
-1.678675e+01 -2.200183e+01 
-1.668707e+01 -2.202281e+01 
-1.658738e+01 -2.204313e+01 
-1.648769e+01 -2.206279e+01 
-1.638800e+01 -2.208179e+01 
-1.628830e+01 -2.210015e+01 
-1.618861e+01 -2.211787e+01 
-1.608891e+01 -2.213495e+01 
-1.598921e+01 -2.215141e+01 
-1.588954e+01 -2.216723e+01 
-1.578986e+01 -2.218238e+01 
-1.569018e+01 -2.219687e+01 
-1.559050e+01 -2.221070e+01 
-1.549082e+01 -2.222388e+01 
-1.539114e+01 -2.223640e+01 
-1.529146e+01 -2.224827e+01 
-1.519177e+01 -2.225950e+01 
-1.509209e+01 -2.227008e+01 
-1.499240e+01 -2.228003e+01 
-1.489272e+01 -2.228934e+01 
-1.479303e+01 -2.229802e+01 
-1.469337e+01 -2.230606e+01 
-1.459373e+01 -2.231342e+01 
-1.449409e+01 -2.232005e+01 
-1.439445e+01 -2.232596e+01 
-1.429481e+01 -2.233115e+01 
-1.419516e+01 -2.233563e+01 
-1.409551e+01 -2.233940e+01 
-1.399586e+01 -2.234247e+01 
-1.389621e+01 -2.234484e+01 
-1.379655e+01 -2.234652e+01 
-1.369689e+01 -2.234752e+01 
-1.359723e+01 -2.234784e+01 
-1.349756e+01 -2.234749e+01 
-1.339789e+01 -2.234647e+01 
-1.329822e+01 -2.234479e+01 
-1.319855e+01 -2.234245e+01 
-1.309887e+01 -2.233947e+01 
-1.299918e+01 -2.233586e+01 
-1.289950e+01 -2.233160e+01 
-1.279981e+01 -2.232672e+01 
-1.270015e+01 -2.232122e+01 
-1.260055e+01 -2.231503e+01 
-1.250094e+01 -2.230804e+01 
-1.240133e+01 -2.230027e+01 
-1.230172e+01 -2.229172e+01 
-1.220210e+01 -2.228238e+01 
-1.210248e+01 -2.227226e+01 
-1.200287e+01 -2.226137e+01 
-1.190324e+01 -2.224971e+01 
-1.180362e+01 -2.223728e+01 
-1.170399e+01 -2.222408e+01 
-1.160436e+01 -2.221012e+01 
-1.150473e+01 -2.219540e+01 
-1.140509e+01 -2.217993e+01 
-1.130545e+01 -2.216370e+01 
-1.120581e+01 -2.214672e+01 
-1.110616e+01 -2.212900e+01 
-1.100651e+01 -2.211053e+01 
-1.090686e+01 -2.209133e+01 
-1.080721e+01 -2.207139e+01 
-1.070755e+01 -2.205071e+01 
-1.060789e+01 -2.202931e+01 
-1.050822e+01 -2.200719e+01 
-1.040856e+01 -2.198435e+01 
-1.030899e+01 -2.196080e+01 
-1.020944e+01 -2.193631e+01 
-1.010988e+01 -2.191084e+01 
-1.001031e+01 -2.188440e+01 
-9.910722e+00 -2.185702e+01 
-9.811124e+00 -2.182871e+01 
-9.711514e+00 -2.179950e+01 
-9.611894e+00 -2.176939e+01 
-9.512262e+00 -2.173842e+01 
-9.412618e+00 -2.170660e+01 
-9.312965e+00 -2.167395e+01 
-9.213301e+00 -2.164049e+01 
-9.113626e+00 -2.160624e+01 
-9.013953e+00 -2.157122e+01 
-8.914419e+00 -2.153547e+01 
-8.814915e+00 -2.149861e+01 
-8.715407e+00 -2.146055e+01 
-8.615893e+00 -2.142128e+01 
-8.516375e+00 -2.138079e+01 
-8.416852e+00 -2.133909e+01 
-8.317323e+00 -2.129617e+01 
-8.217790e+00 -2.125202e+01 
-8.118248e+00 -2.120665e+01 
-8.018702e+00 -2.116005e+01 
-7.919148e+00 -2.111223e+01 
-7.819588e+00 -2.106318e+01 
-7.720020e+00 -2.101291e+01 
-7.620445e+00 -2.096141e+01 
-7.520862e+00 -2.090869e+01 
-7.421273e+00 -2.085476e+01 
-7.321674e+00 -2.079961e+01 
-7.222068e+00 -2.074325e+01 
-7.122454e+00 -2.068569e+01 
-7.022832e+00 -2.062692e+01 
-6.923201e+00 -2.056697e+01 
-6.823562e+00 -2.050583e+01 
-6.723915e+00 -2.044351e+01 
-6.624260e+00 -2.038003e+01 
-6.524596e+00 -2.031539e+01 
-6.424924e+00 -2.024959e+01 
-6.325243e+00 -2.018266e+01 
-6.225577e+00 -2.011462e+01 
-6.125917e+00 -2.004539e+01 
-6.026244e+00 -1.997492e+01 
-5.926560e+00 -1.990323e+01 
-5.826900e+00 -1.983037e+01 
-5.727433e+00 -1.975636e+01 
-5.627975e+00 -1.968027e+01 
-5.528502e+00 -1.960198e+01 
-5.429014e+00 -1.952149e+01 
-5.329511e+00 -1.943878e+01 
-5.229993e+00 -1.935384e+01 
-5.130459e+00 -1.926667e+01 
-5.030911e+00 -1.917728e+01 
-4.931347e+00 -1.908565e+01 
-4.831768e+00 -1.899179e+01 
-4.732174e+00 -1.889570e+01 
-4.632566e+00 -1.879739e+01 
-4.533843e+00 -1.869777e+01 
-4.437194e+00 -1.859814e+01 
-4.342481e+00 -1.849849e+01 
-4.249581e+00 -1.839883e+01 
-4.158380e+00 -1.829916e+01 
-4.068775e+00 -1.819947e+01 
-3.980672e+00 -1.809978e+01 
-3.893981e+00 -1.800007e+01 
-3.808624e+00 -1.790035e+01 
-3.724526e+00 -1.780062e+01 
-3.641640e+00 -1.770091e+01 
-3.560106e+00 -1.760132e+01 
-3.480325e+00 -1.750175e+01 
-3.402326e+00 -1.740218e+01 
-3.326056e+00 -1.730263e+01 
-3.251644e+00 -1.720319e+01 
-3.179393e+00 -1.710377e+01 
-3.109249e+00 -1.700432e+01 
-3.041070e+00 -1.690484e+01 
-2.974717e+00 -1.680535e+01 
-2.910065e+00 -1.670583e+01 
-2.847007e+00 -1.660629e+01 
-2.785443e+00 -1.650673e+01 
-2.725283e+00 -1.640715e+01 
-2.666447e+00 -1.630756e+01 
-2.608860e+00 -1.620795e+01 
-2.552474e+00 -1.610836e+01 
-2.497388e+00 -1.600889e+01 
-2.443871e+00 -1.590944e+01 
-2.391932e+00 -1.580997e+01 
-2.341460e+00 -1.571046e+01 
-2.292361e+00 -1.561094e+01 
-2.244547e+00 -1.551139e+01 
-2.197931e+00 -1.541179e+01 
-2.152371e+00 -1.531215e+01 
-2.107750e+00 -1.521249e+01 
-2.063998e+00 -1.511281e+01 
-2.021072e+00 -1.501310e+01 
-1.978888e+00 -1.491339e+01 
-1.937449e+00 -1.481369e+01 
-1.896761e+00 -1.471399e+01 
-1.856818e+00 -1.461428e+01 
-1.817608e+00 -1.451458e+01 
-1.779127e+00 -1.441488e+01 
-1.741371e+00 -1.431517e+01 
-1.704336e+00 -1.421547e+01 
-1.668024e+00 -1.411577e+01 
-1.632432e+00 -1.401608e+01 
-1.597544e+00 -1.391633e+01 
-1.563197e+00 -1.381639e+01 
-1.528990e+00 -1.371647e+01 
-1.495023e+00 -1.361667e+01 
-1.461534e+00 -1.351689e+01 
-1.428593e+00 -1.341722e+01 
-1.396418e+00 -1.331758e+01 
-1.365083e+00 -1.321796e+01 
-1.334630e+00 -1.311838e+01 
-1.305121e+00 -1.301881e+01 
-1.276587e+00 -1.291925e+01 
-1.249048e+00 -1.281971e+01 
-1.222522e+00 -1.272018e+01 
-1.197033e+00 -1.262066e+01 
-1.172591e+00 -1.252115e+01 
-1.149182e+00 -1.242153e+01 
-1.126587e+00 -1.232184e+01 
-1.104653e+00 -1.222214e+01 
-1.083349e+00 -1.212243e+01 
-1.062676e+00 -1.202273e+01 
-1.042634e+00 -1.192303e+01 
-1.023219e+00 -1.182332e+01 
-1.004433e+00 -1.172364e+01 
-9.863176e-01 -1.162400e+01 
-9.689485e-01 -1.152438e+01 
-9.523865e-01 -1.142476e+01 
-9.365958e-01 -1.132511e+01 
-9.215324e-01 -1.122545e+01 
-9.071574e-01 -1.112576e+01 
-8.934236e-01 -1.102602e+01 
-8.802065e-01 -1.092623e+01 
-8.674155e-01 -1.082642e+01 
-8.550145e-01 -1.072660e+01 
-8.429838e-01 -1.062677e+01 
-8.313057e-01 -1.052694e+01 
-8.199639e-01 -1.042710e+01 
-8.089433e-01 -1.032725e+01 
-7.982216e-01 -1.022735e+01 
-7.877016e-01 -1.012744e+01 
-7.773826e-01 -1.002757e+01 
-7.673314e-01 -9.927743e+00 
-7.576222e-01 -9.827922e+00 
-7.482718e-01 -9.728065e+00 
-7.392087e-01 -9.628189e+00 
-7.303967e-01 -9.528315e+00 
-7.218402e-01 -9.428444e+00 
-7.135442e-01 -9.328576e+00 
-7.055136e-01 -9.228710e+00 
-6.977536e-01 -9.128847e+00 
-6.902677e-01 -9.028957e+00 
-6.829994e-01 -8.929016e+00 
-6.758496e-01 -8.829053e+00 
-6.687724e-01 -8.729082e+00 
-6.617539e-01 -8.629105e+00 
-6.547798e-01 -8.529113e+00 
-6.478222e-01 -8.429126e+00 
-6.408947e-01 -8.329184e+00 
-6.340868e-01 -8.229274e+00 
-6.274602e-01 -8.129380e+00 
-6.210485e-01 -8.029502e+00 
-6.148832e-01 -7.929640e+00 
-6.089927e-01 -7.829745e+00 
-6.033079e-01 -7.729773e+00 
-5.976772e-01 -7.629769e+00 
-5.920387e-01 -7.529769e+00 
-5.864015e-01 -7.429779e+00 
-5.807858e-01 -7.329800e+00 
-5.752112e-01 -7.229828e+00 
-5.696915e-01 -7.129820e+00 
-5.641571e-01 -7.029826e+00 
-5.586376e-01 -6.929905e+00 
-5.532800e-01 -6.830024e+00 
-5.481597e-01 -6.730130e+00 
-5.432519e-01 -6.630219e+00 
-5.385214e-01 -6.530294e+00 
-5.339398e-01 -6.430352e+00 
-5.294733e-01 -6.330385e+00 
-5.250729e-01 -6.230413e+00 
-5.207302e-01 -6.130448e+00 
-5.164575e-01 -6.030489e+00 
-5.122673e-01 -5.930536e+00 
-5.081716e-01 -5.830589e+00 
-5.041809e-01 -5.730608e+00 
-5.002281e-01 -5.630625e+00 
-4.963089e-01 -5.530651e+00 
-4.924412e-01 -5.430667e+00 
-4.886055e-01 -5.330668e+00 
-4.847723e-01 -5.230655e+00 
-4.809133e-01 -5.130650e+00 
-4.770438e-01 -5.030668e+00 
-4.732102e-01 -4.930693e+00 
-4.694281e-01 -4.830717e+00 
-4.656925e-01 -4.730737e+00 
-4.619975e-01 -4.630754e+00 
-4.583371e-01 -4.530767e+00 
-4.547008e-01 -4.430757e+00 
-4.510437e-01 -4.330723e+00 
-4.473234e-01 -4.230785e+00 
-4.437280e-01 -4.130890e+00 
-4.403408e-01 -4.030948e+00 
-4.370693e-01 -3.930993e+00 
-4.338894e-01 -3.831050e+00 
-4.308223e-01 -3.731078e+00 
-4.278098e-01 -3.631065e+00 
-4.247709e-01 -3.531026e+00 
-4.216526e-01 -3.430971e+00 
-4.184248e-01 -3.330907e+00 
-4.150676e-01 -3.230860e+00 
-4.116183e-01 -3.130821e+00 
-4.080903e-01 -3.030767e+00 
-4.044537e-01 -2.930749e+00 
-4.007835e-01 -2.830788e+00 
-3.971925e-01 -2.730842e+00 
-3.937098e-01 -2.630895e+00 
-3.903325e-01 -2.530946e+00 
-3.870578e-01 -2.430996e+00 
-3.838827e-01 -2.331044e+00 
-3.808044e-01 -2.231091e+00 
-3.778201e-01 -2.131134e+00 
-3.749201e-01 -2.031145e+00 
-3.720412e-01 -1.931094e+00 
-3.690590e-01 -1.831033e+00 
-3.659560e-01 -1.731003e+00 
-3.627936e-01 -1.630985e+00 
-3.595962e-01 -1.531026e+00 
-3.564822e-01 -1.431090e+00 
-3.534947e-01 -1.331141e+00 
-3.506109e-01 -1.231181e+00 
-3.478067e-01 -1.131209e+00 
-3.450580e-01 -1.031223e+00 
-3.423359e-01 -9.312222e-01 
-3.396114e-01 -8.311815e-01 
-3.368067e-01 -7.311877e-01 
-3.340130e-01 -6.311445e-01 
-3.311337e-01 -5.311300e-01 
-3.282265e-01 -4.311590e-01 
-3.253784e-01 -3.312250e-01 
-3.226634e-01 -2.313296e-01 
-3.201582e-01 -1.314676e-01 
-3.179386e-01 -3.258338e-02 
-3.179262e-01 3.146764e-02 
-3.201549e-01 1.313296e-01 
-3.226606e-01 2.312250e-01 
-3.253766e-01 3.311590e-01 
-3.282257e-01 4.311300e-01 
-3.311341e-01 5.311445e-01 
-3.340142e-01 6.311877e-01 
-3.368065e-01 7.311815e-01 
-3.396125e-01 8.312222e-01 
-3.423360e-01 9.312229e-01 
-3.450577e-01 1.031209e+00 
-3.478059e-01 1.131181e+00 
-3.506097e-01 1.231141e+00 
-3.534932e-01 1.331090e+00 
-3.564802e-01 1.431026e+00 
-3.595949e-01 1.530985e+00 
-3.627941e-01 1.631003e+00 
-3.659569e-01 1.731033e+00 
-3.690609e-01 1.831094e+00 
-3.720427e-01 1.931145e+00 
-3.749198e-01 2.031134e+00 
-3.778189e-01 2.131091e+00 
-3.808030e-01 2.231044e+00 
-3.838812e-01 2.330996e+00 
-3.870562e-01 2.430946e+00 
-3.903308e-01 2.530895e+00 
-3.937080e-01 2.630842e+00 
-3.971906e-01 2.730788e+00 
-4.007820e-01 2.830749e+00 
-4.044544e-01 2.930767e+00 
-4.080923e-01 3.030821e+00 
-4.116197e-01 3.130860e+00 
-4.150692e-01 3.230907e+00 
-4.184270e-01 3.330971e+00 
-4.216543e-01 3.431026e+00 
-4.247721e-01 3.531065e+00 
-4.278102e-01 3.631078e+00 
-4.308214e-01 3.731050e+00 
-4.338876e-01 3.830993e+00 
-4.370678e-01 3.930948e+00 
-4.403388e-01 4.030890e+00 
-4.437243e-01 4.130785e+00 
-4.473211e-01 4.230723e+00 
-4.510449e-01 4.330757e+00 
-4.547012e-01 4.430767e+00 
-4.583366e-01 4.530754e+00 
-4.619969e-01 4.630737e+00 
-4.656918e-01 4.730717e+00 
-4.694273e-01 4.830693e+00 
-4.732093e-01 4.930668e+00 
-4.770431e-01 5.030650e+00 
-4.809135e-01 5.130655e+00 
-4.847728e-01 5.230668e+00 
-4.886054e-01 5.330667e+00 
-4.924406e-01 5.430651e+00 
-4.963078e-01 5.530625e+00 
-5.002275e-01 5.630608e+00 
-5.041801e-01 5.730589e+00 
-5.081694e-01 5.830536e+00 
-5.122653e-01 5.930489e+00 
-5.164558e-01 6.030448e+00 
-5.207287e-01 6.130413e+00 
-5.250717e-01 6.230385e+00 
-5.294718e-01 6.330352e+00 
-5.339372e-01 6.430294e+00 
-5.385179e-01 6.530219e+00 
-5.432477e-01 6.630130e+00 
-5.481544e-01 6.730024e+00 
-5.532738e-01 6.829905e+00 
-5.586332e-01 6.929826e+00 
-5.641568e-01 7.029820e+00 
-5.696919e-01 7.129828e+00 
-5.752097e-01 7.229800e+00 
-5.807847e-01 7.329779e+00 
-5.864010e-01 7.429769e+00 
-5.920387e-01 7.529769e+00 
-5.976774e-01 7.629773e+00 
-6.033063e-01 7.729745e+00 
-6.089867e-01 7.829640e+00 
-6.148749e-01 7.929502e+00 
-6.210408e-01 8.029380e+00 
-6.274533e-01 8.129274e+00 
-6.340808e-01 8.229184e+00 
-6.408906e-01 8.329126e+00 
-6.478213e-01 8.429113e+00 
-6.547792e-01 8.529105e+00 
-6.617523e-01 8.629082e+00 
-6.687704e-01 8.729053e+00 
-6.758471e-01 8.829016e+00 
-6.829951e-01 8.928957e+00 
-6.902596e-01 9.028847e+00 
-6.977432e-01 9.128710e+00 
-7.055030e-01 9.228576e+00 
-7.135335e-01 9.328444e+00 
-7.218294e-01 9.428315e+00 
-7.303857e-01 9.528189e+00 
-7.391976e-01 9.628065e+00 
-7.482586e-01 9.727922e+00 
-6.486942e-01 9.737245e+00 
-6.396068e-01 9.637102e+00 
-6.307727e-01 9.536978e+00 
-6.221944e-01 9.436851e+00 
-6.138767e-01 9.336723e+00 
-6.058247e-01 9.236591e+00 
-5.980437e-01 9.136457e+00 
-5.905392e-01 9.036320e+00 
-5.832585e-01 8.936210e+00 
-5.761019e-01 8.836150e+00 
-5.690200e-01 8.736114e+00 
-5.619978e-01 8.636085e+00 
-5.550216e-01 8.536062e+00 
-5.480625e-01 8.436054e+00 
-5.411300e-01 8.336041e+00 
-5.343122e-01 8.235982e+00 
-5.276726e-01 8.135893e+00 
-5.212462e-01 8.035787e+00 
-5.150649e-01 7.935664e+00 
-5.091600e-01 7.835527e+00 
-5.034676e-01 7.735422e+00 
-4.978355e-01 7.635394e+00 
-4.921973e-01 7.535398e+00 
-4.865595e-01 7.435398e+00 
-4.809421e-01 7.335387e+00 
-4.753648e-01 7.235367e+00 
-4.698439e-01 7.135339e+00 
-4.643096e-01 7.035346e+00 
-4.587855e-01 6.935341e+00 
-4.534173e-01 6.835261e+00 
-4.482855e-01 6.735143e+00 
-4.433681e-01 6.635036e+00 
-4.386298e-01 6.534948e+00 
-4.340421e-01 6.434873e+00 
-4.295715e-01 6.334815e+00 
-4.251684e-01 6.234782e+00 
-4.208229e-01 6.134753e+00 
-4.165470e-01 6.034719e+00 
-4.123531e-01 5.934678e+00 
-4.082533e-01 5.834631e+00 
-4.042597e-01 5.734578e+00 
-4.003055e-01 5.634559e+00 
-3.963846e-01 5.534542e+00 
-3.925153e-01 5.434516e+00 
-3.886789e-01 5.334500e+00 
-3.848461e-01 5.234498e+00 
-3.809879e-01 5.134511e+00 
-3.771180e-01 5.034517e+00 
-3.732827e-01 4.934499e+00 
-3.694987e-01 4.834474e+00 
-3.657615e-01 4.734450e+00 
-3.620651e-01 4.634430e+00 
-3.584036e-01 4.534413e+00 
-3.547672e-01 4.434400e+00 
-3.511117e-01 4.334410e+00 
-3.473903e-01 4.234443e+00 
-3.437890e-01 4.134382e+00 
-3.403962e-01 4.034277e+00 
-3.371213e-01 3.934219e+00 
-3.339382e-01 3.834173e+00 
-3.308684e-01 3.734117e+00 
-3.278555e-01 3.634089e+00 
-3.248182e-01 3.534102e+00 
-3.217028e-01 3.434141e+00 
-3.184790e-01 3.334195e+00 
-3.151255e-01 3.234260e+00 
-3.116791e-01 3.134306e+00 
-3.081544e-01 3.034345e+00 
-3.045204e-01 2.934400e+00 
-3.008494e-01 2.834418e+00 
-2.972551e-01 2.734379e+00 
-2.937687e-01 2.634325e+00 
-2.903879e-01 2.534272e+00 
-2.871098e-01 2.434221e+00 
-2.839316e-01 2.334171e+00 
-2.808504e-01 2.234122e+00 
-2.778634e-01 2.134076e+00 
-2.749618e-01 2.034033e+00 
-2.720840e-01 1.934022e+00 
-2.691052e-01 1.834073e+00 
-2.660050e-01 1.734134e+00 
-2.628441e-01 1.634164e+00 
-2.596460e-01 1.534182e+00 
-2.565287e-01 1.434141e+00 
-2.535378e-01 1.334077e+00 
-2.506513e-01 1.234025e+00 
-2.478452e-01 1.133985e+00 
-2.450954e-01 1.033957e+00 
-2.423730e-01 9.339439e-01 
-2.396496e-01 8.339446e-01 
-2.368458e-01 7.339853e-01 
-2.340532e-01 6.339791e-01 
-2.311755e-01 5.340222e-01 
-2.282679e-01 4.340368e-01 
-2.254172e-01 3.340078e-01 
-2.226975e-01 2.339418e-01 
-2.201864e-01 1.338372e-01 
-2.179511e-01 3.369912e-02 
-2.179386e-01 -3.258338e-02 
-2.201831e-01 -1.336991e-01 
-2.226948e-01 -2.338372e-01 
-2.254153e-01 -3.339418e-01 
-2.282671e-01 -4.340078e-01 
-2.311759e-01 -5.340368e-01 
-2.340544e-01 -6.340222e-01 
-2.368456e-01 -7.339791e-01 
-2.396507e-01 -8.339853e-01 
-2.423730e-01 -9.339446e-01 
-2.450951e-01 -1.033944e+00 
-2.478444e-01 -1.133957e+00 
-2.506502e-01 -1.233985e+00 
-2.535363e-01 -1.334025e+00 
-2.565268e-01 -1.434077e+00 
-2.596447e-01 -1.534141e+00 
-2.628447e-01 -1.634182e+00 
-2.660060e-01 -1.734164e+00 
-2.691071e-01 -1.834134e+00 
-2.720855e-01 -1.934073e+00 
-2.749615e-01 -2.034022e+00 
-2.778621e-01 -2.134033e+00 
-2.808490e-01 -2.234076e+00 
-2.839301e-01 -2.334122e+00 
-2.871082e-01 -2.434171e+00 
-2.903862e-01 -2.534221e+00 
-2.937669e-01 -2.634272e+00 
-2.972532e-01 -2.734325e+00 
-3.008479e-01 -2.834379e+00 
-3.045211e-01 -2.934418e+00 
-3.081563e-01 -3.034400e+00 
-3.116804e-01 -3.134345e+00 
-3.151270e-01 -3.234306e+00 
-3.184811e-01 -3.334260e+00 
-3.217045e-01 -3.434195e+00 
-3.248194e-01 -3.534141e+00 
-3.278559e-01 -3.634102e+00 
-3.308676e-01 -3.734089e+00 
-3.339364e-01 -3.834117e+00 
-3.371198e-01 -3.934173e+00 
-3.403943e-01 -4.034219e+00 
-3.437853e-01 -4.134277e+00 
-3.473881e-01 -4.234382e+00 
-3.511129e-01 -4.334443e+00 
-3.547676e-01 -4.434410e+00 
-3.584031e-01 -4.534400e+00 
-3.620645e-01 -4.634413e+00 
-3.657608e-01 -4.734430e+00 
-3.694979e-01 -4.834450e+00 
-3.732817e-01 -4.934474e+00 
-3.771173e-01 -5.034499e+00 
-3.809881e-01 -5.134517e+00 
-3.848466e-01 -5.234511e+00 
-3.886789e-01 -5.334498e+00 
-3.925147e-01 -5.434500e+00 
-3.963836e-01 -5.534516e+00 
-4.003049e-01 -5.634542e+00 
-4.042589e-01 -5.734559e+00 
-4.082511e-01 -5.834578e+00 
-4.123511e-01 -5.934631e+00 
-4.165453e-01 -6.034678e+00 
-4.208214e-01 -6.134719e+00 
-4.251672e-01 -6.234753e+00 
-4.295700e-01 -6.334782e+00 
-4.340395e-01 -6.434815e+00 
-4.386263e-01 -6.534873e+00 
-4.433638e-01 -6.634948e+00 
-4.482801e-01 -6.735036e+00 
-4.534111e-01 -6.835143e+00 
-4.587811e-01 -6.935261e+00 
-4.643093e-01 -7.035341e+00 
-4.698443e-01 -7.135346e+00 
-4.753632e-01 -7.235339e+00 
-4.809409e-01 -7.335367e+00 
-4.865589e-01 -7.435387e+00 
-4.921972e-01 -7.535398e+00 
-4.978358e-01 -7.635398e+00 
-5.034660e-01 -7.735394e+00 
-5.091540e-01 -7.835422e+00 
-5.150566e-01 -7.935527e+00 
-5.212385e-01 -8.035664e+00 
-5.276657e-01 -8.135787e+00 
-5.343061e-01 -8.235893e+00 
-5.411260e-01 -8.335982e+00 
-5.480616e-01 -8.436041e+00 
-5.550210e-01 -8.536054e+00 
-5.619962e-01 -8.636062e+00 
-5.690179e-01 -8.736085e+00 
-5.760993e-01 -8.836114e+00 
-5.832542e-01 -8.936150e+00 
-5.905311e-01 -9.036210e+00 
-5.980333e-01 -9.136320e+00 
-6.058141e-01 -9.236457e+00 
-6.138659e-01 -9.336591e+00 
-6.221835e-01 -9.436723e+00 
-6.307617e-01 -9.536851e+00 
-6.395957e-01 -9.636978e+00 
-6.486810e-01 -9.737102e+00 
-6.580577e-01 -9.837245e+00 
-6.678011e-01 -9.937424e+00 
-6.778856e-01 -1.003759e+01 
-6.882312e-01 -1.013772e+01 
-6.987714e-01 -1.023782e+01 
-7.095143e-01 -1.033792e+01 
-7.205675e-01 -1.043807e+01 
-7.319447e-01 -1.053823e+01 
-7.436610e-01 -1.063839e+01 
-7.557329e-01 -1.073857e+01 
-7.681783e-01 -1.083875e+01 
-7.810177e-01 -1.093894e+01 
-7.942893e-01 -1.103915e+01 
-8.080919e-01 -1.113940e+01 
-8.225561e-01 -1.123972e+01 
-8.377186e-01 -1.134006e+01 
-8.536187e-01 -1.144041e+01 
-8.703021e-01 -1.154078e+01 
-8.878037e-01 -1.164117e+01 
-9.060458e-01 -1.174153e+01 
-9.249489e-01 -1.184184e+01 
-9.444775e-01 -1.194214e+01 
-9.646365e-01 -1.204244e+01 
-9.854311e-01 -1.214273e+01 
-1.006860e+00 -1.224303e+01 
-1.028923e+00 -1.234333e+01 
-1.051655e+00 -1.244363e+01 
-1.075243e+00 -1.254402e+01 
-1.099918e+00 -1.264451e+01 
-1.125648e+00 -1.274499e+01 
-1.152421e+00 -1.284546e+01 
-1.180207e+00 -1.294591e+01 
-1.208991e+00 -1.304636e+01 
-1.238752e+00 -1.314679e+01 
-1.269453e+00 -1.324720e+01 
-1.301026e+00 -1.334759e+01 
-1.333431e+00 -1.344795e+01 
-1.366584e+00 -1.354827e+01 
-1.400220e+00 -1.364849e+01 
-1.434323e+00 -1.374869e+01 
-1.468588e+00 -1.384878e+01 
-1.502973e+00 -1.394883e+01 
-1.538040e+00 -1.404909e+01 
-1.573845e+00 -1.414939e+01 
-1.610374e+00 -1.424969e+01 
-1.647629e+00 -1.434999e+01 
-1.685607e+00 -1.445029e+01 
-1.724314e+00 -1.455059e+01 
-1.763755e+00 -1.465088e+01 
-1.803933e+00 -1.475118e+01 
-1.844861e+00 -1.485147e+01 
-1.886547e+00 -1.495177e+01 
-1.928975e+00 -1.505206e+01 
-1.972147e+00 -1.515235e+01 
-2.016183e+00 -1.525268e+01 
-2.061100e+00 -1.535301e+01 
-2.106986e+00 -1.545337e+01 
-2.153976e+00 -1.555378e+01 
-2.202218e+00 -1.565423e+01 
-2.251779e+00 -1.575470e+01 
-2.302748e+00 -1.585520e+01 
-2.355225e+00 -1.595572e+01 
-2.409328e+00 -1.605628e+01 
-2.464992e+00 -1.615681e+01 
-2.521839e+00 -1.625722e+01 
-2.579873e+00 -1.635761e+01 
-2.639184e+00 -1.645801e+01 
-2.699850e+00 -1.655844e+01 
-2.761953e+00 -1.665888e+01 
-2.825588e+00 -1.675934e+01 
-2.890857e+00 -1.685982e+01 
-2.957871e+00 -1.696032e+01 
-3.026763e+00 -1.706085e+01 
-3.097672e+00 -1.716140e+01 
-3.170745e+00 -1.726197e+01 
-3.245990e+00 -1.736254e+01 
-3.322945e+00 -1.746299e+01 
-3.401600e+00 -1.756341e+01 
-3.482067e+00 -1.766385e+01 
-3.564261e+00 -1.776426e+01 
-3.647624e+00 -1.786455e+01 
-3.732176e+00 -1.796482e+01 
-3.818011e+00 -1.806510e+01 
-3.905206e+00 -1.816539e+01 
-3.993842e+00 -1.826569e+01 
-4.084009e+00 -1.836601e+01 
-4.175803e+00 -1.846634e+01 
-4.269332e+00 -1.856668e+01 
-4.364711e+00 -1.866703e+01 
-4.462065e+00 -1.876740e+01 
-4.561535e+00 -1.886778e+01 
-4.661927e+00 -1.896687e+01 
-4.762333e+00 -1.906375e+01 
-4.862755e+00 -1.915841e+01 
-4.963191e+00 -1.925086e+01 
-5.063642e+00 -1.934107e+01 
-5.164108e+00 -1.942907e+01 
-5.264590e+00 -1.951484e+01 
-5.365087e+00 -1.959839e+01 
-5.465600e+00 -1.967972e+01 
-5.566127e+00 -1.975885e+01 
-5.666668e+00 -1.983578e+01 
-5.767201e+00 -1.991059e+01 
-5.867541e+00 -1.998395e+01 
-5.967858e+00 -2.005610e+01 
-6.068184e+00 -2.012704e+01 
-6.168524e+00 -2.019675e+01 
-6.268858e+00 -2.026525e+01 
-6.369178e+00 -2.033261e+01 
-6.469506e+00 -2.039884e+01 
-6.569842e+00 -2.046393e+01 
-6.670186e+00 -2.052785e+01 
-6.770539e+00 -2.059061e+01 
-6.870900e+00 -2.065220e+01 
-6.971270e+00 -2.071260e+01 
-7.071647e+00 -2.077182e+01 
-7.172033e+00 -2.082983e+01 
-7.272427e+00 -2.088664e+01 
-7.372829e+00 -2.094224e+01 
-7.473239e+00 -2.099663e+01 
-7.573656e+00 -2.104979e+01 
-7.674081e+00 -2.110173e+01 
-7.774513e+00 -2.115245e+01 
-7.874953e+00 -2.120193e+01 
-7.975399e+00 -2.125019e+01 
-8.075853e+00 -2.129722e+01 
-8.176312e+00 -2.134301e+01 
-8.276778e+00 -2.138758e+01 
-8.377249e+00 -2.143091e+01 
-8.477726e+00 -2.147302e+01 
-8.578208e+00 -2.151391e+01 
-8.678695e+00 -2.155357e+01 
-8.779187e+00 -2.159201e+01 
-8.879682e+00 -2.162924e+01 
-8.980149e+00 -2.166533e+01 
-9.080475e+00 -2.170059e+01 
-9.180801e+00 -2.173506e+01 
-9.281136e+00 -2.176875e+01 
-9.381483e+00 -2.180163e+01 
-9.481840e+00 -2.183368e+01 
-9.582208e+00 -2.186489e+01 
-9.682587e+00 -2.189522e+01 
-9.782978e+00 -2.192467e+01 
-9.883379e+00 -2.195321e+01 
-9.983794e+00 -2.198083e+01 
-1.008422e+01 -2.200749e+01 
-1.018466e+01 -2.203319e+01 
-1.028511e+01 -2.205790e+01 
-1.038554e+01 -2.208166e+01 
-1.048588e+01 -2.210466e+01 
-1.058621e+01 -2.212694e+01 
-1.068655e+01 -2.214848e+01 
-1.078689e+01 -2.216930e+01 
-1.088724e+01 -2.218938e+01 
-1.098759e+01 -2.220872e+01 
-1.108794e+01 -2.222732e+01 
-1.118829e+01 -2.224518e+01 
-1.128865e+01 -2.226228e+01 
-1.138901e+01 -2.227863e+01 
-1.148938e+01 -2.229422e+01 
-1.158974e+01 -2.230905e+01 
-1.169011e+01 -2.232312e+01 
-1.179048e+01 -2.233641e+01 
-1.189086e+01 -2.234894e+01 
-1.199124e+01 -2.236070e+01 
-1.209162e+01 -2.237167e+01 
-1.219200e+01 -2.238187e+01 
-1.229238e+01 -2.239128e+01 
-1.239277e+01 -2.239990e+01 
-1.249316e+01 -2.240774e+01 
-1.259355e+01 -2.241478e+01 
-1.269395e+01 -2.242103e+01 
-1.279429e+01 -2.242657e+01 
-1.289461e+01 -2.243148e+01 
-1.299492e+01 -2.243576e+01 
-1.309524e+01 -2.243941e+01 
-1.319556e+01 -2.244241e+01 
-1.329588e+01 -2.244476e+01 
-1.339621e+01 -2.244645e+01 
-1.349654e+01 -2.244748e+01 
-1.359687e+01 -2.244784e+01 
-1.369721e+01 -2.244752e+01 
-1.379755e+01 -2.244652e+01 
-1.389789e+01 -2.244483e+01 
-1.399824e+01 -2.244244e+01 
-1.409859e+01 -2.243935e+01 
-1.419894e+01 -2.243556e+01 
-1.429929e+01 -2.243105e+01 
-1.439965e+01 -2.242583e+01 
-1.450001e+01 -2.241988e+01 
-1.460037e+01 -2.241320e+01 
-1.470073e+01 -2.240579e+01 
-1.480107e+01 -2.239769e+01 
-1.490139e+01 -2.238896e+01 
-1.500170e+01 -2.237960e+01 
-1.510201e+01 -2.236959e+01 
-1.520233e+01 -2.235894e+01 
-1.530265e+01 -2.234764e+01 
-1.540296e+01 -2.233570e+01 
-1.550328e+01 -2.232310e+01 
-1.560360e+01 -2.230984e+01 
-1.570392e+01 -2.229592e+01 
-1.580424e+01 -2.228134e+01 
-1.590456e+01 -2.226609e+01 
-1.600489e+01 -2.225017e+01 
-1.610519e+01 -2.223362e+01 
-1.620550e+01 -2.221643e+01 
-1.630580e+01 -2.219861e+01 
-1.640611e+01 -2.218014e+01 
-1.650641e+01 -2.216102e+01 
-1.660672e+01 -2.214124e+01 
-1.670703e+01 -2.212080e+01 
-1.680735e+01 -2.209969e+01 
-1.690766e+01 -2.207790e+01 
-1.700798e+01 -2.205543e+01 
-1.710830e+01 -2.203228e+01 
-1.720862e+01 -2.200842e+01 
-1.730894e+01 -2.198387e+01 
-1.740926e+01 -2.195860e+01 
-1.750959e+01 -2.193262e+01 
-1.760991e+01 -2.190592e+01 
-1.771024e+01 -2.187848e+01 
-1.781057e+01 -2.185031e+01 
-1.791090e+01 -2.182140e+01 
-1.801123e+01 -2.179173e+01 
-1.811156e+01 -2.176129e+01 
-1.821190e+01 -2.173010e+01 
-1.831223e+01 -2.169812e+01 
-1.841257e+01 -2.166536e+01 
-1.851291e+01 -2.163180e+01 
-1.861325e+01 -2.159745e+01 
-1.871359e+01 -2.156228e+01 
-1.881393e+01 -2.152630e+01 
-1.891427e+01 -2.148949e+01 
-1.901462e+01 -2.145184e+01 
-1.911496e+01 -2.141334e+01 
-1.921531e+01 -2.137399e+01 
-1.931565e+01 -2.133377e+01 
-1.941600e+01 -2.129267e+01 
-1.951635e+01 -2.125069e+01 
-1.961670e+01 -2.120782e+01 
-1.971705e+01 -2.116403e+01 
-1.981739e+01 -2.111935e+01 
-1.991770e+01 -2.107387e+01 
-2.001795e+01 -2.102774e+01 
-2.011820e+01 -2.098094e+01 
-2.021845e+01 -2.093346e+01 
-2.031871e+01 -2.088529e+01 
-2.041896e+01 -2.083642e+01 
-2.051921e+01 -2.078685e+01 
-2.061947e+01 -2.073657e+01 
-2.071972e+01 -2.068558e+01 
-2.081998e+01 -2.063385e+01 
-2.092023e+01 -2.058139e+01 
-2.102049e+01 -2.052818e+01 
-2.112075e+01 -2.047422e+01 
-2.122101e+01 -2.041949e+01 
-2.132125e+01 -2.036405e+01 
-2.142149e+01 -2.030790e+01 
-2.152173e+01 -2.025102e+01 
-2.162197e+01 -2.019340e+01 
-2.172221e+01 -2.013503e+01 
-2.182245e+01 -2.007590e+01 
-2.192270e+01 -2.001600e+01 
-2.202294e+01 -1.995533e+01 
-2.212319e+01 -1.989386e+01 
-2.222343e+01 -1.983160e+01 
-2.232368e+01 -1.976853e+01 
-2.242393e+01 -1.970463e+01 
-2.252417e+01 -1.963990e+01 
-2.262442e+01 -1.957432e+01 
-2.272467e+01 -1.950789e+01 
-2.282492e+01 -1.944058e+01 
-2.292517e+01 -1.937239e+01 
-2.302542e+01 -1.930331e+01 
-2.312568e+01 -1.923331e+01 
-2.322593e+01 -1.916238e+01 
-2.332618e+01 -1.909052e+01 
-2.342644e+01 -1.901770e+01 
-2.352669e+01 -1.894390e+01 
-2.362695e+01 -1.886912e+01 
-2.372720e+01 -1.879334e+01 
-2.382746e+01 -1.871653e+01 
-2.392772e+01 -1.863869e+01 
-2.402797e+01 -1.855978e+01 
-2.412823e+01 -1.847980e+01 
-2.422849e+01 -1.839873e+01 
-2.432875e+01 -1.831653e+01 
-2.442901e+01 -1.823320e+01 
-2.452927e+01 -1.814871e+01 
-2.462953e+01 -1.806304e+01 
-2.472979e+01 -1.797616e+01 
-2.483006e+01 -1.788805e+01 
-2.493032e+01 -1.779868e+01 
-2.503058e+01 -1.770803e+01 
-2.513085e+01 -1.761607e+01 
-2.523111e+01 -1.752278e+01 
-2.533138e+01 -1.742811e+01 
-2.543164e+01 -1.733205e+01 
-2.553191e+01 -1.723455e+01 
-2.563217e+01 -1.713559e+01 
-2.573225e+01 -1.703532e+01 
-2.583083e+01 -1.693506e+01 
-2.592797e+01 -1.683479e+01 
-2.602368e+01 -1.673452e+01 
-2.611800e+01 -1.663426e+01 
-2.621094e+01 -1.653399e+01 
-2.630255e+01 -1.643372e+01 
-2.639283e+01 -1.633346e+01 
-2.648182e+01 -1.623319e+01 
-2.656954e+01 -1.613292e+01 
-2.665602e+01 -1.603266e+01 
-2.674132e+01 -1.593240e+01 
-2.682561e+01 -1.583218e+01 
-2.690897e+01 -1.573198e+01 
-2.699142e+01 -1.563177e+01 
-2.707297e+01 -1.553156e+01 
-2.715364e+01 -1.543135e+01 
-2.723343e+01 -1.533115e+01 
-2.731236e+01 -1.523094e+01 
-2.739043e+01 -1.513073e+01 
-2.746766e+01 -1.503052e+01 
-2.754405e+01 -1.493031e+01 
-2.761961e+01 -1.483010e+01 
-2.769436e+01 -1.472990e+01 
-2.776836e+01 -1.462971e+01 
-2.784167e+01 -1.452953e+01 
-2.791431e+01 -1.442935e+01 
-2.798627e+01 -1.432917e+01 
-2.805756e+01 -1.422899e+01 
-2.812820e+01 -1.412881e+01 
-2.819819e+01 -1.402863e+01 
-2.826753e+01 -1.392846e+01 
-2.833623e+01 -1.382828e+01 
-2.840430e+01 -1.372810e+01 
-2.847175e+01 -1.362792e+01 
-2.853855e+01 -1.352774e+01 
-2.860462e+01 -1.342752e+01 
-2.866996e+01 -1.332731e+01 
-2.873458e+01 -1.322710e+01 
-2.879848e+01 -1.312688e+01 
-2.886168e+01 -1.302667e+01 
-2.892416e+01 -1.292645e+01 
-2.898595e+01 -1.282624e+01 
-2.904704e+01 -1.272603e+01 
-2.910745e+01 -1.262581e+01 
-2.916717e+01 -1.252560e+01 
-2.922620e+01 -1.242538e+01 
-2.928457e+01 -1.232516e+01 
-2.934226e+01 -1.222495e+01 
-2.939929e+01 -1.212473e+01 
-2.945566e+01 -1.202451e+01 
-2.951137e+01 -1.192429e+01 
-2.956643e+01 -1.182407e+01 
-2.962084e+01 -1.172386e+01 
-2.967460e+01 -1.162364e+01 
-2.972772e+01 -1.152342e+01 
-2.978020e+01 -1.142320e+01 
-2.983205e+01 -1.132297e+01 
-2.988327e+01 -1.122275e+01 
-2.993386e+01 -1.112253e+01 
-2.998382e+01 -1.102231e+01 
-3.003316e+01 -1.092208e+01 
-3.008189e+01 -1.082186e+01 
-3.012999e+01 -1.072164e+01 
-3.017749e+01 -1.062141e+01 
-3.022437e+01 -1.052118e+01 
-3.027064e+01 -1.042096e+01 
-3.031631e+01 -1.032073e+01 
-3.036138e+01 -1.022050e+01 
-3.040584e+01 -1.012027e+01 
-3.044970e+01 -1.002005e+01 
-3.049297e+01 -9.919815e+00 
-3.053564e+01 -9.819585e+00 
-3.057771e+01 -9.719353e+00 
-3.061920e+01 -9.619121e+00 
-3.066011e+01 -9.518895e+00 
-3.070053e+01 -9.418710e+00 
-3.074049e+01 -9.318525e+00 
-3.077999e+01 -9.218339e+00 
-3.081903e+01 -9.118153e+00 
-3.085761e+01 -9.017967e+00 
-3.089573e+01 -8.917780e+00 
-3.093339e+01 -8.817594e+00 
-3.097060e+01 -8.717407e+00 
-3.100735e+01 -8.617220e+00 
-3.104366e+01 -8.517034e+00 
-3.107951e+01 -8.416846e+00 
-3.111491e+01 -8.316659e+00 
-3.114987e+01 -8.216472e+00 
-3.118438e+01 -8.116284e+00 
-3.121845e+01 -8.016096e+00 
-3.125207e+01 -7.915909e+00 
-3.128526e+01 -7.815721e+00 
-3.131800e+01 -7.715533e+00 
-3.135031e+01 -7.615345e+00 
-3.138218e+01 -7.515157e+00 
-3.141362e+01 -7.414969e+00 
-3.144462e+01 -7.314781e+00 
-3.147520e+01 -7.214593e+00 
-3.150534e+01 -7.114405e+00 
-3.153505e+01 -7.014217e+00 
-3.156434e+01 -6.914029e+00 
-3.159320e+01 -6.813841e+00 
-3.162164e+01 -6.713653e+00 
-3.164966e+01 -6.613465e+00 
-3.167725e+01 -6.513277e+00 
-3.170443e+01 -6.413089e+00 
-3.173119e+01 -6.312902e+00 
-3.175753e+01 -6.212714e+00 
-3.178346e+01 -6.112526e+00 
-3.180897e+01 -6.012339e+00 
-3.183407e+01 -5.912152e+00 
-3.185876e+01 -5.811964e+00 
-3.188304e+01 -5.711777e+00 
-3.190692e+01 -5.611590e+00 
-3.193039e+01 -5.511403e+00 
-3.195345e+01 -5.411217e+00 
-3.197611e+01 -5.311030e+00 
-3.199837e+01 -5.210843e+00 
-3.202022e+01 -5.110657e+00 
-3.204168e+01 -5.010471e+00 
-3.206274e+01 -4.910285e+00 
-3.208340e+01 -4.810100e+00 
-3.210363e+01 -4.709895e+00 
-3.212340e+01 -4.609676e+00 
-3.214268e+01 -4.509444e+00 
-3.216147e+01 -4.409211e+00 
-3.217977e+01 -4.308978e+00 
-3.219757e+01 -4.208746e+00 
-3.221489e+01 -4.108514e+00 
-3.223173e+01 -4.008281e+00 
-3.224808e+01 -3.908049e+00 
-3.226394e+01 -3.807818e+00 
-3.227933e+01 -3.707586e+00 
-3.229424e+01 -3.607355e+00 
-3.230866e+01 -3.507124e+00 
-3.232262e+01 -3.406893e+00 
-3.233611e+01 -3.306671e+00 
-3.234916e+01 -3.206457e+00 
-3.236177e+01 -3.106242e+00 
-3.237394e+01 -3.006027e+00 
-3.238567e+01 -2.905811e+00 
-3.239695e+01 -2.805594e+00 
-3.240779e+01 -2.705376e+00 
-3.241819e+01 -2.605158e+00 
-3.242813e+01 -2.504939e+00 
-3.243763e+01 -2.404719e+00 
-3.244669e+01 -2.304498e+00 
-3.245529e+01 -2.204276e+00 
-3.246344e+01 -2.104054e+00 
-3.247116e+01 -2.003836e+00 
-3.247846e+01 -1.903634e+00 
-3.248540e+01 -1.803457e+00 
-3.249199e+01 -1.703283e+00 
-3.249824e+01 -1.603109e+00 
-3.250413e+01 -1.502935e+00 
-3.250966e+01 -1.402760e+00 
-3.251485e+01 -1.302585e+00 
-3.251968e+01 -1.202409e+00 
-3.252416e+01 -1.102234e+00 
-3.252829e+01 -1.002058e+00 
-3.253206e+01 -9.018812e-01 
-3.253548e+01 -8.017045e-01 
-3.253854e+01 -7.015276e-01 
-3.254125e+01 -6.013504e-01 
-3.244128e+01 -5.986496e-01 
