2.470718e+00 4.758251e+00 
2.477197e+00 4.858152e+00 
2.483875e+00 4.958047e+00 
2.490766e+00 5.057972e+00 
2.497809e+00 5.157915e+00 
2.504968e+00 5.257867e+00 
2.512224e+00 5.357828e+00 
2.519559e+00 5.457799e+00 
2.526951e+00 5.557757e+00 
2.534427e+00 5.657687e+00 
2.542043e+00 5.757618e+00 
2.549800e+00 5.857571e+00 
2.557651e+00 5.957518e+00 
2.565602e+00 6.057370e+00 
2.573853e+00 6.157236e+00 
2.582376e+00 6.257139e+00 
2.591097e+00 6.357040e+00 
2.600018e+00 6.456940e+00 
2.609142e+00 6.556838e+00 
2.618470e+00 6.656739e+00 
2.628007e+00 6.756699e+00 
2.637617e+00 6.856611e+00 
2.647412e+00 6.956557e+00 
2.657315e+00 7.056513e+00 
2.667303e+00 7.156417e+00 
2.677482e+00 7.256295e+00 
2.687907e+00 7.356153e+00 
2.698617e+00 7.455990e+00 
2.709657e+00 7.555805e+00 
2.721070e+00 7.655597e+00 
2.732905e+00 7.755364e+00 
2.745220e+00 7.855161e+00 
2.757955e+00 7.955017e+00 
2.770996e+00 8.054948e+00 
2.784180e+00 8.154900e+00 
2.797460e+00 8.254824e+00 
2.810893e+00 8.354721e+00 
2.824532e+00 8.454590e+00 
2.838437e+00 8.554432e+00 
2.852662e+00 8.654242e+00 
2.867274e+00 8.754018e+00 
2.882342e+00 8.853761e+00 
2.897948e+00 8.953547e+00 
2.913998e+00 9.053334e+00 
2.930493e+00 9.153143e+00 
2.947367e+00 9.252849e+00 
2.964850e+00 9.352524e+00 
2.983009e+00 9.452187e+00 
3.001875e+00 9.551858e+00 
3.021436e+00 9.651533e+00 
3.041682e+00 9.751205e+00 
3.062624e+00 9.850873e+00 
3.084273e+00 9.950539e+00 
3.106630e+00 1.005018e+01 
3.129726e+00 1.014963e+01 
3.154006e+00 1.024908e+01 
3.179489e+00 1.034862e+01 
3.205998e+00 1.044815e+01 
3.233533e+00 1.054768e+01 
3.262116e+00 1.064720e+01 
3.291771e+00 1.074668e+01 
3.322570e+00 1.084605e+01 
3.354769e+00 1.094529e+01 
3.388704e+00 1.104443e+01 
3.424633e+00 1.114345e+01 
3.462874e+00 1.124239e+01 
3.503781e+00 1.134139e+01 
3.547215e+00 1.144035e+01 
3.593289e+00 1.153918e+01 
3.642429e+00 1.163781e+01 
3.695402e+00 1.173638e+01 
3.752552e+00 1.183484e+01 
3.814424e+00 1.193317e+01 
3.881812e+00 1.203134e+01 
3.955777e+00 1.212934e+01 
4.037772e+00 1.222713e+01 
4.130099e+00 1.232487e+01 
4.227448e+00 1.241556e+01 
4.324332e+00 1.249392e+01 
4.420980e+00 1.256040e+01 
4.518316e+00 1.261649e+01 
4.616318e+00 1.266529e+01 
4.714425e+00 1.270883e+01 
4.812616e+00 1.274767e+01 
4.911055e+00 1.278226e+01 
5.009491e+00 1.281326e+01 
5.107904e+00 1.284075e+01 
5.206298e+00 1.286479e+01 
5.304674e+00 1.288541e+01 
5.403036e+00 1.290266e+01 
5.501387e+00 1.291657e+01 
5.599731e+00 1.292715e+01 
5.698071e+00 1.293443e+01 
5.796411e+00 1.293844e+01 
5.894754e+00 1.293917e+01 
5.993104e+00 1.293665e+01 
6.091965e+00 1.293082e+01 
6.191055e+00 1.292271e+01 
6.290145e+00 1.291276e+01 
6.389225e+00 1.290099e+01 
6.488295e+00 1.288734e+01 
6.587356e+00 1.287180e+01 
6.686409e+00 1.285432e+01 
6.785453e+00 1.283486e+01 
6.884491e+00 1.281339e+01 
6.983522e+00 1.278987e+01 
7.082548e+00 1.276425e+01 
7.181599e+00 1.273648e+01 
7.280790e+00 1.270653e+01 
7.380092e+00 1.267471e+01 
7.479396e+00 1.264127e+01 
7.578693e+00 1.260620e+01 
7.677984e+00 1.256945e+01 
7.777268e+00 1.253098e+01 
7.876546e+00 1.249074e+01 
7.975820e+00 1.244869e+01 
8.075088e+00 1.240478e+01 
8.174352e+00 1.235894e+01 
8.273611e+00 1.231114e+01 
8.372868e+00 1.226130e+01 
8.472121e+00 1.220936e+01 
8.571373e+00 1.215527e+01 
8.670645e+00 1.209894e+01 
8.770041e+00 1.204031e+01 
8.869511e+00 1.197972e+01 
8.968981e+00 1.191743e+01 
9.068447e+00 1.185338e+01 
9.167910e+00 1.178753e+01 
9.267369e+00 1.171981e+01 
9.366826e+00 1.165017e+01 
9.466280e+00 1.157853e+01 
9.565732e+00 1.150483e+01 
9.665188e+00 1.142899e+01 
9.764742e+00 1.135089e+01 
9.864333e+00 1.127091e+01 
9.963921e+00 1.118919e+01 
1.006351e+01 1.110568e+01 
1.016309e+01 1.102030e+01 
1.026267e+01 1.093299e+01 
1.036224e+01 1.084368e+01 
1.046181e+01 1.075229e+01 
1.056138e+01 1.065874e+01 
1.066095e+01 1.056295e+01 
1.076052e+01 1.046482e+01 
1.085913e+01 1.036525e+01 
1.095540e+01 1.026568e+01 
1.104939e+01 1.016611e+01 
1.114118e+01 1.006654e+01 
1.123084e+01 9.966977e+00 
1.131842e+01 9.867411e+00 
1.140399e+01 9.767845e+00 
1.148761e+01 9.668278e+00 
1.156934e+01 9.568712e+00 
1.164922e+01 9.469146e+00 
1.172730e+01 9.369578e+00 
1.180364e+01 9.270010e+00 
1.187828e+01 9.170442e+00 
1.195127e+01 9.070872e+00 
1.202263e+01 8.971302e+00 
1.209243e+01 8.871730e+00 
1.216068e+01 8.772158e+00 
1.222744e+01 8.672584e+00 
1.229273e+01 8.573009e+00 
1.235659e+01 8.473433e+00 
1.241905e+01 8.373855e+00 
1.248014e+01 8.274281e+00 
1.253987e+01 8.174707e+00 
1.259827e+01 8.075131e+00 
1.265540e+01 7.975480e+00 
1.271149e+01 7.875811e+00 
1.276659e+01 7.776135e+00 
1.282073e+01 7.676459e+00 
1.287393e+01 7.576783e+00 
1.292618e+01 7.477109e+00 
1.297751e+01 7.377436e+00 
1.302792e+01 7.277764e+00 
1.307741e+01 7.178093e+00 
1.312599e+01 7.078423e+00 
1.317368e+01 6.978754e+00 
1.322046e+01 6.879086e+00 
1.326636e+01 6.779418e+00 
1.331138e+01 6.679752e+00 
1.335553e+01 6.580086e+00 
1.339880e+01 6.480420e+00 
1.344122e+01 6.380756e+00 
1.348278e+01 6.281092e+00 
1.352350e+01 6.181428e+00 
1.356337e+01 6.081765e+00 
1.360240e+01 5.982102e+00 
1.364061e+01 5.882440e+00 
1.367800e+01 5.782778e+00 
1.371456e+01 5.683116e+00 
1.375032e+01 5.583455e+00 
1.378526e+01 5.483794e+00 
1.381941e+01 5.384133e+00 
1.385276e+01 5.284472e+00 
1.388533e+01 5.184811e+00 
1.391711e+01 5.085150e+00 
1.394810e+01 4.985489e+00 
1.397833e+01 4.885828e+00 
1.400779e+01 4.786167e+00 
1.403648e+01 4.686506e+00 
1.406441e+01 4.586845e+00 
1.409159e+01 4.487184e+00 
1.411802e+01 4.387523e+00 
1.414370e+01 4.287862e+00 
1.416864e+01 4.188200e+00 
1.419285e+01 4.088538e+00 
1.421632e+01 3.988876e+00 
1.423907e+01 3.889214e+00 
1.426109e+01 3.789549e+00 
1.428240e+01 3.689854e+00 
1.430306e+01 3.590141e+00 
1.432312e+01 3.490427e+00 
1.434257e+01 3.390714e+00 
1.436142e+01 3.291000e+00 
1.437966e+01 3.191287e+00 
1.439731e+01 3.091573e+00 
1.441436e+01 2.991859e+00 
1.443082e+01 2.892145e+00 
1.444668e+01 2.792431e+00 
1.446195e+01 2.692717e+00 
1.447663e+01 2.593002e+00 
1.449073e+01 2.493288e+00 
1.450424e+01 2.393573e+00 
1.451716e+01 2.293858e+00 
1.452950e+01 2.194143e+00 
1.454127e+01 2.094428e+00 
1.455245e+01 1.994713e+00 
1.456305e+01 1.894997e+00 
1.457308e+01 1.795282e+00 
1.458253e+01 1.695566e+00 
1.459141e+01 1.595851e+00 
1.459972e+01 1.496159e+00 
1.460740e+01 1.396467e+00 
1.461446e+01 1.296776e+00 
1.462090e+01 1.197085e+00 
1.462673e+01 1.097394e+00 
1.463193e+01 9.977028e-01 
1.463652e+01 8.980120e-01 
1.464049e+01 7.983213e-01 
1.474043e+01 8.016787e-01 
1.473644e+01 9.019880e-01 
1.473183e+01 1.002297e+00 
1.472659e+01 1.102606e+00 
1.472073e+01 1.202915e+00 
1.471425e+01 1.303224e+00 
1.470715e+01 1.403533e+00 
1.469942e+01 1.503841e+00 
1.469107e+01 1.604149e+00 
1.468214e+01 1.704434e+00 
1.467263e+01 1.804718e+00 
1.466255e+01 1.905003e+00 
1.465189e+01 2.005287e+00 
1.464064e+01 2.105572e+00 
1.462882e+01 2.205857e+00 
1.461640e+01 2.306142e+00 
1.460341e+01 2.406427e+00 
1.458982e+01 2.506712e+00 
1.457565e+01 2.606998e+00 
1.456088e+01 2.707283e+00 
1.454553e+01 2.807569e+00 
1.452957e+01 2.907855e+00 
1.451303e+01 3.008141e+00 
1.449588e+01 3.108427e+00 
1.447813e+01 3.208713e+00 
1.445978e+01 3.309000e+00 
1.444083e+01 3.409286e+00 
1.442127e+01 3.509573e+00 
1.440110e+01 3.609859e+00 
1.438032e+01 3.710146e+00 
1.435888e+01 3.810451e+00 
1.433671e+01 3.910786e+00 
1.431382e+01 4.011124e+00 
1.429019e+01 4.111462e+00 
1.426582e+01 4.211800e+00 
1.424071e+01 4.312138e+00 
1.421486e+01 4.412477e+00 
1.418825e+01 4.512816e+00 
1.416089e+01 4.613155e+00 
1.413277e+01 4.713494e+00 
1.410388e+01 4.813833e+00 
1.407423e+01 4.914172e+00 
1.404380e+01 5.014511e+00 
1.401259e+01 5.114850e+00 
1.398060e+01 5.215189e+00 
1.394782e+01 5.315528e+00 
1.391424e+01 5.415867e+00 
1.387986e+01 5.516206e+00 
1.384468e+01 5.616545e+00 
1.380869e+01 5.716884e+00 
1.377188e+01 5.817222e+00 
1.373424e+01 5.917560e+00 
1.369578e+01 6.017898e+00 
1.365648e+01 6.118235e+00 
1.361634e+01 6.218572e+00 
1.357536e+01 6.318908e+00 
1.353352e+01 6.419244e+00 
1.349082e+01 6.519580e+00 
1.344725e+01 6.619914e+00 
1.340281e+01 6.720248e+00 
1.335750e+01 6.820582e+00 
1.331129e+01 6.920914e+00 
1.326420e+01 7.021246e+00 
1.321620e+01 7.121577e+00 
1.316730e+01 7.221907e+00 
1.311749e+01 7.322236e+00 
1.306675e+01 7.422564e+00 
1.301509e+01 7.522891e+00 
1.296249e+01 7.623217e+00 
1.290895e+01 7.723541e+00 
1.285446e+01 7.823865e+00 
1.279901e+01 7.924189e+00 
1.274255e+01 8.024520e+00 
1.268502e+01 8.124869e+00 
1.262613e+01 8.225293e+00 
1.256589e+01 8.325719e+00 
1.250429e+01 8.426145e+00 
1.244131e+01 8.526567e+00 
1.237691e+01 8.626991e+00 
1.231107e+01 8.727416e+00 
1.224375e+01 8.827842e+00 
1.217491e+01 8.928270e+00 
1.210452e+01 9.028698e+00 
1.203254e+01 9.129128e+00 
1.195894e+01 9.229558e+00 
1.188366e+01 9.329990e+00 
1.180666e+01 9.430422e+00 
1.172791e+01 9.530854e+00 
1.164734e+01 9.631288e+00 
1.156491e+01 9.731722e+00 
1.148057e+01 9.832155e+00 
1.139426e+01 9.932589e+00 
1.130592e+01 1.003302e+01 
1.121549e+01 1.013346e+01 
1.112291e+01 1.023389e+01 
1.102812e+01 1.033432e+01 
1.093103e+01 1.043475e+01 
1.083158e+01 1.053518e+01 
1.073115e+01 1.063417e+01 
1.063072e+01 1.073080e+01 
1.053029e+01 1.082517e+01 
1.042986e+01 1.091735e+01 
1.032944e+01 1.100743e+01 
1.022902e+01 1.109549e+01 
1.012860e+01 1.118159e+01 
1.002818e+01 1.126581e+01 
9.927769e+00 1.134821e+01 
9.827360e+00 1.142886e+01 
9.726914e+00 1.150767e+01 
9.626370e+00 1.158435e+01 
9.525822e+00 1.165887e+01 
9.425276e+00 1.173131e+01 
9.324733e+00 1.180172e+01 
9.224192e+00 1.187019e+01 
9.123655e+00 1.193676e+01 
9.023121e+00 1.200151e+01 
8.922591e+00 1.206447e+01 
8.822061e+00 1.212571e+01 
8.721457e+00 1.218507e+01 
8.620730e+00 1.224224e+01 
8.519981e+00 1.229717e+01 
8.419234e+00 1.234990e+01 
8.318491e+00 1.240050e+01 
8.217750e+00 1.244904e+01 
8.117014e+00 1.249556e+01 
8.016282e+00 1.254014e+01 
7.915556e+00 1.258282e+01 
7.814834e+00 1.262366e+01 
7.714118e+00 1.266269e+01 
7.613409e+00 1.269998e+01 
7.512706e+00 1.273556e+01 
7.412010e+00 1.276948e+01 
7.311313e+00 1.280176e+01 
7.210503e+00 1.283221e+01 
7.109554e+00 1.286053e+01 
7.008580e+00 1.288668e+01 
6.907611e+00 1.291068e+01 
6.806649e+00 1.293259e+01 
6.705693e+00 1.295244e+01 
6.604746e+00 1.297027e+01 
6.503807e+00 1.298613e+01 
6.402877e+00 1.300005e+01 
6.301957e+00 1.301206e+01 
6.201048e+00 1.302221e+01 
6.100137e+00 1.303049e+01 
5.998999e+00 1.303648e+01 
5.897348e+00 1.303914e+01 
5.795691e+00 1.303844e+01 
5.694031e+00 1.303435e+01 
5.592371e+00 1.302688e+01 
5.490715e+00 1.301600e+01 
5.389066e+00 1.300168e+01 
5.287428e+00 1.298392e+01 
5.185804e+00 1.296267e+01 
5.084198e+00 1.293790e+01 
4.982611e+00 1.290958e+01 
4.881047e+00 1.287766e+01 
4.779486e+00 1.284202e+01 
4.677677e+00 1.280184e+01 
4.575785e+00 1.275670e+01 
4.473786e+00 1.270603e+01 
4.371122e+00 1.264709e+01 
4.267770e+00 1.257639e+01 
4.164654e+00 1.249339e+01 
4.062003e+00 1.239810e+01 
3.965128e+00 1.229585e+01 
3.879193e+00 1.219364e+01 
3.802029e+00 1.209163e+01 
3.732003e+00 1.198980e+01 
3.667932e+00 1.188813e+01 
3.608928e+00 1.178660e+01 
3.554355e+00 1.168517e+01 
3.503793e+00 1.158379e+01 
3.456588e+00 1.148262e+01 
3.412216e+00 1.138159e+01 
3.370457e+00 1.128059e+01 
3.331363e+00 1.117952e+01 
3.294704e+00 1.107855e+01 
3.260161e+00 1.097768e+01 
3.227454e+00 1.087692e+01 
3.196255e+00 1.077629e+01 
3.166284e+00 1.067577e+01 
3.137419e+00 1.057529e+01 
3.109619e+00 1.047482e+01 
3.082858e+00 1.037436e+01 
3.057131e+00 1.027389e+01 
3.032580e+00 1.017335e+01 
3.009223e+00 1.007280e+01 
2.986699e+00 9.972435e+00 
2.964903e+00 9.872101e+00 
2.943820e+00 9.771769e+00 
2.923438e+00 9.671441e+00 
2.903747e+00 9.571116e+00 
2.884754e+00 9.470787e+00 
2.866470e+00 9.370450e+00 
2.848871e+00 9.270125e+00 
2.831895e+00 9.169831e+00 
2.815336e+00 9.069640e+00 
2.799217e+00 8.969427e+00 
2.783543e+00 8.869213e+00 
2.768396e+00 8.768956e+00 
2.753718e+00 8.668732e+00 
2.739437e+00 8.568542e+00 
2.725488e+00 8.468384e+00 
2.711812e+00 8.368253e+00 
2.698352e+00 8.268150e+00 
2.685052e+00 8.168074e+00 
2.671855e+00 8.068026e+00 
2.658796e+00 7.967957e+00 
2.646023e+00 7.867813e+00 
2.633658e+00 7.767610e+00 
2.621767e+00 7.667377e+00 
2.610305e+00 7.567169e+00 
2.599224e+00 7.466984e+00 
2.588477e+00 7.366821e+00 
2.578023e+00 7.266679e+00 
2.567818e+00 7.166557e+00 
2.557811e+00 7.066461e+00 
2.547899e+00 6.966417e+00 
2.538094e+00 6.866363e+00 
2.528466e+00 6.766275e+00 
2.518922e+00 6.666235e+00 
2.509575e+00 6.566136e+00 
2.500433e+00 6.466034e+00 
2.491494e+00 6.365934e+00 
2.482755e+00 6.265835e+00 
2.474215e+00 6.165738e+00 
2.465942e+00 6.065604e+00 
2.457967e+00 5.965456e+00 
2.450107e+00 5.865403e+00 
2.442343e+00 5.765356e+00 
2.434716e+00 5.665287e+00 
2.427230e+00 5.565217e+00 
2.419831e+00 5.465175e+00 
2.412492e+00 5.365146e+00 
2.405230e+00 5.265107e+00 
2.398064e+00 5.165059e+00 
2.391013e+00 5.065002e+00 
2.384112e+00 4.964927e+00 
2.377419e+00 4.864822e+00 
2.370928e+00 4.764723e+00 
2.470718e+00 4.758251e+00 
