-9.952771e+00 -2.998180e-01 
-9.952409e+00 -3.994940e-01 
-9.951401e+00 -4.991688e-01 
-9.949745e+00 -5.988423e-01 
-9.947438e+00 -6.985144e-01 
-9.944476e+00 -7.981853e-01 
-9.940857e+00 -8.978547e-01 
-9.936578e+00 -9.975228e-01 
-9.931635e+00 -1.097189e+00 
-9.926025e+00 -1.196855e+00 
-9.919744e+00 -1.296518e+00 
-9.912789e+00 -1.396181e+00 
-9.905155e+00 -1.495842e+00 
-9.896839e+00 -1.595501e+00 
-9.887836e+00 -1.695159e+00 
-9.878142e+00 -1.794815e+00 
-9.867752e+00 -1.894472e+00 
-9.856667e+00 -1.994130e+00 
-9.844890e+00 -2.093769e+00 
-9.832376e+00 -2.193407e+00 
-9.819124e+00 -2.293046e+00 
-9.805132e+00 -2.392685e+00 
-9.790396e+00 -2.492323e+00 
-9.774916e+00 -2.591962e+00 
-9.758688e+00 -2.691600e+00 
-9.741710e+00 -2.791239e+00 
-9.723979e+00 -2.890878e+00 
-9.705492e+00 -2.990517e+00 
-9.686247e+00 -3.090157e+00 
-9.666242e+00 -3.189797e+00 
-9.645473e+00 -3.289437e+00 
-9.623938e+00 -3.389077e+00 
-9.601634e+00 -3.488718e+00 
-9.578557e+00 -3.588359e+00 
-9.554705e+00 -3.688001e+00 
-9.530076e+00 -3.787644e+00 
-9.504665e+00 -3.887287e+00 
-9.478470e+00 -3.986931e+00 
-9.451487e+00 -4.086575e+00 
-9.423714e+00 -4.186220e+00 
-9.395148e+00 -4.285866e+00 
-9.365784e+00 -4.385513e+00 
-9.335620e+00 -4.485161e+00 
-9.304652e+00 -4.584810e+00 
-9.272877e+00 -4.684459e+00 
-9.240291e+00 -4.784110e+00 
-9.206892e+00 -4.883762e+00 
-9.172675e+00 -4.983415e+00 
-9.137636e+00 -5.083069e+00 
-9.101773e+00 -5.182724e+00 
-9.065081e+00 -5.282381e+00 
-9.027555e+00 -5.382046e+00 
-8.989205e+00 -5.481722e+00 
-8.950061e+00 -5.581398e+00 
-8.910115e+00 -5.681063e+00 
-8.869333e+00 -5.780720e+00 
-8.827720e+00 -5.880300e+00 
-8.785110e+00 -5.979706e+00 
-8.740972e+00 -6.079102e+00 
-8.695231e+00 -6.178536e+00 
-8.647941e+00 -6.278036e+00 
-8.599292e+00 -6.377530e+00 
-8.549244e+00 -6.477022e+00 
-8.497771e+00 -6.576509e+00 
-8.444829e+00 -6.675994e+00 
-8.390385e+00 -6.775474e+00 
-8.334395e+00 -6.874951e+00 
-8.276818e+00 -6.974424e+00 
-8.217609e+00 -7.073892e+00 
-8.156716e+00 -7.173358e+00 
-8.094094e+00 -7.272817e+00 
-8.029676e+00 -7.372273e+00 
-7.963407e+00 -7.471724e+00 
-7.895225e+00 -7.571169e+00 
-7.825048e+00 -7.670609e+00 
-7.752803e+00 -7.770044e+00 
-7.678409e+00 -7.869471e+00 
-7.601765e+00 -7.968891e+00 
-7.522763e+00 -8.068304e+00 
-7.441291e+00 -8.167708e+00 
-7.357220e+00 -8.267104e+00 
-7.270448e+00 -8.366441e+00 
-7.180917e+00 -8.465357e+00 
-7.086058e+00 -8.564123e+00 
-6.987375e+00 -8.659958e+00 
-6.888645e+00 -8.749144e+00 
-6.789910e+00 -8.832461e+00 
-6.691198e+00 -8.910387e+00 
-6.592524e+00 -8.983221e+00 
-6.493890e+00 -9.051180e+00 
-6.395296e+00 -9.114447e+00 
-6.296739e+00 -9.173184e+00 
-6.198219e+00 -9.227544e+00 
-6.099700e+00 -9.277675e+00 
-6.001307e+00 -9.323729e+00 
-5.903308e+00 -9.365478e+00 
-5.805790e+00 -9.402165e+00 
-5.708777e+00 -9.432984e+00 
-5.612285e+00 -9.457195e+00 
-5.516304e+00 -9.474116e+00 
-5.420775e+00 -9.483102e+00 
-5.325405e+00 -9.483523e+00 
-5.229925e+00 -9.475062e+00 
-5.134278e+00 -9.457679e+00 
-5.038386e+00 -9.431208e+00 
-4.942210e+00 -9.395450e+00 
-4.846457e+00 -9.350551e+00 
-4.751539e+00 -9.294492e+00 
-4.656224e+00 -9.221013e+00 
-4.559918e+00 -9.125218e+00 
-4.482196e+00 -9.028366e+00 
-4.415876e+00 -8.930910e+00 
-4.357604e+00 -8.833022e+00 
-4.305407e+00 -8.734763e+00 
-4.257867e+00 -8.636135e+00 
-4.213834e+00 -8.537226e+00 
-4.172533e+00 -8.438175e+00 
-4.133553e+00 -8.339017e+00 
-4.096599e+00 -8.239787e+00 
-4.061493e+00 -8.140581e+00 
-4.028281e+00 -8.041471e+00 
-3.997099e+00 -7.942292e+00 
-3.967754e+00 -7.843030e+00 
-3.940042e+00 -7.743700e+00 
-3.913798e+00 -7.644314e+00 
-3.888886e+00 -7.544879e+00 
-3.865190e+00 -7.445402e+00 
-3.842613e+00 -7.345890e+00 
-3.821072e+00 -7.246347e+00 
-3.800486e+00 -7.146721e+00 
-3.780669e+00 -7.046975e+00 
-3.761379e+00 -6.947182e+00 
-3.742535e+00 -6.847434e+00 
-3.724228e+00 -6.747733e+00 
-3.706547e+00 -6.648042e+00 
-3.689510e+00 -6.548344e+00 
-3.673098e+00 -6.448638e+00 
-3.657296e+00 -6.348926e+00 
-3.642087e+00 -6.249207e+00 
-3.627456e+00 -6.149481e+00 
-3.613388e+00 -6.049735e+00 
-3.599834e+00 -5.949937e+00 
-3.586688e+00 -5.850093e+00 
-3.573861e+00 -5.750248e+00 
-3.561352e+00 -5.650402e+00 
-3.549158e+00 -5.550555e+00 
-3.537272e+00 -5.450682e+00 
-3.525642e+00 -5.350783e+00 
-3.514219e+00 -5.250894e+00 
-3.503024e+00 -5.151021e+00 
-3.492088e+00 -5.051161e+00 
-3.481438e+00 -4.951320e+00 
-3.471111e+00 -4.851484e+00 
-3.461115e+00 -4.751617e+00 
-3.451384e+00 -4.651725e+00 
-3.441874e+00 -4.551840e+00 
-3.432596e+00 -4.451962e+00 
-3.423567e+00 -4.352091e+00 
-3.414800e+00 -4.252228e+00 
-3.406310e+00 -4.152368e+00 
-3.398100e+00 -4.052497e+00 
-3.390151e+00 -3.952614e+00 
-3.382435e+00 -3.852717e+00 
-3.374927e+00 -3.752807e+00 
-3.367600e+00 -3.652885e+00 
-3.360427e+00 -3.552949e+00 
-3.353382e+00 -3.452989e+00 
-3.346419e+00 -3.353046e+00 
-3.339574e+00 -3.253144e+00 
-3.332925e+00 -3.153244e+00 
-3.326479e+00 -3.053376e+00 
-3.320299e+00 -2.953496e+00 
-3.314358e+00 -2.853602e+00 
-3.308631e+00 -2.753694e+00 
-3.303086e+00 -2.653769e+00 
-3.297690e+00 -2.553824e+00 
-3.292405e+00 -2.453859e+00 
-3.287188e+00 -2.353872e+00 
-3.281998e+00 -2.253866e+00 
-3.276794e+00 -2.153846e+00 
-3.271555e+00 -2.053912e+00 
-3.266446e+00 -1.953951e+00 
-3.261411e+00 -1.853872e+00 
-3.256221e+00 -1.753903e+00 
-3.251095e+00 -1.653951e+00 
-3.246066e+00 -1.554010e+00 
-3.241154e+00 -1.454080e+00 
-3.236384e+00 -1.354161e+00 
-3.231776e+00 -1.254253e+00 
-3.227355e+00 -1.154357e+00 
-3.223141e+00 -1.054472e+00 
-3.219158e+00 -9.546002e-01 
-3.215433e+00 -8.547468e-01 
-3.211999e+00 -7.548163e-01 
-3.208701e+00 -6.547815e-01 
-3.205332e+00 -5.547320e-01 
-3.201863e+00 -4.546515e-01 
-3.198234e+00 -3.546028e-01 
-3.194510e+00 -2.546238e-01 
-3.190829e+00 -1.546619e-01 
-3.187255e+00 -5.646397e-02 
-3.187223e+00 5.466194e-02 
-3.190828e+00 1.546238e-01 
-3.194510e+00 2.546028e-01 
-3.198236e+00 3.546515e-01 
-3.201866e+00 4.547320e-01 
-3.205334e+00 5.547815e-01 
-3.208702e+00 6.548163e-01 
-3.211997e+00 7.547468e-01 
-3.215428e+00 8.546002e-01 
-3.219153e+00 9.544716e-01 
-3.223136e+00 1.054357e+00 
-3.227350e+00 1.154253e+00 
-3.231772e+00 1.254161e+00 
-3.236380e+00 1.354080e+00 
-3.241151e+00 1.454010e+00 
-3.246063e+00 1.553951e+00 
-3.251093e+00 1.653903e+00 
-3.151224e+00 1.659025e+00 
-3.146189e+00 1.558977e+00 
-3.141271e+00 1.458918e+00 
-3.136494e+00 1.358848e+00 
-3.131878e+00 1.258767e+00 
-3.127448e+00 1.158675e+00 
-3.123225e+00 1.058571e+00 
-3.119232e+00 9.584564e-01 
-3.115497e+00 8.583277e-01 
-3.112056e+00 7.581812e-01 
-3.108756e+00 6.581116e-01 
-3.105391e+00 5.581464e-01 
-3.101926e+00 4.581959e-01 
-3.098302e+00 3.582764e-01 
-3.094579e+00 2.583251e-01 
-3.090895e+00 1.583041e-01 
-3.087288e+00 5.826600e-02 
-3.087255e+00 -5.646397e-02 
-3.090894e+00 -1.582660e-01 
-3.094578e+00 -2.583041e-01 
-3.098304e+00 -3.583251e-01 
-3.101929e+00 -4.582764e-01 
-3.105392e+00 -5.581959e-01 
-3.108757e+00 -6.581464e-01 
-3.112053e+00 -7.581116e-01 
-3.115492e+00 -8.581812e-01 
-3.119227e+00 -9.583277e-01 
-3.123220e+00 -1.058456e+00 
-3.127444e+00 -1.158571e+00 
-3.131874e+00 -1.258675e+00 
-3.136490e+00 -1.358767e+00 
-3.141268e+00 -1.458848e+00 
-3.146186e+00 -1.558918e+00 
-3.151222e+00 -1.658977e+00 
-3.156352e+00 -1.759025e+00 
-3.161545e+00 -1.859056e+00 
-3.166572e+00 -1.958976e+00 
-3.171686e+00 -2.059016e+00 
-3.176931e+00 -2.159082e+00 
-3.182133e+00 -2.259062e+00 
-3.187323e+00 -2.359055e+00 
-3.192541e+00 -2.459069e+00 
-3.197830e+00 -2.559104e+00 
-3.203231e+00 -2.659159e+00 
-3.208784e+00 -2.759234e+00 
-3.214522e+00 -2.859326e+00 
-3.220475e+00 -2.959432e+00 
-3.226670e+00 -3.059552e+00 
-3.233133e+00 -3.159684e+00 
-3.239795e+00 -3.259784e+00 
-3.246653e+00 -3.359882e+00 
-3.253624e+00 -3.459939e+00 
-3.260675e+00 -3.559979e+00 
-3.267857e+00 -3.660043e+00 
-3.275195e+00 -3.760121e+00 
-3.282717e+00 -3.860211e+00 
-3.290448e+00 -3.960314e+00 
-3.298415e+00 -4.060431e+00 
-3.306646e+00 -4.160560e+00 
-3.315160e+00 -4.260700e+00 
-3.323950e+00 -4.360837e+00 
-3.333003e+00 -4.460966e+00 
-3.342302e+00 -4.561088e+00 
-3.351835e+00 -4.661203e+00 
-3.361586e+00 -4.761311e+00 
-3.371608e+00 -4.861444e+00 
-3.381969e+00 -4.961608e+00 
-3.392653e+00 -5.061767e+00 
-3.403618e+00 -5.161907e+00 
-3.414842e+00 -5.262034e+00 
-3.426290e+00 -5.362145e+00 
-3.437943e+00 -5.462246e+00 
-3.449858e+00 -5.562373e+00 
-3.462090e+00 -5.662526e+00 
-3.474637e+00 -5.762680e+00 
-3.487503e+00 -5.862835e+00 
-3.500690e+00 -5.962991e+00 
-3.514297e+00 -6.063192e+00 
-3.528436e+00 -6.163447e+00 
-3.543146e+00 -6.263721e+00 
-3.558439e+00 -6.364002e+00 
-3.574331e+00 -6.464290e+00 
-3.590837e+00 -6.564584e+00 
-3.607976e+00 -6.664886e+00 
-3.625764e+00 -6.765195e+00 
-3.644179e+00 -6.865493e+00 
-3.663117e+00 -6.965745e+00 
-3.682487e+00 -7.065953e+00 
-3.702402e+00 -7.166207e+00 
-3.723140e+00 -7.266581e+00 
-3.744874e+00 -7.367038e+00 
-3.767668e+00 -7.467526e+00 
-3.791607e+00 -7.568049e+00 
-3.816795e+00 -7.668614e+00 
-3.843355e+00 -7.769228e+00 
-3.871432e+00 -7.869898e+00 
-3.901200e+00 -7.970636e+00 
-3.932883e+00 -8.071457e+00 
-3.966673e+00 -8.172347e+00 
-4.002325e+00 -8.273140e+00 
-4.039839e+00 -8.373911e+00 
-4.079463e+00 -8.474753e+00 
-4.121533e+00 -8.575702e+00 
-4.166505e+00 -8.676793e+00 
-4.215317e+00 -8.778165e+00 
-4.269276e+00 -8.879906e+00 
-4.329923e+00 -8.982018e+00 
-4.399479e+00 -9.084562e+00 
-4.481848e+00 -9.187710e+00 
-4.585542e+00 -9.291752e+00 
-4.690228e+00 -9.373492e+00 
-4.795309e+00 -9.436480e+00 
-4.899556e+00 -9.485897e+00 
-5.003380e+00 -9.524881e+00 
-5.107488e+00 -9.554023e+00 
-5.211841e+00 -9.573413e+00 
-5.316361e+00 -9.583113e+00 
-5.420991e+00 -9.583102e+00 
-5.525462e+00 -9.573696e+00 
-5.629481e+00 -9.555706e+00 
-5.732989e+00 -9.530008e+00 
-5.835976e+00 -9.497501e+00 
-5.938458e+00 -9.459097e+00 
-6.040460e+00 -9.415746e+00 
-6.142067e+00 -9.368256e+00 
-6.243548e+00 -9.316680e+00 
-6.345027e+00 -9.260753e+00 
-6.446470e+00 -9.200361e+00 
-6.547876e+00 -9.135355e+00 
-6.649242e+00 -9.065580e+00 
-6.750568e+00 -8.990855e+00 
-6.851856e+00 -8.910964e+00 
-6.953121e+00 -8.825582e+00 
-7.054392e+00 -8.734179e+00 
-7.155709e+00 -8.635877e+00 
-7.253024e+00 -8.534643e+00 
-7.344577e+00 -8.433559e+00 
-7.432529e+00 -8.332896e+00 
-7.517639e+00 -8.232292e+00 
-7.600103e+00 -8.131696e+00 
-7.680052e+00 -8.031109e+00 
-7.757604e+00 -7.930529e+00 
-7.832869e+00 -7.829956e+00 
-7.905947e+00 -7.729391e+00 
-7.976926e+00 -7.628831e+00 
-8.045881e+00 -7.528276e+00 
-8.112892e+00 -7.427727e+00 
-8.178024e+00 -7.327183e+00 
-8.241338e+00 -7.226642e+00 
-8.302894e+00 -7.126108e+00 
-8.362745e+00 -7.025576e+00 
-8.420941e+00 -6.925049e+00 
-8.477528e+00 -6.824526e+00 
-8.532549e+00 -6.724006e+00 
-8.586048e+00 -6.623491e+00 
-8.638059e+00 -6.522978e+00 
-8.688625e+00 -6.422470e+00 
-8.737775e+00 -6.321964e+00 
-8.785547e+00 -6.221464e+00 
-8.831819e+00 -6.120898e+00 
-8.876503e+00 -6.020294e+00 
-8.919630e+00 -5.919700e+00 
-8.961600e+00 -5.819280e+00 
-9.002665e+00 -5.718937e+00 
-9.042882e+00 -5.618602e+00 
-9.082284e+00 -5.518278e+00 
-9.120885e+00 -5.417954e+00 
-9.158667e+00 -5.317619e+00 
-9.195614e+00 -5.217276e+00 
-9.231729e+00 -5.116931e+00 
-9.267013e+00 -5.016585e+00 
-9.301471e+00 -4.916238e+00 
-9.335107e+00 -4.815890e+00 
-9.367924e+00 -4.715541e+00 
-9.399925e+00 -4.615190e+00 
-9.431114e+00 -4.514839e+00 
-9.461494e+00 -4.414487e+00 
-9.491069e+00 -4.314134e+00 
-9.519842e+00 -4.213780e+00 
-9.547815e+00 -4.113425e+00 
-9.574993e+00 -4.013069e+00 
-9.601378e+00 -3.912713e+00 
-9.626974e+00 -3.812356e+00 
-9.651783e+00 -3.711999e+00 
-9.675809e+00 -3.611641e+00 
-9.699055e+00 -3.511282e+00 
-9.721523e+00 -3.410923e+00 
-9.743216e+00 -3.310563e+00 
-9.764138e+00 -3.210203e+00 
-9.784291e+00 -3.109843e+00 
-9.803677e+00 -3.009483e+00 
-9.822300e+00 -2.909122e+00 
-9.840163e+00 -2.808761e+00 
-9.857267e+00 -2.708400e+00 
-9.873615e+00 -2.608038e+00 
-9.889211e+00 -2.507677e+00 
-9.904056e+00 -2.407315e+00 
-9.918152e+00 -2.306954e+00 
-9.931503e+00 -2.206593e+00 
-9.944110e+00 -2.106231e+00 
-9.955976e+00 -2.005870e+00 
-9.967139e+00 -1.905528e+00 
-9.977603e+00 -1.805185e+00 
-9.987366e+00 -1.704841e+00 
-9.996433e+00 -1.604499e+00 
-1.000481e+01 -1.504158e+00 
-1.001250e+01 -1.403819e+00 
-1.001950e+01 -1.303482e+00 
-1.002583e+01 -1.203145e+00 
-1.003148e+01 -1.102811e+00 
-1.003646e+01 -1.002477e+00 
-1.004077e+01 -9.021453e-01 
-1.004441e+01 -8.018147e-01 
-1.004739e+01 -7.014856e-01 
-1.004972e+01 -6.011577e-01 
-1.005139e+01 -5.008312e-01 
-1.005240e+01 -4.005060e-01 
-1.005277e+01 -3.001820e-01 
-9.952771e+00 -2.998180e-01 
