-1.068294e+00 9.274637e+00 
-1.079355e+00 9.374454e+00 
-1.090787e+00 9.474262e+00 
-1.102610e+00 9.574059e+00 
-1.114845e+00 9.673845e+00 
-1.127524e+00 9.773698e+00 
-1.140520e+00 9.873668e+00 
-1.153566e+00 9.973554e+00 
-1.166833e+00 1.007334e+01 
-1.180540e+00 1.017309e+01 
-1.194757e+00 1.027283e+01 
-1.209512e+00 1.037255e+01 
-1.224826e+00 1.047227e+01 
-1.240727e+00 1.057197e+01 
-1.257240e+00 1.067166e+01 
-1.274393e+00 1.077134e+01 
-1.292221e+00 1.087099e+01 
-1.310769e+00 1.097064e+01 
-1.330081e+00 1.107038e+01 
-1.349967e+00 1.117028e+01 
-1.370026e+00 1.126998e+01 
-1.390714e+00 1.136962e+01 
-1.412159e+00 1.146927e+01 
-1.434354e+00 1.156891e+01 
-1.457342e+00 1.166858e+01 
-1.481030e+00 1.176824e+01 
-1.505458e+00 1.186790e+01 
-1.530630e+00 1.196759e+01 
-1.556499e+00 1.206728e+01 
-1.583044e+00 1.216698e+01 
-1.610251e+00 1.226669e+01 
-1.638094e+00 1.236638e+01 
-1.666612e+00 1.246595e+01 
-1.696091e+00 1.256550e+01 
-1.726593e+00 1.266510e+01 
-1.758062e+00 1.276481e+01 
-1.790225e+00 1.286462e+01 
-1.822831e+00 1.296449e+01 
-1.855711e+00 1.306425e+01 
-1.889146e+00 1.316399e+01 
-1.923199e+00 1.326371e+01 
-1.957896e+00 1.336341e+01 
-1.993294e+00 1.346309e+01 
-2.029383e+00 1.356257e+01 
-2.066693e+00 1.366194e+01 
-2.105563e+00 1.376142e+01 
-2.145780e+00 1.386099e+01 
-2.187072e+00 1.396059e+01 
-2.229386e+00 1.406019e+01 
-2.272730e+00 1.415979e+01 
-2.317114e+00 1.425939e+01 
-2.362553e+00 1.435899e+01 
-2.409028e+00 1.445851e+01 
-2.456707e+00 1.455784e+01 
-2.506240e+00 1.465723e+01 
-2.557478e+00 1.475660e+01 
-2.610541e+00 1.485600e+01 
-2.665363e+00 1.495545e+01 
-2.721835e+00 1.505487e+01 
-2.780053e+00 1.515428e+01 
-2.840112e+00 1.525368e+01 
-2.902124e+00 1.535309e+01 
-2.966046e+00 1.545247e+01 
-3.032048e+00 1.555181e+01 
-3.100328e+00 1.565110e+01 
-3.171134e+00 1.575034e+01 
-3.244758e+00 1.584952e+01 
-3.321636e+00 1.594878e+01 
-3.401630e+00 1.604810e+01 
-3.484516e+00 1.614742e+01 
-3.570501e+00 1.624677e+01 
-3.659625e+00 1.634623e+01 
-3.751412e+00 1.644568e+01 
-3.846022e+00 1.654511e+01 
-3.943675e+00 1.664453e+01 
-4.043085e+00 1.674250e+01 
-4.142481e+00 1.683728e+01 
-4.241863e+00 1.692896e+01 
-4.341233e+00 1.701761e+01 
-4.440591e+00 1.710330e+01 
-4.539944e+00 1.718610e+01 
-4.639411e+00 1.726622e+01 
-4.738911e+00 1.734415e+01 
-4.838401e+00 1.742007e+01 
-4.937877e+00 1.749399e+01 
-5.037338e+00 1.756591e+01 
-5.136785e+00 1.763584e+01 
-5.236218e+00 1.770377e+01 
-5.335637e+00 1.776972e+01 
-5.435041e+00 1.783369e+01 
-5.534432e+00 1.789569e+01 
-5.633812e+00 1.795572e+01 
-5.733232e+00 1.801384e+01 
-5.832847e+00 1.807029e+01 
-5.932471e+00 1.812559e+01 
-6.032087e+00 1.817978e+01 
-6.131693e+00 1.823284e+01 
-6.231291e+00 1.828476e+01 
-6.330880e+00 1.833554e+01 
-6.430461e+00 1.838516e+01 
-6.530033e+00 1.843362e+01 
-6.629598e+00 1.848092e+01 
-6.729155e+00 1.852704e+01 
-6.828704e+00 1.857199e+01 
-6.928247e+00 1.861575e+01 
-7.027782e+00 1.865834e+01 
-7.127311e+00 1.869974e+01 
-7.226835e+00 1.873995e+01 
-7.326352e+00 1.877898e+01 
-7.425866e+00 1.881682e+01 
-7.525373e+00 1.885349e+01 
-7.624878e+00 1.888897e+01 
-7.724379e+00 1.892328e+01 
-7.823875e+00 1.895641e+01 
-7.923370e+00 1.898838e+01 
-8.022861e+00 1.901919e+01 
-8.122332e+00 1.904884e+01 
-8.221765e+00 1.907729e+01 
-8.321260e+00 1.910449e+01 
-8.420933e+00 1.913062e+01 
-8.520640e+00 1.915604e+01 
-8.620340e+00 1.918082e+01 
-8.720032e+00 1.920495e+01 
-8.819715e+00 1.922840e+01 
-8.919388e+00 1.925117e+01 
-9.019054e+00 1.927324e+01 
-9.118710e+00 1.929458e+01 
-9.218357e+00 1.931520e+01 
-9.317995e+00 1.933507e+01 
-9.417623e+00 1.935417e+01 
-9.517242e+00 1.937249e+01 
-9.616852e+00 1.939001e+01 
-9.716452e+00 1.940672e+01 
-9.816042e+00 1.942260e+01 
-9.915623e+00 1.943763e+01 
-1.001519e+01 1.945179e+01 
-1.011475e+01 1.946508e+01 
-1.021430e+01 1.947747e+01 
-1.031385e+01 1.948894e+01 
-1.041338e+01 1.949948e+01 
-1.051290e+01 1.950907e+01 
-1.061241e+01 1.951770e+01 
-1.071191e+01 1.952534e+01 
-1.081140e+01 1.953199e+01 
-1.091088e+01 1.953761e+01 
-1.101036e+01 1.954220e+01 
-1.110982e+01 1.954574e+01 
-1.120928e+01 1.954821e+01 
-1.130872e+01 1.954960e+01 
-1.140816e+01 1.954988e+01 
-1.150758e+01 1.954904e+01 
-1.160701e+01 1.954706e+01 
-1.170656e+01 1.954394e+01 
-1.180621e+01 1.953991e+01 
-1.190586e+01 1.953519e+01 
-1.200550e+01 1.952977e+01 
-1.210513e+01 1.952362e+01 
-1.220476e+01 1.951673e+01 
-1.230437e+01 1.950909e+01 
-1.240399e+01 1.950068e+01 
-1.250360e+01 1.949149e+01 
-1.260323e+01 1.948152e+01 
-1.270287e+01 1.947079e+01 
-1.280251e+01 1.945934e+01 
-1.290214e+01 1.944715e+01 
-1.300178e+01 1.943422e+01 
-1.310141e+01 1.942053e+01 
-1.320104e+01 1.940609e+01 
-1.330066e+01 1.939088e+01 
-1.340029e+01 1.937491e+01 
-1.349991e+01 1.935815e+01 
-1.359953e+01 1.934061e+01 
-1.369915e+01 1.932228e+01 
-1.379877e+01 1.930315e+01 
-1.389838e+01 1.928322e+01 
-1.399800e+01 1.926247e+01 
-1.409761e+01 1.924090e+01 
-1.419722e+01 1.921850e+01 
-1.429683e+01 1.919527e+01 
-1.439644e+01 1.917120e+01 
-1.449605e+01 1.914628e+01 
-1.459566e+01 1.912050e+01 
-1.469527e+01 1.909386e+01 
-1.479487e+01 1.906634e+01 
-1.489448e+01 1.903794e+01 
-1.499408e+01 1.900865e+01 
-1.509368e+01 1.897847e+01 
-1.519329e+01 1.894738e+01 
-1.529295e+01 1.891537e+01 
-1.539262e+01 1.888255e+01 
-1.549229e+01 1.884898e+01 
-1.559196e+01 1.881465e+01 
-1.569163e+01 1.877953e+01 
-1.579130e+01 1.874363e+01 
-1.589096e+01 1.870692e+01 
-1.599062e+01 1.866939e+01 
-1.609028e+01 1.863105e+01 
-1.618994e+01 1.859186e+01 
-1.628959e+01 1.855182e+01 
-1.638924e+01 1.851091e+01 
-1.648889e+01 1.846912e+01 
-1.658854e+01 1.842644e+01 
-1.668818e+01 1.838285e+01 
-1.678783e+01 1.833833e+01 
-1.688746e+01 1.829287e+01 
-1.698710e+01 1.824645e+01 
-1.708674e+01 1.819905e+01 
-1.718637e+01 1.815066e+01 
-1.728600e+01 1.810126e+01 
-1.738565e+01 1.805081e+01 
-1.748535e+01 1.799936e+01 
-1.758505e+01 1.794705e+01 
-1.768475e+01 1.789388e+01 
-1.778445e+01 1.783983e+01 
-1.788415e+01 1.778490e+01 
-1.798384e+01 1.772907e+01 
-1.808353e+01 1.767231e+01 
-1.818322e+01 1.761461e+01 
-1.828291e+01 1.755595e+01 
-1.838259e+01 1.749631e+01 
-1.848227e+01 1.743566e+01 
-1.858195e+01 1.737399e+01 
-1.868163e+01 1.731128e+01 
-1.878130e+01 1.724749e+01 
-1.888097e+01 1.718261e+01 
-1.898064e+01 1.711661e+01 
-1.908031e+01 1.704946e+01 
-1.917997e+01 1.698114e+01 
-1.927963e+01 1.691162e+01 
-1.937929e+01 1.684086e+01 
-1.947895e+01 1.676884e+01 
-1.957860e+01 1.669553e+01 
-1.967826e+01 1.662089e+01 
-1.977791e+01 1.654488e+01 
-1.987755e+01 1.646746e+01 
-1.997720e+01 1.638861e+01 
-2.007691e+01 1.630824e+01 
-2.017667e+01 1.622658e+01 
-2.027644e+01 1.614390e+01 
-2.037620e+01 1.606017e+01 
-2.047595e+01 1.597536e+01 
-2.057571e+01 1.588946e+01 
-2.067547e+01 1.580244e+01 
-2.077522e+01 1.571428e+01 
-2.087498e+01 1.562494e+01 
-2.097473e+01 1.553442e+01 
-2.107449e+01 1.544267e+01 
-2.117424e+01 1.534968e+01 
-2.127399e+01 1.525540e+01 
-2.137374e+01 1.515982e+01 
-2.147348e+01 1.506290e+01 
-2.157323e+01 1.496460e+01 
-2.167298e+01 1.486489e+01 
-2.177136e+01 1.476514e+01 
-2.186836e+01 1.466540e+01 
-2.196399e+01 1.456565e+01 
-2.205829e+01 1.446591e+01 
-2.215126e+01 1.436616e+01 
-2.224295e+01 1.426642e+01 
-2.233335e+01 1.416668e+01 
-2.242250e+01 1.406694e+01 
-2.251041e+01 1.396721e+01 
-2.259703e+01 1.386749e+01 
-2.268235e+01 1.376778e+01 
-2.276638e+01 1.366807e+01 
-2.284915e+01 1.356835e+01 
-2.293068e+01 1.346863e+01 
-2.301100e+01 1.336892e+01 
-2.309013e+01 1.326920e+01 
-2.316810e+01 1.316949e+01 
-2.324491e+01 1.306977e+01 
-2.332060e+01 1.297005e+01 
-2.339518e+01 1.287034e+01 
-2.346866e+01 1.277062e+01 
-2.354108e+01 1.267090e+01 
-2.361243e+01 1.257119e+01 
-2.368275e+01 1.247147e+01 
-2.375204e+01 1.237175e+01 
-2.382032e+01 1.227203e+01 
-2.388761e+01 1.217231e+01 
-2.395392e+01 1.207260e+01 
-2.401926e+01 1.197288e+01 
-2.408365e+01 1.187316e+01 
-2.414709e+01 1.177344e+01 
-2.420961e+01 1.167372e+01 
-2.427120e+01 1.157401e+01 
-2.433189e+01 1.147429e+01 
-2.439169e+01 1.137457e+01 
-2.445060e+01 1.127484e+01 
-2.450869e+01 1.117507e+01 
-2.456610e+01 1.107528e+01 
-2.462286e+01 1.097549e+01 
-2.467898e+01 1.087570e+01 
-2.473447e+01 1.077591e+01 
-2.478932e+01 1.067613e+01 
-2.484354e+01 1.057634e+01 
-2.489713e+01 1.047656e+01 
-2.495011e+01 1.037677e+01 
-2.500246e+01 1.027699e+01 
-2.505419e+01 1.017720e+01 
-2.510530e+01 1.007742e+01 
-2.515581e+01 9.977638e+00 
-2.520570e+01 9.877857e+00 
-2.525499e+01 9.778076e+00 
-2.530367e+01 9.678295e+00 
-2.535175e+01 9.578516e+00 
-2.539924e+01 9.478737e+00 
-2.544612e+01 9.378958e+00 
-2.549241e+01 9.279181e+00 
-2.553810e+01 9.179404e+00 
-2.558321e+01 9.079628e+00 
-2.562772e+01 8.979852e+00 
-2.567166e+01 8.880077e+00 
-2.571500e+01 8.780303e+00 
-2.575776e+01 8.680529e+00 
-2.579995e+01 8.580756e+00 
-2.584155e+01 8.480986e+00 
-2.588257e+01 8.381221e+00 
-2.592300e+01 8.281456e+00 
-2.596285e+01 8.181691e+00 
-2.600210e+01 8.081927e+00 
-2.604078e+01 7.982162e+00 
-2.607888e+01 7.882398e+00 
-2.611640e+01 7.782633e+00 
-2.615336e+01 7.682869e+00 
-2.618974e+01 7.583104e+00 
-2.622556e+01 7.483340e+00 
-2.626082e+01 7.383575e+00 
-2.629552e+01 7.283811e+00 
-2.632966e+01 7.184046e+00 
-2.636325e+01 7.084281e+00 
-2.639629e+01 6.984516e+00 
-2.642878e+01 6.884751e+00 
-2.646073e+01 6.784986e+00 
-2.649214e+01 6.685220e+00 
-2.652301e+01 6.585455e+00 
-2.655335e+01 6.485688e+00 
-2.658315e+01 6.385922e+00 
-2.661242e+01 6.286156e+00 
-2.664117e+01 6.186389e+00 
-2.666940e+01 6.086622e+00 
-2.669710e+01 5.986854e+00 
-2.672429e+01 5.887086e+00 
-2.675097e+01 5.787318e+00 
-2.677713e+01 5.687549e+00 
-2.680278e+01 5.587780e+00 
-2.682793e+01 5.488010e+00 
-2.685257e+01 5.388240e+00 
-2.687672e+01 5.288469e+00 
-2.690036e+01 5.188698e+00 
-2.692351e+01 5.088927e+00 
-2.694617e+01 4.989154e+00 
-2.696834e+01 4.889381e+00 
-2.699003e+01 4.789608e+00 
-2.701123e+01 4.689834e+00 
-2.703195e+01 4.590059e+00 
-2.705219e+01 4.490270e+00 
-2.707199e+01 4.390464e+00 
-2.709139e+01 4.290646e+00 
-2.711040e+01 4.190828e+00 
-2.712902e+01 4.091011e+00 
-2.714727e+01 3.991193e+00 
-2.716513e+01 3.891382e+00 
-2.718259e+01 3.791573e+00 
-2.719966e+01 3.691762e+00 
-2.721633e+01 3.591952e+00 
-2.723261e+01 3.492142e+00 
-2.724850e+01 3.392332e+00 
-2.726399e+01 3.292524e+00 
-2.727908e+01 3.192715e+00 
-2.729378e+01 3.092907e+00 
-2.730808e+01 2.993100e+00 
-2.732199e+01 2.893293e+00 
-2.733550e+01 2.793487e+00 
-2.734861e+01 2.693681e+00 
-2.736133e+01 2.593875e+00 
-2.737365e+01 2.494070e+00 
-2.738557e+01 2.394265e+00 
-2.739710e+01 2.294461e+00 
-2.740822e+01 2.194657e+00 
-2.741895e+01 2.094854e+00 
-2.742928e+01 1.995051e+00 
-2.743920e+01 1.895248e+00 
-2.744873e+01 1.795446e+00 
-2.745786e+01 1.695644e+00 
-2.746659e+01 1.595843e+00 
-2.747491e+01 1.496042e+00 
-2.748284e+01 1.396241e+00 
-2.749036e+01 1.296445e+00 
-2.749748e+01 1.196648e+00 
-2.750418e+01 1.096854e+00 
-2.751048e+01 9.970596e-01 
-2.751635e+01 8.972668e-01 
-2.752182e+01 7.974754e-01 
-2.752686e+01 6.976870e-01 
-2.753149e+01 5.979050e-01 
-2.763140e+01 6.020950e-01 
-2.762676e+01 7.023130e-01 
-2.762169e+01 8.025246e-01 
-2.761621e+01 9.027332e-01 
-2.761030e+01 1.002940e+00 
-2.760399e+01 1.103146e+00 
-2.759725e+01 1.203352e+00 
-2.759011e+01 1.303555e+00 
-2.758256e+01 1.403759e+00 
-2.757460e+01 1.503958e+00 
-2.756624e+01 1.604157e+00 
-2.755748e+01 1.704356e+00 
-2.754832e+01 1.804554e+00 
-2.753875e+01 1.904752e+00 
-2.752878e+01 2.004949e+00 
-2.751842e+01 2.105146e+00 
-2.750765e+01 2.205343e+00 
-2.749648e+01 2.305539e+00 
-2.748491e+01 2.405735e+00 
-2.747294e+01 2.505930e+00 
-2.746058e+01 2.606125e+00 
-2.744781e+01 2.706319e+00 
-2.743465e+01 2.806513e+00 
-2.742109e+01 2.906707e+00 
-2.740713e+01 3.006900e+00 
-2.739277e+01 3.107093e+00 
-2.737801e+01 3.207285e+00 
-2.736286e+01 3.307476e+00 
-2.734731e+01 3.407668e+00 
-2.733137e+01 3.507858e+00 
-2.731503e+01 3.608048e+00 
-2.729829e+01 3.708238e+00 
-2.728116e+01 3.808427e+00 
-2.726363e+01 3.908618e+00 
-2.724570e+01 4.008807e+00 
-2.722739e+01 4.108989e+00 
-2.720870e+01 4.209172e+00 
-2.718962e+01 4.309354e+00 
-2.717016e+01 4.409536e+00 
-2.715028e+01 4.509730e+00 
-2.712995e+01 4.609941e+00 
-2.710914e+01 4.710166e+00 
-2.708785e+01 4.810392e+00 
-2.706606e+01 4.910619e+00 
-2.704379e+01 5.010846e+00 
-2.702103e+01 5.111073e+00 
-2.699777e+01 5.211302e+00 
-2.697402e+01 5.311531e+00 
-2.694977e+01 5.411760e+00 
-2.692501e+01 5.511990e+00 
-2.689975e+01 5.612220e+00 
-2.687398e+01 5.712451e+00 
-2.684769e+01 5.812682e+00 
-2.682090e+01 5.912914e+00 
-2.679359e+01 6.013146e+00 
-2.676575e+01 6.113378e+00 
-2.673740e+01 6.213611e+00 
-2.670851e+01 6.313844e+00 
-2.667910e+01 6.414078e+00 
-2.664916e+01 6.514312e+00 
-2.661868e+01 6.614545e+00 
-2.658767e+01 6.714780e+00 
-2.655612e+01 6.815014e+00 
-2.652402e+01 6.915249e+00 
-2.649137e+01 7.015484e+00 
-2.645818e+01 7.115719e+00 
-2.642443e+01 7.215954e+00 
-2.639013e+01 7.316189e+00 
-2.635527e+01 7.416425e+00 
-2.631985e+01 7.516660e+00 
-2.628386e+01 7.616896e+00 
-2.624730e+01 7.717131e+00 
-2.621018e+01 7.817367e+00 
-2.617248e+01 7.917602e+00 
-2.613420e+01 8.017838e+00 
-2.609534e+01 8.118073e+00 
-2.605590e+01 8.218309e+00 
-2.601587e+01 8.318544e+00 
-2.597525e+01 8.418779e+00 
-2.593404e+01 8.519014e+00 
-2.589225e+01 8.619244e+00 
-2.584987e+01 8.719471e+00 
-2.580691e+01 8.819697e+00 
-2.576337e+01 8.919923e+00 
-2.571925e+01 9.020148e+00 
-2.567453e+01 9.120372e+00 
-2.562922e+01 9.220596e+00 
-2.558333e+01 9.320819e+00 
-2.553683e+01 9.421042e+00 
-2.548974e+01 9.521263e+00 
-2.544205e+01 9.621484e+00 
-2.539376e+01 9.721705e+00 
-2.534486e+01 9.821924e+00 
-2.529536e+01 9.922143e+00 
-2.524525e+01 1.002236e+01 
-2.519453e+01 1.012258e+01 
-2.514319e+01 1.022280e+01 
-2.509123e+01 1.032301e+01 
-2.503866e+01 1.042323e+01 
-2.498546e+01 1.052344e+01 
-2.493164e+01 1.062366e+01 
-2.487718e+01 1.072387e+01 
-2.482210e+01 1.082409e+01 
-2.476638e+01 1.092430e+01 
-2.471002e+01 1.102451e+01 
-2.465302e+01 1.112472e+01 
-2.459538e+01 1.122493e+01 
-2.453702e+01 1.132516e+01 
-2.447779e+01 1.142543e+01 
-2.441766e+01 1.152571e+01 
-2.435663e+01 1.162599e+01 
-2.429468e+01 1.172628e+01 
-2.423182e+01 1.182656e+01 
-2.416802e+01 1.192684e+01 
-2.410327e+01 1.202712e+01 
-2.403756e+01 1.212740e+01 
-2.397088e+01 1.222769e+01 
-2.390322e+01 1.232797e+01 
-2.383455e+01 1.242825e+01 
-2.376487e+01 1.252853e+01 
-2.369416e+01 1.262881e+01 
-2.362240e+01 1.272910e+01 
-2.354958e+01 1.282938e+01 
-2.347568e+01 1.292966e+01 
-2.340068e+01 1.302995e+01 
-2.332457e+01 1.313023e+01 
-2.324732e+01 1.323051e+01 
-2.316891e+01 1.333080e+01 
-2.308933e+01 1.343108e+01 
-2.300856e+01 1.353137e+01 
-2.292656e+01 1.363165e+01 
-2.284332e+01 1.373193e+01 
-2.275881e+01 1.383222e+01 
-2.267302e+01 1.393251e+01 
-2.258590e+01 1.403279e+01 
-2.249752e+01 1.413306e+01 
-2.240791e+01 1.423332e+01 
-2.231704e+01 1.433358e+01 
-2.222489e+01 1.443384e+01 
-2.213143e+01 1.453409e+01 
-2.203666e+01 1.463435e+01 
-2.194054e+01 1.473460e+01 
-2.184305e+01 1.483486e+01 
-2.174418e+01 1.493511e+01 
-2.164393e+01 1.503532e+01 
-2.154368e+01 1.513412e+01 
-2.144342e+01 1.523154e+01 
-2.134317e+01 1.532760e+01 
-2.124292e+01 1.542235e+01 
-2.114268e+01 1.551581e+01 
-2.104243e+01 1.560802e+01 
-2.094218e+01 1.569900e+01 
-2.084194e+01 1.578877e+01 
-2.074169e+01 1.587737e+01 
-2.064145e+01 1.596482e+01 
-2.054121e+01 1.605114e+01 
-2.044097e+01 1.613636e+01 
-2.034073e+01 1.622050e+01 
-2.024049e+01 1.630358e+01 
-2.014025e+01 1.638562e+01 
-2.003996e+01 1.646646e+01 
-1.993961e+01 1.654588e+01 
-1.983926e+01 1.662385e+01 
-1.973891e+01 1.670039e+01 
-1.963856e+01 1.677557e+01 
-1.953821e+01 1.684939e+01 
-1.943787e+01 1.692191e+01 
-1.933753e+01 1.699316e+01 
-1.923719e+01 1.706316e+01 
-1.913685e+01 1.713194e+01 
-1.903652e+01 1.719954e+01 
-1.893619e+01 1.726599e+01 
-1.883586e+01 1.733130e+01 
-1.873553e+01 1.739551e+01 
-1.863521e+01 1.745863e+01 
-1.853489e+01 1.752070e+01 
-1.843457e+01 1.758174e+01 
-1.833425e+01 1.764176e+01 
-1.823394e+01 1.770080e+01 
-1.813363e+01 1.775886e+01 
-1.803332e+01 1.781597e+01 
-1.793301e+01 1.787215e+01 
-1.783271e+01 1.792742e+01 
-1.773241e+01 1.798179e+01 
-1.763211e+01 1.803528e+01 
-1.753181e+01 1.808791e+01 
-1.743151e+01 1.813967e+01 
-1.733116e+01 1.819047e+01 
-1.723079e+01 1.824025e+01 
-1.713043e+01 1.828900e+01 
-1.703006e+01 1.833675e+01 
-1.692970e+01 1.838351e+01 
-1.682934e+01 1.842931e+01 
-1.672898e+01 1.847415e+01 
-1.662862e+01 1.851806e+01 
-1.652827e+01 1.856105e+01 
-1.642792e+01 1.860313e+01 
-1.632757e+01 1.864433e+01 
-1.622722e+01 1.868465e+01 
-1.612688e+01 1.872411e+01 
-1.602654e+01 1.876272e+01 
-1.592620e+01 1.880050e+01 
-1.582586e+01 1.883746e+01 
-1.572553e+01 1.887361e+01 
-1.562520e+01 1.890896e+01 
-1.552487e+01 1.894353e+01 
-1.542454e+01 1.897732e+01 
-1.532422e+01 1.901035e+01 
-1.522387e+01 1.904259e+01 
-1.512348e+01 1.907393e+01 
-1.502308e+01 1.910436e+01 
-1.492269e+01 1.913388e+01 
-1.482229e+01 1.916251e+01 
-1.472190e+01 1.919024e+01 
-1.462150e+01 1.921710e+01 
-1.452111e+01 1.924309e+01 
-1.442072e+01 1.926821e+01 
-1.432033e+01 1.929247e+01 
-1.421994e+01 1.931589e+01 
-1.411955e+01 1.933846e+01 
-1.401916e+01 1.936020e+01 
-1.391878e+01 1.938111e+01 
-1.381839e+01 1.940121e+01 
-1.371801e+01 1.942049e+01 
-1.361763e+01 1.943896e+01 
-1.351725e+01 1.945664e+01 
-1.341687e+01 1.947352e+01 
-1.331650e+01 1.948962e+01 
-1.321613e+01 1.950495e+01 
-1.311575e+01 1.951950e+01 
-1.301539e+01 1.953329e+01 
-1.291502e+01 1.954632e+01 
-1.281465e+01 1.955860e+01 
-1.271429e+01 1.957014e+01 
-1.261393e+01 1.958094e+01 
-1.251356e+01 1.959099e+01 
-1.241317e+01 1.960025e+01 
-1.231279e+01 1.960873e+01 
-1.221241e+01 1.961643e+01 
-1.211203e+01 1.962338e+01 
-1.201166e+01 1.962958e+01 
-1.191130e+01 1.963505e+01 
-1.181095e+01 1.963980e+01 
-1.171060e+01 1.964386e+01 
-1.161015e+01 1.964701e+01 
-1.150958e+01 1.964902e+01 
-1.140900e+01 1.964988e+01 
-1.130844e+01 1.964960e+01 
-1.120789e+01 1.964820e+01 
-1.110734e+01 1.964571e+01 
-1.100680e+01 1.964214e+01 
-1.090628e+01 1.963751e+01 
-1.080576e+01 1.963183e+01 
-1.070525e+01 1.962512e+01 
-1.060475e+01 1.961741e+01 
-1.050426e+01 1.960870e+01 
-1.040378e+01 1.959902e+01 
-1.030332e+01 1.958838e+01 
-1.020286e+01 1.957681e+01 
-1.010241e+01 1.956431e+01 
-1.000197e+01 1.955092e+01 
-9.901539e+00 1.953663e+01 
-9.801119e+00 1.952148e+01 
-9.700709e+00 1.950547e+01 
-9.600309e+00 1.948863e+01 
-9.499919e+00 1.947098e+01 
-9.399538e+00 1.945252e+01 
-9.299166e+00 1.943328e+01 
-9.198804e+00 1.941327e+01 
-9.098451e+00 1.939251e+01 
-8.998108e+00 1.937102e+01 
-8.897773e+00 1.934881e+01 
-8.797447e+00 1.932589e+01 
-8.697130e+00 1.930229e+01 
-8.596821e+00 1.927802e+01 
-8.496521e+00 1.925309e+01 
-8.396229e+00 1.922752e+01 
-8.295901e+00 1.920122e+01 
-8.195396e+00 1.917375e+01 
-8.094829e+00 1.914498e+01 
-7.994300e+00 1.911503e+01 
-7.893792e+00 1.908391e+01 
-7.793286e+00 1.905162e+01 
-7.692783e+00 1.901815e+01 
-7.592284e+00 1.898351e+01 
-7.491788e+00 1.894768e+01 
-7.391295e+00 1.891066e+01 
-7.290809e+00 1.887245e+01 
-7.190327e+00 1.883305e+01 
-7.089850e+00 1.879245e+01 
-6.989379e+00 1.875067e+01 
-6.888914e+00 1.870769e+01 
-6.788457e+00 1.866353e+01 
-6.688006e+00 1.861818e+01 
-6.587563e+00 1.857165e+01 
-6.487128e+00 1.852395e+01 
-6.386700e+00 1.847508e+01 
-6.286281e+00 1.842504e+01 
-6.185870e+00 1.837385e+01 
-6.085468e+00 1.832151e+01 
-5.985074e+00 1.826804e+01 
-5.884690e+00 1.821344e+01 
-5.784315e+00 1.815773e+01 
-5.683929e+00 1.810084e+01 
-5.583350e+00 1.804206e+01 
-5.482729e+00 1.798129e+01 
-5.382120e+00 1.791854e+01 
-5.281524e+00 1.785381e+01 
-5.180943e+00 1.778710e+01 
-5.080376e+00 1.771841e+01 
-4.979823e+00 1.764772e+01 
-4.879284e+00 1.757503e+01 
-4.778760e+00 1.750034e+01 
-4.678250e+00 1.742365e+01 
-4.577750e+00 1.734495e+01 
-4.477218e+00 1.726398e+01 
-4.376571e+00 1.718012e+01 
-4.275928e+00 1.709334e+01 
-4.175298e+00 1.700359e+01 
-4.074680e+00 1.691079e+01 
-3.974076e+00 1.681487e+01 
-3.873486e+00 1.671576e+01 
-3.774682e+00 1.661518e+01 
-3.678970e+00 1.651461e+01 
-3.586145e+00 1.641406e+01 
-3.496031e+00 1.631351e+01 
-3.408906e+00 1.621287e+01 
-3.324859e+00 1.611218e+01 
-3.243757e+00 1.601151e+01 
-3.165703e+00 1.591076e+01 
-3.090843e+00 1.580995e+01 
-3.018928e+00 1.570919e+01 
-2.949654e+00 1.560848e+01 
-2.882757e+00 1.550782e+01 
-2.818022e+00 1.540719e+01 
-2.755267e+00 1.530661e+01 
-2.694467e+00 1.520600e+01 
-2.635546e+00 1.510541e+01 
-2.578412e+00 1.500484e+01 
-2.522969e+00 1.490428e+01 
-2.469261e+00 1.480369e+01 
-2.417362e+00 1.470306e+01 
-2.367208e+00 1.460245e+01 
-2.318877e+00 1.450178e+01 
-2.271947e+00 1.440130e+01 
-2.226136e+00 1.430090e+01 
-2.181390e+00 1.420050e+01 
-2.137693e+00 1.410010e+01 
-2.095034e+00 1.399970e+01 
-2.053405e+00 1.389929e+01 
-2.012841e+00 1.379887e+01 
-1.973553e+00 1.369834e+01 
-1.935765e+00 1.359772e+01 
-1.899290e+00 1.349720e+01 
-1.863662e+00 1.339688e+01 
-1.828755e+00 1.329658e+01 
-1.794512e+00 1.319630e+01 
-1.760897e+00 1.309604e+01 
-1.727857e+00 1.299580e+01 
-1.695163e+00 1.289566e+01 
-1.662881e+00 1.279548e+01 
-1.631229e+00 1.269519e+01 
-1.600475e+00 1.259479e+01 
-1.570728e+00 1.249434e+01 
-1.541960e+00 1.239391e+01 
-1.513938e+00 1.229360e+01 
-1.486572e+00 1.219331e+01 
-1.459865e+00 1.209301e+01 
-1.433836e+00 1.199270e+01 
-1.408502e+00 1.189239e+01 
-1.383906e+00 1.179205e+01 
-1.360053e+00 1.169171e+01 
-1.336912e+00 1.159138e+01 
-1.314552e+00 1.149102e+01 
-1.292952e+00 1.139066e+01 
-1.272114e+00 1.129031e+01 
-1.251932e+00 1.119001e+01 
-1.232005e+00 1.108991e+01 
-1.212592e+00 1.098965e+01 
-1.193910e+00 1.088929e+01 
-1.175956e+00 1.078895e+01 
-1.158689e+00 1.068862e+01 
-1.142071e+00 1.058832e+01 
-1.126074e+00 1.048802e+01 
-1.110671e+00 1.038773e+01 
-1.095834e+00 1.028746e+01 
-1.081541e+00 1.018720e+01 
-1.067764e+00 1.008695e+01 
-1.054439e+00 9.986734e+00 
-1.041362e+00 9.886620e+00 
-1.028358e+00 9.786590e+00 
-1.015641e+00 9.686443e+00 
-1.003353e+00 9.586229e+00 
-9.914819e-01 9.486026e+00 
-9.800048e-01 9.385834e+00 
-9.689023e-01 9.285651e+00 
-1.068294e+00 9.274637e+00 
