1.854017e+01 -5.983212e-01 
1.853682e+01 -6.980774e-01 
1.853298e+01 -7.978342e-01 
1.852866e+01 -8.975915e-01 
1.852385e+01 -9.973493e-01 
1.851855e+01 -1.097108e+00 
1.851277e+01 -1.196866e+00 
1.850651e+01 -1.296626e+00 
1.849976e+01 -1.396386e+00 
1.849253e+01 -1.496146e+00 
1.848482e+01 -1.595907e+00 
1.847662e+01 -1.695669e+00 
1.846795e+01 -1.795431e+00 
1.845880e+01 -1.895193e+00 
1.844916e+01 -1.994916e+00 
1.843897e+01 -2.094625e+00 
1.842819e+01 -2.194334e+00 
1.841682e+01 -2.294042e+00 
1.840486e+01 -2.393749e+00 
1.839229e+01 -2.493456e+00 
1.837913e+01 -2.593163e+00 
1.836537e+01 -2.692869e+00 
1.835100e+01 -2.792575e+00 
1.833603e+01 -2.892280e+00 
1.832045e+01 -2.991985e+00 
1.830426e+01 -3.091689e+00 
1.828745e+01 -3.191393e+00 
1.827003e+01 -3.291096e+00 
1.825199e+01 -3.390799e+00 
1.823332e+01 -3.490502e+00 
1.821403e+01 -3.590204e+00 
1.819412e+01 -3.689906e+00 
1.817357e+01 -3.789607e+00 
1.815238e+01 -3.889308e+00 
1.813056e+01 -3.989009e+00 
1.810809e+01 -4.088709e+00 
1.808498e+01 -4.188409e+00 
1.806122e+01 -4.288108e+00 
1.803681e+01 -4.387807e+00 
1.801174e+01 -4.487506e+00 
1.798602e+01 -4.587205e+00 
1.795963e+01 -4.686903e+00 
1.793257e+01 -4.786601e+00 
1.790484e+01 -4.886299e+00 
1.787643e+01 -4.986000e+00 
1.784734e+01 -5.085730e+00 
1.781764e+01 -5.185482e+00 
1.778737e+01 -5.285233e+00 
1.775654e+01 -5.384984e+00 
1.772513e+01 -5.484734e+00 
1.769315e+01 -5.584484e+00 
1.766059e+01 -5.684233e+00 
1.762745e+01 -5.783982e+00 
1.759371e+01 -5.883731e+00 
1.755939e+01 -5.983479e+00 
1.752447e+01 -6.083212e+00 
1.748893e+01 -6.182924e+00 
1.745270e+01 -6.282636e+00 
1.741578e+01 -6.382345e+00 
1.737815e+01 -6.482053e+00 
1.733980e+01 -6.581759e+00 
1.730074e+01 -6.681464e+00 
1.726094e+01 -6.781167e+00 
1.722040e+01 -6.880868e+00 
1.717911e+01 -6.980568e+00 
1.713706e+01 -7.080267e+00 
1.709424e+01 -7.179964e+00 
1.705064e+01 -7.279660e+00 
1.700624e+01 -7.379355e+00 
1.696105e+01 -7.479048e+00 
1.691504e+01 -7.578737e+00 
1.686821e+01 -7.678420e+00 
1.682052e+01 -7.778092e+00 
1.677194e+01 -7.877760e+00 
1.672244e+01 -7.977426e+00 
1.667202e+01 -8.077092e+00 
1.662065e+01 -8.176758e+00 
1.656832e+01 -8.276422e+00 
1.651503e+01 -8.376086e+00 
1.646076e+01 -8.475750e+00 
1.640549e+01 -8.575414e+00 
1.634921e+01 -8.675077e+00 
1.629190e+01 -8.774741e+00 
1.623356e+01 -8.874404e+00 
1.617418e+01 -8.974068e+00 
1.611372e+01 -9.073732e+00 
1.605220e+01 -9.173386e+00 
1.598955e+01 -9.273021e+00 
1.592570e+01 -9.372660e+00 
1.586063e+01 -9.472303e+00 
1.579433e+01 -9.571949e+00 
1.572680e+01 -9.671598e+00 
1.565802e+01 -9.771251e+00 
1.558799e+01 -9.870908e+00 
1.551669e+01 -9.970568e+00 
1.544412e+01 -1.007023e+01 
1.537027e+01 -1.016990e+01 
1.529513e+01 -1.026957e+01 
1.521868e+01 -1.036924e+01 
1.514091e+01 -1.046892e+01 
1.506182e+01 -1.056860e+01 
1.498139e+01 -1.066829e+01 
1.489961e+01 -1.076797e+01 
1.481646e+01 -1.086767e+01 
1.473194e+01 -1.096736e+01 
1.464605e+01 -1.106703e+01 
1.455868e+01 -1.116666e+01 
1.446953e+01 -1.126628e+01 
1.437853e+01 -1.136589e+01 
1.428560e+01 -1.146551e+01 
1.419068e+01 -1.156512e+01 
1.409368e+01 -1.166472e+01 
1.399453e+01 -1.176433e+01 
1.389493e+01 -1.186215e+01 
1.379533e+01 -1.195780e+01 
1.369574e+01 -1.205133e+01 
1.359615e+01 -1.214279e+01 
1.349657e+01 -1.223223e+01 
1.339698e+01 -1.231971e+01 
1.329739e+01 -1.240527e+01 
1.319781e+01 -1.248896e+01 
1.309822e+01 -1.257083e+01 
1.299861e+01 -1.265095e+01 
1.289900e+01 -1.272947e+01 
1.279938e+01 -1.280643e+01 
1.269977e+01 -1.288184e+01 
1.260015e+01 -1.295576e+01 
1.250054e+01 -1.302820e+01 
1.240093e+01 -1.309921e+01 
1.230131e+01 -1.316880e+01 
1.220170e+01 -1.323702e+01 
1.210209e+01 -1.330387e+01 
1.200256e+01 -1.336931e+01 
1.190304e+01 -1.343317e+01 
1.180352e+01 -1.349545e+01 
1.170399e+01 -1.355618e+01 
1.160447e+01 -1.361541e+01 
1.150494e+01 -1.367317e+01 
1.140540e+01 -1.372950e+01 
1.130587e+01 -1.378443e+01 
1.120636e+01 -1.383798e+01 
1.110688e+01 -1.389009e+01 
1.100741e+01 -1.394073e+01 
1.090793e+01 -1.398991e+01 
1.080844e+01 -1.403766e+01 
1.070896e+01 -1.408402e+01 
1.060946e+01 -1.412902e+01 
1.050996e+01 -1.417271e+01 
1.041046e+01 -1.421511e+01 
1.031095e+01 -1.425625e+01 
1.021143e+01 -1.429617e+01 
1.011191e+01 -1.433490e+01 
1.001238e+01 -1.437246e+01 
9.912845e+00 -1.440888e+01 
9.813304e+00 -1.444420e+01 
9.713756e+00 -1.447843e+01 
9.614201e+00 -1.451160e+01 
9.514640e+00 -1.454375e+01 
9.415136e+00 -1.457486e+01 
9.315728e+00 -1.460482e+01 
9.216343e+00 -1.463344e+01 
9.116957e+00 -1.466069e+01 
9.017568e+00 -1.468658e+01 
8.918177e+00 -1.471115e+01 
8.818783e+00 -1.473439e+01 
8.719385e+00 -1.475634e+01 
8.619984e+00 -1.477701e+01 
8.520579e+00 -1.479641e+01 
8.421170e+00 -1.481457e+01 
8.321757e+00 -1.483150e+01 
8.222348e+00 -1.484721e+01 
8.123018e+00 -1.486170e+01 
8.023723e+00 -1.487481e+01 
7.924435e+00 -1.488649e+01 
7.825153e+00 -1.489673e+01 
7.725875e+00 -1.490553e+01 
7.626601e+00 -1.491287e+01 
7.527331e+00 -1.491876e+01 
7.428064e+00 -1.492320e+01 
7.328798e+00 -1.492618e+01 
7.229535e+00 -1.492771e+01 
7.130272e+00 -1.492777e+01 
7.031009e+00 -1.492636e+01 
6.931745e+00 -1.492349e+01 
6.832481e+00 -1.491916e+01 
6.733214e+00 -1.491336e+01 
6.633945e+00 -1.490610e+01 
6.534673e+00 -1.489737e+01 
6.435397e+00 -1.488717e+01 
6.336142e+00 -1.487551e+01 
6.236962e+00 -1.486235e+01 
6.137842e+00 -1.484753e+01 
6.038720e+00 -1.483089e+01 
5.939582e+00 -1.481243e+01 
5.840425e+00 -1.479215e+01 
5.741252e+00 -1.477009e+01 
5.642028e+00 -1.474623e+01 
5.543069e+00 -1.472077e+01 
5.444184e+00 -1.469304e+01 
5.345258e+00 -1.466280e+01 
5.246299e+00 -1.463009e+01 
5.147373e+00 -1.459496e+01 
5.048659e+00 -1.455735e+01 
4.950078e+00 -1.451664e+01 
4.851488e+00 -1.447230e+01 
4.752882e+00 -1.442422e+01 
4.654256e+00 -1.437225e+01 
4.555613e+00 -1.431624e+01 
4.456947e+00 -1.425605e+01 
4.358261e+00 -1.419148e+01 
4.259508e+00 -1.412229e+01 
4.160782e+00 -1.404848e+01 
4.062561e+00 -1.397003e+01 
3.964371e+00 -1.388385e+01 
3.865989e+00 -1.378852e+01 
3.773339e+00 -1.369004e+01 
3.687897e+00 -1.359141e+01 
3.608348e+00 -1.349266e+01 
3.533895e+00 -1.339401e+01 
3.464590e+00 -1.329551e+01 
3.400408e+00 -1.319685e+01 
3.340531e+00 -1.309811e+01 
3.284454e+00 -1.299922e+01 
3.231636e+00 -1.290032e+01 
3.181869e+00 -1.280132e+01 
3.134849e+00 -1.270232e+01 
3.090453e+00 -1.260327e+01 
3.048462e+00 -1.250414e+01 
3.008522e+00 -1.240469e+01 
2.969981e+00 -1.230531e+01 
2.932938e+00 -1.220594e+01 
2.897397e+00 -1.210654e+01 
2.863277e+00 -1.200712e+01 
2.830482e+00 -1.190765e+01 
2.798908e+00 -1.180815e+01 
2.768476e+00 -1.170863e+01 
2.739121e+00 -1.160908e+01 
2.710757e+00 -1.150945e+01 
2.683193e+00 -1.140973e+01 
2.656275e+00 -1.131010e+01 
2.630175e+00 -1.121048e+01 
2.604908e+00 -1.111084e+01 
2.580412e+00 -1.101116e+01 
2.556621e+00 -1.091147e+01 
2.533480e+00 -1.081175e+01 
2.510937e+00 -1.071201e+01 
2.488967e+00 -1.061229e+01 
2.467583e+00 -1.051257e+01 
2.446801e+00 -1.041282e+01 
2.426550e+00 -1.031305e+01 
2.406776e+00 -1.021332e+01 
2.387576e+00 -1.011360e+01 
2.368968e+00 -1.001388e+01 
2.350940e+00 -9.914150e+00 
2.333486e+00 -9.814420e+00 
2.316590e+00 -9.714660e+00 
2.300189e+00 -9.614883e+00 
2.284248e+00 -9.515093e+00 
2.268745e+00 -9.415312e+00 
2.253705e+00 -9.315603e+00 
2.239206e+00 -9.215497e+00 
2.224504e+00 -9.115495e+00 
2.209809e+00 -9.015566e+00 
2.195261e+00 -8.915641e+00 
2.180867e+00 -8.815719e+00 
2.166635e+00 -8.715806e+00 
2.152588e+00 -8.615929e+00 
2.138801e+00 -8.516112e+00 
2.125394e+00 -8.416315e+00 
2.112403e+00 -8.316525e+00 
2.099843e+00 -8.216742e+00 
2.087725e+00 -8.116964e+00 
2.076057e+00 -8.017163e+00 
2.064794e+00 -7.917349e+00 
2.053907e+00 -7.817516e+00 
2.043354e+00 -7.717635e+00 
2.033041e+00 -7.617740e+00 
2.022941e+00 -7.517846e+00 
2.013057e+00 -7.417953e+00 
2.003389e+00 -7.318061e+00 
1.993941e+00 -7.218171e+00 
1.984709e+00 -7.118208e+00 
1.975548e+00 -7.018217e+00 
1.966406e+00 -6.918233e+00 
1.957298e+00 -6.818261e+00 
1.948247e+00 -6.718299e+00 
1.939275e+00 -6.618350e+00 
1.930407e+00 -6.518418e+00 
1.921687e+00 -6.418617e+00 
1.913361e+00 -6.318726e+00 
1.905252e+00 -6.218783e+00 
1.897260e+00 -6.118855e+00 
1.889413e+00 -6.018932e+00 
1.881720e+00 -5.919009e+00 
1.874184e+00 -5.819091e+00 
1.866813e+00 -5.719179e+00 
1.859620e+00 -5.619275e+00 
1.852621e+00 -5.519378e+00 
1.845829e+00 -5.419495e+00 
1.839271e+00 -5.319574e+00 
1.832868e+00 -5.219596e+00 
1.826509e+00 -5.119608e+00 
1.820174e+00 -5.019622e+00 
1.813868e+00 -4.919640e+00 
1.807597e+00 -4.819660e+00 
1.801368e+00 -4.719687e+00 
1.795196e+00 -4.619759e+00 
1.789168e+00 -4.519828e+00 
1.783276e+00 -4.419852e+00 
1.777437e+00 -4.319944e+00 
1.771784e+00 -4.220059e+00 
1.766359e+00 -4.120164e+00 
1.761146e+00 -4.020251e+00 
1.756106e+00 -3.920322e+00 
1.751207e+00 -3.820355e+00 
1.746372e+00 -3.720343e+00 
1.741511e+00 -3.620310e+00 
1.736583e+00 -3.520271e+00 
1.731583e+00 -3.420322e+00 
1.726687e+00 -3.320437e+00 
1.722021e+00 -3.220539e+00 
1.717558e+00 -3.120618e+00 
1.713253e+00 -3.020676e+00 
1.709064e+00 -2.920714e+00 
1.704951e+00 -2.820732e+00 
1.700873e+00 -2.720731e+00 
1.696793e+00 -2.620752e+00 
1.692755e+00 -2.520766e+00 
1.688744e+00 -2.420766e+00 
1.684735e+00 -2.320770e+00 
1.680733e+00 -2.220781e+00 
1.676754e+00 -2.120800e+00 
1.672814e+00 -2.020827e+00 
1.668929e+00 -1.920917e+00 
1.665223e+00 -1.820963e+00 
1.661607e+00 -1.720953e+00 
1.657971e+00 -1.620946e+00 
1.654321e+00 -1.520964e+00 
1.650710e+00 -1.421006e+00 
1.647182e+00 -1.321029e+00 
1.643702e+00 -1.221103e+00 
1.640369e+00 -1.121179e+00 
1.637188e+00 -1.021237e+00 
1.634123e+00 -9.212769e-01 
1.631137e+00 -8.212984e-01 
1.628194e+00 -7.213132e-01 
1.625281e+00 -6.213220e-01 
1.622384e+00 -5.213266e-01 
1.619497e+00 -4.213257e-01 
1.616608e+00 -3.213085e-01 
1.613684e+00 -2.212841e-01 
1.610711e+00 -1.212841e-01 
1.607761e+00 -2.276956e-02 
1.607739e+00 2.128412e-02 
1.610711e+00 1.212841e-01 
1.613684e+00 2.213085e-01 
1.616608e+00 3.213257e-01 
1.619497e+00 4.213266e-01 
1.622384e+00 5.213220e-01 
1.625280e+00 6.213132e-01 
1.628194e+00 7.212984e-01 
1.631137e+00 8.212769e-01 
1.634122e+00 9.212373e-01 
1.637186e+00 1.021179e+00 
1.640366e+00 1.121103e+00 
1.643699e+00 1.221029e+00 
1.647181e+00 1.321006e+00 
1.650709e+00 1.420964e+00 
1.654321e+00 1.520946e+00 
1.657971e+00 1.620953e+00 
1.661607e+00 1.720963e+00 
1.665222e+00 1.820917e+00 
1.668926e+00 1.920827e+00 
1.672813e+00 2.020800e+00 
1.676754e+00 2.120781e+00 
1.680733e+00 2.220770e+00 
1.684735e+00 2.320766e+00 
1.688744e+00 2.420766e+00 
1.692754e+00 2.520752e+00 
1.696792e+00 2.620731e+00 
1.700873e+00 2.720732e+00 
1.704950e+00 2.820714e+00 
1.709062e+00 2.920676e+00 
1.713250e+00 3.020618e+00 
1.717555e+00 3.120539e+00 
1.722016e+00 3.220437e+00 
1.726681e+00 3.320322e+00 
1.731580e+00 3.420271e+00 
1.736585e+00 3.520310e+00 
1.741512e+00 3.620343e+00 
1.746372e+00 3.720355e+00 
1.751205e+00 3.820322e+00 
1.756102e+00 3.920251e+00 
1.761142e+00 4.020164e+00 
1.766354e+00 4.120059e+00 
1.771777e+00 4.219944e+00 
1.777432e+00 4.319852e+00 
1.783275e+00 4.419828e+00 
1.789164e+00 4.519759e+00 
1.795192e+00 4.619687e+00 
1.801366e+00 4.719660e+00 
1.807596e+00 4.819640e+00 
1.813867e+00 4.919622e+00 
1.820173e+00 5.019608e+00 
1.826508e+00 5.119596e+00 
1.832866e+00 5.219574e+00 
1.839266e+00 5.319495e+00 
1.845822e+00 5.419378e+00 
1.852614e+00 5.519275e+00 
1.859613e+00 5.619179e+00 
1.866806e+00 5.719091e+00 
1.874178e+00 5.819009e+00 
1.881714e+00 5.918932e+00 
1.889407e+00 6.018855e+00 
1.897254e+00 6.118783e+00 
1.797572e+00 6.126756e+00 
1.789714e+00 6.026684e+00 
1.782009e+00 5.926607e+00 
1.774461e+00 5.826530e+00 
1.767077e+00 5.726448e+00 
1.759872e+00 5.626360e+00 
1.752858e+00 5.526264e+00 
1.746052e+00 5.426161e+00 
1.739480e+00 5.326044e+00 
1.733071e+00 5.225965e+00 
1.726710e+00 5.125943e+00 
1.720373e+00 5.025931e+00 
1.714065e+00 4.925917e+00 
1.707792e+00 4.825899e+00 
1.701560e+00 4.725879e+00 
1.695382e+00 4.625852e+00 
1.689345e+00 4.525780e+00 
1.683448e+00 4.425711e+00 
1.677603e+00 4.325687e+00 
1.671937e+00 4.225595e+00 
1.666501e+00 4.125481e+00 
1.661278e+00 4.025375e+00 
1.656229e+00 3.925289e+00 
1.651325e+00 3.825217e+00 
1.646489e+00 3.725184e+00 
1.641630e+00 3.625196e+00 
1.636706e+00 3.525229e+00 
1.631705e+00 3.425268e+00 
1.626801e+00 3.325218e+00 
1.622125e+00 3.225102e+00 
1.617654e+00 3.125000e+00 
1.613343e+00 3.024921e+00 
1.609150e+00 2.924863e+00 
1.605034e+00 2.824825e+00 
1.600956e+00 2.724807e+00 
1.596875e+00 2.624808e+00 
1.592836e+00 2.524787e+00 
1.588825e+00 2.424773e+00 
1.584815e+00 2.324773e+00 
1.580813e+00 2.224769e+00 
1.576833e+00 2.124758e+00 
1.572890e+00 2.024739e+00 
1.569001e+00 1.924712e+00 
1.565290e+00 1.824622e+00 
1.561672e+00 1.724577e+00 
1.558037e+00 1.624586e+00 
1.554387e+00 1.524593e+00 
1.550774e+00 1.424575e+00 
1.547243e+00 1.324533e+00 
1.543760e+00 1.224510e+00 
1.540422e+00 1.124436e+00 
1.537237e+00 1.024360e+00 
1.534169e+00 9.243019e-01 
1.531181e+00 8.242622e-01 
1.528237e+00 7.242407e-01 
1.525323e+00 6.242260e-01 
1.522426e+00 5.242171e-01 
1.519539e+00 4.242125e-01 
1.516650e+00 3.242134e-01 
1.513727e+00 2.242306e-01 
1.510756e+00 1.242550e-01 
1.507783e+00 2.425500e-02 
1.507761e+00 -2.276956e-02 
1.510756e+00 -1.242550e-01 
1.513728e+00 -2.242550e-01 
1.516650e+00 -3.242306e-01 
1.519539e+00 -4.242134e-01 
1.522426e+00 -5.242125e-01 
1.525322e+00 -6.242171e-01 
1.528237e+00 -7.242260e-01 
1.531181e+00 -8.242407e-01 
1.534168e+00 -9.242622e-01 
1.537235e+00 -1.024302e+00 
1.540419e+00 -1.124360e+00 
1.543757e+00 -1.224436e+00 
1.547243e+00 -1.324510e+00 
1.550772e+00 -1.424533e+00 
1.554386e+00 -1.524575e+00 
1.558037e+00 -1.624593e+00 
1.561673e+00 -1.724586e+00 
1.565289e+00 -1.824577e+00 
1.568998e+00 -1.924622e+00 
1.572889e+00 -2.024712e+00 
1.576832e+00 -2.124739e+00 
1.580812e+00 -2.224758e+00 
1.584815e+00 -2.324769e+00 
1.588825e+00 -2.424773e+00 
1.592835e+00 -2.524773e+00 
1.596874e+00 -2.624787e+00 
1.600956e+00 -2.724808e+00 
1.605034e+00 -2.824807e+00 
1.609148e+00 -2.924825e+00 
1.613341e+00 -3.024863e+00 
1.617651e+00 -3.124921e+00 
1.622120e+00 -3.225000e+00 
1.626796e+00 -3.325102e+00 
1.631703e+00 -3.425218e+00 
1.636708e+00 -3.525268e+00 
1.641632e+00 -3.625229e+00 
1.646489e+00 -3.725196e+00 
1.651324e+00 -3.825184e+00 
1.656226e+00 -3.925217e+00 
1.661273e+00 -4.025289e+00 
1.666495e+00 -4.125375e+00 
1.671931e+00 -4.225481e+00 
1.677597e+00 -4.325595e+00 
1.683447e+00 -4.425687e+00 
1.689341e+00 -4.525711e+00 
1.695377e+00 -4.625780e+00 
1.701558e+00 -4.725852e+00 
1.707791e+00 -4.825879e+00 
1.714064e+00 -4.925899e+00 
1.720372e+00 -5.025917e+00 
1.726709e+00 -5.125931e+00 
1.733069e+00 -5.225943e+00 
1.739475e+00 -5.325965e+00 
1.746044e+00 -5.426044e+00 
1.752851e+00 -5.526161e+00 
1.759865e+00 -5.626264e+00 
1.767071e+00 -5.726360e+00 
1.774455e+00 -5.826448e+00 
1.782003e+00 -5.926530e+00 
1.789708e+00 -6.026607e+00 
1.797567e+00 -6.126684e+00 
1.805571e+00 -6.226756e+00 
1.813689e+00 -6.326813e+00 
1.822033e+00 -6.426923e+00 
1.830786e+00 -6.527121e+00 
1.839666e+00 -6.627189e+00 
1.848647e+00 -6.727240e+00 
1.857705e+00 -6.827278e+00 
1.866818e+00 -6.927306e+00 
1.875963e+00 -7.027322e+00 
1.885126e+00 -7.127331e+00 
1.894365e+00 -7.227368e+00 
1.903833e+00 -7.327478e+00 
1.913522e+00 -7.427586e+00 
1.923427e+00 -7.527693e+00 
1.933548e+00 -7.627799e+00 
1.943882e+00 -7.727904e+00 
1.954461e+00 -7.828023e+00 
1.965383e+00 -7.928190e+00 
1.976688e+00 -8.028376e+00 
1.988401e+00 -8.128575e+00 
2.000572e+00 -8.228797e+00 
2.013186e+00 -8.329014e+00 
2.026231e+00 -8.429224e+00 
2.039692e+00 -8.529427e+00 
2.053528e+00 -8.629610e+00 
2.067610e+00 -8.729734e+00 
2.081866e+00 -8.829820e+00 
2.096282e+00 -8.929898e+00 
2.110852e+00 -9.029973e+00 
2.125568e+00 -9.130044e+00 
2.140270e+00 -9.230042e+00 
2.154738e+00 -9.329937e+00 
2.169864e+00 -9.430227e+00 
2.185434e+00 -9.530446e+00 
2.201440e+00 -9.630656e+00 
2.217914e+00 -9.730880e+00 
2.234890e+00 -9.831119e+00 
2.252437e+00 -9.931389e+00 
2.270562e+00 -1.003166e+01 
2.289273e+00 -1.013194e+01 
2.308579e+00 -1.023222e+01 
2.328459e+00 -1.033249e+01 
2.348799e+00 -1.043271e+01 
2.369685e+00 -1.053297e+01 
2.391189e+00 -1.063325e+01 
2.413279e+00 -1.073353e+01 
2.435940e+00 -1.083379e+01 
2.459209e+00 -1.093407e+01 
2.483142e+00 -1.103437e+01 
2.507798e+00 -1.113470e+01 
2.533242e+00 -1.123506e+01 
2.559540e+00 -1.133544e+01 
2.586654e+00 -1.143581e+01 
2.614371e+00 -1.153609e+01 
2.642942e+00 -1.163646e+01 
2.672559e+00 -1.173691e+01 
2.703278e+00 -1.183739e+01 
2.735166e+00 -1.193789e+01 
2.768305e+00 -1.203842e+01 
2.802811e+00 -1.213900e+01 
2.838775e+00 -1.223960e+01 
2.876278e+00 -1.234023e+01 
2.915285e+00 -1.244085e+01 
2.955665e+00 -1.254140e+01 
2.998369e+00 -1.264227e+01 
3.043592e+00 -1.274322e+01 
3.091534e+00 -1.284422e+01 
3.142286e+00 -1.294522e+01 
3.196238e+00 -1.304632e+01 
3.253536e+00 -1.314743e+01 
3.314892e+00 -1.324869e+01 
3.380754e+00 -1.335003e+01 
3.452096e+00 -1.345153e+01 
3.528516e+00 -1.355288e+01 
3.610009e+00 -1.365413e+01 
3.697740e+00 -1.375550e+01 
3.793135e+00 -1.385702e+01 
3.894753e+00 -1.395564e+01 
3.996563e+00 -1.404516e+01 
4.098342e+00 -1.412659e+01 
4.199616e+00 -1.420237e+01 
4.300863e+00 -1.427336e+01 
4.402177e+00 -1.433971e+01 
4.503511e+00 -1.440160e+01 
4.604867e+00 -1.445920e+01 
4.706242e+00 -1.451268e+01 
4.807636e+00 -1.456218e+01 
4.909046e+00 -1.460783e+01 
5.010465e+00 -1.464977e+01 
5.111751e+00 -1.468840e+01 
5.212825e+00 -1.472432e+01 
5.313866e+00 -1.475774e+01 
5.414940e+00 -1.478867e+01 
5.516055e+00 -1.481705e+01 
5.617096e+00 -1.484307e+01 
5.717872e+00 -1.486731e+01 
5.818699e+00 -1.488976e+01 
5.919542e+00 -1.491040e+01 
6.020403e+00 -1.492920e+01 
6.121282e+00 -1.494615e+01 
6.222162e+00 -1.496125e+01 
6.322982e+00 -1.497464e+01 
6.423726e+00 -1.498649e+01 
6.524451e+00 -1.499684e+01 
6.625179e+00 -1.500571e+01 
6.725910e+00 -1.501309e+01 
6.826643e+00 -1.501899e+01 
6.927379e+00 -1.502340e+01 
7.028115e+00 -1.502632e+01 
7.128852e+00 -1.502775e+01 
7.229589e+00 -1.502771e+01 
7.330325e+00 -1.502617e+01 
7.431060e+00 -1.502316e+01 
7.531793e+00 -1.501866e+01 
7.632522e+00 -1.501270e+01 
7.733249e+00 -1.500525e+01 
7.833971e+00 -1.499634e+01 
7.934688e+00 -1.498597e+01 
8.035401e+00 -1.497413e+01 
8.136106e+00 -1.496084e+01 
8.236776e+00 -1.494617e+01 
8.337367e+00 -1.493027e+01 
8.437953e+00 -1.491315e+01 
8.538544e+00 -1.489479e+01 
8.639140e+00 -1.487516e+01 
8.739738e+00 -1.485425e+01 
8.840341e+00 -1.483204e+01 
8.940947e+00 -1.480852e+01 
9.041556e+00 -1.478367e+01 
9.142167e+00 -1.475746e+01 
9.242781e+00 -1.472988e+01 
9.343395e+00 -1.470092e+01 
9.443988e+00 -1.467061e+01 
9.544484e+00 -1.463919e+01 
9.644923e+00 -1.460677e+01 
9.745368e+00 -1.457330e+01 
9.845820e+00 -1.453876e+01 
9.946279e+00 -1.450313e+01 
1.004674e+01 -1.446637e+01 
1.014721e+01 -1.442846e+01 
1.024769e+01 -1.438936e+01 
1.034818e+01 -1.434906e+01 
1.044867e+01 -1.430752e+01 
1.054916e+01 -1.426471e+01 
1.064966e+01 -1.422059e+01 
1.075017e+01 -1.417513e+01 
1.085068e+01 -1.412830e+01 
1.095120e+01 -1.408006e+01 
1.105172e+01 -1.403038e+01 
1.115224e+01 -1.397921e+01 
1.125276e+01 -1.392656e+01 
1.135325e+01 -1.387249e+01 
1.145372e+01 -1.381705e+01 
1.155419e+01 -1.376020e+01 
1.165466e+01 -1.370190e+01 
1.175513e+01 -1.364212e+01 
1.185561e+01 -1.358081e+01 
1.195608e+01 -1.351795e+01 
1.205656e+01 -1.345348e+01 
1.215703e+01 -1.338743e+01 
1.225743e+01 -1.332005e+01 
1.235781e+01 -1.325131e+01 
1.245820e+01 -1.318118e+01 
1.255858e+01 -1.310963e+01 
1.265897e+01 -1.303663e+01 
1.275936e+01 -1.296215e+01 
1.285974e+01 -1.288615e+01 
1.296013e+01 -1.280861e+01 
1.306051e+01 -1.272949e+01 
1.316090e+01 -1.264875e+01 
1.326131e+01 -1.256620e+01 
1.336173e+01 -1.248182e+01 
1.346214e+01 -1.239556e+01 
1.356256e+01 -1.230736e+01 
1.366297e+01 -1.221719e+01 
1.376338e+01 -1.212498e+01 
1.386379e+01 -1.203070e+01 
1.396419e+01 -1.193428e+01 
1.406460e+01 -1.183567e+01 
1.416455e+01 -1.173528e+01 
1.426232e+01 -1.163488e+01 
1.435799e+01 -1.153449e+01 
1.445165e+01 -1.143411e+01 
1.454336e+01 -1.133372e+01 
1.463320e+01 -1.123334e+01 
1.472124e+01 -1.113297e+01 
1.480769e+01 -1.103264e+01 
1.489274e+01 -1.093233e+01 
1.497640e+01 -1.083203e+01 
1.505870e+01 -1.073171e+01 
1.513965e+01 -1.063140e+01 
1.521925e+01 -1.053108e+01 
1.529752e+01 -1.043076e+01 
1.537447e+01 -1.033043e+01 
1.545012e+01 -1.023010e+01 
1.552447e+01 -1.012977e+01 
1.559753e+01 -1.002943e+01 
1.566932e+01 -9.929092e+00 
1.573983e+01 -9.828749e+00 
1.580910e+01 -9.728402e+00 
1.587711e+01 -9.628051e+00 
1.594388e+01 -9.527697e+00 
1.600943e+01 -9.427340e+00 
1.607375e+01 -9.326979e+00 
1.613685e+01 -9.226614e+00 
1.619881e+01 -9.126268e+00 
1.625967e+01 -9.025932e+00 
1.631947e+01 -8.925596e+00 
1.637820e+01 -8.825259e+00 
1.643590e+01 -8.724923e+00 
1.649256e+01 -8.624586e+00 
1.654821e+01 -8.524250e+00 
1.660285e+01 -8.423914e+00 
1.665651e+01 -8.323578e+00 
1.670919e+01 -8.223242e+00 
1.676090e+01 -8.122908e+00 
1.681167e+01 -8.022574e+00 
1.686150e+01 -7.922240e+00 
1.691041e+01 -7.821908e+00 
1.695841e+01 -7.721580e+00 
1.700555e+01 -7.621263e+00 
1.705185e+01 -7.520952e+00 
1.709732e+01 -7.420645e+00 
1.714199e+01 -7.320340e+00 
1.718586e+01 -7.220036e+00 
1.722894e+01 -7.119733e+00 
1.727125e+01 -7.019432e+00 
1.731279e+01 -6.919132e+00 
1.735357e+01 -6.818833e+00 
1.739361e+01 -6.718536e+00 
1.743291e+01 -6.618241e+00 
1.747148e+01 -6.517947e+00 
1.750934e+01 -6.417655e+00 
1.754648e+01 -6.317364e+00 
1.758292e+01 -6.217076e+00 
1.761867e+01 -6.116788e+00 
1.765377e+01 -6.016521e+00 
1.768827e+01 -5.916269e+00 
1.772217e+01 -5.816018e+00 
1.775549e+01 -5.715767e+00 
1.778821e+01 -5.615516e+00 
1.782036e+01 -5.515266e+00 
1.785192e+01 -5.415016e+00 
1.788291e+01 -5.314767e+00 
1.791333e+01 -5.214518e+00 
1.794319e+01 -5.114270e+00 
1.797243e+01 -5.014000e+00 
1.800101e+01 -4.913701e+00 
1.802891e+01 -4.813399e+00 
1.805613e+01 -4.713097e+00 
1.808269e+01 -4.612795e+00 
1.810857e+01 -4.512494e+00 
1.813379e+01 -4.412193e+00 
1.815835e+01 -4.311892e+00 
1.818226e+01 -4.211591e+00 
1.820551e+01 -4.111291e+00 
1.822811e+01 -4.010991e+00 
1.825007e+01 -3.910692e+00 
1.827138e+01 -3.810393e+00 
1.829206e+01 -3.710094e+00 
1.831210e+01 -3.609796e+00 
1.833150e+01 -3.509498e+00 
1.835028e+01 -3.409201e+00 
1.836843e+01 -3.308904e+00 
1.838596e+01 -3.208607e+00 
1.840287e+01 -3.108311e+00 
1.841916e+01 -3.008015e+00 
1.843483e+01 -2.907720e+00 
1.844989e+01 -2.807425e+00 
1.846435e+01 -2.707131e+00 
1.847819e+01 -2.606837e+00 
1.849143e+01 -2.506544e+00 
1.850407e+01 -2.406251e+00 
1.851611e+01 -2.305958e+00 
1.852755e+01 -2.205666e+00 
1.853840e+01 -2.105375e+00 
1.854865e+01 -2.005084e+00 
1.855833e+01 -1.904807e+00 
1.856753e+01 -1.804569e+00 
1.857625e+01 -1.704331e+00 
1.858448e+01 -1.604093e+00 
1.859223e+01 -1.503854e+00 
1.859950e+01 -1.403614e+00 
1.860628e+01 -1.303374e+00 
1.861257e+01 -1.203134e+00 
1.861838e+01 -1.102892e+00 
1.862371e+01 -1.002651e+00 
1.862854e+01 -9.024085e-01 
1.863289e+01 -8.021658e-01 
1.863675e+01 -7.019226e-01 
1.864011e+01 -6.016788e-01 
1.854017e+01 -5.983212e-01 
