-1.525019e+01 -3.992440e-01 
-1.524868e+01 -4.989323e-01 
-1.524655e+01 -5.986205e-01 
-1.524380e+01 -6.983087e-01 
-1.524043e+01 -7.979969e-01 
-1.523644e+01 -8.976852e-01 
-1.523182e+01 -9.973736e-01 
-1.522657e+01 -1.097062e+00 
-1.522071e+01 -1.196751e+00 
-1.521422e+01 -1.296439e+00 
-1.520710e+01 -1.396149e+00 
-1.519939e+01 -1.495865e+00 
-1.519112e+01 -1.595582e+00 
-1.518227e+01 -1.695298e+00 
-1.517286e+01 -1.795013e+00 
-1.516286e+01 -1.894729e+00 
-1.515229e+01 -1.994444e+00 
-1.514114e+01 -2.094159e+00 
-1.512941e+01 -2.193874e+00 
-1.511710e+01 -2.293588e+00 
-1.510421e+01 -2.393302e+00 
-1.509073e+01 -2.493016e+00 
-1.507667e+01 -2.592730e+00 
-1.506202e+01 -2.692444e+00 
-1.504677e+01 -2.792157e+00 
-1.503094e+01 -2.891870e+00 
-1.501451e+01 -2.991583e+00 
-1.499748e+01 -3.091296e+00 
-1.497985e+01 -3.191009e+00 
-1.496163e+01 -3.290721e+00 
-1.494279e+01 -3.390433e+00 
-1.492336e+01 -3.490145e+00 
-1.490331e+01 -3.589857e+00 
-1.488266e+01 -3.689569e+00 
-1.486139e+01 -3.789281e+00 
-1.483950e+01 -3.888992e+00 
-1.481700e+01 -3.988704e+00 
-1.479388e+01 -4.088401e+00 
-1.477011e+01 -4.188067e+00 
-1.474562e+01 -4.287728e+00 
-1.472039e+01 -4.387389e+00 
-1.469441e+01 -4.487050e+00 
-1.466769e+01 -4.586711e+00 
-1.464022e+01 -4.686371e+00 
-1.461198e+01 -4.786031e+00 
-1.458299e+01 -4.885691e+00 
-1.455322e+01 -4.985351e+00 
-1.452269e+01 -5.085011e+00 
-1.449137e+01 -5.184671e+00 
-1.445927e+01 -5.284330e+00 
-1.442639e+01 -5.383990e+00 
-1.439270e+01 -5.483649e+00 
-1.435822e+01 -5.583309e+00 
-1.432293e+01 -5.682969e+00 
-1.428682e+01 -5.782629e+00 
-1.424990e+01 -5.882289e+00 
-1.421215e+01 -5.981949e+00 
-1.417357e+01 -6.081610e+00 
-1.413415e+01 -6.181271e+00 
-1.409389e+01 -6.280932e+00 
-1.405278e+01 -6.380594e+00 
-1.401081e+01 -6.480256e+00 
-1.396797e+01 -6.579918e+00 
-1.392427e+01 -6.679582e+00 
-1.387968e+01 -6.779245e+00 
-1.383421e+01 -6.878910e+00 
-1.378785e+01 -6.978575e+00 
-1.374058e+01 -7.078241e+00 
-1.369241e+01 -7.177908e+00 
-1.364332e+01 -7.277576e+00 
-1.359331e+01 -7.377245e+00 
-1.354237e+01 -7.476915e+00 
-1.349049e+01 -7.576592e+00 
-1.343768e+01 -7.676281e+00 
-1.338396e+01 -7.775978e+00 
-1.332934e+01 -7.875675e+00 
-1.327383e+01 -7.975372e+00 
-1.321740e+01 -8.075070e+00 
-1.316006e+01 -8.174760e+00 
-1.310179e+01 -8.274411e+00 
-1.304243e+01 -8.374056e+00 
-1.298198e+01 -8.473656e+00 
-1.292025e+01 -8.573243e+00 
-1.285716e+01 -8.672828e+00 
-1.279270e+01 -8.772412e+00 
-1.272682e+01 -8.871995e+00 
-1.265950e+01 -8.971577e+00 
-1.259069e+01 -9.071159e+00 
-1.252037e+01 -9.170744e+00 
-1.244852e+01 -9.270330e+00 
-1.237510e+01 -9.369920e+00 
-1.230011e+01 -9.469496e+00 
-1.222345e+01 -9.569069e+00 
-1.214505e+01 -9.668639e+00 
-1.206487e+01 -9.768209e+00 
-1.198285e+01 -9.867777e+00 
-1.189894e+01 -9.967344e+00 
-1.181307e+01 -1.006691e+01 
-1.172519e+01 -1.016648e+01 
-1.163522e+01 -1.026605e+01 
-1.154311e+01 -1.036561e+01 
-1.144879e+01 -1.046518e+01 
-1.135217e+01 -1.056475e+01 
-1.125318e+01 -1.066432e+01 
-1.115362e+01 -1.076205e+01 
-1.105405e+01 -1.085744e+01 
-1.095448e+01 -1.095058e+01 
-1.085491e+01 -1.104155e+01 
-1.075534e+01 -1.113043e+01 
-1.065576e+01 -1.121730e+01 
-1.055618e+01 -1.130223e+01 
-1.045660e+01 -1.138527e+01 
-1.035702e+01 -1.146651e+01 
-1.025743e+01 -1.154600e+01 
-1.015787e+01 -1.162377e+01 
-1.005840e+01 -1.169970e+01 
-9.958954e+00 -1.177354e+01 
-9.859504e+00 -1.184529e+01 
-9.760051e+00 -1.191502e+01 
-9.660596e+00 -1.198280e+01 
-9.561138e+00 -1.204868e+01 
-9.461676e+00 -1.211273e+01 
-9.362211e+00 -1.217500e+01 
-9.262741e+00 -1.223555e+01 
-9.163267e+00 -1.229443e+01 
-9.063788e+00 -1.235168e+01 
-8.964304e+00 -1.240737e+01 
-8.864816e+00 -1.246152e+01 
-8.765343e+00 -1.251418e+01 
-8.665980e+00 -1.256528e+01 
-8.566710e+00 -1.261455e+01 
-8.467437e+00 -1.266183e+01 
-8.368159e+00 -1.270717e+01 
-8.268875e+00 -1.275064e+01 
-8.169587e+00 -1.279227e+01 
-8.070292e+00 -1.283212e+01 
-7.970991e+00 -1.287024e+01 
-7.871684e+00 -1.290666e+01 
-7.772371e+00 -1.294144e+01 
-7.673134e+00 -1.297459e+01 
-7.574060e+00 -1.300592e+01 
-7.474999e+00 -1.303516e+01 
-7.375936e+00 -1.306230e+01 
-7.276869e+00 -1.308739e+01 
-7.177797e+00 -1.311047e+01 
-7.078721e+00 -1.313156e+01 
-6.979638e+00 -1.315072e+01 
-6.880549e+00 -1.316797e+01 
-6.781452e+00 -1.318333e+01 
-6.682346e+00 -1.319686e+01 
-6.583232e+00 -1.320856e+01 
-6.484108e+00 -1.321848e+01 
-6.384973e+00 -1.322665e+01 
-6.285827e+00 -1.323308e+01 
-6.186670e+00 -1.323781e+01 
-6.087505e+00 -1.324087e+01 
-5.988418e+00 -1.324227e+01 
-5.889825e+00 -1.324187e+01 
-5.791408e+00 -1.323871e+01 
-5.692991e+00 -1.323242e+01 
-5.594569e+00 -1.322299e+01 
-5.496140e+00 -1.321039e+01 
-5.397700e+00 -1.319460e+01 
-5.299246e+00 -1.317559e+01 
-5.200776e+00 -1.315332e+01 
-5.102317e+00 -1.312778e+01 
-5.003996e+00 -1.309889e+01 
-4.905868e+00 -1.306627e+01 
-4.807671e+00 -1.302924e+01 
-4.709411e+00 -1.298775e+01 
-4.611108e+00 -1.294176e+01 
-4.513031e+00 -1.289128e+01 
-4.415209e+00 -1.283540e+01 
-4.317550e+00 -1.277284e+01 
-4.220543e+00 -1.270271e+01 
-4.123279e+00 -1.262041e+01 
-4.025690e+00 -1.252454e+01 
-3.939193e+00 -1.242669e+01 
-3.861739e+00 -1.232848e+01 
-3.791108e+00 -1.223015e+01 
-3.726289e+00 -1.213170e+01 
-3.666446e+00 -1.203313e+01 
-3.610938e+00 -1.193446e+01 
-3.559263e+00 -1.183572e+01 
-3.511064e+00 -1.173689e+01 
-3.465915e+00 -1.163789e+01 
-3.423311e+00 -1.153879e+01 
-3.382945e+00 -1.143959e+01 
-3.344537e+00 -1.134038e+01 
-3.308074e+00 -1.124126e+01 
-3.273682e+00 -1.114206e+01 
-3.241129e+00 -1.104278e+01 
-3.210199e+00 -1.094342e+01 
-3.180706e+00 -1.084400e+01 
-3.152496e+00 -1.074451e+01 
-3.125419e+00 -1.064495e+01 
-3.099291e+00 -1.054534e+01 
-3.074009e+00 -1.044572e+01 
-3.049561e+00 -1.034612e+01 
-3.026011e+00 -1.024659e+01 
-3.003435e+00 -1.014696e+01 
-2.981642e+00 -1.004723e+01 
-2.960429e+00 -9.947504e+00 
-2.939793e+00 -9.847773e+00 
-2.919726e+00 -9.748042e+00 
-2.900230e+00 -9.648317e+00 
-2.881314e+00 -9.548599e+00 
-2.862993e+00 -9.448891e+00 
-2.845286e+00 -9.349199e+00 
-2.828226e+00 -9.249537e+00 
-2.811868e+00 -9.149876e+00 
-2.796192e+00 -9.050077e+00 
-2.780916e+00 -8.950187e+00 
-2.765892e+00 -8.850457e+00 
-2.751420e+00 -8.750692e+00 
-2.737422e+00 -8.650860e+00 
-2.723767e+00 -8.551010e+00 
-2.710414e+00 -8.451128e+00 
-2.697300e+00 -8.351219e+00 
-2.684370e+00 -8.251284e+00 
-2.671570e+00 -8.151322e+00 
-2.658849e+00 -8.051367e+00 
-2.646226e+00 -7.951466e+00 
-2.633813e+00 -7.851635e+00 
-2.621750e+00 -7.751841e+00 
-2.610104e+00 -7.652022e+00 
-2.598825e+00 -7.552181e+00 
-2.587868e+00 -7.452319e+00 
-2.577186e+00 -7.352426e+00 
-2.566718e+00 -7.252486e+00 
-2.556374e+00 -7.152574e+00 
-2.546219e+00 -7.052762e+00 
-2.536438e+00 -6.952893e+00 
-2.526914e+00 -6.852916e+00 
-2.517436e+00 -6.752934e+00 
-2.507999e+00 -6.653012e+00 
-2.498724e+00 -6.553132e+00 
-2.489692e+00 -6.453252e+00 
-2.480903e+00 -6.353371e+00 
-2.472353e+00 -6.253489e+00 
-2.464044e+00 -6.153631e+00 
-2.456018e+00 -6.053738e+00 
-2.448203e+00 -5.953767e+00 
-2.440447e+00 -5.853818e+00 
-2.432796e+00 -5.753892e+00 
-2.425296e+00 -5.653985e+00 
-2.417981e+00 -5.554058e+00 
-2.410812e+00 -5.454097e+00 
-2.403721e+00 -5.354137e+00 
-2.396712e+00 -5.254187e+00 
-2.389805e+00 -5.154260e+00 
-2.383045e+00 -5.054357e+00 
-2.376480e+00 -4.954432e+00 
-2.370063e+00 -4.854473e+00 
-2.363728e+00 -4.754507e+00 
-2.357462e+00 -4.654548e+00 
-2.351277e+00 -4.554556e+00 
-2.345112e+00 -4.454608e+00 
-2.339055e+00 -4.354740e+00 
-2.333259e+00 -4.254804e+00 
-2.327590e+00 -4.154847e+00 
-2.322007e+00 -4.054870e+00 
-2.316470e+00 -3.954873e+00 
-2.310937e+00 -3.854869e+00 
-2.305396e+00 -3.754875e+00 
-2.299870e+00 -3.654901e+00 
-2.294396e+00 -3.554943e+00 
-2.289006e+00 -3.454981e+00 
-2.283693e+00 -3.355024e+00 
-2.278466e+00 -3.255077e+00 
-2.273347e+00 -3.155140e+00 
-2.268354e+00 -3.055210e+00 
-2.263502e+00 -2.955287e+00 
-2.258806e+00 -2.855374e+00 
-2.254285e+00 -2.755488e+00 
-2.249989e+00 -2.655559e+00 
-2.245834e+00 -2.555543e+00 
-2.241646e+00 -2.455533e+00 
-2.237438e+00 -2.355529e+00 
-2.233222e+00 -2.255530e+00 
-2.229010e+00 -2.155538e+00 
-2.224813e+00 -2.055552e+00 
-2.220645e+00 -1.955572e+00 
-2.216517e+00 -1.855599e+00 
-2.212443e+00 -1.755631e+00 
-2.208434e+00 -1.655671e+00 
-2.204504e+00 -1.555716e+00 
-2.200666e+00 -1.455773e+00 
-2.196942e+00 -1.355846e+00 
-2.193363e+00 -1.255911e+00 
-2.189915e+00 -1.155982e+00 
-2.186609e+00 -1.056051e+00 
-2.183440e+00 -9.560765e-01 
-2.180322e+00 -8.560933e-01 
-2.177238e+00 -7.561028e-01 
-2.174172e+00 -6.561064e-01 
-2.171114e+00 -5.561030e-01 
-2.168048e+00 -4.560921e-01 
-2.164960e+00 -3.560601e-01 
-2.161808e+00 -2.560337e-01 
-2.158605e+00 -1.560627e-01 
-2.155483e+00 -5.763495e-02 
-2.155459e+00 5.606273e-02 
-2.158604e+00 1.560337e-01 
-2.161809e+00 2.560601e-01 
-2.164961e+00 3.560921e-01 
-2.168048e+00 4.561030e-01 
-2.171114e+00 5.561064e-01 
-2.174172e+00 6.561028e-01 
-2.177238e+00 7.560933e-01 
-2.180322e+00 8.560765e-01 
-2.183440e+00 9.560509e-01 
-2.186607e+00 1.055982e+00 
-2.189912e+00 1.155911e+00 
-2.193361e+00 1.255846e+00 
-2.196939e+00 1.355773e+00 
-2.200664e+00 1.455716e+00 
-2.204502e+00 1.555671e+00 
-2.208433e+00 1.655631e+00 
-2.212441e+00 1.755599e+00 
-2.216516e+00 1.855572e+00 
-2.220644e+00 1.955552e+00 
-2.224813e+00 2.055538e+00 
-2.229009e+00 2.155530e+00 
-2.233222e+00 2.255529e+00 
-2.237439e+00 2.355533e+00 
-2.241647e+00 2.455543e+00 
-2.245834e+00 2.555559e+00 
-2.249986e+00 2.655488e+00 
-2.254280e+00 2.755374e+00 
-2.258802e+00 2.855287e+00 
-2.263499e+00 2.955210e+00 
-2.268351e+00 3.055140e+00 
-2.273344e+00 3.155077e+00 
-2.278463e+00 3.255024e+00 
-2.283691e+00 3.354981e+00 
-2.289004e+00 3.454943e+00 
-2.294394e+00 3.554901e+00 
-2.299869e+00 3.654875e+00 
-2.305396e+00 3.754869e+00 
-2.310937e+00 3.854873e+00 
-2.316470e+00 3.954870e+00 
-2.322006e+00 4.054847e+00 
-2.327588e+00 4.154804e+00 
-2.333255e+00 4.254740e+00 
-2.339047e+00 4.354608e+00 
-2.345108e+00 4.454556e+00 
-2.351277e+00 4.554548e+00 
-2.357460e+00 4.654507e+00 
-2.257656e+00 4.660763e+00 
-2.251468e+00 4.560722e+00 
-2.245298e+00 4.460714e+00 
-2.239230e+00 4.360662e+00 
-2.233423e+00 4.260530e+00 
-2.227748e+00 4.160466e+00 
-2.222162e+00 4.060423e+00 
-2.216622e+00 3.960400e+00 
-2.211090e+00 3.860397e+00 
-2.205549e+00 3.760401e+00 
-2.200021e+00 3.660395e+00 
-2.194544e+00 3.560369e+00 
-2.189149e+00 3.460327e+00 
-2.183832e+00 3.360289e+00 
-2.178600e+00 3.260246e+00 
-2.173474e+00 3.160193e+00 
-2.168475e+00 3.060130e+00 
-2.163616e+00 2.960060e+00 
-2.158912e+00 2.859983e+00 
-2.154382e+00 2.759896e+00 
-2.150078e+00 2.659782e+00 
-2.145920e+00 2.559711e+00 
-2.141734e+00 2.459727e+00 
-2.137527e+00 2.359737e+00 
-2.133311e+00 2.259741e+00 
-2.129098e+00 2.159739e+00 
-2.124901e+00 2.059732e+00 
-2.120731e+00 1.959718e+00 
-2.116601e+00 1.859698e+00 
-2.112524e+00 1.759671e+00 
-2.108513e+00 1.659638e+00 
-2.104580e+00 1.559599e+00 
-2.100737e+00 1.459554e+00 
-2.097009e+00 1.359497e+00 
-2.093425e+00 1.259424e+00 
-2.089972e+00 1.159359e+00 
-2.086662e+00 1.059288e+00 
-2.083490e+00 9.592190e-01 
-2.080371e+00 8.591934e-01 
-2.077285e+00 7.591766e-01 
-2.074219e+00 6.591671e-01 
-2.071161e+00 5.591635e-01 
-2.068095e+00 4.591669e-01 
-2.065009e+00 3.591778e-01 
-2.061858e+00 2.592098e-01 
-2.058655e+00 1.592362e-01 
-2.055508e+00 5.920716e-02 
-2.055483e+00 -5.763495e-02 
-2.058654e+00 -1.592072e-01 
-2.061859e+00 -2.592362e-01 
-2.065010e+00 -3.592098e-01 
-2.068096e+00 -4.591778e-01 
-2.071161e+00 -5.591669e-01 
-2.074219e+00 -6.591635e-01 
-2.077285e+00 -7.591671e-01 
-2.080370e+00 -8.591766e-01 
-2.083489e+00 -9.591934e-01 
-2.086659e+00 -1.059219e+00 
-2.089969e+00 -1.159288e+00 
-2.093423e+00 -1.259359e+00 
-2.097006e+00 -1.359424e+00 
-2.100735e+00 -1.459497e+00 
-2.104578e+00 -1.559554e+00 
-2.108511e+00 -1.659599e+00 
-2.112523e+00 -1.759638e+00 
-2.116600e+00 -1.859671e+00 
-2.120730e+00 -1.959698e+00 
-2.124900e+00 -2.059718e+00 
-2.129098e+00 -2.159732e+00 
-2.133311e+00 -2.259739e+00 
-2.137527e+00 -2.359741e+00 
-2.141735e+00 -2.459737e+00 
-2.145921e+00 -2.559727e+00 
-2.150075e+00 -2.659711e+00 
-2.154377e+00 -2.759782e+00 
-2.158908e+00 -2.859896e+00 
-2.163613e+00 -2.959983e+00 
-2.168472e+00 -3.060060e+00 
-2.173471e+00 -3.160130e+00 
-2.178597e+00 -3.260193e+00 
-2.183829e+00 -3.360246e+00 
-2.189147e+00 -3.460289e+00 
-2.194541e+00 -3.560327e+00 
-2.200020e+00 -3.660369e+00 
-2.205549e+00 -3.760395e+00 
-2.211090e+00 -3.860401e+00 
-2.216622e+00 -3.960397e+00 
-2.222160e+00 -4.060400e+00 
-2.227746e+00 -4.160423e+00 
-2.233419e+00 -4.260466e+00 
-2.239222e+00 -4.360530e+00 
-2.245295e+00 -4.460662e+00 
-2.251467e+00 -4.560714e+00 
-2.257653e+00 -4.660722e+00 
-2.263924e+00 -4.760763e+00 
-2.270263e+00 -4.860797e+00 
-2.276685e+00 -4.960838e+00 
-2.283260e+00 -5.060913e+00 
-2.290033e+00 -5.161010e+00 
-2.296950e+00 -5.261083e+00 
-2.303966e+00 -5.361133e+00 
-2.311063e+00 -5.461173e+00 
-2.318237e+00 -5.561212e+00 
-2.325563e+00 -5.661285e+00 
-2.333077e+00 -5.761378e+00 
-2.340739e+00 -5.861452e+00 
-2.348503e+00 -5.961503e+00 
-2.356323e+00 -6.061532e+00 
-2.364365e+00 -6.161639e+00 
-2.372698e+00 -6.261781e+00 
-2.381267e+00 -6.361899e+00 
-2.390077e+00 -6.462018e+00 
-2.399130e+00 -6.562138e+00 
-2.408427e+00 -6.662258e+00 
-2.417879e+00 -6.762336e+00 
-2.427361e+00 -6.862354e+00 
-2.436889e+00 -6.962376e+00 
-2.446695e+00 -7.062508e+00 
-2.456887e+00 -7.162696e+00 
-2.467249e+00 -7.262784e+00 
-2.477730e+00 -7.362844e+00 
-2.488434e+00 -7.462951e+00 
-2.499422e+00 -7.563089e+00 
-2.510736e+00 -7.663247e+00 
-2.522424e+00 -7.763429e+00 
-2.534536e+00 -7.863635e+00 
-2.546990e+00 -7.963804e+00 
-2.559637e+00 -8.063903e+00 
-2.572370e+00 -8.163948e+00 
-2.585180e+00 -8.263986e+00 
-2.598127e+00 -8.364051e+00 
-2.611264e+00 -8.464142e+00 
-2.624648e+00 -8.564260e+00 
-2.638344e+00 -8.664410e+00 
-2.652389e+00 -8.764578e+00 
-2.666928e+00 -8.864813e+00 
-2.682032e+00 -8.965083e+00 
-2.697341e+00 -9.065193e+00 
-2.713079e+00 -9.165394e+00 
-2.729546e+00 -9.265733e+00 
-2.746720e+00 -9.366071e+00 
-2.764534e+00 -9.466378e+00 
-2.782960e+00 -9.566670e+00 
-2.801982e+00 -9.666953e+00 
-2.821584e+00 -9.767228e+00 
-2.841757e+00 -9.867497e+00 
-2.862504e+00 -9.967766e+00 
-2.883830e+00 -1.006804e+01 
-2.905740e+00 -1.016831e+01 
-2.928484e+00 -1.026868e+01 
-2.952246e+00 -1.036915e+01 
-2.976892e+00 -1.046955e+01 
-3.002364e+00 -1.056993e+01 
-3.028690e+00 -1.067032e+01 
-3.056000e+00 -1.077076e+01 
-3.084498e+00 -1.087127e+01 
-3.114327e+00 -1.097185e+01 
-3.145647e+00 -1.107249e+01 
-3.178657e+00 -1.117321e+01 
-3.213589e+00 -1.127401e+01 
-3.250683e+00 -1.137489e+01 
-3.289688e+00 -1.147568e+01 
-3.330682e+00 -1.157648e+01 
-3.374041e+00 -1.167738e+01 
-3.420074e+00 -1.177838e+01 
-3.469375e+00 -1.187955e+01 
-3.522331e+00 -1.198081e+01 
-3.579281e+00 -1.208214e+01 
-3.640797e+00 -1.218357e+01 
-3.707568e+00 -1.228512e+01 
-3.780501e+00 -1.238679e+01 
-3.860649e+00 -1.248858e+01 
-3.950725e+00 -1.259073e+01 
-4.053135e+00 -1.269169e+01 
-4.155871e+00 -1.277898e+01 
-4.258865e+00 -1.285380e+01 
-4.361206e+00 -1.291957e+01 
-4.463383e+00 -1.297808e+01 
-4.565306e+00 -1.303065e+01 
-4.667003e+00 -1.307831e+01 
-4.768743e+00 -1.312135e+01 
-4.870547e+00 -1.315982e+01 
-4.972418e+00 -1.319377e+01 
-5.074097e+00 -1.322371e+01 
-5.175638e+00 -1.325011e+01 
-5.277168e+00 -1.327312e+01 
-5.378715e+00 -1.329278e+01 
-5.480275e+00 -1.330912e+01 
-5.581846e+00 -1.332218e+01 
-5.683424e+00 -1.333197e+01 
-5.785006e+00 -1.333851e+01 
-5.886590e+00 -1.334182e+01 
-5.987996e+00 -1.334227e+01 
-6.088909e+00 -1.334086e+01 
-6.189744e+00 -1.333777e+01 
-6.290587e+00 -1.333297e+01 
-6.391442e+00 -1.332644e+01 
-6.492307e+00 -1.331815e+01 
-6.593183e+00 -1.330807e+01 
-6.694068e+00 -1.329617e+01 
-6.794963e+00 -1.328242e+01 
-6.895866e+00 -1.326679e+01 
-6.996776e+00 -1.324924e+01 
-7.097694e+00 -1.322975e+01 
-7.198617e+00 -1.320827e+01 
-7.299546e+00 -1.318478e+01 
-7.400479e+00 -1.315924e+01 
-7.501415e+00 -1.313160e+01 
-7.602355e+00 -1.310184e+01 
-7.703281e+00 -1.306994e+01 
-7.804044e+00 -1.303629e+01 
-7.904731e+00 -1.300105e+01 
-8.005423e+00 -1.296412e+01 
-8.106123e+00 -1.292548e+01 
-8.206828e+00 -1.288508e+01 
-8.307539e+00 -1.284286e+01 
-8.408256e+00 -1.279878e+01 
-8.508978e+00 -1.275279e+01 
-8.609704e+00 -1.270483e+01 
-8.710435e+00 -1.265485e+01 
-8.811072e+00 -1.260311e+01 
-8.911598e+00 -1.254990e+01 
-9.012110e+00 -1.249520e+01 
-9.112626e+00 -1.243895e+01 
-9.213147e+00 -1.238110e+01 
-9.313673e+00 -1.232161e+01 
-9.414204e+00 -1.226043e+01 
-9.514738e+00 -1.219749e+01 
-9.615277e+00 -1.213276e+01 
-9.715818e+00 -1.206617e+01 
-9.816363e+00 -1.199766e+01 
-9.916911e+00 -1.192717e+01 
-1.001746e+01 -1.185464e+01 
-1.011801e+01 -1.177999e+01 
-1.021854e+01 -1.170326e+01 
-1.031899e+01 -1.162481e+01 
-1.041940e+01 -1.154467e+01 
-1.051981e+01 -1.146276e+01 
-1.062023e+01 -1.137902e+01 
-1.072065e+01 -1.129339e+01 
-1.082108e+01 -1.120579e+01 
-1.092150e+01 -1.111615e+01 
-1.102193e+01 -1.102441e+01 
-1.112236e+01 -1.093047e+01 
-1.122280e+01 -1.083426e+01 
-1.132323e+01 -1.073568e+01 
-1.142309e+01 -1.063525e+01 
-1.152055e+01 -1.053482e+01 
-1.161571e+01 -1.043439e+01 
-1.170863e+01 -1.033395e+01 
-1.179938e+01 -1.023352e+01 
-1.188804e+01 -1.013309e+01 
-1.197466e+01 -1.003266e+01 
-1.205932e+01 -9.932223e+00 
-1.214206e+01 -9.831791e+00 
-1.222294e+01 -9.731361e+00 
-1.230202e+01 -9.630931e+00 
-1.237935e+01 -9.530504e+00 
-1.245498e+01 -9.430080e+00 
-1.252901e+01 -9.329670e+00 
-1.260147e+01 -9.229256e+00 
-1.267238e+01 -9.128841e+00 
-1.274177e+01 -9.028423e+00 
-1.280966e+01 -8.928005e+00 
-1.287610e+01 -8.827588e+00 
-1.294111e+01 -8.727172e+00 
-1.300472e+01 -8.626757e+00 
-1.306697e+01 -8.526344e+00 
-1.312792e+01 -8.425944e+00 
-1.318770e+01 -8.325589e+00 
-1.324639e+01 -8.225240e+00 
-1.330408e+01 -8.124930e+00 
-1.336085e+01 -8.024628e+00 
-1.341671e+01 -7.924325e+00 
-1.347166e+01 -7.824022e+00 
-1.352571e+01 -7.723719e+00 
-1.357886e+01 -7.623408e+00 
-1.363108e+01 -7.523085e+00 
-1.368236e+01 -7.422755e+00 
-1.373270e+01 -7.322424e+00 
-1.378212e+01 -7.222092e+00 
-1.383062e+01 -7.121759e+00 
-1.387820e+01 -7.021425e+00 
-1.392488e+01 -6.921090e+00 
-1.397066e+01 -6.820755e+00 
-1.401555e+01 -6.720418e+00 
-1.405955e+01 -6.620082e+00 
-1.410268e+01 -6.519744e+00 
-1.414494e+01 -6.419406e+00 
-1.418634e+01 -6.319068e+00 
-1.422687e+01 -6.218729e+00 
-1.426656e+01 -6.118390e+00 
-1.430541e+01 -6.018051e+00 
-1.434342e+01 -5.917711e+00 
-1.438059e+01 -5.817371e+00 
-1.441695e+01 -5.717031e+00 
-1.445248e+01 -5.616691e+00 
-1.448720e+01 -5.516351e+00 
-1.452112e+01 -5.416010e+00 
-1.455424e+01 -5.315670e+00 
-1.458656e+01 -5.215329e+00 
-1.461809e+01 -5.114989e+00 
-1.464884e+01 -5.014649e+00 
-1.467880e+01 -4.914309e+00 
-1.470800e+01 -4.813969e+00 
-1.473643e+01 -4.713629e+00 
-1.476409e+01 -4.613289e+00 
-1.479100e+01 -4.512950e+00 
-1.481715e+01 -4.412611e+00 
-1.484256e+01 -4.312272e+00 
-1.486722e+01 -4.211933e+00 
-1.489115e+01 -4.111599e+00 
-1.491441e+01 -4.011296e+00 
-1.493705e+01 -3.911008e+00 
-1.495906e+01 -3.810719e+00 
-1.498046e+01 -3.710431e+00 
-1.500123e+01 -3.610143e+00 
-1.502140e+01 -3.509855e+00 
-1.504095e+01 -3.409567e+00 
-1.505989e+01 -3.309279e+00 
-1.507822e+01 -3.208991e+00 
-1.509595e+01 -3.108704e+00 
-1.511308e+01 -3.008417e+00 
-1.512961e+01 -2.908130e+00 
-1.514554e+01 -2.807843e+00 
-1.516087e+01 -2.707556e+00 
-1.517561e+01 -2.607270e+00 
-1.518975e+01 -2.506984e+00 
-1.520331e+01 -2.406698e+00 
-1.521628e+01 -2.306412e+00 
-1.522866e+01 -2.206126e+00 
-1.524046e+01 -2.105841e+00 
-1.525167e+01 -2.005556e+00 
-1.526230e+01 -1.905271e+00 
-1.527236e+01 -1.804987e+00 
-1.528183e+01 -1.704702e+00 
-1.529073e+01 -1.604418e+00 
-1.529905e+01 -1.504135e+00 
-1.530680e+01 -1.403851e+00 
-1.531396e+01 -1.303561e+00 
-1.532050e+01 -1.203249e+00 
-1.532640e+01 -1.102938e+00 
-1.533168e+01 -1.002626e+00 
-1.533633e+01 -9.023148e-01 
-1.534035e+01 -8.020031e-01 
-1.534375e+01 -7.016913e-01 
-1.534652e+01 -6.013795e-01 
-1.534866e+01 -5.010677e-01 
-1.535018e+01 -4.007560e-01 
-1.525019e+01 -3.992440e-01 
