-3.058292e+00 2.055778e+00 
-3.063271e+00 2.155758e+00 
-3.068291e+00 2.255736e+00 
-3.073354e+00 2.355710e+00 
-3.078469e+00 2.455680e+00 
-3.083644e+00 2.555645e+00 
-3.088889e+00 2.655606e+00 
-3.094213e+00 2.755562e+00 
-3.099626e+00 2.855523e+00 
-3.105117e+00 2.955490e+00 
-3.110672e+00 3.055420e+00 
-3.116368e+00 3.155339e+00 
-3.122227e+00 3.255266e+00 
-3.128231e+00 3.355200e+00 
-3.134371e+00 3.455147e+00 
-3.140616e+00 3.555111e+00 
-3.146930e+00 3.655016e+00 
-3.153430e+00 3.754831e+00 
-3.160307e+00 3.854728e+00 
-3.167399e+00 3.954722e+00 
-3.174503e+00 4.054728e+00 
-3.181594e+00 4.154726e+00 
-3.188689e+00 4.254716e+00 
-3.195802e+00 4.354690e+00 
-3.202966e+00 4.454627e+00 
-3.210251e+00 4.554507e+00 
-3.217777e+00 4.654344e+00 
-3.225629e+00 4.754172e+00 
-3.233827e+00 4.853981e+00 
-3.242407e+00 4.953775e+00 
-3.251411e+00 5.053627e+00 
-3.260718e+00 5.153522e+00 
-3.270237e+00 5.253412e+00 
-3.279977e+00 5.353298e+00 
-3.289949e+00 5.453186e+00 
-3.300150e+00 5.553085e+00 
-3.310557e+00 5.652992e+00 
-3.321153e+00 5.752907e+00 
-3.331922e+00 5.852824e+00 
-3.342847e+00 5.952623e+00 
-3.354173e+00 6.052352e+00 
-3.366056e+00 6.152140e+00 
-3.378373e+00 6.251919e+00 
-3.391137e+00 6.351685e+00 
-3.404383e+00 6.451473e+00 
-3.418068e+00 6.551287e+00 
-3.432140e+00 6.651134e+00 
-3.446532e+00 6.751012e+00 
-3.461171e+00 6.850870e+00 
-3.476100e+00 6.950699e+00 
-3.491380e+00 7.050523e+00 
-3.507025e+00 7.150334e+00 
-3.523056e+00 7.250126e+00 
-3.539514e+00 7.349893e+00 
-3.556446e+00 7.449595e+00 
-3.573991e+00 7.549250e+00 
-3.592249e+00 7.648868e+00 
-3.611297e+00 7.748423e+00 
-3.631274e+00 7.847937e+00 
-3.652283e+00 7.947462e+00 
-3.674306e+00 8.046993e+00 
-3.697337e+00 8.146534e+00 
-3.721364e+00 8.246090e+00 
-3.746344e+00 8.345601e+00 
-3.772364e+00 8.444997e+00 
-3.799695e+00 8.544318e+00 
-3.828513e+00 8.643557e+00 
-3.859015e+00 8.742692e+00 
-3.891461e+00 8.841719e+00 
-3.926162e+00 8.940709e+00 
-3.963269e+00 9.039697e+00 
-4.002822e+00 9.138621e+00 
-4.045033e+00 9.237465e+00 
-4.090145e+00 9.336131e+00 
-4.138689e+00 9.434533e+00 
-4.191478e+00 9.532537e+00 
-4.249953e+00 9.630137e+00 
-4.315865e+00 9.727235e+00 
-4.391828e+00 9.823593e+00 
-4.483967e+00 9.919780e+00 
-4.579692e+00 9.999546e+00 
-4.676164e+00 1.006376e+01 
-4.772797e+00 1.011714e+01 
-4.869262e+00 1.016130e+01 
-4.965530e+00 1.019677e+01 
-5.061617e+00 1.022384e+01 
-5.157556e+00 1.024272e+01 
-5.253382e+00 1.025352e+01 
-5.349134e+00 1.025626e+01 
-5.445081e+00 1.025083e+01 
-5.541811e+00 1.023733e+01 
-5.638818e+00 1.021714e+01 
-5.736243e+00 1.019048e+01 
-5.834355e+00 1.015784e+01 
-5.932673e+00 1.012068e+01 
-6.031083e+00 1.007935e+01 
-6.129606e+00 1.003388e+01 
-6.228242e+00 9.984365e+00 
-6.326933e+00 9.930960e+00 
-6.425666e+00 9.873636e+00 
-6.524437e+00 9.812312e+00 
-6.623251e+00 9.746890e+00 
-6.722106e+00 9.677272e+00 
-6.821002e+00 9.603352e+00 
-6.919940e+00 9.525011e+00 
-7.018919e+00 9.442124e+00 
-7.117940e+00 9.354556e+00 
-7.217081e+00 9.262089e+00 
-7.316427e+00 9.164911e+00 
-7.414362e+00 9.065505e+00 
-7.509110e+00 8.966099e+00 
-7.600811e+00 8.866695e+00 
-7.689593e+00 8.767291e+00 
-7.775576e+00 8.667888e+00 
-7.858870e+00 8.568486e+00 
-7.939576e+00 8.469083e+00 
-8.017793e+00 8.369678e+00 
-8.093617e+00 8.270270e+00 
-8.167140e+00 8.170860e+00 
-8.238441e+00 8.071451e+00 
-8.307584e+00 7.972044e+00 
-8.374631e+00 7.872635e+00 
-8.439650e+00 7.773217e+00 
-8.502733e+00 7.673780e+00 
-8.563978e+00 7.574344e+00 
-8.623437e+00 7.474892e+00 
-8.681237e+00 7.375361e+00 
-8.737619e+00 7.275805e+00 
-8.792696e+00 7.176204e+00 
-8.846604e+00 7.076589e+00 
-8.899392e+00 6.976975e+00 
-8.951071e+00 6.877362e+00 
-9.001656e+00 6.777750e+00 
-9.051157e+00 6.678138e+00 
-9.099589e+00 6.578527e+00 
-9.146961e+00 6.478916e+00 
-9.193288e+00 6.379305e+00 
-9.238581e+00 6.279694e+00 
-9.282852e+00 6.180083e+00 
-9.326113e+00 6.080472e+00 
-9.368376e+00 5.980860e+00 
-9.409652e+00 5.881248e+00 
-9.449954e+00 5.781635e+00 
-9.489294e+00 5.682021e+00 
-9.527683e+00 5.582406e+00 
-9.565133e+00 5.482790e+00 
-9.601655e+00 5.383172e+00 
-9.637262e+00 5.283553e+00 
-9.671964e+00 5.183932e+00 
-9.705774e+00 5.084309e+00 
-9.738703e+00 4.984685e+00 
-9.770762e+00 4.885058e+00 
-9.801963e+00 4.785429e+00 
-9.832318e+00 4.685797e+00 
-9.861837e+00 4.586163e+00 
-9.890531e+00 4.486534e+00 
-9.918391e+00 4.386916e+00 
-9.945401e+00 4.287305e+00 
-9.971549e+00 4.187704e+00 
-9.996819e+00 4.088108e+00 
-1.002122e+01 3.988477e+00 
-1.004482e+01 3.888832e+00 
-1.006765e+01 3.789184e+00 
-1.008974e+01 3.689527e+00 
-1.011109e+01 3.589861e+00 
-1.013173e+01 3.490193e+00 
-1.015167e+01 3.390514e+00 
-1.017093e+01 3.290823e+00 
-1.018955e+01 3.191132e+00 
-1.020751e+01 3.091441e+00 
-1.022484e+01 2.991751e+00 
-1.024151e+01 2.892061e+00 
-1.025754e+01 2.792372e+00 
-1.027293e+01 2.692682e+00 
-1.028768e+01 2.592993e+00 
-1.030179e+01 2.493304e+00 
-1.031527e+01 2.393615e+00 
-1.032810e+01 2.293926e+00 
-1.034030e+01 2.194237e+00 
-1.035187e+01 2.094548e+00 
-1.036281e+01 1.994859e+00 
-1.037311e+01 1.895169e+00 
-1.038279e+01 1.795479e+00 
-1.039184e+01 1.695789e+00 
-1.040027e+01 1.596098e+00 
-1.040807e+01 1.496407e+00 
-1.041526e+01 1.396715e+00 
-1.042182e+01 1.297022e+00 
-1.042777e+01 1.197329e+00 
-1.043310e+01 1.097635e+00 
-1.043782e+01 9.979409e-01 
-1.044193e+01 8.982704e-01 
-1.054187e+01 9.017296e-01 
-1.053774e+01 1.002059e+00 
-1.053299e+01 1.102365e+00 
-1.052763e+01 1.202671e+00 
-1.052164e+01 1.302978e+00 
-1.051504e+01 1.403285e+00 
-1.050781e+01 1.503593e+00 
-1.049996e+01 1.603902e+00 
-1.049149e+01 1.704211e+00 
-1.048238e+01 1.804521e+00 
-1.047264e+01 1.904831e+00 
-1.046228e+01 2.005141e+00 
-1.045127e+01 2.105452e+00 
-1.043964e+01 2.205763e+00 
-1.042736e+01 2.306074e+00 
-1.041445e+01 2.406385e+00 
-1.040089e+01 2.506696e+00 
-1.038670e+01 2.607007e+00 
-1.037186e+01 2.707318e+00 
-1.035637e+01 2.807628e+00 
-1.034024e+01 2.907939e+00 
-1.032347e+01 3.008249e+00 
-1.030604e+01 3.108559e+00 
-1.028796e+01 3.208868e+00 
-1.026923e+01 3.309177e+00 
-1.024985e+01 3.409486e+00 
-1.022978e+01 3.509807e+00 
-1.020901e+01 3.610139e+00 
-1.018752e+01 3.710473e+00 
-1.016529e+01 3.810816e+00 
-1.014229e+01 3.911168e+00 
-1.011852e+01 4.011523e+00 
-1.009395e+01 4.111892e+00 
-1.006848e+01 4.212296e+00 
-1.004212e+01 4.312695e+00 
-1.001491e+01 4.413084e+00 
-9.986836e+00 4.513466e+00 
-9.957932e+00 4.613837e+00 
-9.928198e+00 4.714203e+00 
-9.897622e+00 4.814571e+00 
-9.866192e+00 4.914942e+00 
-9.833896e+00 5.015315e+00 
-9.800722e+00 5.115691e+00 
-9.766660e+00 5.216068e+00 
-9.731697e+00 5.316447e+00 
-9.695821e+00 5.416828e+00 
-9.659022e+00 5.517210e+00 
-9.621288e+00 5.617594e+00 
-9.582606e+00 5.717979e+00 
-9.542965e+00 5.818365e+00 
-9.502353e+00 5.918752e+00 
-9.460759e+00 6.019140e+00 
-9.418171e+00 6.119528e+00 
-9.374576e+00 6.219917e+00 
-9.329963e+00 6.320306e+00 
-9.284320e+00 6.420695e+00 
-9.237635e+00 6.521084e+00 
-9.189897e+00 6.621473e+00 
-9.141091e+00 6.721862e+00 
-9.091208e+00 6.822250e+00 
-9.040234e+00 6.922638e+00 
-8.988158e+00 7.023025e+00 
-8.934965e+00 7.123411e+00 
-8.880645e+00 7.223796e+00 
-8.825132e+00 7.324195e+00 
-8.768253e+00 7.424639e+00 
-8.709914e+00 7.525108e+00 
-8.649810e+00 7.625656e+00 
-8.587880e+00 7.726220e+00 
-8.524093e+00 7.826783e+00 
-8.458324e+00 7.927365e+00 
-8.390492e+00 8.027956e+00 
-8.320538e+00 8.128549e+00 
-8.248401e+00 8.229140e+00 
-8.174019e+00 8.329730e+00 
-8.097306e+00 8.430322e+00 
-8.018168e+00 8.530917e+00 
-7.936506e+00 8.631514e+00 
-7.852227e+00 8.732112e+00 
-7.765228e+00 8.832709e+00 
-7.675396e+00 8.933305e+00 
-7.582615e+00 9.033901e+00 
-7.486752e+00 9.134495e+00 
-7.387667e+00 9.235089e+00 
-7.287012e+00 9.333571e+00 
-7.186154e+00 9.427678e+00 
-7.085175e+00 9.517025e+00 
-6.984154e+00 9.601670e+00 
-6.883092e+00 9.681741e+00 
-6.781988e+00 9.757361e+00 
-6.680843e+00 9.828640e+00 
-6.579657e+00 9.895684e+00 
-6.478428e+00 9.958584e+00 
-6.377160e+00 1.001743e+01 
-6.275852e+00 1.007230e+01 
-6.174487e+00 1.012324e+01 
-6.073011e+00 1.017013e+01 
-5.971421e+00 1.021287e+01 
-5.869739e+00 1.025137e+01 
-5.767851e+00 1.028536e+01 
-5.665276e+00 1.031358e+01 
-5.562283e+00 1.033521e+01 
-5.459012e+00 1.034985e+01 
-5.354960e+00 1.035609e+01 
-5.250712e+00 1.035349e+01 
-5.146537e+00 1.034211e+01 
-5.042476e+00 1.032199e+01 
-4.938564e+00 1.029306e+01 
-4.834832e+00 1.025518e+01 
-4.731296e+00 1.020812e+01 
-4.627930e+00 1.015136e+01 
-4.524402e+00 1.008287e+01 
-4.420126e+00 9.996750e+00 
-4.319777e+00 9.892937e+00 
-4.237452e+00 9.789295e+00 
-4.167277e+00 9.686393e+00 
-4.105732e+00 9.583993e+00 
-4.050671e+00 9.481997e+00 
-4.000477e+00 9.380399e+00 
-3.954097e+00 9.279065e+00 
-3.910863e+00 9.177909e+00 
-3.870421e+00 9.076834e+00 
-3.832529e+00 8.975821e+00 
-3.797095e+00 8.874811e+00 
-3.763989e+00 8.773838e+00 
-3.732937e+00 8.672973e+00 
-3.703664e+00 8.572212e+00 
-3.675949e+00 8.471533e+00 
-3.649605e+00 8.370929e+00 
-3.624373e+00 8.270440e+00 
-3.600128e+00 8.169996e+00 
-3.576880e+00 8.069537e+00 
-3.554645e+00 7.969068e+00 
-3.533431e+00 7.868593e+00 
-3.513253e+00 7.768107e+00 
-3.494031e+00 7.667662e+00 
-3.475629e+00 7.567280e+00 
-3.457961e+00 7.466935e+00 
-3.440926e+00 7.366637e+00 
-3.424389e+00 7.266404e+00 
-3.408291e+00 7.166196e+00 
-3.392587e+00 7.066008e+00 
-3.377251e+00 6.965831e+00 
-3.362271e+00 6.865660e+00 
-3.347589e+00 6.765518e+00 
-3.333162e+00 6.665396e+00 
-3.319047e+00 6.565243e+00 
-3.305310e+00 6.465057e+00 
-3.292006e+00 6.364845e+00 
-3.279181e+00 6.264611e+00 
-3.266810e+00 6.164391e+00 
-3.254874e+00 6.064178e+00 
-3.243486e+00 5.963907e+00 
-3.232516e+00 5.863706e+00 
-3.221729e+00 5.763623e+00 
-3.211114e+00 5.663538e+00 
-3.200688e+00 5.563445e+00 
-3.190466e+00 5.463344e+00 
-3.180472e+00 5.363232e+00 
-3.170709e+00 5.263118e+00 
-3.161169e+00 5.163008e+00 
-3.151842e+00 5.062904e+00 
-3.142812e+00 4.962755e+00 
-3.134194e+00 4.862549e+00 
-3.125965e+00 4.762358e+00 
-3.118085e+00 4.662186e+00 
-3.110534e+00 4.562023e+00 
-3.103231e+00 4.461903e+00 
-3.096058e+00 4.361840e+00 
-3.088941e+00 4.261814e+00 
-3.081845e+00 4.161804e+00 
-3.074754e+00 4.061802e+00 
-3.067650e+00 3.961808e+00 
-3.060557e+00 3.861802e+00 
-3.053667e+00 3.761699e+00 
-3.047142e+00 3.661514e+00 
-3.040815e+00 3.561419e+00 
-3.034565e+00 3.461383e+00 
-3.028420e+00 3.361331e+00 
-3.022407e+00 3.261264e+00 
-3.016539e+00 3.161192e+00 
-3.010835e+00 3.061111e+00 
-3.005271e+00 2.961040e+00 
-2.999776e+00 2.861007e+00 
-2.994359e+00 2.760969e+00 
-2.989031e+00 2.660924e+00 
-2.983781e+00 2.560885e+00 
-2.978602e+00 2.460850e+00 
-2.973485e+00 2.360820e+00 
-2.968419e+00 2.260794e+00 
-2.963397e+00 2.160772e+00 
-2.958416e+00 2.060752e+00 
-3.058292e+00 2.055778e+00 
