-3.663207e+01 -5.979635e-01 
-3.662800e+01 -6.978088e-01 
-3.662362e+01 -7.976538e-01 
-3.661893e+01 -8.974987e-01 
-3.661393e+01 -9.973434e-01 
-3.660862e+01 -1.097188e+00 
-3.660299e+01 -1.197032e+00 
-3.659706e+01 -1.296876e+00 
-3.659081e+01 -1.396720e+00 
-3.658424e+01 -1.496564e+00 
-3.657736e+01 -1.596407e+00 
-3.657017e+01 -1.696250e+00 
-3.656266e+01 -1.796093e+00 
-3.655484e+01 -1.895936e+00 
-3.654670e+01 -1.995779e+00 
-3.653824e+01 -2.095622e+00 
-3.652946e+01 -2.195464e+00 
-3.652037e+01 -2.295306e+00 
-3.651095e+01 -2.395148e+00 
-3.650122e+01 -2.494990e+00 
-3.649116e+01 -2.594832e+00 
-3.648079e+01 -2.694673e+00 
-3.647009e+01 -2.794514e+00 
-3.645907e+01 -2.894356e+00 
-3.644773e+01 -2.994197e+00 
-3.643606e+01 -3.094037e+00 
-3.642407e+01 -3.193878e+00 
-3.641175e+01 -3.293719e+00 
-3.639911e+01 -3.393559e+00 
-3.638614e+01 -3.493400e+00 
-3.637285e+01 -3.593240e+00 
-3.635922e+01 -3.693080e+00 
-3.634527e+01 -3.792920e+00 
-3.633099e+01 -3.892760e+00 
-3.631638e+01 -3.992599e+00 
-3.630144e+01 -4.092439e+00 
-3.628616e+01 -4.192279e+00 
-3.627056e+01 -4.292118e+00 
-3.625462e+01 -4.391957e+00 
-3.623835e+01 -4.491796e+00 
-3.622175e+01 -4.591624e+00 
-3.620478e+01 -4.691449e+00 
-3.618746e+01 -4.791274e+00 
-3.616977e+01 -4.891099e+00 
-3.615171e+01 -4.990923e+00 
-3.613328e+01 -5.090748e+00 
-3.611448e+01 -5.190572e+00 
-3.609532e+01 -5.290396e+00 
-3.607578e+01 -5.390220e+00 
-3.605587e+01 -5.490043e+00 
-3.603559e+01 -5.589867e+00 
-3.601493e+01 -5.689690e+00 
-3.599389e+01 -5.789514e+00 
-3.597248e+01 -5.889337e+00 
-3.595069e+01 -5.989159e+00 
-3.592852e+01 -6.088982e+00 
-3.590597e+01 -6.188805e+00 
-3.588304e+01 -6.288627e+00 
-3.585972e+01 -6.388450e+00 
-3.583602e+01 -6.488272e+00 
-3.581194e+01 -6.588094e+00 
-3.578747e+01 -6.687917e+00 
-3.576260e+01 -6.787739e+00 
-3.573736e+01 -6.887561e+00 
-3.571172e+01 -6.987383e+00 
-3.568568e+01 -7.087205e+00 
-3.565926e+01 -7.187026e+00 
-3.563244e+01 -7.286848e+00 
-3.560522e+01 -7.386670e+00 
-3.557761e+01 -7.486492e+00 
-3.554960e+01 -7.586314e+00 
-3.552120e+01 -7.686135e+00 
-3.549239e+01 -7.785957e+00 
-3.546318e+01 -7.885779e+00 
-3.543356e+01 -7.985601e+00 
-3.540354e+01 -8.085423e+00 
-3.537312e+01 -8.185244e+00 
-3.534229e+01 -8.285066e+00 
-3.531105e+01 -8.384888e+00 
-3.527940e+01 -8.484711e+00 
-3.524734e+01 -8.584533e+00 
-3.521487e+01 -8.684355e+00 
-3.518198e+01 -8.784177e+00 
-3.514868e+01 -8.884000e+00 
-3.511497e+01 -8.983823e+00 
-3.508083e+01 -9.083645e+00 
-3.504628e+01 -9.183468e+00 
-3.501131e+01 -9.283291e+00 
-3.497592e+01 -9.383114e+00 
-3.494010e+01 -9.482938e+00 
-3.490386e+01 -9.582761e+00 
-3.486720e+01 -9.682585e+00 
-3.483011e+01 -9.782409e+00 
-3.479259e+01 -9.882234e+00 
-3.475464e+01 -9.982058e+00 
-3.471627e+01 -1.008188e+01 
-3.467746e+01 -1.018171e+01 
-3.463822e+01 -1.028153e+01 
-3.459854e+01 -1.038136e+01 
-3.455843e+01 -1.048118e+01 
-3.451789e+01 -1.058101e+01 
-3.447690e+01 -1.068084e+01 
-3.443548e+01 -1.078066e+01 
-3.439362e+01 -1.088049e+01 
-3.435131e+01 -1.098032e+01 
-3.430857e+01 -1.108014e+01 
-3.426537e+01 -1.117996e+01 
-3.422171e+01 -1.127975e+01 
-3.417751e+01 -1.137953e+01 
-3.413273e+01 -1.147931e+01 
-3.408737e+01 -1.157909e+01 
-3.404142e+01 -1.167886e+01 
-3.399488e+01 -1.177864e+01 
-3.394774e+01 -1.187843e+01 
-3.390003e+01 -1.197822e+01 
-3.385174e+01 -1.207801e+01 
-3.380289e+01 -1.217780e+01 
-3.375344e+01 -1.227759e+01 
-3.370340e+01 -1.237742e+01 
-3.365288e+01 -1.247725e+01 
-3.360187e+01 -1.257707e+01 
-3.355036e+01 -1.267690e+01 
-3.349835e+01 -1.277672e+01 
-3.344584e+01 -1.287654e+01 
-3.339281e+01 -1.297637e+01 
-3.333928e+01 -1.307619e+01 
-3.328522e+01 -1.317601e+01 
-3.323063e+01 -1.327583e+01 
-3.317552e+01 -1.337565e+01 
-3.311986e+01 -1.347547e+01 
-3.306367e+01 -1.357529e+01 
-3.300693e+01 -1.367511e+01 
-3.294963e+01 -1.377493e+01 
-3.289177e+01 -1.387474e+01 
-3.283334e+01 -1.397456e+01 
-3.277434e+01 -1.407437e+01 
-3.271477e+01 -1.417419e+01 
-3.265460e+01 -1.427400e+01 
-3.259385e+01 -1.437382e+01 
-3.253249e+01 -1.447363e+01 
-3.247053e+01 -1.457344e+01 
-3.240795e+01 -1.467325e+01 
-3.234475e+01 -1.477306e+01 
-3.228093e+01 -1.487287e+01 
-3.221646e+01 -1.497268e+01 
-3.215136e+01 -1.507249e+01 
-3.208560e+01 -1.517230e+01 
-3.201919e+01 -1.527211e+01 
-3.195210e+01 -1.537192e+01 
-3.188434e+01 -1.547172e+01 
-3.181590e+01 -1.557153e+01 
-3.174676e+01 -1.567133e+01 
-3.167692e+01 -1.577114e+01 
-3.160637e+01 -1.587094e+01 
-3.153509e+01 -1.597075e+01 
-3.146309e+01 -1.607055e+01 
-3.139035e+01 -1.617035e+01 
-3.131686e+01 -1.627016e+01 
-3.124262e+01 -1.636996e+01 
-3.116760e+01 -1.646976e+01 
-3.109180e+01 -1.656956e+01 
-3.101521e+01 -1.666936e+01 
-3.093783e+01 -1.676916e+01 
-3.085963e+01 -1.686896e+01 
-3.078060e+01 -1.696876e+01 
-3.070075e+01 -1.706856e+01 
-3.062005e+01 -1.716836e+01 
-3.053849e+01 -1.726816e+01 
-3.045606e+01 -1.736796e+01 
-3.037274e+01 -1.746776e+01 
-3.028855e+01 -1.756753e+01 
-3.020337e+01 -1.766731e+01 
-3.011716e+01 -1.776708e+01 
-3.002990e+01 -1.786686e+01 
-2.994159e+01 -1.796664e+01 
-2.985219e+01 -1.806641e+01 
-2.976171e+01 -1.816619e+01 
-2.967012e+01 -1.826596e+01 
-2.957740e+01 -1.836574e+01 
-2.948354e+01 -1.846552e+01 
-2.938852e+01 -1.856530e+01 
-2.929231e+01 -1.866507e+01 
-2.919491e+01 -1.876485e+01 
-2.909630e+01 -1.886463e+01 
-2.899652e+01 -1.896433e+01 
-2.889674e+01 -1.906279e+01 
-2.879696e+01 -1.916004e+01 
-2.869718e+01 -1.925610e+01 
-2.859740e+01 -1.935100e+01 
-2.849762e+01 -1.944476e+01 
-2.839784e+01 -1.953739e+01 
-2.829806e+01 -1.962893e+01 
-2.819827e+01 -1.971939e+01 
-2.809849e+01 -1.980879e+01 
-2.799870e+01 -1.989716e+01 
-2.789892e+01 -1.998451e+01 
-2.779913e+01 -2.007087e+01 
-2.769935e+01 -2.015624e+01 
-2.759956e+01 -2.024064e+01 
-2.749977e+01 -2.032410e+01 
-2.739998e+01 -2.040664e+01 
-2.730019e+01 -2.048825e+01 
-2.720040e+01 -2.056897e+01 
-2.710061e+01 -2.064881e+01 
-2.700082e+01 -2.072777e+01 
-2.690103e+01 -2.080589e+01 
-2.680123e+01 -2.088316e+01 
-2.670144e+01 -2.095961e+01 
-2.660164e+01 -2.103524e+01 
-2.650185e+01 -2.111007e+01 
-2.640205e+01 -2.118412e+01 
-2.630225e+01 -2.125739e+01 
-2.620245e+01 -2.132990e+01 
-2.610268e+01 -2.140163e+01 
-2.600294e+01 -2.147249e+01 
-2.590322e+01 -2.154238e+01 
-2.580349e+01 -2.161128e+01 
-2.570376e+01 -2.167920e+01 
-2.560404e+01 -2.174617e+01 
-2.550431e+01 -2.181220e+01 
-2.540458e+01 -2.187731e+01 
-2.530485e+01 -2.194150e+01 
-2.520511e+01 -2.200480e+01 
-2.510538e+01 -2.206722e+01 
-2.500565e+01 -2.212877e+01 
-2.490591e+01 -2.218946e+01 
-2.480617e+01 -2.224932e+01 
-2.470644e+01 -2.230834e+01 
-2.460672e+01 -2.236652e+01 
-2.450702e+01 -2.242382e+01 
-2.440731e+01 -2.248023e+01 
-2.430760e+01 -2.253576e+01 
-2.420790e+01 -2.259041e+01 
-2.410819e+01 -2.264421e+01 
-2.400848e+01 -2.269716e+01 
-2.390877e+01 -2.274928e+01 
-2.380905e+01 -2.280057e+01 
-2.370934e+01 -2.285105e+01 
-2.360963e+01 -2.290074e+01 
-2.350991e+01 -2.294963e+01 
-2.341019e+01 -2.299774e+01 
-2.331048e+01 -2.304508e+01 
-2.321076e+01 -2.309166e+01 
-2.311104e+01 -2.313750e+01 
-2.301132e+01 -2.318259e+01 
-2.291159e+01 -2.322696e+01 
-2.281187e+01 -2.327060e+01 
-2.271214e+01 -2.331353e+01 
-2.261242e+01 -2.335576e+01 
-2.251269e+01 -2.339730e+01 
-2.241296e+01 -2.343814e+01 
-2.231323e+01 -2.347831e+01 
-2.221349e+01 -2.351781e+01 
-2.211376e+01 -2.355665e+01 
-2.201403e+01 -2.359483e+01 
-2.191429e+01 -2.363237e+01 
-2.181455e+01 -2.366927e+01 
-2.171481e+01 -2.370553e+01 
-2.161507e+01 -2.374118e+01 
-2.151533e+01 -2.377620e+01 
-2.141559e+01 -2.381061e+01 
-2.131584e+01 -2.384442e+01 
-2.121610e+01 -2.387764e+01 
-2.111635e+01 -2.391026e+01 
-2.101660e+01 -2.394230e+01 
-2.091685e+01 -2.397376e+01 
-2.081710e+01 -2.400464e+01 
-2.071734e+01 -2.403497e+01 
-2.061759e+01 -2.406473e+01 
-2.051783e+01 -2.409394e+01 
-2.041807e+01 -2.412260e+01 
-2.031831e+01 -2.415072e+01 
-2.021855e+01 -2.417830e+01 
-2.011879e+01 -2.420535e+01 
-2.001903e+01 -2.423188e+01 
-1.991926e+01 -2.425788e+01 
-1.981949e+01 -2.428337e+01 
-1.971973e+01 -2.430835e+01 
-1.961996e+01 -2.433282e+01 
-1.952019e+01 -2.435680e+01 
-1.942041e+01 -2.438027e+01 
-1.932064e+01 -2.440326e+01 
-1.922086e+01 -2.442576e+01 
-1.912109e+01 -2.444779e+01 
-1.902131e+01 -2.446933e+01 
-1.892153e+01 -2.449040e+01 
-1.882174e+01 -2.451101e+01 
-1.872196e+01 -2.453115e+01 
-1.862218e+01 -2.455083e+01 
-1.852239e+01 -2.457006e+01 
-1.842264e+01 -2.458883e+01 
-1.832295e+01 -2.460708e+01 
-1.822329e+01 -2.462466e+01 
-1.812363e+01 -2.464154e+01 
-1.802397e+01 -2.465771e+01 
-1.792431e+01 -2.467318e+01 
-1.782464e+01 -2.468796e+01 
-1.772497e+01 -2.470205e+01 
-1.762530e+01 -2.471546e+01 
-1.752562e+01 -2.472820e+01 
-1.742597e+01 -2.474028e+01 
-1.732635e+01 -2.475165e+01 
-1.722674e+01 -2.476224e+01 
-1.712714e+01 -2.477204e+01 
-1.702753e+01 -2.478104e+01 
-1.692792e+01 -2.478926e+01 
-1.682831e+01 -2.479669e+01 
-1.672869e+01 -2.480334e+01 
-1.662908e+01 -2.480922e+01 
-1.652946e+01 -2.481434e+01 
-1.642983e+01 -2.481869e+01 
-1.633021e+01 -2.482229e+01 
-1.623058e+01 -2.482514e+01 
-1.613095e+01 -2.482724e+01 
-1.603132e+01 -2.482861e+01 
-1.593168e+01 -2.482925e+01 
-1.583204e+01 -2.482917e+01 
-1.573240e+01 -2.482836e+01 
-1.563275e+01 -2.482685e+01 
-1.553310e+01 -2.482464e+01 
-1.543345e+01 -2.482172e+01 
-1.533379e+01 -2.481812e+01 
-1.523412e+01 -2.481383e+01 
-1.513444e+01 -2.480888e+01 
-1.503475e+01 -2.480329e+01 
-1.493505e+01 -2.479707e+01 
-1.483534e+01 -2.479025e+01 
-1.473563e+01 -2.478284e+01 
-1.463590e+01 -2.477485e+01 
-1.453617e+01 -2.476632e+01 
-1.443643e+01 -2.475724e+01 
-1.433669e+01 -2.474765e+01 
-1.423694e+01 -2.473752e+01 
-1.413720e+01 -2.472688e+01 
-1.403745e+01 -2.471572e+01 
-1.393770e+01 -2.470405e+01 
-1.383794e+01 -2.469187e+01 
-1.373819e+01 -2.467919e+01 
-1.363843e+01 -2.466601e+01 
-1.353867e+01 -2.465234e+01 
-1.343890e+01 -2.463818e+01 
-1.333918e+01 -2.462354e+01 
-1.323948e+01 -2.460832e+01 
-1.313978e+01 -2.459250e+01 
-1.304011e+01 -2.457604e+01 
-1.294046e+01 -2.455890e+01 
-1.284081e+01 -2.454104e+01 
-1.274116e+01 -2.452244e+01 
-1.264151e+01 -2.450310e+01 
-1.254186e+01 -2.448303e+01 
-1.244221e+01 -2.446222e+01 
-1.234255e+01 -2.444067e+01 
-1.224289e+01 -2.441838e+01 
-1.214324e+01 -2.439535e+01 
-1.204357e+01 -2.437159e+01 
-1.194391e+01 -2.434709e+01 
-1.184425e+01 -2.432185e+01 
-1.174458e+01 -2.429588e+01 
-1.164491e+01 -2.426917e+01 
-1.154524e+01 -2.424173e+01 
-1.144557e+01 -2.421356e+01 
-1.134589e+01 -2.418465e+01 
-1.124621e+01 -2.415501e+01 
-1.114653e+01 -2.412465e+01 
-1.104684e+01 -2.409355e+01 
-1.094716e+01 -2.406173e+01 
-1.084747e+01 -2.402918e+01 
-1.074777e+01 -2.399591e+01 
-1.064808e+01 -2.396192e+01 
-1.054838e+01 -2.392720e+01 
-1.044868e+01 -2.389178e+01 
-1.034897e+01 -2.385563e+01 
-1.024927e+01 -2.381877e+01 
-1.014956e+01 -2.378121e+01 
-1.004984e+01 -2.374293e+01 
-9.950126e+00 -2.370395e+01 
-9.850407e+00 -2.366426e+01 
-9.750683e+00 -2.362388e+01 
-9.650957e+00 -2.358280e+01 
-9.551228e+00 -2.354102e+01 
-9.451525e+00 -2.349856e+01 
-9.351885e+00 -2.345537e+01 
-9.252268e+00 -2.341126e+01 
-9.152647e+00 -2.336614e+01 
-9.053034e+00 -2.332001e+01 
-8.953443e+00 -2.327286e+01 
-8.853863e+00 -2.322461e+01 
-8.754281e+00 -2.317520e+01 
-8.654695e+00 -2.312462e+01 
-8.555106e+00 -2.307287e+01 
-8.455512e+00 -2.301993e+01 
-8.355913e+00 -2.296581e+01 
-8.256310e+00 -2.291050e+01 
-8.156702e+00 -2.285399e+01 
-8.057088e+00 -2.279629e+01 
-7.957469e+00 -2.273738e+01 
-7.857845e+00 -2.267728e+01 
-7.758214e+00 -2.261596e+01 
-7.658578e+00 -2.255344e+01 
-7.558936e+00 -2.248972e+01 
-7.459287e+00 -2.242478e+01 
-7.359633e+00 -2.235865e+01 
-7.259972e+00 -2.229130e+01 
-7.160304e+00 -2.222276e+01 
-7.060630e+00 -2.215301e+01 
-6.960950e+00 -2.208207e+01 
-6.861262e+00 -2.200994e+01 
-6.761568e+00 -2.193662e+01 
-6.661868e+00 -2.186212e+01 
-6.562160e+00 -2.178644e+01 
-6.462446e+00 -2.170959e+01 
-6.362725e+00 -2.163158e+01 
-6.262998e+00 -2.155242e+01 
-6.163264e+00 -2.147211e+01 
-6.063523e+00 -2.139066e+01 
-5.963776e+00 -2.130808e+01 
-5.864022e+00 -2.122439e+01 
-5.764262e+00 -2.113959e+01 
-5.664559e+00 -2.105374e+01 
-5.564959e+00 -2.096662e+01 
-5.465378e+00 -2.087761e+01 
-5.365790e+00 -2.078656e+01 
-5.266196e+00 -2.069343e+01 
-5.166596e+00 -2.059818e+01 
-5.066988e+00 -2.050078e+01 
-4.967365e+00 -2.040119e+01 
-4.869852e+00 -2.030160e+01 
-4.774547e+00 -2.020202e+01 
-4.681415e+00 -2.010243e+01 
-4.590335e+00 -2.000283e+01 
-4.501196e+00 -1.990322e+01 
-4.413896e+00 -1.980360e+01 
-4.328339e+00 -1.970397e+01 
-4.244438e+00 -1.960433e+01 
-4.162112e+00 -1.950468e+01 
-4.081286e+00 -1.940502e+01 
-4.001889e+00 -1.930535e+01 
-3.923854e+00 -1.920568e+01 
-3.847118e+00 -1.910599e+01 
-3.771624e+00 -1.900630e+01 
-3.697320e+00 -1.890659e+01 
-3.624153e+00 -1.880688e+01 
-3.552074e+00 -1.870717e+01 
-3.481039e+00 -1.860744e+01 
-3.411007e+00 -1.850771e+01 
-3.341936e+00 -1.840797e+01 
-3.273786e+00 -1.830822e+01 
-3.206543e+00 -1.820849e+01 
-3.140262e+00 -1.810879e+01 
-3.075075e+00 -1.800919e+01 
-3.011243e+00 -1.790962e+01 
-2.948868e+00 -1.781009e+01 
-2.888017e+00 -1.771056e+01 
-2.828641e+00 -1.761101e+01 
-2.770663e+00 -1.751145e+01 
-2.714007e+00 -1.741187e+01 
-2.658598e+00 -1.731227e+01 
-2.604365e+00 -1.721266e+01 
-2.551266e+00 -1.711303e+01 
-2.499216e+00 -1.701337e+01 
-2.448158e+00 -1.691373e+01 
-2.398084e+00 -1.681403e+01 
-2.348854e+00 -1.671435e+01 
-2.300484e+00 -1.661463e+01 
-2.252886e+00 -1.651492e+01 
-2.206048e+00 -1.641517e+01 
-2.159889e+00 -1.631543e+01 
-2.114409e+00 -1.621568e+01 
-2.069617e+00 -1.611602e+01 
-2.025764e+00 -1.601644e+01 
-1.982973e+00 -1.591681e+01 
-1.941121e+00 -1.581716e+01 
-1.900127e+00 -1.571748e+01 
-1.859952e+00 -1.561780e+01 
-1.820565e+00 -1.551811e+01 
-1.781940e+00 -1.541841e+01 
-1.744050e+00 -1.531871e+01 
-1.706868e+00 -1.521899e+01 
-1.670372e+00 -1.511927e+01 
-1.634529e+00 -1.501952e+01 
-1.599271e+00 -1.491972e+01 
-1.564503e+00 -1.481993e+01 
-1.530225e+00 -1.472015e+01 
-1.496474e+00 -1.462038e+01 
-1.463256e+00 -1.452061e+01 
-1.430579e+00 -1.442085e+01 
-1.398450e+00 -1.432109e+01 
-1.366879e+00 -1.422133e+01 
-1.335865e+00 -1.412155e+01 
-1.305344e+00 -1.402174e+01 
-1.275255e+00 -1.392194e+01 
-1.245621e+00 -1.382216e+01 
-1.216457e+00 -1.372229e+01 
-1.187594e+00 -1.362246e+01 
-1.159142e+00 -1.352270e+01 
-1.131219e+00 -1.342295e+01 
-1.103868e+00 -1.332322e+01 
-1.077111e+00 -1.322349e+01 
-1.050959e+00 -1.312377e+01 
-1.025424e+00 -1.302406e+01 
-1.000536e+00 -1.292439e+01 
-9.763713e-01 -1.282473e+01 
-9.529564e-01 -1.272514e+01 
-9.304269e-01 -1.262561e+01 
-9.089206e-01 -1.252609e+01 
-8.884019e-01 -1.242647e+01 
-8.686809e-01 -1.232677e+01 
-8.495774e-01 -1.222703e+01 
-8.310248e-01 -1.212731e+01 
-8.130798e-01 -1.202769e+01 
-7.959213e-01 -1.192808e+01 
-7.795875e-01 -1.182847e+01 
-7.640392e-01 -1.172883e+01 
-7.492403e-01 -1.162918e+01 
-7.351591e-01 -1.152952e+01 
-7.217813e-01 -1.142983e+01 
-7.090347e-01 -1.133011e+01 
-6.968494e-01 -1.123037e+01 
-6.851829e-01 -1.113060e+01 
-6.739975e-01 -1.103084e+01 
-6.632812e-01 -1.093104e+01 
-6.529792e-01 -1.083120e+01 
-6.429913e-01 -1.073133e+01 
-6.332619e-01 -1.063145e+01 
-6.237713e-01 -1.053154e+01 
-6.144640e-01 -1.043159e+01 
-6.052626e-01 -1.033166e+01 
-5.962091e-01 -1.023177e+01 
-5.873768e-01 -1.013189e+01 
-5.787902e-01 -1.003201e+01 
-5.704526e-01 -9.932140e+00 
-5.623684e-01 -9.832275e+00 
-5.545569e-01 -9.732403e+00 
-5.470013e-01 -9.632513e+00 
-5.396672e-01 -9.532618e+00 
-5.325452e-01 -9.432727e+00 
-5.256420e-01 -9.332839e+00 
-5.189638e-01 -9.232941e+00 
-5.124873e-01 -9.132993e+00 
-5.061159e-01 -9.033027e+00 
-4.998131e-01 -8.933073e+00 
-4.936026e-01 -8.833119e+00 
-4.874832e-01 -8.733157e+00 
-4.814413e-01 -8.633190e+00 
-4.754636e-01 -8.533215e+00 
-4.695369e-01 -8.433231e+00 
-4.636423e-01 -8.333237e+00 
-4.577614e-01 -8.233299e+00 
-4.520079e-01 -8.133408e+00 
-4.464745e-01 -8.033531e+00 
-4.411853e-01 -7.933606e+00 
-4.360446e-01 -7.833624e+00 
-4.309379e-01 -7.733630e+00 
-4.258448e-01 -7.633645e+00 
-4.207827e-01 -7.533670e+00 
-4.157696e-01 -7.433703e+00 
-4.108232e-01 -7.333744e+00 
-4.059609e-01 -7.233794e+00 
-4.011994e-01 -7.133853e+00 
-3.965536e-01 -7.033881e+00 
-3.919637e-01 -6.933891e+00 
-3.873962e-01 -6.833962e+00 
-3.829711e-01 -6.734034e+00 
-3.786894e-01 -6.634070e+00 
-3.744793e-01 -6.534090e+00 
-3.703080e-01 -6.434108e+00 
-3.661737e-01 -6.334132e+00 
-3.620877e-01 -6.234162e+00 
-3.580620e-01 -6.134198e+00 
-3.541089e-01 -6.034240e+00 
-3.502403e-01 -5.934288e+00 
-3.464675e-01 -5.834321e+00 
-3.427607e-01 -5.734347e+00 
-3.391070e-01 -5.634384e+00 
-3.355266e-01 -5.534416e+00 
-3.320092e-01 -5.434433e+00 
-3.285265e-01 -5.334437e+00 
-3.250505e-01 -5.234427e+00 
-3.215535e-01 -5.134405e+00 
-3.180136e-01 -5.034395e+00 
-3.144535e-01 -4.934404e+00 
-3.109116e-01 -4.834411e+00 
-3.073839e-01 -4.734400e+00 
-3.038334e-01 -4.634387e+00 
-3.002573e-01 -4.534384e+00 
-2.966779e-01 -4.434433e+00 
-2.931973e-01 -4.334536e+00 
-2.899245e-01 -4.234666e+00 
-2.869099e-01 -4.134734e+00 
-2.840299e-01 -4.034743e+00 
-2.811679e-01 -3.934741e+00 
-2.783006e-01 -3.834738e+00 
-2.754269e-01 -3.734738e+00 
-2.725546e-01 -3.634735e+00 
-2.696750e-01 -3.534739e+00 
-2.668039e-01 -3.434696e+00 
-2.638449e-01 -3.334600e+00 
-2.606928e-01 -3.234508e+00 
-2.573578e-01 -3.134434e+00 
-2.538753e-01 -3.034410e+00 
-2.503466e-01 -2.934439e+00 
-2.468762e-01 -2.834480e+00 
-2.434889e-01 -2.734521e+00 
-2.401823e-01 -2.634560e+00 
-2.369537e-01 -2.534598e+00 
-2.338007e-01 -2.434634e+00 
-2.307207e-01 -2.334669e+00 
-2.277110e-01 -2.234703e+00 
-2.247693e-01 -2.134736e+00 
-2.218929e-01 -2.034766e+00 
-2.190754e-01 -1.934766e+00 
-2.162571e-01 -1.834717e+00 
-2.133398e-01 -1.734654e+00 
-2.102981e-01 -1.634659e+00 
-2.072694e-01 -1.534723e+00 
-2.043679e-01 -1.434787e+00 
-2.015947e-01 -1.334817e+00 
-1.988804e-01 -1.234825e+00 
-1.961811e-01 -1.134821e+00 
-1.934734e-01 -1.034803e+00 
-1.907294e-01 -9.347821e-01 
-1.879445e-01 -8.347651e-01 
-1.851258e-01 -7.347565e-01 
-1.822903e-01 -6.347621e-01 
-1.794658e-01 -5.347607e-01 
-1.766392e-01 -4.347887e-01 
-1.738678e-01 -3.347801e-01 
-1.710803e-01 -2.348125e-01 
-1.683591e-01 -1.349100e-01 
-1.658467e-01 -3.617380e-02 
-1.658307e-01 3.490999e-02 
-1.683566e-01 1.348125e-01 
-1.710794e-01 2.347801e-01 
-1.738681e-01 3.347887e-01 
-1.766385e-01 4.347607e-01 
-1.794659e-01 5.347621e-01 
-1.822902e-01 6.347565e-01 
-1.851261e-01 7.347651e-01 
-1.879450e-01 8.347821e-01 
-1.907300e-01 9.348026e-01 
-1.934739e-01 1.034821e+00 
-1.961813e-01 1.134825e+00 
-1.988801e-01 1.234817e+00 
-2.015939e-01 1.334787e+00 
-2.043661e-01 1.434723e+00 
-2.072675e-01 1.534659e+00 
-2.102979e-01 1.634654e+00 
-2.133417e-01 1.734717e+00 
-2.162585e-01 1.834766e+00 
-2.190754e-01 1.934766e+00 
-2.218920e-01 2.034736e+00 
-2.247683e-01 2.134703e+00 
-2.277100e-01 2.234669e+00 
-2.307196e-01 2.334634e+00 
-2.337996e-01 2.434598e+00 
-2.369525e-01 2.534560e+00 
-2.401810e-01 2.634521e+00 
-2.434876e-01 2.734480e+00 
-2.468747e-01 2.834439e+00 
-2.503456e-01 2.934410e+00 
-2.538761e-01 3.034434e+00 
-2.573603e-01 3.134508e+00 
-2.606958e-01 3.234600e+00 
-2.638478e-01 3.334696e+00 
-2.668052e-01 3.434739e+00 
-2.696749e-01 3.534735e+00 
-2.725547e-01 3.634738e+00 
-2.754269e-01 3.734738e+00 
-2.783007e-01 3.834741e+00 
-2.811680e-01 3.934743e+00 
-2.840296e-01 4.034734e+00 
-2.869079e-01 4.134666e+00 
-2.899204e-01 4.234536e+00 
-2.931938e-01 4.334433e+00 
-2.966762e-01 4.434384e+00 
-3.002574e-01 4.534387e+00 
-3.038338e-01 4.634400e+00 
-3.073843e-01 4.734411e+00 
-3.109114e-01 4.834404e+00 
-3.144531e-01 4.934395e+00 
-3.180140e-01 5.034405e+00 
-3.215543e-01 5.134427e+00 
-3.250508e-01 5.234437e+00 
-3.285264e-01 5.334433e+00 
-3.320086e-01 5.434416e+00 
-3.355255e-01 5.534384e+00 
-3.391057e-01 5.634347e+00 
-3.427598e-01 5.734321e+00 
-3.464663e-01 5.834288e+00 
-3.502385e-01 5.934240e+00 
-3.541072e-01 6.034198e+00 
-3.580606e-01 6.134162e+00 
-3.620865e-01 6.234132e+00 
-3.661728e-01 6.334108e+00 
-3.703072e-01 6.434090e+00 
-3.744784e-01 6.534070e+00 
-3.786878e-01 6.634034e+00 
-3.829680e-01 6.733962e+00 
-3.873931e-01 6.833891e+00 
-3.919632e-01 6.933881e+00 
-3.965523e-01 7.033853e+00 
-4.011967e-01 7.133794e+00 
-4.059584e-01 7.233744e+00 
-4.108212e-01 7.333703e+00 
-4.157679e-01 7.433670e+00 
-4.207815e-01 7.533645e+00 
-4.258440e-01 7.633630e+00 
-4.309375e-01 7.733624e+00 
-4.360437e-01 7.833606e+00 
-4.411813e-01 7.933531e+00 
-4.464679e-01 8.033408e+00 
-4.520018e-01 8.133299e+00 
-4.577577e-01 8.233237e+00 
-4.636420e-01 8.333231e+00 
-4.695359e-01 8.433215e+00 
-4.754620e-01 8.533190e+00 
-4.814393e-01 8.633157e+00 
-4.874808e-01 8.733119e+00 
-4.935997e-01 8.833073e+00 
-4.998103e-01 8.933027e+00 
-5.061137e-01 9.032993e+00 
-5.124839e-01 9.132941e+00 
-5.189571e-01 9.232839e+00 
-5.256344e-01 9.332727e+00 
-5.325375e-01 9.432618e+00 
-5.396596e-01 9.532513e+00 
-5.469931e-01 9.632403e+00 
-5.545471e-01 9.732275e+00 
-5.623576e-01 9.832140e+00 
-5.704423e-01 9.932014e+00 
-5.787797e-01 1.003189e+01 
-5.873662e-01 1.013177e+01 
-5.961994e-01 1.023166e+01 
-6.052561e-01 1.033159e+01 
-5.056773e-01 1.034076e+01 
-4.966076e-01 1.024069e+01 
-4.877550e-01 1.014058e+01 
-4.791472e-01 1.004046e+01 
-4.707889e-01 9.940333e+00 
-4.626836e-01 9.840208e+00 
-4.548516e-01 9.740073e+00 
-4.472779e-01 9.639945e+00 
-4.399281e-01 9.539835e+00 
-4.327907e-01 9.439730e+00 
-4.258723e-01 9.339621e+00 
-4.191798e-01 9.239509e+00 
-4.126932e-01 9.139407e+00 
-4.063162e-01 9.039354e+00 
-4.000085e-01 8.939320e+00 
-3.937922e-01 8.839275e+00 
-3.876677e-01 8.739229e+00 
-3.816215e-01 8.639190e+00 
-3.756403e-01 8.539158e+00 
-3.697111e-01 8.439132e+00 
-3.638153e-01 8.339116e+00 
-3.579304e-01 8.239111e+00 
-3.521672e-01 8.139049e+00 
-3.466210e-01 8.038940e+00 
-3.413211e-01 7.938817e+00 
-3.361756e-01 7.838741e+00 
-3.310677e-01 7.738724e+00 
-3.259735e-01 7.638717e+00 
-3.209094e-01 7.538702e+00 
-3.158934e-01 7.438678e+00 
-3.109434e-01 7.338645e+00 
-3.060766e-01 7.238603e+00 
-3.013100e-01 7.138553e+00 
-2.966601e-01 7.038495e+00 
-2.920684e-01 6.938467e+00 
-2.874973e-01 6.838457e+00 
-2.830659e-01 6.738386e+00 
-2.787794e-01 6.638313e+00 
-2.745670e-01 6.538277e+00 
-2.703942e-01 6.438258e+00 
-2.662582e-01 6.338240e+00 
-2.621699e-01 6.238216e+00 
-2.581416e-01 6.138186e+00 
-2.541854e-01 6.038150e+00 
-2.503133e-01 5.938108e+00 
-2.465374e-01 5.838059e+00 
-2.428284e-01 5.738026e+00 
-2.391724e-01 5.638000e+00 
-2.355895e-01 5.537963e+00 
-2.320704e-01 5.437932e+00 
-2.285870e-01 5.337914e+00 
-2.251112e-01 5.237911e+00 
-2.216153e-01 5.137921e+00 
-2.180765e-01 5.037942e+00 
-2.145165e-01 4.937953e+00 
-2.109740e-01 4.837944e+00 
-2.074464e-01 4.737936e+00 
-2.038968e-01 4.637948e+00 
-2.003213e-01 4.537961e+00 
-1.967402e-01 4.437963e+00 
-1.932544e-01 4.337915e+00 
-1.899741e-01 4.237811e+00 
-1.869534e-01 4.137681e+00 
-1.840711e-01 4.037613e+00 
-1.812089e-01 3.937604e+00 
-1.783418e-01 3.837607e+00 
-1.754681e-01 3.737610e+00 
-1.725959e-01 3.637609e+00 
-1.697163e-01 3.537613e+00 
-1.668463e-01 3.437608e+00 
-1.638915e-01 3.337651e+00 
-1.607453e-01 3.237748e+00 
-1.574158e-01 3.137839e+00 
-1.539367e-01 3.037914e+00 
-1.504078e-01 2.937938e+00 
-1.469350e-01 2.837909e+00 
-1.435449e-01 2.737867e+00 
-1.402357e-01 2.637827e+00 
-1.370047e-01 2.537788e+00 
-1.338493e-01 2.437750e+00 
-1.307670e-01 2.337714e+00 
-1.277553e-01 2.237678e+00 
-1.248116e-01 2.137645e+00 
-1.219334e-01 2.037612e+00 
-1.191150e-01 1.937582e+00 
-1.162982e-01 1.837582e+00 
-1.133842e-01 1.737631e+00 
-1.103442e-01 1.637694e+00 
-1.073134e-01 1.537688e+00 
-1.044082e-01 1.437625e+00 
-1.016323e-01 1.337560e+00 
-9.891696e-02 1.237531e+00 
-9.621766e-02 1.137523e+00 
-9.351056e-02 1.037527e+00 
-9.076759e-02 9.375450e-01 
-8.798371e-02 8.375655e-01 
-8.516574e-02 7.375825e-01 
-8.233034e-02 6.375911e-01 
-7.950573e-02 5.375855e-01 
-7.667841e-02 4.375869e-01 
-7.390643e-02 3.375589e-01 
-7.111824e-02 2.375675e-01 
-6.839365e-02 1.375351e-01 
-6.586265e-02 3.743762e-02 
-6.584667e-02 -3.617380e-02 
-6.839109e-02 -1.374376e-01 
-7.111735e-02 -2.375351e-01 
-7.390667e-02 -3.375675e-01 
-7.667762e-02 -4.375589e-01 
-7.950577e-02 -5.375869e-01 
-8.233018e-02 -6.375855e-01 
-8.516599e-02 -7.375911e-01 
-8.798419e-02 -8.375825e-01 
-9.076816e-02 -9.375655e-01 
-9.351106e-02 -1.037545e+00 
-9.621777e-02 -1.137527e+00 
-9.891676e-02 -1.237523e+00 
-1.016315e-01 -1.337531e+00 
-1.044064e-01 -1.437560e+00 
-1.073115e-01 -1.537625e+00 
-1.103440e-01 -1.637688e+00 
-1.133860e-01 -1.737694e+00 
-1.162996e-01 -1.837631e+00 
-1.191150e-01 -1.937582e+00 
-1.219325e-01 -2.037582e+00 
-1.248107e-01 -2.137612e+00 
-1.277543e-01 -2.237645e+00 
-1.307660e-01 -2.337678e+00 
-1.338482e-01 -2.437714e+00 
-1.370035e-01 -2.537750e+00 
-1.402344e-01 -2.637788e+00 
-1.435436e-01 -2.737827e+00 
-1.469335e-01 -2.837867e+00 
-1.504068e-01 -2.937909e+00 
-1.539375e-01 -3.037938e+00 
-1.574183e-01 -3.137914e+00 
-1.607483e-01 -3.237839e+00 
-1.638944e-01 -3.337748e+00 
-1.668476e-01 -3.437651e+00 
-1.697162e-01 -3.537608e+00 
-1.725960e-01 -3.637613e+00 
-1.754681e-01 -3.737609e+00 
-1.783419e-01 -3.837610e+00 
-1.812090e-01 -3.937607e+00 
-1.840708e-01 -4.037604e+00 
-1.869514e-01 -4.137613e+00 
-1.899700e-01 -4.237681e+00 
-1.932509e-01 -4.337811e+00 
-1.967385e-01 -4.437915e+00 
-2.003214e-01 -4.537963e+00 
-2.038972e-01 -4.637961e+00 
-2.074468e-01 -4.737948e+00 
-2.109738e-01 -4.837936e+00 
-2.145161e-01 -4.937944e+00 
-2.180769e-01 -5.037953e+00 
-2.216161e-01 -5.137942e+00 
-2.251115e-01 -5.237921e+00 
-2.285869e-01 -5.337911e+00 
-2.320698e-01 -5.437914e+00 
-2.355884e-01 -5.537932e+00 
-2.391711e-01 -5.637963e+00 
-2.428275e-01 -5.738000e+00 
-2.465362e-01 -5.838026e+00 
-2.503115e-01 -5.938059e+00 
-2.541837e-01 -6.038108e+00 
-2.581401e-01 -6.138150e+00 
-2.621687e-01 -6.238186e+00 
-2.662572e-01 -6.338216e+00 
-2.703934e-01 -6.438240e+00 
-2.745662e-01 -6.538258e+00 
-2.787779e-01 -6.638277e+00 
-2.830627e-01 -6.738313e+00 
-2.874942e-01 -6.838386e+00 
-2.920680e-01 -6.938457e+00 
-2.966588e-01 -7.038467e+00 
-3.013072e-01 -7.138495e+00 
-3.060742e-01 -7.238553e+00 
-3.109413e-01 -7.338603e+00 
-3.158918e-01 -7.438645e+00 
-3.209082e-01 -7.538678e+00 
-3.259727e-01 -7.638702e+00 
-3.310674e-01 -7.738717e+00 
-3.361747e-01 -7.838724e+00 
-3.413172e-01 -7.938741e+00 
-3.466143e-01 -8.038817e+00 
-3.521610e-01 -8.138940e+00 
-3.579268e-01 -8.239049e+00 
-3.638150e-01 -8.339111e+00 
-3.697102e-01 -8.439116e+00 
-3.756388e-01 -8.539132e+00 
-3.816196e-01 -8.639158e+00 
-3.876653e-01 -8.739190e+00 
-3.937894e-01 -8.839229e+00 
-4.000056e-01 -8.939275e+00 
-4.063141e-01 -9.039320e+00 
-4.126898e-01 -9.139354e+00 
-4.191730e-01 -9.239407e+00 
-4.258647e-01 -9.339509e+00 
-4.327831e-01 -9.439621e+00 
-4.399204e-01 -9.539730e+00 
-4.472697e-01 -9.639835e+00 
-4.548418e-01 -9.739945e+00 
-4.626728e-01 -9.840073e+00 
-4.707786e-01 -9.940208e+00 
-4.791368e-01 -1.004033e+01 
-4.877444e-01 -1.014046e+01 
-4.965978e-01 -1.024058e+01 
-5.056708e-01 -1.034069e+01 
-5.148853e-01 -1.044076e+01 
-5.242021e-01 -1.054081e+01 
-5.337100e-01 -1.064090e+01 
-5.434624e-01 -1.074102e+01 
-5.534755e-01 -1.084115e+01 
-5.638093e-01 -1.094131e+01 
-5.745690e-01 -1.104151e+01 
-5.858055e-01 -1.114174e+01 
-5.975261e-01 -1.124198e+01 
-6.097726e-01 -1.134224e+01 
-6.225882e-01 -1.144251e+01 
-6.360474e-01 -1.154282e+01 
-6.502237e-01 -1.164317e+01 
-6.651238e-01 -1.174352e+01 
-6.807831e-01 -1.184388e+01 
-6.972387e-01 -1.194426e+01 
-7.145312e-01 -1.204466e+01 
-7.326084e-01 -1.214504e+01 
-7.512643e-01 -1.224532e+01 
-7.704660e-01 -1.234558e+01 
-7.903023e-01 -1.244588e+01 
-8.109765e-01 -1.254626e+01 
-8.326823e-01 -1.264673e+01 
-8.554238e-01 -1.274721e+01 
-8.790250e-01 -1.284762e+01 
-9.033517e-01 -1.294796e+01 
-9.284028e-01 -1.304829e+01 
-9.540854e-01 -1.314858e+01 
-9.803820e-01 -1.324886e+01 
-1.007284e+00 -1.334913e+01 
-1.034779e+00 -1.344940e+01 
-1.062844e+00 -1.354965e+01 
-1.091429e+00 -1.364989e+01 
-1.120392e+00 -1.375006e+01 
-1.149630e+00 -1.385019e+01 
-1.179393e+00 -1.395041e+01 
-1.209600e+00 -1.405061e+01 
-1.240236e+00 -1.415079e+01 
-1.271386e+00 -1.425101e+01 
-1.303111e+00 -1.435126e+01 
-1.335394e+00 -1.445150e+01 
-1.368224e+00 -1.455174e+01 
-1.401594e+00 -1.465197e+01 
-1.435498e+00 -1.475220e+01 
-1.469928e+00 -1.485242e+01 
-1.504838e+00 -1.495262e+01 
-1.540240e+00 -1.505283e+01 
-1.576262e+00 -1.515308e+01 
-1.612960e+00 -1.525336e+01 
-1.650352e+00 -1.535364e+01 
-1.688462e+00 -1.545393e+01 
-1.727318e+00 -1.555424e+01 
-1.766947e+00 -1.565455e+01 
-1.807377e+00 -1.575486e+01 
-1.848637e+00 -1.585519e+01 
-1.890773e+00 -1.595553e+01 
-1.933880e+00 -1.605591e+01 
-1.978097e+00 -1.615632e+01 
-2.023199e+00 -1.625667e+01 
-2.068898e+00 -1.635691e+01 
-2.115294e+00 -1.645717e+01 
-2.162368e+00 -1.655743e+01 
-2.210239e+00 -1.665771e+01 
-2.258879e+00 -1.675799e+01 
-2.308423e+00 -1.685831e+01 
-2.358795e+00 -1.695861e+01 
-2.410219e+00 -1.705897e+01 
-2.462628e+00 -1.715932e+01 
-2.516115e+00 -1.725969e+01 
-2.570771e+00 -1.736008e+01 
-2.626618e+00 -1.746048e+01 
-2.683745e+00 -1.756090e+01 
-2.742224e+00 -1.766133e+01 
-2.802132e+00 -1.776179e+01 
-2.863548e+00 -1.786225e+01 
-2.926507e+00 -1.796272e+01 
-2.990889e+00 -1.806316e+01 
-3.056587e+00 -1.816355e+01 
-3.123266e+00 -1.826385e+01 
-3.190873e+00 -1.836413e+01 
-3.259367e+00 -1.846438e+01 
-3.328795e+00 -1.856464e+01 
-3.399200e+00 -1.866491e+01 
-3.470624e+00 -1.876518e+01 
-3.543108e+00 -1.886546e+01 
-3.616697e+00 -1.896575e+01 
-3.691442e+00 -1.906605e+01 
-3.767396e+00 -1.916636e+01 
-3.844612e+00 -1.926667e+01 
-3.923148e+00 -1.936700e+01 
-4.003069e+00 -1.946733e+01 
-4.084443e+00 -1.956767e+01 
-4.167344e+00 -1.966802e+01 
-4.251845e+00 -1.976838e+01 
-4.338029e+00 -1.986875e+01 
-4.425986e+00 -1.996913e+01 
-4.515814e+00 -2.006952e+01 
-4.607617e+00 -2.016991e+01 
-4.701506e+00 -2.027032e+01 
-4.797606e+00 -2.037074e+01 
-4.895911e+00 -2.047115e+01 
-4.996288e+00 -2.057150e+01 
-5.096681e+00 -2.066968e+01 
-5.197080e+00 -2.076570e+01 
-5.297486e+00 -2.085960e+01 
-5.397899e+00 -2.095142e+01 
-5.498317e+00 -2.104118e+01 
-5.598718e+00 -2.112901e+01 
-5.699014e+00 -2.121537e+01 
-5.799254e+00 -2.130058e+01 
-5.899501e+00 -2.138469e+01 
-5.999753e+00 -2.146769e+01 
-6.100013e+00 -2.154956e+01 
-6.200279e+00 -2.163031e+01 
-6.300551e+00 -2.170991e+01 
-6.400831e+00 -2.178836e+01 
-6.501116e+00 -2.186565e+01 
-6.601409e+00 -2.194177e+01 
-6.701708e+00 -2.201673e+01 
-6.802014e+00 -2.209050e+01 
-6.902327e+00 -2.216309e+01 
-7.002646e+00 -2.223449e+01 
-7.102972e+00 -2.230469e+01 
-7.203305e+00 -2.237370e+01 
-7.303643e+00 -2.244150e+01 
-7.403989e+00 -2.250810e+01 
-7.504341e+00 -2.257350e+01 
-7.604698e+00 -2.263769e+01 
-7.705062e+00 -2.270067e+01 
-7.805432e+00 -2.276244e+01 
-7.905807e+00 -2.282301e+01 
-8.006188e+00 -2.288237e+01 
-8.106575e+00 -2.294052e+01 
-8.206967e+00 -2.299748e+01 
-8.307363e+00 -2.305324e+01 
-8.407765e+00 -2.310780e+01 
-8.508171e+00 -2.316117e+01 
-8.608581e+00 -2.321335e+01 
-8.708995e+00 -2.326436e+01 
-8.809414e+00 -2.331419e+01 
-8.909834e+00 -2.336285e+01 
-9.010242e+00 -2.341040e+01 
-9.110629e+00 -2.345688e+01 
-9.211009e+00 -2.350235e+01 
-9.311392e+00 -2.354681e+01 
-9.411752e+00 -2.359031e+01 
-9.512049e+00 -2.363302e+01 
-9.612319e+00 -2.367503e+01 
-9.712593e+00 -2.371634e+01 
-9.812870e+00 -2.375695e+01 
-9.913150e+00 -2.379686e+01 
-1.001343e+01 -2.383607e+01 
-1.011372e+01 -2.387456e+01 
-1.021401e+01 -2.391235e+01 
-1.031430e+01 -2.394943e+01 
-1.041460e+01 -2.398579e+01 
-1.051490e+01 -2.402143e+01 
-1.061520e+01 -2.405636e+01 
-1.071550e+01 -2.409056e+01 
-1.081581e+01 -2.412404e+01 
-1.091612e+01 -2.415679e+01 
-1.101643e+01 -2.418881e+01 
-1.111675e+01 -2.422011e+01 
-1.121707e+01 -2.425067e+01 
-1.131739e+01 -2.428050e+01 
-1.141771e+01 -2.430960e+01 
-1.151804e+01 -2.433796e+01 
-1.161837e+01 -2.436559e+01 
-1.171870e+01 -2.439247e+01 
-1.181903e+01 -2.441862e+01 
-1.191936e+01 -2.444403e+01 
-1.201970e+01 -2.446870e+01 
-1.212004e+01 -2.449263e+01 
-1.222038e+01 -2.451581e+01 
-1.232072e+01 -2.453826e+01 
-1.242107e+01 -2.455996e+01 
-1.252142e+01 -2.458092e+01 
-1.262176e+01 -2.460113e+01 
-1.272211e+01 -2.462061e+01 
-1.282246e+01 -2.463934e+01 
-1.292282e+01 -2.465733e+01 
-1.302316e+01 -2.467459e+01 
-1.312349e+01 -2.469116e+01 
-1.322380e+01 -2.470709e+01 
-1.332410e+01 -2.472239e+01 
-1.342437e+01 -2.473712e+01 
-1.352461e+01 -2.475135e+01 
-1.362485e+01 -2.476508e+01 
-1.372509e+01 -2.477833e+01 
-1.382533e+01 -2.479107e+01 
-1.392558e+01 -2.480331e+01 
-1.402583e+01 -2.481504e+01 
-1.412608e+01 -2.482626e+01 
-1.422633e+01 -2.483696e+01 
-1.432659e+01 -2.484713e+01 
-1.442685e+01 -2.485678e+01 
-1.452711e+01 -2.486590e+01 
-1.462737e+01 -2.487449e+01 
-1.472765e+01 -2.488252e+01 
-1.482793e+01 -2.488998e+01 
-1.492823e+01 -2.489683e+01 
-1.502853e+01 -2.490309e+01 
-1.512883e+01 -2.490873e+01 
-1.522916e+01 -2.491371e+01 
-1.532949e+01 -2.491803e+01 
-1.542983e+01 -2.492166e+01 
-1.553018e+01 -2.492459e+01 
-1.563053e+01 -2.492683e+01 
-1.573088e+01 -2.492835e+01 
-1.583124e+01 -2.492916e+01 
-1.593160e+01 -2.492925e+01 
-1.603196e+01 -2.492861e+01 
-1.613232e+01 -2.492723e+01 
-1.623269e+01 -2.492511e+01 
-1.633307e+01 -2.492225e+01 
-1.643344e+01 -2.491863e+01 
-1.653382e+01 -2.491424e+01 
-1.663420e+01 -2.490909e+01 
-1.673458e+01 -2.490317e+01 
-1.683497e+01 -2.489647e+01 
-1.693536e+01 -2.488898e+01 
-1.703575e+01 -2.488071e+01 
-1.713614e+01 -2.487164e+01 
-1.723653e+01 -2.486176e+01 
-1.733693e+01 -2.485109e+01 
-1.743731e+01 -2.483963e+01 
-1.753765e+01 -2.482748e+01 
-1.763798e+01 -2.481465e+01 
-1.773831e+01 -2.480115e+01 
-1.783864e+01 -2.478697e+01 
-1.793897e+01 -2.477210e+01 
-1.803931e+01 -2.475653e+01 
-1.813964e+01 -2.474025e+01 
-1.823999e+01 -2.472326e+01 
-1.834033e+01 -2.470556e+01 
-1.844064e+01 -2.468720e+01 
-1.854089e+01 -2.466834e+01 
-1.864110e+01 -2.464903e+01 
-1.874131e+01 -2.462926e+01 
-1.884153e+01 -2.460903e+01 
-1.894175e+01 -2.458834e+01 
-1.904197e+01 -2.456717e+01 
-1.914219e+01 -2.454553e+01 
-1.924241e+01 -2.452341e+01 
-1.934264e+01 -2.450081e+01 
-1.944286e+01 -2.447772e+01 
-1.954309e+01 -2.445414e+01 
-1.964332e+01 -2.443006e+01 
-1.974355e+01 -2.440547e+01 
-1.984378e+01 -2.438038e+01 
-1.994401e+01 -2.435477e+01 
-2.004425e+01 -2.432864e+01 
-2.014449e+01 -2.430199e+01 
-2.024472e+01 -2.427482e+01 
-2.034496e+01 -2.424710e+01 
-2.044520e+01 -2.421885e+01 
-2.054544e+01 -2.419005e+01 
-2.064569e+01 -2.416070e+01 
-2.074593e+01 -2.413079e+01 
-2.084618e+01 -2.410032e+01 
-2.094643e+01 -2.406928e+01 
-2.104668e+01 -2.403767e+01 
-2.114693e+01 -2.400547e+01 
-2.124718e+01 -2.397268e+01 
-2.134743e+01 -2.393930e+01 
-2.144769e+01 -2.390532e+01 
-2.154795e+01 -2.387073e+01 
-2.164820e+01 -2.383553e+01 
-2.174846e+01 -2.379970e+01 
-2.184872e+01 -2.376325e+01 
-2.194899e+01 -2.372616e+01 
-2.204925e+01 -2.368842e+01 
-2.214951e+01 -2.365004e+01 
-2.224978e+01 -2.361100e+01 
-2.235005e+01 -2.357129e+01 
-2.245032e+01 -2.353090e+01 
-2.255059e+01 -2.348983e+01 
-2.265086e+01 -2.344808e+01 
-2.275113e+01 -2.340562e+01 
-2.285141e+01 -2.336245e+01 
-2.295168e+01 -2.331857e+01 
-2.305196e+01 -2.327396e+01 
-2.315224e+01 -2.322862e+01 
-2.325252e+01 -2.318253e+01 
-2.335280e+01 -2.313568e+01 
-2.345308e+01 -2.308807e+01 
-2.355337e+01 -2.303969e+01 
-2.365365e+01 -2.299052e+01 
-2.375394e+01 -2.294056e+01 
-2.385422e+01 -2.288979e+01 
-2.395451e+01 -2.283820e+01 
-2.405480e+01 -2.278579e+01 
-2.415509e+01 -2.273253e+01 
-2.425538e+01 -2.267842e+01 
-2.435567e+01 -2.262345e+01 
-2.445596e+01 -2.256760e+01 
-2.455626e+01 -2.251086e+01 
-2.465655e+01 -2.245322e+01 
-2.475684e+01 -2.239471e+01 
-2.485710e+01 -2.233538e+01 
-2.495737e+01 -2.227521e+01 
-2.505763e+01 -2.221419e+01 
-2.515790e+01 -2.215232e+01 
-2.525816e+01 -2.208957e+01 
-2.535843e+01 -2.202593e+01 
-2.545870e+01 -2.196140e+01 
-2.555897e+01 -2.189594e+01 
-2.565924e+01 -2.182956e+01 
-2.575951e+01 -2.176222e+01 
-2.585979e+01 -2.169393e+01 
-2.596006e+01 -2.162465e+01 
-2.606033e+01 -2.155438e+01 
-2.616060e+01 -2.148315e+01 
-2.626083e+01 -2.141109e+01 
-2.636103e+01 -2.133829e+01 
-2.646123e+01 -2.126473e+01 
-2.656143e+01 -2.119038e+01 
-2.666163e+01 -2.111525e+01 
-2.676184e+01 -2.103930e+01 
-2.686204e+01 -2.096255e+01 
-2.696225e+01 -2.088495e+01 
-2.706246e+01 -2.080652e+01 
-2.716266e+01 -2.072723e+01 
-2.726287e+01 -2.064706e+01 
-2.736308e+01 -2.056600e+01 
-2.746329e+01 -2.048404e+01 
-2.756350e+01 -2.040116e+01 
-2.766372e+01 -2.031735e+01 
-2.776393e+01 -2.023259e+01 
-2.786414e+01 -2.014685e+01 
-2.796436e+01 -2.006013e+01 
-2.806457e+01 -1.997241e+01 
-2.816479e+01 -1.988366e+01 
-2.826500e+01 -1.979387e+01 
-2.836522e+01 -1.970302e+01 
-2.846544e+01 -1.961108e+01 
-2.856566e+01 -1.951804e+01 
-2.866588e+01 -1.942388e+01 
-2.876610e+01 -1.932857e+01 
-2.886632e+01 -1.923209e+01 
-2.896654e+01 -1.913441e+01 
-2.906676e+01 -1.903551e+01 
-2.916698e+01 -1.893537e+01 
-2.926604e+01 -1.883515e+01 
-2.936387e+01 -1.873493e+01 
-2.946051e+01 -1.863470e+01 
-2.955595e+01 -1.853448e+01 
-2.965024e+01 -1.843426e+01 
-2.974337e+01 -1.833404e+01 
-2.983538e+01 -1.823381e+01 
-2.992627e+01 -1.813359e+01 
-3.001607e+01 -1.803336e+01 
-3.010478e+01 -1.793314e+01 
-3.019243e+01 -1.783292e+01 
-3.027904e+01 -1.773269e+01 
-3.036461e+01 -1.763247e+01 
-3.044917e+01 -1.753224e+01 
-3.053282e+01 -1.743204e+01 
-3.061559e+01 -1.733184e+01 
-3.069748e+01 -1.723164e+01 
-3.077851e+01 -1.713144e+01 
-3.085868e+01 -1.703124e+01 
-3.093803e+01 -1.693104e+01 
-3.101654e+01 -1.683084e+01 
-3.109424e+01 -1.673064e+01 
-3.117113e+01 -1.663044e+01 
-3.124723e+01 -1.653024e+01 
-3.132255e+01 -1.643004e+01 
-3.139710e+01 -1.632984e+01 
-3.147088e+01 -1.622965e+01 
-3.154391e+01 -1.612945e+01 
-3.161619e+01 -1.602925e+01 
-3.168775e+01 -1.592906e+01 
-3.175858e+01 -1.582886e+01 
-3.182869e+01 -1.572867e+01 
-3.189810e+01 -1.562847e+01 
-3.196681e+01 -1.552828e+01 
-3.203484e+01 -1.542808e+01 
-3.210218e+01 -1.532789e+01 
-3.216885e+01 -1.522770e+01 
-3.223486e+01 -1.512751e+01 
-3.230022e+01 -1.502732e+01 
-3.236493e+01 -1.492713e+01 
-3.242900e+01 -1.482694e+01 
-3.249244e+01 -1.472675e+01 
-3.255525e+01 -1.462656e+01 
-3.261745e+01 -1.452637e+01 
-3.267904e+01 -1.442618e+01 
-3.274002e+01 -1.432600e+01 
-3.280041e+01 -1.422581e+01 
-3.286021e+01 -1.412563e+01 
-3.291943e+01 -1.402544e+01 
-3.297807e+01 -1.392526e+01 
-3.303614e+01 -1.382507e+01 
-3.309365e+01 -1.372489e+01 
-3.315060e+01 -1.362471e+01 
-3.320700e+01 -1.352453e+01 
-3.326286e+01 -1.342435e+01 
-3.331817e+01 -1.332417e+01 
-3.337296e+01 -1.322399e+01 
-3.342721e+01 -1.312381e+01 
-3.348094e+01 -1.302363e+01 
-3.353415e+01 -1.292346e+01 
-3.358685e+01 -1.282328e+01 
-3.363904e+01 -1.272310e+01 
-3.369073e+01 -1.262293e+01 
-3.374192e+01 -1.252275e+01 
-3.379262e+01 -1.242258e+01 
-3.384284e+01 -1.232241e+01 
-3.389249e+01 -1.222220e+01 
-3.394155e+01 -1.212199e+01 
-3.399004e+01 -1.202178e+01 
-3.403796e+01 -1.192157e+01 
-3.408530e+01 -1.182136e+01 
-3.413205e+01 -1.172114e+01 
-3.417820e+01 -1.162091e+01 
-3.422377e+01 -1.152069e+01 
-3.426874e+01 -1.142047e+01 
-3.431314e+01 -1.132025e+01 
-3.435698e+01 -1.122004e+01 
-3.440034e+01 -1.111986e+01 
-3.444324e+01 -1.101968e+01 
-3.448569e+01 -1.091951e+01 
-3.452770e+01 -1.081934e+01 
-3.456927e+01 -1.071916e+01 
-3.461039e+01 -1.061899e+01 
-3.465108e+01 -1.051882e+01 
-3.469133e+01 -1.041864e+01 
-3.473115e+01 -1.031847e+01 
-3.477053e+01 -1.021829e+01 
-3.480947e+01 -1.011812e+01 
-3.484798e+01 -1.001794e+01 
-3.488606e+01 -9.917766e+00 
-3.492371e+01 -9.817591e+00 
-3.496094e+01 -9.717415e+00 
-3.499773e+01 -9.617239e+00 
-3.503410e+01 -9.517062e+00 
-3.507004e+01 -9.416886e+00 
-3.510556e+01 -9.316709e+00 
-3.514066e+01 -9.216532e+00 
-3.517533e+01 -9.116355e+00 
-3.520959e+01 -9.016177e+00 
-3.524342e+01 -8.916000e+00 
-3.527684e+01 -8.815823e+00 
-3.530985e+01 -8.715645e+00 
-3.534243e+01 -8.615467e+00 
-3.537461e+01 -8.515289e+00 
-3.540637e+01 -8.415112e+00 
-3.543772e+01 -8.314934e+00 
-3.546866e+01 -8.214756e+00 
-3.549920e+01 -8.114577e+00 
-3.552932e+01 -8.014399e+00 
-3.555905e+01 -7.914221e+00 
-3.558836e+01 -7.814043e+00 
-3.561727e+01 -7.713865e+00 
-3.564578e+01 -7.613686e+00 
-3.567390e+01 -7.513508e+00 
-3.570161e+01 -7.413330e+00 
-3.572892e+01 -7.313152e+00 
-3.575583e+01 -7.212974e+00 
-3.578235e+01 -7.112795e+00 
-3.580848e+01 -7.012617e+00 
-3.583421e+01 -6.912439e+00 
-3.585955e+01 -6.812261e+00 
-3.588450e+01 -6.712083e+00 
-3.590906e+01 -6.611906e+00 
-3.593323e+01 -6.511728e+00 
-3.595702e+01 -6.411550e+00 
-3.598042e+01 -6.311373e+00 
-3.600343e+01 -6.211195e+00 
-3.602606e+01 -6.111018e+00 
-3.604831e+01 -6.010841e+00 
-3.607018e+01 -5.910663e+00 
-3.609167e+01 -5.810486e+00 
-3.611278e+01 -5.710310e+00 
-3.613351e+01 -5.610133e+00 
-3.615387e+01 -5.509957e+00 
-3.617385e+01 -5.409780e+00 
-3.619346e+01 -5.309604e+00 
-3.621269e+01 -5.209428e+00 
-3.623155e+01 -5.109252e+00 
-3.625005e+01 -5.009077e+00 
-3.626817e+01 -4.908901e+00 
-3.628592e+01 -4.808726e+00 
-3.630331e+01 -4.708551e+00 
-3.632033e+01 -4.608376e+00 
-3.633699e+01 -4.508204e+00 
-3.635332e+01 -4.408043e+00 
-3.636931e+01 -4.307882e+00 
-3.638496e+01 -4.207721e+00 
-3.640029e+01 -4.107561e+00 
-3.641528e+01 -4.007401e+00 
-3.642994e+01 -3.907240e+00 
-3.644426e+01 -3.807080e+00 
-3.645826e+01 -3.706920e+00 
-3.647193e+01 -3.606760e+00 
-3.648527e+01 -3.506600e+00 
-3.649828e+01 -3.406441e+00 
-3.651096e+01 -3.306281e+00 
-3.652332e+01 -3.206122e+00 
-3.653535e+01 -3.105963e+00 
-3.654705e+01 -3.005803e+00 
-3.655843e+01 -2.905644e+00 
-3.656949e+01 -2.805486e+00 
-3.658022e+01 -2.705327e+00 
-3.659063e+01 -2.605168e+00 
-3.660072e+01 -2.505010e+00 
-3.661048e+01 -2.404852e+00 
-3.661993e+01 -2.304694e+00 
-3.662905e+01 -2.204536e+00 
-3.663785e+01 -2.104378e+00 
-3.664634e+01 -2.004221e+00 
-3.665451e+01 -1.904064e+00 
-3.666236e+01 -1.803907e+00 
-3.666989e+01 -1.703750e+00 
-3.667711e+01 -1.603593e+00 
-3.668401e+01 -1.503436e+00 
-3.669059e+01 -1.403280e+00 
-3.669686e+01 -1.303124e+00 
-3.670282e+01 -1.202968e+00 
-3.670846e+01 -1.102812e+00 
-3.671379e+01 -1.002657e+00 
-3.671880e+01 -9.025013e-01 
-3.672351e+01 -8.023462e-01 
-3.672790e+01 -7.021912e-01 
-3.673199e+01 -6.020365e-01 
-3.663207e+01 -5.979635e-01 
