-2.557812e+00 4.442380e+00 
-2.564195e+00 4.542348e+00 
-2.570643e+00 4.642302e+00 
-2.577177e+00 4.742190e+00 
-2.583937e+00 4.842074e+00 
-2.590932e+00 4.941991e+00 
-2.598095e+00 5.041925e+00 
-2.605393e+00 5.141867e+00 
-2.612808e+00 5.241819e+00 
-2.620320e+00 5.341780e+00 
-2.627912e+00 5.441751e+00 
-2.635564e+00 5.541730e+00 
-2.643256e+00 5.641693e+00 
-2.651022e+00 5.741632e+00 
-2.658910e+00 5.841586e+00 
-2.666888e+00 5.941485e+00 
-2.675063e+00 6.041319e+00 
-2.683580e+00 6.141215e+00 
-2.692310e+00 6.241137e+00 
-2.701196e+00 6.341058e+00 
-2.710241e+00 6.440978e+00 
-2.719449e+00 6.540897e+00 
-2.728821e+00 6.640823e+00 
-2.738340e+00 6.740712e+00 
-2.748082e+00 6.840592e+00 
-2.758079e+00 6.940579e+00 
-2.768103e+00 7.040562e+00 
-2.778154e+00 7.140482e+00 
-2.788366e+00 7.240388e+00 
-2.798764e+00 7.340259e+00 
-2.809419e+00 7.440073e+00 
-2.820449e+00 7.539864e+00 
-2.831900e+00 7.639632e+00 
-2.843822e+00 7.739375e+00 
-2.856267e+00 7.839123e+00 
-2.869235e+00 7.938917e+00 
-2.882638e+00 8.038803e+00 
-2.896282e+00 8.138748e+00 
-2.910035e+00 8.238665e+00 
-2.923954e+00 8.338555e+00 
-2.938096e+00 8.438412e+00 
-2.952525e+00 8.538215e+00 
-2.967352e+00 8.637980e+00 
-2.982661e+00 8.737717e+00 
-2.998516e+00 8.837465e+00 
-3.014893e+00 8.937204e+00 
-3.031802e+00 9.036889e+00 
-3.049380e+00 9.136646e+00 
-3.067474e+00 9.236443e+00 
-3.085986e+00 9.336205e+00 
-3.104995e+00 9.435939e+00 
-3.124547e+00 9.535592e+00 
-3.144824e+00 9.635198e+00 
-3.165935e+00 9.734799e+00 
-3.187895e+00 9.834394e+00 
-3.210722e+00 9.933979e+00 
-3.234424e+00 1.003348e+01 
-3.259160e+00 1.013280e+01 
-3.285386e+00 1.023214e+01 
-3.313091e+00 1.033157e+01 
-3.342070e+00 1.043098e+01 
-3.372389e+00 1.053037e+01 
-3.404094e+00 1.062974e+01 
-3.437234e+00 1.072908e+01 
-3.471914e+00 1.082837e+01 
-3.508246e+00 1.092762e+01 
-3.546321e+00 1.102665e+01 
-3.586704e+00 1.112553e+01 
-3.629836e+00 1.122418e+01 
-3.676490e+00 1.132282e+01 
-3.726790e+00 1.142136e+01 
-3.781198e+00 1.151977e+01 
-3.840373e+00 1.161810e+01 
-3.904835e+00 1.171625e+01 
-3.975631e+00 1.181420e+01 
-4.054211e+00 1.191191e+01 
-4.142840e+00 1.200944e+01 
-4.240164e+00 1.210274e+01 
-4.337218e+00 1.218330e+01 
-4.434028e+00 1.225221e+01 
-4.530730e+00 1.231049e+01 
-4.627753e+00 1.235939e+01 
-4.725851e+00 1.240093e+01 
-4.824276e+00 1.243793e+01 
-4.922656e+00 1.247120e+01 
-5.021008e+00 1.250077e+01 
-5.119334e+00 1.252670e+01 
-5.217640e+00 1.254903e+01 
-5.315927e+00 1.256781e+01 
-5.414199e+00 1.258306e+01 
-5.512461e+00 1.259482e+01 
-5.610716e+00 1.260311e+01 
-5.708968e+00 1.260795e+01 
-5.807222e+00 1.260935e+01 
-5.905479e+00 1.260732e+01 
-6.003745e+00 1.260185e+01 
-6.102029e+00 1.259294e+01 
-6.200410e+00 1.258059e+01 
-6.299353e+00 1.256485e+01 
-6.398373e+00 1.254690e+01 
-6.497382e+00 1.252692e+01 
-6.596383e+00 1.250483e+01 
-6.695376e+00 1.248061e+01 
-6.794405e+00 1.245419e+01 
-6.893587e+00 1.242556e+01 
-6.992887e+00 1.239506e+01 
-7.092186e+00 1.236295e+01 
-7.191478e+00 1.232922e+01 
-7.290763e+00 1.229382e+01 
-7.390043e+00 1.225671e+01 
-7.489316e+00 1.221785e+01 
-7.588583e+00 1.217718e+01 
-7.687845e+00 1.213466e+01 
-7.787102e+00 1.209024e+01 
-7.886355e+00 1.204386e+01 
-7.985604e+00 1.199547e+01 
-8.084850e+00 1.194500e+01 
-8.184093e+00 1.189238e+01 
-8.283335e+00 1.183756e+01 
-8.382574e+00 1.178047e+01 
-8.481813e+00 1.172102e+01 
-8.581052e+00 1.165913e+01 
-8.680297e+00 1.159473e+01 
-8.779602e+00 1.152770e+01 
-8.879019e+00 1.145813e+01 
-8.978477e+00 1.138638e+01 
-9.077934e+00 1.131259e+01 
-9.177388e+00 1.123667e+01 
-9.276842e+00 1.115856e+01 
-9.376382e+00 1.107811e+01 
-9.475971e+00 1.099564e+01 
-9.575560e+00 1.091136e+01 
-9.675145e+00 1.082522e+01 
-9.774727e+00 1.073714e+01 
-9.874306e+00 1.064705e+01 
-9.973882e+00 1.055488e+01 
-1.007345e+01 1.046053e+01 
-1.017303e+01 1.036393e+01 
-1.027260e+01 1.026496e+01 
-1.037040e+01 1.016539e+01 
-1.046589e+01 1.006582e+01 
-1.055914e+01 9.966255e+00 
-1.065021e+01 9.866689e+00 
-1.073916e+01 9.767124e+00 
-1.082605e+01 9.667559e+00 
-1.091095e+01 9.567995e+00 
-1.099390e+01 9.468432e+00 
-1.107496e+01 9.368870e+00 
-1.115418e+01 9.269308e+00 
-1.123160e+01 9.169749e+00 
-1.130726e+01 9.070192e+00 
-1.138119e+01 8.970636e+00 
-1.145343e+01 8.871079e+00 
-1.152403e+01 8.771521e+00 
-1.159302e+01 8.671963e+00 
-1.166045e+01 8.572404e+00 
-1.172635e+01 8.472844e+00 
-1.179075e+01 8.373283e+00 
-1.185369e+01 8.273721e+00 
-1.191521e+01 8.174157e+00 
-1.197532e+01 8.074592e+00 
-1.203407e+01 7.975025e+00 
-1.209148e+01 7.875457e+00 
-1.214760e+01 7.775859e+00 
-1.220254e+01 7.676211e+00 
-1.225645e+01 7.576551e+00 
-1.230937e+01 7.476893e+00 
-1.236131e+01 7.377235e+00 
-1.241228e+01 7.277577e+00 
-1.246228e+01 7.177920e+00 
-1.251133e+01 7.078263e+00 
-1.255944e+01 6.978603e+00 
-1.260663e+01 6.878941e+00 
-1.265292e+01 6.779269e+00 
-1.269833e+01 6.679596e+00 
-1.274289e+01 6.579927e+00 
-1.278658e+01 6.480258e+00 
-1.282941e+01 6.380590e+00 
-1.287139e+01 6.280923e+00 
-1.291253e+01 6.181257e+00 
-1.295283e+01 6.081591e+00 
-1.299230e+01 5.981926e+00 
-1.303094e+01 5.882261e+00 
-1.306876e+01 5.782597e+00 
-1.310577e+01 5.682933e+00 
-1.314196e+01 5.583269e+00 
-1.317735e+01 5.483606e+00 
-1.321194e+01 5.383943e+00 
-1.324574e+01 5.284281e+00 
-1.327875e+01 5.184618e+00 
-1.331097e+01 5.084956e+00 
-1.334241e+01 4.985294e+00 
-1.337308e+01 4.885632e+00 
-1.340299e+01 4.785970e+00 
-1.343212e+01 4.686308e+00 
-1.346050e+01 4.586647e+00 
-1.348812e+01 4.486985e+00 
-1.351499e+01 4.387323e+00 
-1.354111e+01 4.287661e+00 
-1.356649e+01 4.187999e+00 
-1.359113e+01 4.088338e+00 
-1.361504e+01 3.988675e+00 
-1.363821e+01 3.889013e+00 
-1.366066e+01 3.789351e+00 
-1.368239e+01 3.689688e+00 
-1.370340e+01 3.590026e+00 
-1.372369e+01 3.490363e+00 
-1.374327e+01 3.390699e+00 
-1.376214e+01 3.291011e+00 
-1.378037e+01 3.191296e+00 
-1.379799e+01 3.091581e+00 
-1.381503e+01 2.991866e+00 
-1.383147e+01 2.892151e+00 
-1.384732e+01 2.792436e+00 
-1.386258e+01 2.692721e+00 
-1.387726e+01 2.593006e+00 
-1.389134e+01 2.493291e+00 
-1.390485e+01 2.393575e+00 
-1.391777e+01 2.293860e+00 
-1.393011e+01 2.194144e+00 
-1.394187e+01 2.094429e+00 
-1.395305e+01 1.994713e+00 
-1.396365e+01 1.894997e+00 
-1.397368e+01 1.795281e+00 
-1.398313e+01 1.695582e+00 
-1.399198e+01 1.595888e+00 
-1.400021e+01 1.496193e+00 
-1.400782e+01 1.396499e+00 
-1.401482e+01 1.296805e+00 
-1.402120e+01 1.197111e+00 
-1.402697e+01 1.097418e+00 
-1.403213e+01 9.977241e-01 
-1.403667e+01 8.980307e-01 
-1.404060e+01 7.983375e-01 
-1.414055e+01 8.016625e-01 
-1.413659e+01 9.019693e-01 
-1.413202e+01 1.002276e+00 
-1.412684e+01 1.102582e+00 
-1.412103e+01 1.202889e+00 
-1.411461e+01 1.303195e+00 
-1.410757e+01 1.403501e+00 
-1.409991e+01 1.503807e+00 
-1.409164e+01 1.604112e+00 
-1.408274e+01 1.704418e+00 
-1.407323e+01 1.804719e+00 
-1.406315e+01 1.905003e+00 
-1.405249e+01 2.005287e+00 
-1.404125e+01 2.105571e+00 
-1.402942e+01 2.205856e+00 
-1.401701e+01 2.306140e+00 
-1.400402e+01 2.406425e+00 
-1.399044e+01 2.506709e+00 
-1.397627e+01 2.606994e+00 
-1.396152e+01 2.707279e+00 
-1.394617e+01 2.807564e+00 
-1.393023e+01 2.907849e+00 
-1.391370e+01 3.008134e+00 
-1.389657e+01 3.108419e+00 
-1.387884e+01 3.208704e+00 
-1.386051e+01 3.308989e+00 
-1.384152e+01 3.409301e+00 
-1.382181e+01 3.509637e+00 
-1.380139e+01 3.609974e+00 
-1.378024e+01 3.710312e+00 
-1.375837e+01 3.810649e+00 
-1.373577e+01 3.910987e+00 
-1.371244e+01 4.011325e+00 
-1.368837e+01 4.111662e+00 
-1.366357e+01 4.212001e+00 
-1.363802e+01 4.312339e+00 
-1.361172e+01 4.412677e+00 
-1.358467e+01 4.513015e+00 
-1.355687e+01 4.613353e+00 
-1.352830e+01 4.713692e+00 
-1.349897e+01 4.814030e+00 
-1.346887e+01 4.914368e+00 
-1.343799e+01 5.014706e+00 
-1.340634e+01 5.115044e+00 
-1.337390e+01 5.215382e+00 
-1.334067e+01 5.315719e+00 
-1.330665e+01 5.416057e+00 
-1.327182e+01 5.516394e+00 
-1.323620e+01 5.616731e+00 
-1.319976e+01 5.717067e+00 
-1.316251e+01 5.817403e+00 
-1.312444e+01 5.917739e+00 
-1.308554e+01 6.018074e+00 
-1.304581e+01 6.118409e+00 
-1.300524e+01 6.218743e+00 
-1.296383e+01 6.319077e+00 
-1.292157e+01 6.419410e+00 
-1.287845e+01 6.519742e+00 
-1.283447e+01 6.620073e+00 
-1.278963e+01 6.720404e+00 
-1.274392e+01 6.820731e+00 
-1.269733e+01 6.921059e+00 
-1.264982e+01 7.021397e+00 
-1.260139e+01 7.121737e+00 
-1.255200e+01 7.222080e+00 
-1.250166e+01 7.322423e+00 
-1.245034e+01 7.422765e+00 
-1.239805e+01 7.523107e+00 
-1.234478e+01 7.623449e+00 
-1.229050e+01 7.723789e+00 
-1.223517e+01 7.824141e+00 
-1.217861e+01 7.924543e+00 
-1.212070e+01 8.024975e+00 
-1.206145e+01 8.125408e+00 
-1.200081e+01 8.225843e+00 
-1.193877e+01 8.326279e+00 
-1.187528e+01 8.426717e+00 
-1.181031e+01 8.527156e+00 
-1.174384e+01 8.627596e+00 
-1.167582e+01 8.728037e+00 
-1.160622e+01 8.828479e+00 
-1.153500e+01 8.928921e+00 
-1.146213e+01 9.029364e+00 
-1.138755e+01 9.129808e+00 
-1.131122e+01 9.230251e+00 
-1.123313e+01 9.330692e+00 
-1.115322e+01 9.431130e+00 
-1.107145e+01 9.531568e+00 
-1.098778e+01 9.632005e+00 
-1.090215e+01 9.732441e+00 
-1.081450e+01 9.832876e+00 
-1.072478e+01 9.933311e+00 
-1.063293e+01 1.003374e+01 
-1.053889e+01 1.013418e+01 
-1.044258e+01 1.023461e+01 
-1.034394e+01 1.033504e+01 
-1.024352e+01 1.043485e+01 
-1.014309e+01 1.053230e+01 
-1.004266e+01 1.062746e+01 
-9.942239e+00 1.072043e+01 
-9.841817e+00 1.081129e+01 
-9.741399e+00 1.090012e+01 
-9.640985e+00 1.098699e+01 
-9.540573e+00 1.107198e+01 
-9.440163e+00 1.115513e+01 
-9.339703e+00 1.123633e+01 
-9.239157e+00 1.131531e+01 
-9.138611e+00 1.139207e+01 
-9.038067e+00 1.146669e+01 
-8.937526e+00 1.153923e+01 
-8.836943e+00 1.160963e+01 
-8.736248e+00 1.167761e+01 
-8.635493e+00 1.174302e+01 
-8.534732e+00 1.180587e+01 
-8.433970e+00 1.186625e+01 
-8.333210e+00 1.192424e+01 
-8.232451e+00 1.197991e+01 
-8.131694e+00 1.203334e+01 
-8.030940e+00 1.208460e+01 
-7.930189e+00 1.213374e+01 
-7.829443e+00 1.218084e+01 
-7.728700e+00 1.222594e+01 
-7.627962e+00 1.226910e+01 
-7.527229e+00 1.231038e+01 
-7.426502e+00 1.234983e+01 
-7.325781e+00 1.238749e+01 
-7.225066e+00 1.242341e+01 
-7.124359e+00 1.245763e+01 
-7.023658e+00 1.249020e+01 
-6.922958e+00 1.252115e+01 
-6.822140e+00 1.255026e+01 
-6.721169e+00 1.257723e+01 
-6.620162e+00 1.260197e+01 
-6.519163e+00 1.262452e+01 
-6.418172e+00 1.264493e+01 
-6.317192e+00 1.266324e+01 
-6.216134e+00 1.267934e+01 
-6.114516e+00 1.269216e+01 
-6.012799e+00 1.270144e+01 
-5.911065e+00 1.270716e+01 
-5.809323e+00 1.270933e+01 
-5.707576e+00 1.270794e+01 
-5.605829e+00 1.270299e+01 
-5.504084e+00 1.269447e+01 
-5.402346e+00 1.268236e+01 
-5.300618e+00 1.266663e+01 
-5.198905e+00 1.264726e+01 
-5.097211e+00 1.262422e+01 
-4.995537e+00 1.259747e+01 
-4.893888e+00 1.256697e+01 
-4.792269e+00 1.253267e+01 
-4.690694e+00 1.249455e+01 
-4.588792e+00 1.245149e+01 
-4.485815e+00 1.239984e+01 
-4.382517e+00 1.233792e+01 
-4.279327e+00 1.226484e+01 
-4.176380e+00 1.217976e+01 
-4.073705e+00 1.208169e+01 
-3.980263e+00 1.197923e+01 
-3.897752e+00 1.187693e+01 
-3.823822e+00 1.177488e+01 
-3.756811e+00 1.167303e+01 
-3.695534e+00 1.157136e+01 
-3.639289e+00 1.146977e+01 
-3.587434e+00 1.136831e+01 
-3.539446e+00 1.126695e+01 
-3.495087e+00 1.116561e+01 
-3.453750e+00 1.106448e+01 
-3.414910e+00 1.096351e+01 
-3.378011e+00 1.086276e+01 
-3.342828e+00 1.076205e+01 
-3.309235e+00 1.066139e+01 
-3.277121e+00 1.056077e+01 
-3.246423e+00 1.046016e+01 
-3.217088e+00 1.035956e+01 
-3.189057e+00 1.025899e+01 
-3.162473e+00 1.015833e+01 
-3.137389e+00 1.005765e+01 
-3.113444e+00 9.957153e+00 
-3.090424e+00 9.856738e+00 
-3.068281e+00 9.756333e+00 
-3.046997e+00 9.655935e+00 
-3.026557e+00 9.555541e+00 
-3.006866e+00 9.455193e+00 
-2.987754e+00 9.354928e+00 
-2.969152e+00 9.254689e+00 
-2.950984e+00 9.154486e+00 
-2.933319e+00 9.054243e+00 
-2.916301e+00 8.953929e+00 
-2.899838e+00 8.853668e+00 
-2.883901e+00 8.753416e+00 
-2.868510e+00 8.653152e+00 
-2.853612e+00 8.552917e+00 
-2.839125e+00 8.452721e+00 
-2.824942e+00 8.352578e+00 
-2.810992e+00 8.252467e+00 
-2.797216e+00 8.152384e+00 
-2.783557e+00 8.052329e+00 
-2.770123e+00 7.952215e+00 
-2.757101e+00 7.852010e+00 
-2.744591e+00 7.751757e+00 
-2.732607e+00 7.651500e+00 
-2.721101e+00 7.551268e+00 
-2.710024e+00 7.451060e+00 
-2.699329e+00 7.350873e+00 
-2.688903e+00 7.250744e+00 
-2.678673e+00 7.150650e+00 
-2.668605e+00 7.050571e+00 
-2.658578e+00 6.950554e+00 
-2.648579e+00 6.850541e+00 
-2.638813e+00 6.750420e+00 
-2.629272e+00 6.650310e+00 
-2.619886e+00 6.550235e+00 
-2.610663e+00 6.450155e+00 
-2.601603e+00 6.350074e+00 
-2.592703e+00 6.249995e+00 
-2.583960e+00 6.149918e+00 
-2.575425e+00 6.049814e+00 
-2.567222e+00 5.949647e+00 
-2.559227e+00 5.849547e+00 
-2.551332e+00 5.749500e+00 
-2.543557e+00 5.649439e+00 
-2.535859e+00 5.549403e+00 
-2.528204e+00 5.449382e+00 
-2.520607e+00 5.349352e+00 
-2.513089e+00 5.249313e+00 
-2.505667e+00 5.149265e+00 
-2.498360e+00 5.049208e+00 
-2.491188e+00 4.949141e+00 
-2.484181e+00 4.849058e+00 
-2.477405e+00 4.748942e+00 
-2.470856e+00 4.648830e+00 
-2.464402e+00 4.548785e+00 
-2.458016e+00 4.448752e+00 
-2.557812e+00 4.442380e+00 
