-2.755056e+01 -1.002340e-01 
-2.755103e+01 -2.001748e-01 
-2.755138e+01 -3.001018e-01 
-2.755158e+01 -4.000147e-01 
-2.755161e+01 -4.999132e-01 
-2.755144e+01 -5.997968e-01 
-2.755103e+01 -6.996650e-01 
-2.755036e+01 -7.995170e-01 
-2.754940e+01 -8.993522e-01 
-2.754811e+01 -9.991695e-01 
-2.754645e+01 -1.098968e+00 
-2.754439e+01 -1.198746e+00 
-2.754189e+01 -1.298503e+00 
-2.753890e+01 -1.398244e+00 
-2.753539e+01 -1.498062e+00 
-2.753152e+01 -1.597948e+00 
-2.752742e+01 -1.697838e+00 
-2.752309e+01 -1.797755e+00 
-2.751860e+01 -1.897672e+00 
-2.751394e+01 -1.997637e+00 
-2.750921e+01 -2.097619e+00 
-2.750445e+01 -2.197595e+00 
-2.749963e+01 -2.297563e+00 
-2.749475e+01 -2.397524e+00 
-2.748980e+01 -2.497478e+00 
-2.748475e+01 -2.597425e+00 
-2.747960e+01 -2.697364e+00 
-2.747432e+01 -2.797297e+00 
-2.746891e+01 -2.897222e+00 
-2.746335e+01 -2.997140e+00 
-2.745763e+01 -3.097051e+00 
-2.745172e+01 -3.196954e+00 
-2.744563e+01 -3.296850e+00 
-2.743932e+01 -3.396738e+00 
-2.743279e+01 -3.496619e+00 
-2.742602e+01 -3.596492e+00 
-2.741900e+01 -3.696358e+00 
-2.741170e+01 -3.796215e+00 
-2.740412e+01 -3.896065e+00 
-2.739624e+01 -3.995907e+00 
-2.738804e+01 -4.095741e+00 
-2.737950e+01 -4.195664e+00 
-2.737080e+01 -4.295614e+00 
-2.736200e+01 -4.395555e+00 
-2.735308e+01 -4.495485e+00 
-2.734402e+01 -4.595406e+00 
-2.733481e+01 -4.695317e+00 
-2.732541e+01 -4.795217e+00 
-2.731581e+01 -4.895107e+00 
-2.730599e+01 -4.994986e+00 
-2.729592e+01 -5.094855e+00 
-2.728559e+01 -5.194712e+00 
-2.727497e+01 -5.294558e+00 
-2.726404e+01 -5.394392e+00 
-2.725277e+01 -5.494214e+00 
-2.724114e+01 -5.594023e+00 
-2.722913e+01 -5.693820e+00 
-2.721670e+01 -5.793603e+00 
-2.720383e+01 -5.893371e+00 
-2.719049e+01 -5.993126e+00 
-2.717664e+01 -6.092865e+00 
-2.716227e+01 -6.192588e+00 
-2.714731e+01 -6.292368e+00 
-2.713189e+01 -6.392214e+00 
-2.711615e+01 -6.492055e+00 
-2.710008e+01 -6.591891e+00 
-2.708368e+01 -6.691726e+00 
-2.706693e+01 -6.791559e+00 
-2.704983e+01 -6.891391e+00 
-2.703238e+01 -6.991217e+00 
-2.701457e+01 -7.091047e+00 
-2.699640e+01 -7.190882e+00 
-2.697788e+01 -7.290723e+00 
-2.695903e+01 -7.390570e+00 
-2.693985e+01 -7.490423e+00 
-2.692037e+01 -7.590282e+00 
-2.690058e+01 -7.690145e+00 
-2.688050e+01 -7.790014e+00 
-2.686014e+01 -7.889887e+00 
-2.683952e+01 -7.989766e+00 
-2.681863e+01 -8.089649e+00 
-2.679750e+01 -8.189538e+00 
-2.677612e+01 -8.289430e+00 
-2.675451e+01 -8.389327e+00 
-2.673269e+01 -8.489229e+00 
-2.671065e+01 -8.589135e+00 
-2.668840e+01 -8.689045e+00 
-2.666597e+01 -8.788936e+00 
-2.664334e+01 -8.888674e+00 
-2.662014e+01 -8.988426e+00 
-2.659641e+01 -9.088192e+00 
-2.657216e+01 -9.187970e+00 
-2.654742e+01 -9.287762e+00 
-2.652223e+01 -9.387566e+00 
-2.649660e+01 -9.487383e+00 
-2.647057e+01 -9.587212e+00 
-2.644415e+01 -9.687053e+00 
-2.641738e+01 -9.786907e+00 
-2.639029e+01 -9.886773e+00 
-2.636289e+01 -9.986637e+00 
-2.633521e+01 -1.008646e+01 
-2.630713e+01 -1.018628e+01 
-2.627864e+01 -1.028609e+01 
-2.624973e+01 -1.038590e+01 
-2.622039e+01 -1.048570e+01 
-2.619060e+01 -1.058550e+01 
-2.616036e+01 -1.068529e+01 
-2.612965e+01 -1.078508e+01 
-2.609846e+01 -1.088487e+01 
-2.606678e+01 -1.098464e+01 
-2.603458e+01 -1.108442e+01 
-2.600186e+01 -1.118418e+01 
-2.596859e+01 -1.128395e+01 
-2.593477e+01 -1.138370e+01 
-2.590038e+01 -1.148345e+01 
-2.586540e+01 -1.158320e+01 
-2.582981e+01 -1.168293e+01 
-2.579359e+01 -1.178266e+01 
-2.575673e+01 -1.188239e+01 
-2.571920e+01 -1.198211e+01 
-2.568099e+01 -1.208182e+01 
-2.564206e+01 -1.218152e+01 
-2.560240e+01 -1.228124e+01 
-2.556203e+01 -1.238098e+01 
-2.552101e+01 -1.248074e+01 
-2.547936e+01 -1.258048e+01 
-2.543707e+01 -1.268023e+01 
-2.539413e+01 -1.277997e+01 
-2.535053e+01 -1.287971e+01 
-2.530624e+01 -1.297944e+01 
-2.526126e+01 -1.307918e+01 
-2.521557e+01 -1.317891e+01 
-2.516917e+01 -1.327864e+01 
-2.512204e+01 -1.337836e+01 
-2.507417e+01 -1.347808e+01 
-2.502554e+01 -1.357780e+01 
-2.497614e+01 -1.367752e+01 
-2.492595e+01 -1.377724e+01 
-2.487497e+01 -1.387696e+01 
-2.482319e+01 -1.397667e+01 
-2.477060e+01 -1.407639e+01 
-2.471719e+01 -1.417610e+01 
-2.466293e+01 -1.427581e+01 
-2.460783e+01 -1.437553e+01 
-2.455186e+01 -1.447524e+01 
-2.449502e+01 -1.457495e+01 
-2.443729e+01 -1.467465e+01 
-2.437865e+01 -1.477436e+01 
-2.431911e+01 -1.487407e+01 
-2.425863e+01 -1.497378e+01 
-2.419722e+01 -1.507348e+01 
-2.413485e+01 -1.517319e+01 
-2.407151e+01 -1.527290e+01 
-2.400719e+01 -1.537260e+01 
-2.394187e+01 -1.547231e+01 
-2.387555e+01 -1.557201e+01 
-2.380820e+01 -1.567172e+01 
-2.373980e+01 -1.577142e+01 
-2.367036e+01 -1.587113e+01 
-2.359985e+01 -1.597083e+01 
-2.352825e+01 -1.607053e+01 
-2.345550e+01 -1.617022e+01 
-2.338158e+01 -1.626990e+01 
-2.330644e+01 -1.636959e+01 
-2.323006e+01 -1.646927e+01 
-2.315241e+01 -1.656895e+01 
-2.307345e+01 -1.666863e+01 
-2.299314e+01 -1.676831e+01 
-2.291146e+01 -1.686798e+01 
-2.282836e+01 -1.696765e+01 
-2.274380e+01 -1.706732e+01 
-2.265774e+01 -1.716699e+01 
-2.257014e+01 -1.726666e+01 
-2.248095e+01 -1.736632e+01 
-2.239012e+01 -1.746598e+01 
-2.229759e+01 -1.756564e+01 
-2.220333e+01 -1.766530e+01 
-2.210726e+01 -1.776495e+01 
-2.200933e+01 -1.786461e+01 
-2.190968e+01 -1.796405e+01 
-2.181003e+01 -1.806156e+01 
-2.171038e+01 -1.815716e+01 
-2.161074e+01 -1.825091e+01 
-2.151109e+01 -1.834286e+01 
-2.141145e+01 -1.843304e+01 
-2.131181e+01 -1.852149e+01 
-2.121217e+01 -1.860826e+01 
-2.111253e+01 -1.869338e+01 
-2.101289e+01 -1.877689e+01 
-2.091325e+01 -1.885882e+01 
-2.081363e+01 -1.893917e+01 
-2.071400e+01 -1.901797e+01 
-2.061438e+01 -1.909524e+01 
-2.051475e+01 -1.917101e+01 
-2.041513e+01 -1.924531e+01 
-2.031550e+01 -1.931818e+01 
-2.021587e+01 -1.938965e+01 
-2.011623e+01 -1.945978e+01 
-2.001662e+01 -1.952859e+01 
-1.991702e+01 -1.959600e+01 
-1.981743e+01 -1.966200e+01 
-1.971784e+01 -1.972662e+01 
-1.961824e+01 -1.978989e+01 
-1.951865e+01 -1.985181e+01 
-1.941906e+01 -1.991243e+01 
-1.931946e+01 -1.997176e+01 
-1.921984e+01 -2.002984e+01 
-1.912021e+01 -2.008677e+01 
-1.902056e+01 -2.014260e+01 
-1.892091e+01 -2.019737e+01 
-1.882126e+01 -2.025112e+01 
-1.872161e+01 -2.030386e+01 
-1.862195e+01 -2.035559e+01 
-1.852230e+01 -2.040634e+01 
-1.842265e+01 -2.045611e+01 
-1.832300e+01 -2.050493e+01 
-1.822334e+01 -2.055280e+01 
-1.812369e+01 -2.059973e+01 
-1.802403e+01 -2.064574e+01 
-1.792437e+01 -2.069084e+01 
-1.782471e+01 -2.073504e+01 
-1.772506e+01 -2.077835e+01 
-1.762539e+01 -2.082079e+01 
-1.752573e+01 -2.086236e+01 
-1.742607e+01 -2.090308e+01 
-1.732641e+01 -2.094296e+01 
-1.722674e+01 -2.098200e+01 
-1.712707e+01 -2.102023e+01 
-1.702740e+01 -2.105764e+01 
-1.692773e+01 -2.109426e+01 
-1.682806e+01 -2.113008e+01 
-1.672839e+01 -2.116512e+01 
-1.662871e+01 -2.119939e+01 
-1.652903e+01 -2.123290e+01 
-1.642936e+01 -2.126566e+01 
-1.632967e+01 -2.129767e+01 
-1.622999e+01 -2.132895e+01 
-1.613031e+01 -2.135951e+01 
-1.603062e+01 -2.138935e+01 
-1.593094e+01 -2.141848e+01 
-1.583128e+01 -2.144689e+01 
-1.573165e+01 -2.147452e+01 
-1.563201e+01 -2.150134e+01 
-1.553237e+01 -2.152736e+01 
-1.543274e+01 -2.155259e+01 
-1.533310e+01 -2.157702e+01 
-1.523346e+01 -2.160066e+01 
-1.513383e+01 -2.162352e+01 
-1.503419e+01 -2.164560e+01 
-1.493455e+01 -2.166690e+01 
-1.483492e+01 -2.168743e+01 
-1.473528e+01 -2.170720e+01 
-1.463564e+01 -2.172620e+01 
-1.453600e+01 -2.174444e+01 
-1.443636e+01 -2.176193e+01 
-1.433672e+01 -2.177868e+01 
-1.423708e+01 -2.179467e+01 
-1.413743e+01 -2.180993e+01 
-1.403779e+01 -2.182446e+01 
-1.393814e+01 -2.183825e+01 
-1.383849e+01 -2.185132e+01 
-1.373885e+01 -2.186367e+01 
-1.363919e+01 -2.187531e+01 
-1.353954e+01 -2.188624e+01 
-1.343989e+01 -2.189646e+01 
-1.334025e+01 -2.190598e+01 
-1.324063e+01 -2.191477e+01 
-1.314104e+01 -2.192280e+01 
-1.304148e+01 -2.192999e+01 
-1.294192e+01 -2.193630e+01 
-1.284236e+01 -2.194172e+01 
-1.274280e+01 -2.194627e+01 
-1.264323e+01 -2.194995e+01 
-1.254365e+01 -2.195278e+01 
-1.244407e+01 -2.195476e+01 
-1.234449e+01 -2.195590e+01 
-1.224490e+01 -2.195622e+01 
-1.214530e+01 -2.195572e+01 
-1.204570e+01 -2.195441e+01 
-1.194612e+01 -2.195231e+01 
-1.184659e+01 -2.194938e+01 
-1.174709e+01 -2.194550e+01 
-1.164759e+01 -2.194062e+01 
-1.154808e+01 -2.193476e+01 
-1.144856e+01 -2.192791e+01 
-1.134903e+01 -2.192010e+01 
-1.124950e+01 -2.191134e+01 
-1.114996e+01 -2.190162e+01 
-1.105042e+01 -2.189098e+01 
-1.095087e+01 -2.187940e+01 
-1.085131e+01 -2.186692e+01 
-1.075174e+01 -2.185353e+01 
-1.065217e+01 -2.183925e+01 
-1.055259e+01 -2.182408e+01 
-1.045301e+01 -2.180805e+01 
-1.035341e+01 -2.179115e+01 
-1.025381e+01 -2.177341e+01 
-1.015421e+01 -2.175483e+01 
-1.005459e+01 -2.173542e+01 
-9.954974e+00 -2.171519e+01 
-9.855346e+00 -2.169415e+01 
-9.755708e+00 -2.167232e+01 
-9.656071e+00 -2.164971e+01 
-9.556422e+00 -2.162632e+01 
-9.456816e+00 -2.160218e+01 
-9.357257e+00 -2.157719e+01 
-9.257719e+00 -2.155124e+01 
-9.158177e+00 -2.152428e+01 
-9.058632e+00 -2.149629e+01 
-8.959083e+00 -2.146728e+01 
-8.859531e+00 -2.143726e+01 
-8.759976e+00 -2.140621e+01 
-8.660417e+00 -2.137414e+01 
-8.560856e+00 -2.134104e+01 
-8.461292e+00 -2.130692e+01 
-8.361725e+00 -2.127176e+01 
-8.262155e+00 -2.123557e+01 
-8.162583e+00 -2.119834e+01 
-8.063008e+00 -2.116007e+01 
-7.963431e+00 -2.112075e+01 
-7.863851e+00 -2.108037e+01 
-7.764268e+00 -2.103894e+01 
-7.664683e+00 -2.099645e+01 
-7.565095e+00 -2.095288e+01 
-7.465505e+00 -2.090825e+01 
-7.365912e+00 -2.086253e+01 
-7.266317e+00 -2.081572e+01 
-7.166736e+00 -2.076782e+01 
-7.067223e+00 -2.071881e+01 
-6.967727e+00 -2.066846e+01 
-6.868223e+00 -2.061667e+01 
-6.768710e+00 -2.056346e+01 
-6.669189e+00 -2.050881e+01 
-6.569659e+00 -2.045273e+01 
-6.470120e+00 -2.039522e+01 
-6.370573e+00 -2.033628e+01 
-6.271018e+00 -2.027590e+01 
-6.171454e+00 -2.021408e+01 
-6.071881e+00 -2.015083e+01 
-5.972303e+00 -2.008615e+01 
-5.872723e+00 -2.002003e+01 
-5.773168e+00 -1.995246e+01 
-5.673634e+00 -1.988333e+01 
-5.574094e+00 -1.981250e+01 
-5.474547e+00 -1.973995e+01 
-5.375037e+00 -1.966570e+01 
-5.275612e+00 -1.958959e+01 
-5.176182e+00 -1.951116e+01 
-5.076744e+00 -1.943033e+01 
-4.977281e+00 -1.934705e+01 
-4.877727e+00 -1.926128e+01 
-4.778162e+00 -1.917342e+01 
-4.678604e+00 -1.908348e+01 
-4.579052e+00 -1.899136e+01 
-4.479503e+00 -1.889695e+01 
-4.379959e+00 -1.880014e+01 
-4.280418e+00 -1.870083e+01 
-4.183217e+00 -1.860129e+01 
-4.088438e+00 -1.850173e+01 
-3.995916e+00 -1.840215e+01 
-3.905491e+00 -1.830256e+01 
-3.817032e+00 -1.820297e+01 
-3.730563e+00 -1.810346e+01 
-3.646306e+00 -1.800393e+01 
-3.564120e+00 -1.790438e+01 
-3.483832e+00 -1.780480e+01 
-3.405287e+00 -1.770520e+01 
-3.328355e+00 -1.760559e+01 
-3.253027e+00 -1.750606e+01 
-3.179596e+00 -1.740663e+01 
-3.108310e+00 -1.730720e+01 
-3.039086e+00 -1.720774e+01 
-2.971781e+00 -1.710827e+01 
-2.906271e+00 -1.700877e+01 
-2.842438e+00 -1.690924e+01 
-2.780157e+00 -1.680969e+01 
-2.719318e+00 -1.671012e+01 
-2.659840e+00 -1.661054e+01 
-2.601667e+00 -1.651095e+01 
-2.544742e+00 -1.641135e+01 
-2.489020e+00 -1.631175e+01 
-2.434516e+00 -1.621221e+01 
-2.381396e+00 -1.611273e+01 
-2.329751e+00 -1.601321e+01 
-2.279454e+00 -1.591367e+01 
-2.230407e+00 -1.581410e+01 
-2.182543e+00 -1.571452e+01 
-2.135799e+00 -1.561492e+01 
-2.090127e+00 -1.551532e+01 
-2.045504e+00 -1.541573e+01 
-2.001948e+00 -1.531614e+01 
-1.959459e+00 -1.521655e+01 
-1.917985e+00 -1.511691e+01 
-1.877401e+00 -1.501723e+01 
-1.837625e+00 -1.491754e+01 
-1.798597e+00 -1.481782e+01 
-1.760253e+00 -1.471808e+01 
-1.722545e+00 -1.461832e+01 
-1.685418e+00 -1.451855e+01 
-1.648826e+00 -1.441876e+01 
-1.612772e+00 -1.431906e+01 
-1.577444e+00 -1.421936e+01 
-1.542717e+00 -1.411937e+01 
-1.508001e+00 -1.401930e+01 
-1.473116e+00 -1.391927e+01 
-1.438211e+00 -1.381936e+01 
-1.403580e+00 -1.371964e+01 
-1.369616e+00 -1.361996e+01 
-1.336418e+00 -1.352032e+01 
-1.304077e+00 -1.342071e+01 
-1.272627e+00 -1.332109e+01 
-1.242035e+00 -1.322145e+01 
-1.212279e+00 -1.312182e+01 
-1.183361e+00 -1.302223e+01 
-1.155370e+00 -1.292268e+01 
-1.128367e+00 -1.282305e+01 
-1.102170e+00 -1.272339e+01 
-1.076732e+00 -1.262376e+01 
-1.052094e+00 -1.252414e+01 
-1.028297e+00 -1.242456e+01 
-1.005408e+00 -1.232500e+01 
-9.834551e-01 -1.222543e+01 
-9.624251e-01 -1.212588e+01 
-9.423617e-01 -1.202634e+01 
-9.232493e-01 -1.192674e+01 
-9.049588e-01 -1.182705e+01 
-8.873253e-01 -1.172735e+01 
-8.703101e-01 -1.162769e+01 
-8.540117e-01 -1.152806e+01 
-8.384741e-01 -1.142841e+01 
-8.236627e-01 -1.132875e+01 
-8.095385e-01 -1.122907e+01 
-7.960670e-01 -1.112937e+01 
-7.832170e-01 -1.102966e+01 
-7.709599e-01 -1.092994e+01 
-7.592693e-01 -1.083020e+01 
-7.481015e-01 -1.073038e+01 
-7.372876e-01 -1.063051e+01 
-7.267348e-01 -1.053063e+01 
-7.164249e-01 -1.043075e+01 
-7.063762e-01 -1.033094e+01 
-6.967054e-01 -1.023112e+01 
-6.873965e-01 -1.013126e+01 
-6.783605e-01 -1.003138e+01 
-6.695787e-01 -9.931500e+00 
-6.610316e-01 -9.831585e+00 
-6.526559e-01 -9.731650e+00 
-6.444118e-01 -9.631718e+00 
-6.363045e-01 -9.531777e+00 
-6.283155e-01 -9.431826e+00 
-6.204264e-01 -9.331895e+00 
-6.126782e-01 -9.231995e+00 
-6.051349e-01 -9.132124e+00 
-5.978506e-01 -9.032265e+00 
-5.908516e-01 -8.932411e+00 
-5.841447e-01 -8.832552e+00 
-5.777207e-01 -8.732660e+00 
-5.715107e-01 -8.632714e+00 
-5.654078e-01 -8.532749e+00 
-5.593749e-01 -8.432792e+00 
-5.534284e-01 -8.332836e+00 
-5.475688e-01 -8.232855e+00 
-5.417442e-01 -8.132812e+00 
-5.358316e-01 -8.032737e+00 
-5.297703e-01 -7.932710e+00 
-5.236588e-01 -7.832745e+00 
-5.176198e-01 -7.732814e+00 
-5.117216e-01 -7.632909e+00 
-5.060132e-01 -7.533011e+00 
-5.005086e-01 -7.433087e+00 
-4.951556e-01 -7.333138e+00 
-4.899013e-01 -7.233130e+00 
-4.846309e-01 -7.133108e+00 
-4.793165e-01 -7.033098e+00 
-4.739836e-01 -6.933097e+00 
-4.686561e-01 -6.833239e+00 
-4.636165e-01 -6.733482e+00 
-4.590639e-01 -6.633714e+00 
-4.549708e-01 -6.533823e+00 
-4.510937e-01 -6.433877e+00 
-4.473177e-01 -6.333768e+00 
-4.433213e-01 -6.233606e+00 
-4.390045e-01 -6.133556e+00 
-4.345893e-01 -6.033555e+00 
-4.301739e-01 -5.933565e+00 
-4.257779e-01 -5.833581e+00 
-4.214138e-01 -5.733599e+00 
-4.170867e-01 -5.633624e+00 
-4.128109e-01 -5.533694e+00 
-4.086766e-01 -5.433775e+00 
-4.047035e-01 -5.333839e+00 
-4.008584e-01 -5.233889e+00 
-3.971133e-01 -5.133925e+00 
-3.934402e-01 -5.033948e+00 
-3.898110e-01 -4.933956e+00 
-3.861974e-01 -4.833948e+00 
-3.825677e-01 -4.733916e+00 
-3.788738e-01 -4.633876e+00 
-3.751016e-01 -4.533893e+00 
-3.713631e-01 -4.433922e+00 
-3.676817e-01 -4.333926e+00 
-3.640081e-01 -4.233928e+00 
-3.603399e-01 -4.133918e+00 
-3.566495e-01 -4.033892e+00 
-3.529066e-01 -3.933863e+00 
-3.491056e-01 -3.833835e+00 
-3.452517e-01 -3.733850e+00 
-3.414292e-01 -3.633900e+00 
-3.377094e-01 -3.534014e+00 
-3.342180e-01 -3.434178e+00 
-3.310518e-01 -3.334255e+00 
-3.280376e-01 -3.234242e+00 
-3.249979e-01 -3.134214e+00 
-3.219011e-01 -3.034192e+00 
-3.187602e-01 -2.934176e+00 
-3.155883e-01 -2.834167e+00 
-3.123982e-01 -2.734165e+00 
-3.092043e-01 -2.634185e+00 
-3.060522e-01 -2.534237e+00 
-3.030040e-01 -2.434264e+00 
-3.000069e-01 -2.334232e+00 
-2.969462e-01 -2.234204e+00 
-2.938299e-01 -2.134205e+00 
-2.907159e-01 -2.034226e+00 
-2.876453e-01 -1.934266e+00 
-2.846549e-01 -1.834324e+00 
-2.817815e-01 -1.734401e+00 
-2.790629e-01 -1.634493e+00 
-2.765278e-01 -1.534541e+00 
-2.740867e-01 -1.434547e+00 
-2.716574e-01 -1.334521e+00 
-2.691762e-01 -1.234481e+00 
-2.666145e-01 -1.134438e+00 
-2.639655e-01 -1.034389e+00 
-2.612193e-01 -9.343700e-01 
-2.584359e-01 -8.343695e-01 
-2.556521e-01 -7.343835e-01 
-2.528966e-01 -6.344119e-01 
-2.501965e-01 -5.343873e-01 
-2.474478e-01 -4.343880e-01 
-2.447011e-01 -3.344109e-01 
-2.419999e-01 -2.344221e-01 
-2.393210e-01 -1.344296e-01 
-2.366747e-01 -3.576112e-02 
-2.366569e-01 3.442955e-02 
-2.393208e-01 1.344221e-01 
-2.419996e-01 2.344109e-01 
-2.447005e-01 3.343880e-01 
-2.474477e-01 4.343873e-01 
-2.501972e-01 5.344119e-01 
-2.528958e-01 6.343835e-01 
-2.556517e-01 7.343695e-01 
-2.584360e-01 8.343700e-01 
-2.612198e-01 9.343888e-01 
-2.639668e-01 1.034438e+00 
-2.666156e-01 1.134481e+00 
-2.691772e-01 1.234521e+00 
-2.716581e-01 1.334547e+00 
-2.740865e-01 1.434541e+00 
-2.765267e-01 1.534493e+00 
-2.790605e-01 1.634401e+00 
-2.817793e-01 1.734324e+00 
-2.846532e-01 1.834266e+00 
-2.876441e-01 1.934226e+00 
-2.907153e-01 2.034205e+00 
-2.938299e-01 2.134204e+00 
-2.969471e-01 2.234232e+00 
-3.000079e-01 2.334264e+00 
-3.030032e-01 2.434237e+00 
-3.060505e-01 2.534185e+00 
-3.092037e-01 2.634165e+00 
-3.123983e-01 2.734167e+00 
-3.155886e-01 2.834176e+00 
-3.187607e-01 2.934192e+00 
-3.219018e-01 3.034214e+00 
-3.249988e-01 3.134242e+00 
-3.280380e-01 3.234255e+00 
-3.310494e-01 3.334178e+00 
-3.342125e-01 3.434014e+00 
-3.377054e-01 3.533900e+00 
-3.414273e-01 3.633850e+00 
-3.452511e-01 3.733835e+00 
-3.491067e-01 3.833863e+00 
-3.529077e-01 3.933892e+00 
-3.566505e-01 4.033918e+00 
-3.603403e-01 4.133928e+00 
-3.640080e-01 4.233926e+00 
-3.676815e-01 4.333922e+00 
-3.713620e-01 4.433893e+00 
-3.751010e-01 4.533876e+00 
-3.788753e-01 4.633916e+00 
-3.825688e-01 4.733948e+00 
-3.861977e-01 4.833956e+00 
-3.898107e-01 4.933948e+00 
-3.934394e-01 5.033925e+00 
-3.971120e-01 5.133889e+00 
-4.008565e-01 5.233839e+00 
-4.047010e-01 5.333775e+00 
-4.086733e-01 5.433694e+00 
-4.128079e-01 5.533624e+00 
-4.170856e-01 5.633599e+00 
-4.214130e-01 5.733581e+00 
-4.257772e-01 5.833565e+00 
-4.301735e-01 5.933555e+00 
-4.345893e-01 6.033556e+00 
-4.390067e-01 6.133606e+00 
-4.433280e-01 6.233768e+00 
-4.473220e-01 6.333877e+00 
-4.510917e-01 6.433823e+00 
-4.549664e-01 6.533714e+00 
-4.590538e-01 6.633482e+00 
-4.636047e-01 6.733239e+00 
-4.686487e-01 6.833097e+00 
-4.739836e-01 6.933098e+00 
-4.793170e-01 7.033108e+00 
-4.846321e-01 7.133130e+00 
-4.899017e-01 7.233138e+00 
-4.951529e-01 7.333087e+00 
-5.005044e-01 7.433011e+00 
-5.060074e-01 7.532909e+00 
-5.117161e-01 7.632814e+00 
-5.176157e-01 7.732745e+00 
-5.236567e-01 7.832710e+00 
-5.297719e-01 7.932737e+00 
-5.358361e-01 8.032812e+00 
-5.417468e-01 8.132855e+00 
-5.475677e-01 8.232836e+00 
-4.477390e-01 8.238686e+00 
-4.419158e-01 8.138667e+00 
-4.360102e-01 8.038710e+00 
-4.299550e-01 7.938785e+00 
-4.238430e-01 7.838812e+00 
-4.177978e-01 7.738777e+00 
-4.118899e-01 7.638708e+00 
-4.061703e-01 7.538614e+00 
-4.006558e-01 7.438511e+00 
-3.952960e-01 7.338435e+00 
-3.900394e-01 7.238384e+00 
-3.847706e-01 7.138392e+00 
-3.794579e-01 7.038414e+00 
-3.741255e-01 6.938424e+00 
-3.687907e-01 6.838425e+00 
-3.637321e-01 6.738284e+00 
-3.591578e-01 6.638040e+00 
-3.550502e-01 6.537808e+00 
-3.511668e-01 6.437699e+00 
-3.473930e-01 6.337646e+00 
-3.434075e-01 6.237754e+00 
-3.390996e-01 6.137916e+00 
-3.346866e-01 6.037967e+00 
-3.302708e-01 5.937967e+00 
-3.258737e-01 5.837957e+00 
-3.215081e-01 5.737942e+00 
-3.171792e-01 5.637923e+00 
-3.128993e-01 5.537899e+00 
-3.087588e-01 5.437828e+00 
-3.047800e-01 5.337747e+00 
-3.009304e-01 5.237683e+00 
-2.971821e-01 5.137633e+00 
-2.935068e-01 5.037597e+00 
-2.898765e-01 4.937575e+00 
-2.862629e-01 4.837567e+00 
-2.826346e-01 4.737574e+00 
-2.789434e-01 4.637606e+00 
-2.751721e-01 4.537646e+00 
-2.714319e-01 4.437630e+00 
-2.677492e-01 4.337601e+00 
-2.640754e-01 4.237597e+00 
-2.604075e-01 4.137594e+00 
-2.567185e-01 4.037605e+00 
-2.529776e-01 3.937631e+00 
-2.491788e-01 3.837660e+00 
-2.453253e-01 3.737687e+00 
-2.415004e-01 3.637672e+00 
-2.377746e-01 3.537622e+00 
-2.342736e-01 3.437509e+00 
-2.310995e-01 3.337345e+00 
-2.280834e-01 3.237267e+00 
-2.250449e-01 3.137280e+00 
-2.219497e-01 3.037308e+00 
-2.188100e-01 2.937331e+00 
-2.156388e-01 2.837346e+00 
-2.124491e-01 2.737355e+00 
-2.092547e-01 2.637358e+00 
-2.061002e-01 2.537337e+00 
-2.030496e-01 2.437285e+00 
-2.000527e-01 2.337259e+00 
-1.969938e-01 2.237290e+00 
-1.938784e-01 2.137319e+00 
-1.907637e-01 2.037318e+00 
-1.876913e-01 1.937296e+00 
-1.846979e-01 1.837257e+00 
-1.818206e-01 1.737198e+00 
-1.790975e-01 1.637121e+00 
-1.765588e-01 1.537029e+00 
-1.741163e-01 1.436981e+00 
-1.716875e-01 1.336975e+00 
-1.692080e-01 1.237001e+00 
-1.666484e-01 1.137041e+00 
-1.640019e-01 1.037084e+00 
-1.612575e-01 9.371335e-01 
-1.584747e-01 8.371522e-01 
-1.556904e-01 7.371527e-01 
-1.529338e-01 6.371387e-01 
-1.502336e-01 5.371104e-01 
-1.474855e-01 4.371350e-01 
-1.447382e-01 3.371343e-01 
-1.420360e-01 2.371114e-01 
-1.393567e-01 1.371002e-01 
-1.366924e-01 3.709269e-02 
-1.366747e-01 -3.576112e-02 
-1.393565e-01 -1.370927e-01 
-1.420357e-01 -2.371002e-01 
-1.447376e-01 -3.371114e-01 
-1.474855e-01 -4.371343e-01 
-1.502342e-01 -5.371350e-01 
-1.529330e-01 -6.371104e-01 
-1.556900e-01 -7.371387e-01 
-1.584747e-01 -8.371527e-01 
-1.612580e-01 -9.371522e-01 
-1.640032e-01 -1.037133e+00 
-1.666495e-01 -1.137084e+00 
-1.692090e-01 -1.237041e+00 
-1.716882e-01 -1.337001e+00 
-1.741162e-01 -1.436975e+00 
-1.765576e-01 -1.536981e+00 
-1.790951e-01 -1.637029e+00 
-1.818185e-01 -1.737121e+00 
-1.846962e-01 -1.837198e+00 
-1.876901e-01 -1.937257e+00 
-1.907631e-01 -2.037296e+00 
-1.938784e-01 -2.137318e+00 
-1.969947e-01 -2.237319e+00 
-2.000537e-01 -2.337290e+00 
-2.030488e-01 -2.437259e+00 
-2.060986e-01 -2.537285e+00 
-2.092540e-01 -2.637337e+00 
-2.124492e-01 -2.737358e+00 
-2.156391e-01 -2.837355e+00 
-2.188105e-01 -2.937346e+00 
-2.219504e-01 -3.037331e+00 
-2.250458e-01 -3.137308e+00 
-2.280838e-01 -3.237280e+00 
-2.310971e-01 -3.337267e+00 
-2.342682e-01 -3.437345e+00 
-2.377705e-01 -3.537509e+00 
-2.414985e-01 -3.637622e+00 
-2.453248e-01 -3.737672e+00 
-2.491798e-01 -3.837687e+00 
-2.529787e-01 -3.937660e+00 
-2.567194e-01 -4.037631e+00 
-2.604079e-01 -4.137605e+00 
-2.640753e-01 -4.237594e+00 
-2.677491e-01 -4.337597e+00 
-2.714308e-01 -4.437601e+00 
-2.751715e-01 -4.537630e+00 
-2.789449e-01 -4.637646e+00 
-2.826358e-01 -4.737606e+00 
-2.862632e-01 -4.837574e+00 
-2.898762e-01 -4.937567e+00 
-2.935060e-01 -5.037575e+00 
-2.971807e-01 -5.137597e+00 
-3.009285e-01 -5.237633e+00 
-3.047774e-01 -5.337683e+00 
-3.087555e-01 -5.437747e+00 
-3.128964e-01 -5.537828e+00 
-3.171781e-01 -5.637899e+00 
-3.215073e-01 -5.737923e+00 
-3.258731e-01 -5.837942e+00 
-3.302704e-01 -5.937957e+00 
-3.346866e-01 -6.037967e+00 
-3.391018e-01 -6.137967e+00 
-3.434142e-01 -6.237916e+00 
-3.473972e-01 -6.337754e+00 
-3.511648e-01 -6.437646e+00 
-3.550459e-01 -6.537699e+00 
-3.591477e-01 -6.637808e+00 
-3.637204e-01 -6.738040e+00 
-3.687834e-01 -6.838284e+00 
-3.741256e-01 -6.938425e+00 
-3.794584e-01 -7.038424e+00 
-3.847718e-01 -7.138414e+00 
-3.900398e-01 -7.238392e+00 
-3.952933e-01 -7.338384e+00 
-4.006517e-01 -7.438435e+00 
-4.061645e-01 -7.538511e+00 
-4.118844e-01 -7.638614e+00 
-4.177936e-01 -7.738708e+00 
-4.238409e-01 -7.838777e+00 
-4.299567e-01 -7.938812e+00 
-4.360147e-01 -8.038785e+00 
-4.419183e-01 -8.138710e+00 
-4.477379e-01 -8.238667e+00 
-4.535997e-01 -8.338686e+00 
-4.595514e-01 -8.438730e+00 
-4.655894e-01 -8.538773e+00 
-4.716965e-01 -8.638808e+00 
-4.779131e-01 -8.738862e+00 
-4.843508e-01 -8.838970e+00 
-4.910764e-01 -8.939112e+00 
-4.980954e-01 -9.039257e+00 
-5.053999e-01 -9.139399e+00 
-5.129622e-01 -9.239527e+00 
-5.207258e-01 -9.339627e+00 
-5.286257e-01 -9.439696e+00 
-5.366225e-01 -9.539745e+00 
-5.447392e-01 -9.639804e+00 
-5.529945e-01 -9.739872e+00 
-5.613810e-01 -9.839937e+00 
-5.699425e-01 -9.940023e+00 
-5.787448e-01 -1.004014e+01 
-5.878033e-01 -1.014027e+01 
-5.971370e-01 -1.024040e+01 
-6.068423e-01 -1.034058e+01 
-6.169278e-01 -1.044077e+01 
-6.272634e-01 -1.054090e+01 
-6.378411e-01 -1.064101e+01 
-6.486826e-01 -1.074114e+01 
-6.598892e-01 -1.084132e+01 
-6.716398e-01 -1.094158e+01 
-6.839638e-01 -1.104186e+01 
-6.968872e-01 -1.114215e+01 
-7.104390e-01 -1.124246e+01 
-7.246515e-01 -1.134278e+01 
-7.395602e-01 -1.144311e+01 
-7.552054e-01 -1.154346e+01 
-7.716216e-01 -1.164383e+01 
-7.887515e-01 -1.174418e+01 
-8.064867e-01 -1.184447e+01 
-8.248911e-01 -1.194478e+01 
-8.441531e-01 -1.204518e+01 
-8.643960e-01 -1.214564e+01 
-8.856142e-01 -1.224610e+01 
-9.077527e-01 -1.234653e+01 
-9.308383e-01 -1.244696e+01 
-9.548324e-01 -1.254738e+01 
-9.796565e-01 -1.264776e+01 
-1.005277e+00 -1.274813e+01 
-1.031653e+00 -1.284847e+01 
-1.058852e+00 -1.294884e+01 
-1.087094e+00 -1.304929e+01 
-1.116244e+00 -1.314970e+01 
-1.146216e+00 -1.325007e+01 
-1.177032e+00 -1.335044e+01 
-1.208716e+00 -1.345081e+01 
-1.241305e+00 -1.355120e+01 
-1.274744e+00 -1.365157e+01 
-1.308923e+00 -1.375189e+01 
-1.343745e+00 -1.385216e+01 
-1.378712e+00 -1.395225e+01 
-1.413578e+00 -1.405223e+01 
-1.448240e+00 -1.415215e+01 
-1.482980e+00 -1.425217e+01 
-1.518514e+00 -1.435246e+01 
-1.554787e+00 -1.445276e+01 
-1.591531e+00 -1.455297e+01 
-1.628823e+00 -1.465320e+01 
-1.666712e+00 -1.475344e+01 
-1.705257e+00 -1.485370e+01 
-1.744503e+00 -1.495398e+01 
-1.784520e+00 -1.505429e+01 
-1.825368e+00 -1.515462e+01 
-1.867136e+00 -1.525497e+01 
-1.909969e+00 -1.535538e+01 
-1.953884e+00 -1.545580e+01 
-1.998867e+00 -1.555620e+01 
-2.044899e+00 -1.565660e+01 
-2.092016e+00 -1.575700e+01 
-2.140277e+00 -1.585742e+01 
-2.189747e+00 -1.595786e+01 
-2.240496e+00 -1.605831e+01 
-2.292635e+00 -1.615879e+01 
-2.346303e+00 -1.625931e+01 
-2.401307e+00 -1.635977e+01 
-2.457470e+00 -1.646017e+01 
-2.514845e+00 -1.656057e+01 
-2.573491e+00 -1.666098e+01 
-2.633464e+00 -1.676140e+01 
-2.694824e+00 -1.686183e+01 
-2.757660e+00 -1.696228e+01 
-2.822095e+00 -1.706275e+01 
-2.888257e+00 -1.716326e+01 
-2.956260e+00 -1.726378e+01 
-3.026233e+00 -1.736432e+01 
-3.098322e+00 -1.746489e+01 
-3.172584e+00 -1.756546e+01 
-3.248616e+00 -1.766593e+01 
-3.326142e+00 -1.776632e+01 
-3.405309e+00 -1.786672e+01 
-3.486271e+00 -1.796714e+01 
-3.569188e+00 -1.806759e+01 
-3.654239e+00 -1.816807e+01 
-3.741545e+00 -1.826856e+01 
-3.830724e+00 -1.836896e+01 
-3.921878e+00 -1.846937e+01 
-4.015178e+00 -1.856979e+01 
-4.110787e+00 -1.867024e+01 
-4.208869e+00 -1.877069e+01 
-4.309328e+00 -1.887093e+01 
-4.409784e+00 -1.896863e+01 
-4.510236e+00 -1.906391e+01 
-4.610683e+00 -1.915688e+01 
-4.711125e+00 -1.924762e+01 
-4.811560e+00 -1.933626e+01 
-4.912007e+00 -1.942281e+01 
-5.012544e+00 -1.950700e+01 
-5.113105e+00 -1.958875e+01 
-5.213676e+00 -1.966810e+01 
-5.314250e+00 -1.974510e+01 
-5.414741e+00 -1.982009e+01 
-5.515194e+00 -1.989331e+01 
-5.615653e+00 -1.996480e+01 
-5.716119e+00 -2.003459e+01 
-5.816564e+00 -2.010277e+01 
-5.916985e+00 -2.016946e+01 
-6.017406e+00 -2.023469e+01 
-6.117834e+00 -2.029849e+01 
-6.218270e+00 -2.036085e+01 
-6.318714e+00 -2.042178e+01 
-6.419167e+00 -2.048127e+01 
-6.519629e+00 -2.053932e+01 
-6.620099e+00 -2.059593e+01 
-6.720577e+00 -2.065111e+01 
-6.821065e+00 -2.070486e+01 
-6.921560e+00 -2.075716e+01 
-7.022065e+00 -2.080803e+01 
-7.122551e+00 -2.085753e+01 
-7.222971e+00 -2.090583e+01 
-7.323375e+00 -2.095303e+01 
-7.423782e+00 -2.099913e+01 
-7.524192e+00 -2.104414e+01 
-7.624604e+00 -2.108807e+01 
-7.725019e+00 -2.113092e+01 
-7.825437e+00 -2.117270e+01 
-7.925856e+00 -2.121342e+01 
-8.026279e+00 -2.125308e+01 
-8.126704e+00 -2.129168e+01 
-8.227132e+00 -2.132923e+01 
-8.327562e+00 -2.136574e+01 
-8.427995e+00 -2.140121e+01 
-8.528431e+00 -2.143564e+01 
-8.628870e+00 -2.146903e+01 
-8.729312e+00 -2.150139e+01 
-8.829757e+00 -2.153272e+01 
-8.930204e+00 -2.156302e+01 
-9.030655e+00 -2.159230e+01 
-9.131110e+00 -2.162054e+01 
-9.231568e+00 -2.164776e+01 
-9.332030e+00 -2.167396e+01 
-9.432472e+00 -2.169917e+01 
-9.532865e+00 -2.172351e+01 
-9.633216e+00 -2.174707e+01 
-9.733580e+00 -2.176984e+01 
-9.833941e+00 -2.179183e+01 
-9.934314e+00 -2.181303e+01 
-1.003469e+01 -2.183341e+01 
-1.013508e+01 -2.185298e+01 
-1.023547e+01 -2.187171e+01 
-1.033587e+01 -2.188960e+01 
-1.043628e+01 -2.190664e+01 
-1.053669e+01 -2.192281e+01 
-1.063712e+01 -2.193811e+01 
-1.073754e+01 -2.195251e+01 
-1.083798e+01 -2.196603e+01 
-1.093842e+01 -2.197863e+01 
-1.103887e+01 -2.199031e+01 
-1.113932e+01 -2.200106e+01 
-1.123979e+01 -2.201086e+01 
-1.134026e+01 -2.201972e+01 
-1.144073e+01 -2.202761e+01 
-1.154121e+01 -2.203452e+01 
-1.164170e+01 -2.204045e+01 
-1.174219e+01 -2.204538e+01 
-1.184270e+01 -2.204930e+01 
-1.194317e+01 -2.205227e+01 
-1.204359e+01 -2.205439e+01 
-1.214399e+01 -2.205571e+01 
-1.224439e+01 -2.205622e+01 
-1.234480e+01 -2.205590e+01 
-1.244522e+01 -2.205475e+01 
-1.254564e+01 -2.205276e+01 
-1.264606e+01 -2.204991e+01 
-1.274649e+01 -2.204620e+01 
-1.284692e+01 -2.204162e+01 
-1.294736e+01 -2.203615e+01 
-1.304781e+01 -2.202979e+01 
-1.314824e+01 -2.202254e+01 
-1.324866e+01 -2.201445e+01 
-1.334904e+01 -2.200559e+01 
-1.344940e+01 -2.199601e+01 
-1.354974e+01 -2.198572e+01 
-1.365009e+01 -2.197471e+01 
-1.375044e+01 -2.196300e+01 
-1.385079e+01 -2.195056e+01 
-1.395115e+01 -2.193740e+01 
-1.405150e+01 -2.192351e+01 
-1.415186e+01 -2.190889e+01 
-1.425221e+01 -2.189352e+01 
-1.435257e+01 -2.187741e+01 
-1.445293e+01 -2.186055e+01 
-1.455329e+01 -2.184294e+01 
-1.465365e+01 -2.182456e+01 
-1.475401e+01 -2.180543e+01 
-1.485437e+01 -2.178552e+01 
-1.495473e+01 -2.176484e+01 
-1.505510e+01 -2.174339e+01 
-1.515546e+01 -2.172115e+01 
-1.525582e+01 -2.169813e+01 
-1.535619e+01 -2.167432e+01 
-1.545655e+01 -2.164971e+01 
-1.555691e+01 -2.162430e+01 
-1.565728e+01 -2.159810e+01 
-1.575764e+01 -2.157108e+01 
-1.585800e+01 -2.154325e+01 
-1.595835e+01 -2.151465e+01 
-1.605867e+01 -2.148533e+01 
-1.615898e+01 -2.145531e+01 
-1.625930e+01 -2.142456e+01 
-1.635961e+01 -2.139309e+01 
-1.645993e+01 -2.136087e+01 
-1.656025e+01 -2.132790e+01 
-1.666058e+01 -2.129418e+01 
-1.676090e+01 -2.125969e+01 
-1.686123e+01 -2.122442e+01 
-1.696155e+01 -2.118836e+01 
-1.706188e+01 -2.115151e+01 
-1.716222e+01 -2.111385e+01 
-1.726255e+01 -2.107537e+01 
-1.736288e+01 -2.103607e+01 
-1.746322e+01 -2.099592e+01 
-1.756355e+01 -2.095493e+01 
-1.766389e+01 -2.091308e+01 
-1.776423e+01 -2.087036e+01 
-1.786457e+01 -2.082675e+01 
-1.796491e+01 -2.078225e+01 
-1.806526e+01 -2.073684e+01 
-1.816560e+01 -2.069052e+01 
-1.826595e+01 -2.064327e+01 
-1.836629e+01 -2.059507e+01 
-1.846664e+01 -2.054592e+01 
-1.856699e+01 -2.049580e+01 
-1.866733e+01 -2.044470e+01 
-1.876768e+01 -2.039261e+01 
-1.886803e+01 -2.033951e+01 
-1.896838e+01 -2.028539e+01 
-1.906873e+01 -2.023023e+01 
-1.916908e+01 -2.017401e+01 
-1.926945e+01 -2.011667e+01 
-1.936983e+01 -2.005815e+01 
-1.947023e+01 -1.999834e+01 
-1.957064e+01 -1.993724e+01 
-1.967105e+01 -1.987481e+01 
-1.977145e+01 -1.981103e+01 
-1.987186e+01 -1.974589e+01 
-1.997226e+01 -1.967936e+01 
-2.007267e+01 -1.961141e+01 
-2.017306e+01 -1.954206e+01 
-2.027342e+01 -1.947143e+01 
-2.037379e+01 -1.939944e+01 
-2.047416e+01 -1.932603e+01 
-2.057454e+01 -1.925117e+01 
-2.067491e+01 -1.917484e+01 
-2.077529e+01 -1.909699e+01 
-2.087566e+01 -1.901761e+01 
-2.097603e+01 -1.893666e+01 
-2.107640e+01 -1.885413e+01 
-2.117676e+01 -1.877003e+01 
-2.127712e+01 -1.868430e+01 
-2.137748e+01 -1.859691e+01 
-2.147784e+01 -1.850782e+01 
-2.157819e+01 -1.841700e+01 
-2.167855e+01 -1.832441e+01 
-2.177891e+01 -1.822999e+01 
-2.187926e+01 -1.813372e+01 
-2.197961e+01 -1.803553e+01 
-2.207996e+01 -1.793539e+01 
-2.217858e+01 -1.783505e+01 
-2.227532e+01 -1.773470e+01 
-2.237024e+01 -1.763436e+01 
-2.246340e+01 -1.753402e+01 
-2.255486e+01 -1.743368e+01 
-2.264466e+01 -1.733334e+01 
-2.273285e+01 -1.723301e+01 
-2.281949e+01 -1.713268e+01 
-2.290461e+01 -1.703235e+01 
-2.298827e+01 -1.693202e+01 
-2.307049e+01 -1.683169e+01 
-2.315132e+01 -1.673137e+01 
-2.323079e+01 -1.663105e+01 
-2.330895e+01 -1.653073e+01 
-2.338582e+01 -1.643041e+01 
-2.346143e+01 -1.633010e+01 
-2.353583e+01 -1.622978e+01 
-2.360903e+01 -1.612947e+01 
-2.368107e+01 -1.602917e+01 
-2.375200e+01 -1.592887e+01 
-2.382186e+01 -1.582858e+01 
-2.389066e+01 -1.572828e+01 
-2.395841e+01 -1.562799e+01 
-2.402513e+01 -1.552769e+01 
-2.409084e+01 -1.542740e+01 
-2.415554e+01 -1.532710e+01 
-2.421926e+01 -1.522681e+01 
-2.428200e+01 -1.512652e+01 
-2.434378e+01 -1.502622e+01 
-2.440461e+01 -1.492593e+01 
-2.446451e+01 -1.482564e+01 
-2.452349e+01 -1.472535e+01 
-2.458156e+01 -1.462505e+01 
-2.463874e+01 -1.452476e+01 
-2.469503e+01 -1.442447e+01 
-2.475046e+01 -1.432419e+01 
-2.480503e+01 -1.422390e+01 
-2.485875e+01 -1.412361e+01 
-2.491165e+01 -1.402333e+01 
-2.496372e+01 -1.392304e+01 
-2.501499e+01 -1.382276e+01 
-2.506546e+01 -1.372248e+01 
-2.511515e+01 -1.362220e+01 
-2.516405e+01 -1.352192e+01 
-2.521219e+01 -1.342164e+01 
-2.525958e+01 -1.332136e+01 
-2.530624e+01 -1.322109e+01 
-2.535217e+01 -1.312082e+01 
-2.539739e+01 -1.302056e+01 
-2.544192e+01 -1.292029e+01 
-2.548576e+01 -1.282003e+01 
-2.552892e+01 -1.271977e+01 
-2.557143e+01 -1.261952e+01 
-2.561328e+01 -1.251926e+01 
-2.565451e+01 -1.241902e+01 
-2.569509e+01 -1.231876e+01 
-2.573498e+01 -1.221848e+01 
-2.577414e+01 -1.211818e+01 
-2.581258e+01 -1.201789e+01 
-2.585032e+01 -1.191761e+01 
-2.588739e+01 -1.181734e+01 
-2.592380e+01 -1.171707e+01 
-2.595958e+01 -1.161680e+01 
-2.599475e+01 -1.151655e+01 
-2.602931e+01 -1.141630e+01 
-2.606330e+01 -1.131605e+01 
-2.609672e+01 -1.121582e+01 
-2.612960e+01 -1.111558e+01 
-2.616194e+01 -1.101536e+01 
-2.619377e+01 -1.091513e+01 
-2.622510e+01 -1.081492e+01 
-2.625594e+01 -1.071471e+01 
-2.628631e+01 -1.061450e+01 
-2.631621e+01 -1.051430e+01 
-2.634567e+01 -1.041410e+01 
-2.637469e+01 -1.031391e+01 
-2.640329e+01 -1.021372e+01 
-2.643147e+01 -1.011354e+01 
-2.645926e+01 -1.001336e+01 
-2.648672e+01 -9.913227e+00 
-2.651389e+01 -9.813093e+00 
-2.654074e+01 -9.712947e+00 
-2.656724e+01 -9.612788e+00 
-2.659336e+01 -9.512617e+00 
-2.661909e+01 -9.412434e+00 
-2.664438e+01 -9.312238e+00 
-2.666922e+01 -9.212030e+00 
-2.669358e+01 -9.111808e+00 
-2.671743e+01 -9.011574e+00 
-2.674074e+01 -8.911326e+00 
-2.676349e+01 -8.811064e+00 
-2.678597e+01 -8.710955e+00 
-2.680826e+01 -8.610865e+00 
-2.683034e+01 -8.510771e+00 
-2.685221e+01 -8.410673e+00 
-2.687386e+01 -8.310570e+00 
-2.689528e+01 -8.210462e+00 
-2.691646e+01 -8.110351e+00 
-2.693740e+01 -8.010234e+00 
-2.695808e+01 -7.910113e+00 
-2.697849e+01 -7.809986e+00 
-2.699862e+01 -7.709855e+00 
-2.701846e+01 -7.609718e+00 
-2.703800e+01 -7.509577e+00 
-2.705723e+01 -7.409430e+00 
-2.707614e+01 -7.309277e+00 
-2.709472e+01 -7.209118e+00 
-2.711295e+01 -7.108953e+00 
-2.713083e+01 -7.008783e+00 
-2.714833e+01 -6.908609e+00 
-2.716549e+01 -6.808441e+00 
-2.718230e+01 -6.708274e+00 
-2.719876e+01 -6.608109e+00 
-2.721488e+01 -6.507945e+00 
-2.723067e+01 -6.407786e+00 
-2.724614e+01 -6.307632e+00 
-2.726116e+01 -6.207412e+00 
-2.727562e+01 -6.107135e+00 
-2.728954e+01 -6.006874e+00 
-2.730295e+01 -5.906629e+00 
-2.731588e+01 -5.806397e+00 
-2.732836e+01 -5.706180e+00 
-2.734043e+01 -5.605977e+00 
-2.735210e+01 -5.505786e+00 
-2.736341e+01 -5.405608e+00 
-2.737438e+01 -5.305442e+00 
-2.738503e+01 -5.205288e+00 
-2.739539e+01 -5.105145e+00 
-2.740548e+01 -5.005014e+00 
-2.741533e+01 -4.904893e+00 
-2.742495e+01 -4.804783e+00 
-2.743437e+01 -4.704683e+00 
-2.744360e+01 -4.604594e+00 
-2.745267e+01 -4.504515e+00 
-2.746161e+01 -4.404445e+00 
-2.747042e+01 -4.304386e+00 
-2.747913e+01 -4.204336e+00 
-2.748768e+01 -4.104259e+00 
-2.749591e+01 -4.004093e+00 
-2.750381e+01 -3.903935e+00 
-2.751142e+01 -3.803785e+00 
-2.751873e+01 -3.703642e+00 
-2.752577e+01 -3.603508e+00 
-2.753256e+01 -3.503381e+00 
-2.753911e+01 -3.403262e+00 
-2.754543e+01 -3.303150e+00 
-2.755154e+01 -3.203046e+00 
-2.755745e+01 -3.102949e+00 
-2.756319e+01 -3.002860e+00 
-2.756876e+01 -2.902778e+00 
-2.757417e+01 -2.802703e+00 
-2.757946e+01 -2.702636e+00 
-2.758462e+01 -2.602575e+00 
-2.758967e+01 -2.502522e+00 
-2.759463e+01 -2.402476e+00 
-2.759951e+01 -2.302437e+00 
-2.760433e+01 -2.202405e+00 
-2.760910e+01 -2.102381e+00 
-2.761383e+01 -2.002363e+00 
-2.761849e+01 -1.902328e+00 
-2.762299e+01 -1.802245e+00 
-2.762732e+01 -1.702162e+00 
-2.763143e+01 -1.602052e+00 
-2.763532e+01 -1.501938e+00 
-2.763884e+01 -1.401756e+00 
-2.764184e+01 -1.301497e+00 
-2.764436e+01 -1.201254e+00 
-2.764643e+01 -1.101032e+00 
-2.764809e+01 -1.000830e+00 
-2.764939e+01 -9.006478e-01 
-2.765036e+01 -8.004830e-01 
-2.765103e+01 -7.003350e-01 
-2.765144e+01 -6.002032e-01 
-2.765161e+01 -5.000868e-01 
-2.765158e+01 -3.999853e-01 
-2.765138e+01 -2.998982e-01 
-2.765103e+01 -1.998252e-01 
-2.765056e+01 -9.976595e-02 
-2.755056e+01 -1.002340e-01 
