-2.383039e+00 5.054260e+00 
-2.389800e+00 5.154187e+00 
-2.396709e+00 5.254137e+00 
-2.403718e+00 5.354097e+00 
-2.410810e+00 5.454058e+00 
-2.417976e+00 5.553985e+00 
-2.425289e+00 5.653892e+00 
-2.432790e+00 5.753818e+00 
-2.440444e+00 5.853767e+00 
-2.448201e+00 5.953738e+00 
-2.456010e+00 6.053631e+00 
-2.464033e+00 6.153489e+00 
-2.472343e+00 6.253371e+00 
-2.480893e+00 6.353252e+00 
-2.489682e+00 6.453132e+00 
-2.498713e+00 6.553012e+00 
-2.507992e+00 6.652934e+00 
-2.517434e+00 6.752916e+00 
-2.526912e+00 6.852893e+00 
-2.536425e+00 6.952762e+00 
-2.546200e+00 7.052574e+00 
-2.556365e+00 7.152486e+00 
-2.566712e+00 7.252426e+00 
-2.577174e+00 7.352319e+00 
-2.587853e+00 7.452181e+00 
-2.598808e+00 7.552022e+00 
-2.610083e+00 7.651841e+00 
-2.621726e+00 7.751635e+00 
-2.633792e+00 7.851466e+00 
-2.646214e+00 7.951367e+00 
-2.658843e+00 8.051322e+00 
-2.671565e+00 8.151284e+00 
-2.684362e+00 8.251219e+00 
-2.697288e+00 8.351128e+00 
-2.710398e+00 8.451010e+00 
-2.723746e+00 8.550860e+00 
-2.737399e+00 8.650692e+00 
-2.751386e+00 8.750457e+00 
-2.765852e+00 8.850187e+00 
-2.780899e+00 8.950077e+00 
-2.796161e+00 9.049876e+00 
-2.811814e+00 9.149537e+00 
-2.828169e+00 9.249199e+00 
-2.845233e+00 9.348891e+00 
-2.862940e+00 9.448599e+00 
-2.881261e+00 9.548317e+00 
-2.900177e+00 9.648042e+00 
-2.919673e+00 9.747773e+00 
-2.939738e+00 9.847504e+00 
-2.960372e+00 9.947233e+00 
-2.981583e+00 1.004696e+01 
-3.003351e+00 1.014659e+01 
-3.025905e+00 1.024612e+01 
-3.049462e+00 1.034572e+01 
-3.073914e+00 1.044534e+01 
-3.099192e+00 1.054495e+01 
-3.125302e+00 1.064451e+01 
-3.152352e+00 1.074400e+01 
-3.180538e+00 1.084342e+01 
-3.210004e+00 1.094278e+01 
-3.240900e+00 1.104206e+01 
-3.273412e+00 1.114126e+01 
-3.307759e+00 1.124038e+01 
-3.344239e+00 1.133959e+01 
-3.382631e+00 1.143879e+01 
-3.422933e+00 1.153789e+01 
-3.465473e+00 1.163689e+01 
-3.510513e+00 1.173572e+01 
-3.558622e+00 1.183446e+01 
-3.610218e+00 1.193313e+01 
-3.665610e+00 1.203170e+01 
-3.725313e+00 1.213015e+01 
-3.789957e+00 1.222848e+01 
-3.860392e+00 1.232669e+01 
-3.937403e+00 1.242454e+01 
-4.023279e+00 1.252200e+01 
-4.120543e+00 1.261791e+01 
-4.217550e+00 1.270036e+01 
-4.315209e+00 1.277124e+01 
-4.413031e+00 1.283408e+01 
-4.511108e+00 1.289023e+01 
-4.609411e+00 1.294092e+01 
-4.707671e+00 1.298697e+01 
-4.805868e+00 1.302852e+01 
-4.903996e+00 1.306561e+01 
-5.002317e+00 1.309836e+01 
-5.100776e+00 1.312735e+01 
-5.199246e+00 1.315295e+01 
-5.297700e+00 1.317526e+01 
-5.396140e+00 1.319432e+01 
-5.494569e+00 1.321016e+01 
-5.592991e+00 1.322281e+01 
-5.691408e+00 1.323230e+01 
-5.789825e+00 1.323864e+01 
-5.888418e+00 1.324185e+01 
-5.987505e+00 1.324227e+01 
-6.086670e+00 1.324089e+01 
-6.185827e+00 1.323785e+01 
-6.284973e+00 1.323313e+01 
-6.384108e+00 1.322671e+01 
-6.483232e+00 1.321856e+01 
-6.582346e+00 1.320866e+01 
-6.681452e+00 1.319697e+01 
-6.780549e+00 1.318347e+01 
-6.879638e+00 1.316812e+01 
-6.978721e+00 1.315089e+01 
-7.077797e+00 1.313175e+01 
-7.176869e+00 1.311067e+01 
-7.275936e+00 1.308762e+01 
-7.374999e+00 1.306255e+01 
-7.474060e+00 1.303542e+01 
-7.573134e+00 1.300621e+01 
-7.672371e+00 1.297484e+01 
-7.771684e+00 1.294168e+01 
-7.870991e+00 1.290691e+01 
-7.970292e+00 1.287050e+01 
-8.069587e+00 1.283240e+01 
-8.168875e+00 1.279256e+01 
-8.268159e+00 1.275094e+01 
-8.367437e+00 1.270750e+01 
-8.466710e+00 1.266217e+01 
-8.565980e+00 1.261490e+01 
-8.665343e+00 1.256560e+01 
-8.764816e+00 1.251445e+01 
-8.864304e+00 1.246179e+01 
-8.963788e+00 1.240765e+01 
-9.063267e+00 1.235198e+01 
-9.162741e+00 1.229474e+01 
-9.262211e+00 1.223587e+01 
-9.361676e+00 1.217533e+01 
-9.461138e+00 1.211307e+01 
-9.560596e+00 1.204904e+01 
-9.660051e+00 1.198317e+01 
-9.759504e+00 1.191540e+01 
-9.858954e+00 1.184568e+01 
-9.958402e+00 1.177394e+01 
-1.005787e+01 1.170010e+01 
-1.015743e+01 1.162411e+01 
-1.025702e+01 1.154632e+01 
-1.035660e+01 1.146685e+01 
-1.045618e+01 1.138562e+01 
-1.055576e+01 1.130258e+01 
-1.065534e+01 1.121767e+01 
-1.075491e+01 1.113081e+01 
-1.085448e+01 1.104194e+01 
-1.095405e+01 1.095098e+01 
-1.105362e+01 1.085785e+01 
-1.115318e+01 1.076247e+01 
-1.125275e+01 1.066475e+01 
-1.135175e+01 1.056518e+01 
-1.144837e+01 1.046561e+01 
-1.154271e+01 1.036605e+01 
-1.163483e+01 1.026648e+01 
-1.172480e+01 1.016691e+01 
-1.181269e+01 1.006734e+01 
-1.189857e+01 9.967777e+00 
-1.198249e+01 9.868209e+00 
-1.206452e+01 9.768639e+00 
-1.214471e+01 9.669069e+00 
-1.222311e+01 9.569496e+00 
-1.229979e+01 9.469920e+00 
-1.237480e+01 9.370330e+00 
-1.244822e+01 9.270744e+00 
-1.252008e+01 9.171159e+00 
-1.259040e+01 9.071577e+00 
-1.265921e+01 8.971995e+00 
-1.272654e+01 8.872412e+00 
-1.279243e+01 8.772828e+00 
-1.285690e+01 8.673243e+00 
-1.291999e+01 8.573656e+00 
-1.298173e+01 8.474056e+00 
-1.304222e+01 8.374411e+00 
-1.310158e+01 8.274760e+00 
-1.315988e+01 8.175070e+00 
-1.321723e+01 8.075372e+00 
-1.327366e+01 7.975675e+00 
-1.332917e+01 7.875978e+00 
-1.338379e+01 7.776281e+00 
-1.343751e+01 7.676592e+00 
-1.349032e+01 7.576915e+00 
-1.354220e+01 7.477245e+00 
-1.359315e+01 7.377576e+00 
-1.364316e+01 7.277908e+00 
-1.369225e+01 7.178241e+00 
-1.374042e+01 7.078575e+00 
-1.378769e+01 6.978910e+00 
-1.383406e+01 6.879245e+00 
-1.387953e+01 6.779582e+00 
-1.392412e+01 6.679918e+00 
-1.396783e+01 6.580256e+00 
-1.401067e+01 6.480594e+00 
-1.405264e+01 6.380932e+00 
-1.409375e+01 6.281271e+00 
-1.413402e+01 6.181610e+00 
-1.417344e+01 6.081949e+00 
-1.421202e+01 5.982289e+00 
-1.424977e+01 5.882629e+00 
-1.428670e+01 5.782969e+00 
-1.432280e+01 5.683309e+00 
-1.435810e+01 5.583649e+00 
-1.439259e+01 5.483990e+00 
-1.442627e+01 5.384330e+00 
-1.445916e+01 5.284671e+00 
-1.449126e+01 5.185011e+00 
-1.452258e+01 5.085351e+00 
-1.455312e+01 4.985691e+00 
-1.458289e+01 4.886031e+00 
-1.461188e+01 4.786371e+00 
-1.464012e+01 4.686711e+00 
-1.466760e+01 4.587050e+00 
-1.469432e+01 4.487389e+00 
-1.472030e+01 4.387728e+00 
-1.474553e+01 4.288067e+00 
-1.477003e+01 4.188401e+00 
-1.479381e+01 4.088704e+00 
-1.481693e+01 3.988992e+00 
-1.483944e+01 3.889281e+00 
-1.486133e+01 3.789569e+00 
-1.488260e+01 3.689857e+00 
-1.490325e+01 3.590145e+00 
-1.492330e+01 3.490433e+00 
-1.494274e+01 3.390721e+00 
-1.496157e+01 3.291009e+00 
-1.497980e+01 3.191296e+00 
-1.499743e+01 3.091583e+00 
-1.501446e+01 2.991870e+00 
-1.503089e+01 2.892157e+00 
-1.504673e+01 2.792444e+00 
-1.506197e+01 2.692730e+00 
-1.507663e+01 2.593016e+00 
-1.509069e+01 2.493302e+00 
-1.510417e+01 2.393588e+00 
-1.511707e+01 2.293874e+00 
-1.512938e+01 2.194159e+00 
-1.514111e+01 2.094444e+00 
-1.515226e+01 1.994729e+00 
-1.516283e+01 1.895013e+00 
-1.517283e+01 1.795298e+00 
-1.518225e+01 1.695582e+00 
-1.519110e+01 1.595865e+00 
-1.519937e+01 1.496149e+00 
-1.520707e+01 1.396439e+00 
-1.521419e+01 1.296751e+00 
-1.522069e+01 1.197062e+00 
-1.522656e+01 1.097374e+00 
-1.523180e+01 9.976852e-01 
-1.523642e+01 8.979969e-01 
-1.524042e+01 7.983087e-01 
-1.534036e+01 8.016913e-01 
-1.533634e+01 9.020031e-01 
-1.533169e+01 1.002315e+00 
-1.532642e+01 1.102626e+00 
-1.532051e+01 1.202938e+00 
-1.531398e+01 1.303249e+00 
-1.530682e+01 1.403561e+00 
-1.529907e+01 1.503851e+00 
-1.529075e+01 1.604135e+00 
-1.528186e+01 1.704418e+00 
-1.527238e+01 1.804702e+00 
-1.526233e+01 1.904987e+00 
-1.525170e+01 2.005271e+00 
-1.524049e+01 2.105556e+00 
-1.522869e+01 2.205841e+00 
-1.521631e+01 2.306126e+00 
-1.520335e+01 2.406412e+00 
-1.518979e+01 2.506698e+00 
-1.517565e+01 2.606984e+00 
-1.516091e+01 2.707270e+00 
-1.514558e+01 2.807556e+00 
-1.512965e+01 2.907843e+00 
-1.511313e+01 3.008130e+00 
-1.509600e+01 3.108417e+00 
-1.507827e+01 3.208704e+00 
-1.505994e+01 3.308991e+00 
-1.504100e+01 3.409279e+00 
-1.502145e+01 3.509567e+00 
-1.500129e+01 3.609855e+00 
-1.498052e+01 3.710143e+00 
-1.495912e+01 3.810431e+00 
-1.493711e+01 3.910719e+00 
-1.491448e+01 4.011008e+00 
-1.489122e+01 4.111296e+00 
-1.486730e+01 4.211599e+00 
-1.484264e+01 4.311933e+00 
-1.481724e+01 4.412272e+00 
-1.479109e+01 4.512611e+00 
-1.476419e+01 4.612950e+00 
-1.473652e+01 4.713289e+00 
-1.470810e+01 4.813629e+00 
-1.467891e+01 4.913969e+00 
-1.464894e+01 5.014309e+00 
-1.461819e+01 5.114649e+00 
-1.458666e+01 5.214989e+00 
-1.455435e+01 5.315329e+00 
-1.452123e+01 5.415670e+00 
-1.448732e+01 5.516010e+00 
-1.445260e+01 5.616351e+00 
-1.441707e+01 5.716691e+00 
-1.438072e+01 5.817031e+00 
-1.434354e+01 5.917371e+00 
-1.430554e+01 6.017711e+00 
-1.426670e+01 6.118051e+00 
-1.422701e+01 6.218390e+00 
-1.418647e+01 6.318729e+00 
-1.414508e+01 6.419068e+00 
-1.410283e+01 6.519406e+00 
-1.405970e+01 6.619744e+00 
-1.401570e+01 6.720082e+00 
-1.397081e+01 6.820418e+00 
-1.392503e+01 6.920755e+00 
-1.387836e+01 7.021090e+00 
-1.383078e+01 7.121425e+00 
-1.378228e+01 7.221759e+00 
-1.373287e+01 7.322092e+00 
-1.368252e+01 7.422424e+00 
-1.363125e+01 7.522755e+00 
-1.357903e+01 7.623085e+00 
-1.352588e+01 7.723408e+00 
-1.347182e+01 7.823719e+00 
-1.341688e+01 7.924022e+00 
-1.336102e+01 8.024325e+00 
-1.330426e+01 8.124628e+00 
-1.324657e+01 8.224930e+00 
-1.318791e+01 8.325240e+00 
-1.312813e+01 8.425589e+00 
-1.306722e+01 8.525944e+00 
-1.300498e+01 8.626344e+00 
-1.294137e+01 8.726757e+00 
-1.287637e+01 8.827172e+00 
-1.280994e+01 8.927588e+00 
-1.274205e+01 9.028005e+00 
-1.267267e+01 9.128423e+00 
-1.260176e+01 9.228841e+00 
-1.252931e+01 9.329256e+00 
-1.245529e+01 9.429670e+00 
-1.237967e+01 9.530080e+00 
-1.230235e+01 9.630504e+00 
-1.222328e+01 9.730931e+00 
-1.214241e+01 9.831361e+00 
-1.205968e+01 9.931791e+00 
-1.197503e+01 1.003222e+01 
-1.188842e+01 1.013266e+01 
-1.179977e+01 1.023309e+01 
-1.170902e+01 1.033352e+01 
-1.161611e+01 1.043395e+01 
-1.152097e+01 1.053439e+01 
-1.142351e+01 1.063482e+01 
-1.132367e+01 1.073525e+01 
-1.122323e+01 1.083384e+01 
-1.112280e+01 1.093006e+01 
-1.102236e+01 1.102401e+01 
-1.092193e+01 1.111576e+01 
-1.082150e+01 1.120541e+01 
-1.072108e+01 1.129302e+01 
-1.062065e+01 1.137867e+01 
-1.052023e+01 1.146242e+01 
-1.041981e+01 1.154434e+01 
-1.031940e+01 1.162448e+01 
-1.021899e+01 1.170292e+01 
-1.011854e+01 1.177959e+01 
-1.001801e+01 1.185423e+01 
-9.917461e+00 1.192678e+01 
-9.816911e+00 1.199728e+01 
-9.716363e+00 1.206580e+01 
-9.615818e+00 1.213241e+01 
-9.515277e+00 1.219715e+01 
-9.414738e+00 1.226010e+01 
-9.314204e+00 1.232129e+01 
-9.213673e+00 1.238079e+01 
-9.113147e+00 1.243865e+01 
-9.012626e+00 1.249491e+01 
-8.912110e+00 1.254963e+01 
-8.811598e+00 1.260283e+01 
-8.711072e+00 1.265453e+01 
-8.610435e+00 1.270448e+01 
-8.509704e+00 1.275245e+01 
-8.408978e+00 1.279846e+01 
-8.308256e+00 1.284255e+01 
-8.207539e+00 1.288478e+01 
-8.106828e+00 1.292520e+01 
-8.006123e+00 1.296386e+01 
-7.905423e+00 1.300080e+01 
-7.804731e+00 1.303606e+01 
-7.704044e+00 1.306969e+01 
-7.603281e+00 1.310155e+01 
-7.502355e+00 1.313134e+01 
-7.401415e+00 1.315899e+01 
-7.300479e+00 1.318456e+01 
-7.199546e+00 1.320807e+01 
-7.098617e+00 1.322956e+01 
-6.997694e+00 1.324907e+01 
-6.896776e+00 1.326664e+01 
-6.795866e+00 1.328229e+01 
-6.694963e+00 1.329605e+01 
-6.594068e+00 1.330797e+01 
-6.493183e+00 1.331807e+01 
-6.392307e+00 1.332637e+01 
-6.291442e+00 1.333292e+01 
-6.190587e+00 1.333773e+01 
-6.089744e+00 1.334084e+01 
-5.988909e+00 1.334226e+01 
-5.887996e+00 1.334185e+01 
-5.786590e+00 1.333858e+01 
-5.685006e+00 1.333209e+01 
-5.583424e+00 1.332235e+01 
-5.481846e+00 1.330935e+01 
-5.380275e+00 1.329306e+01 
-5.278715e+00 1.327344e+01 
-5.177168e+00 1.325048e+01 
-5.075638e+00 1.322414e+01 
-4.974097e+00 1.319430e+01 
-4.872418e+00 1.316049e+01 
-4.770547e+00 1.312207e+01 
-4.668743e+00 1.307909e+01 
-4.567003e+00 1.303148e+01 
-4.465306e+00 1.297913e+01 
-4.363383e+00 1.292089e+01 
-4.261206e+00 1.285540e+01 
-4.158865e+00 1.278133e+01 
-4.055871e+00 1.269419e+01 
-3.953135e+00 1.259327e+01 
-3.862438e+00 1.249073e+01 
-3.781848e+00 1.238858e+01 
-3.708719e+00 1.228679e+01 
-3.641773e+00 1.218512e+01 
-3.580118e+00 1.208357e+01 
-3.523052e+00 1.198214e+01 
-3.470016e+00 1.188081e+01 
-3.420625e+00 1.177955e+01 
-3.374483e+00 1.167838e+01 
-3.331060e+00 1.157738e+01 
-3.290002e+00 1.147648e+01 
-3.250981e+00 1.137568e+01 
-3.213905e+00 1.127489e+01 
-3.178927e+00 1.117401e+01 
-3.145876e+00 1.107321e+01 
-3.114522e+00 1.097249e+01 
-3.084666e+00 1.087185e+01 
-3.056144e+00 1.077127e+01 
-3.028807e+00 1.067076e+01 
-3.002463e+00 1.057032e+01 
-2.976986e+00 1.046993e+01 
-2.952345e+00 1.036955e+01 
-2.928591e+00 1.026915e+01 
-2.905824e+00 1.016868e+01 
-2.883888e+00 1.006831e+01 
-2.862560e+00 9.968037e+00 
-2.841812e+00 9.867766e+00 
-2.821638e+00 9.767497e+00 
-2.802035e+00 9.667228e+00 
-2.783013e+00 9.566953e+00 
-2.764587e+00 9.466670e+00 
-2.746773e+00 9.366378e+00 
-2.729603e+00 9.266071e+00 
-2.713134e+00 9.165733e+00 
-2.697372e+00 9.065394e+00 
-2.682049e+00 8.965193e+00 
-2.666968e+00 8.865083e+00 
-2.652422e+00 8.764813e+00 
-2.638368e+00 8.664578e+00 
-2.624669e+00 8.564410e+00 
-2.611280e+00 8.464260e+00 
-2.598139e+00 8.364142e+00 
-2.585189e+00 8.264051e+00 
-2.572375e+00 8.163986e+00 
-2.559643e+00 8.063948e+00 
-2.547002e+00 7.963903e+00 
-2.534556e+00 7.863804e+00 
-2.522448e+00 7.763635e+00 
-2.510757e+00 7.663429e+00 
-2.499440e+00 7.563247e+00 
-2.488449e+00 7.463089e+00 
-2.477741e+00 7.362951e+00 
-2.467256e+00 7.262844e+00 
-2.456896e+00 7.162784e+00 
-2.446714e+00 7.062696e+00 
-2.436902e+00 6.962508e+00 
-2.427363e+00 6.862376e+00 
-2.417881e+00 6.762354e+00 
-2.408435e+00 6.662336e+00 
-2.399141e+00 6.562258e+00 
-2.390088e+00 6.462138e+00 
-2.381278e+00 6.362018e+00 
-2.372708e+00 6.261899e+00 
-2.364377e+00 6.161781e+00 
-2.356331e+00 6.061639e+00 
-2.348505e+00 5.961532e+00 
-2.340743e+00 5.861503e+00 
-2.333082e+00 5.761452e+00 
-2.325570e+00 5.661378e+00 
-2.318243e+00 5.561285e+00 
-2.311066e+00 5.461212e+00 
-2.303969e+00 5.361173e+00 
-2.296954e+00 5.261133e+00 
-2.290038e+00 5.161083e+00 
-2.283267e+00 5.061010e+00 
-2.383039e+00 5.054260e+00 
