-6.073855e-01 -1.495554e+01 
-8.068981e-01 -1.494973e+01 
-1.006409e+00 -1.494230e+01 
-1.205918e+00 -1.493323e+01 
-1.405424e+00 -1.492252e+01 
-1.604929e+00 -1.491017e+01 
-1.804429e+00 -1.489616e+01 
-2.003906e+00 -1.488047e+01 
-2.203341e+00 -1.486303e+01 
-2.402770e+00 -1.484369e+01 
-2.602198e+00 -1.482243e+01 
-2.801626e+00 -1.479922e+01 
-3.001053e+00 -1.477408e+01 
-3.200479e+00 -1.474697e+01 
-3.399904e+00 -1.471791e+01 
-3.599329e+00 -1.468687e+01 
-3.798752e+00 -1.465384e+01 
-3.998175e+00 -1.461881e+01 
-4.197596e+00 -1.458177e+01 
-4.397016e+00 -1.454270e+01 
-4.596433e+00 -1.450158e+01 
-4.795862e+00 -1.445839e+01 
-4.995288e+00 -1.441316e+01 
-5.194710e+00 -1.436587e+01 
-5.394129e+00 -1.431649e+01 
-5.593543e+00 -1.426499e+01 
-5.792953e+00 -1.421133e+01 
-5.992359e+00 -1.415549e+01 
-6.191760e+00 -1.409743e+01 
-6.391155e+00 -1.403712e+01 
-6.590501e+00 -1.397452e+01 
-6.789832e+00 -1.390940e+01 
-6.989159e+00 -1.384169e+01 
-7.188482e+00 -1.377132e+01 
-7.387800e+00 -1.369826e+01 
-7.587115e+00 -1.362244e+01 
-7.786425e+00 -1.354382e+01 
-7.985733e+00 -1.346233e+01 
-8.185038e+00 -1.337792e+01 
-8.384340e+00 -1.329053e+01 
-8.583639e+00 -1.320010e+01 
-8.782937e+00 -1.310656e+01 
-8.982233e+00 -1.300984e+01 
-9.181528e+00 -1.290989e+01 
-9.380815e+00 -1.280663e+01 
-9.580057e+00 -1.269997e+01 
-9.779262e+00 -1.258962e+01 
-9.978458e+00 -1.247527e+01 
-1.017763e+01 -1.235680e+01 
-1.037674e+01 -1.223397e+01 
-1.057584e+01 -1.210628e+01 
-1.077495e+01 -1.197350e+01 
-1.097409e+01 -1.183549e+01 
-1.117322e+01 -1.169221e+01 
-1.137235e+01 -1.154346e+01 
-1.157148e+01 -1.138898e+01 
-1.177060e+01 -1.122848e+01 
-1.196972e+01 -1.106167e+01 
-1.216883e+01 -1.088820e+01 
-1.236795e+01 -1.070770e+01 
-1.256706e+01 -1.051975e+01 
-1.276617e+01 -1.032390e+01 
-1.296021e+01 -1.012481e+01 
-1.314605e+01 -9.925920e+00 
-1.332279e+01 -9.727036e+00 
-1.349097e+01 -9.528137e+00 
-1.365121e+01 -9.329220e+00 
-1.380407e+01 -9.130281e+00 
-1.395006e+01 -8.931318e+00 
-1.408968e+01 -8.732301e+00 
-1.422352e+01 -8.533214e+00 
-1.435217e+01 -8.334091e+00 
-1.447585e+01 -8.135213e+00 
-1.459347e+01 -7.936533e+00 
-1.470438e+01 -7.737838e+00 
-1.480895e+01 -7.539116e+00 
-1.490753e+01 -7.340366e+00 
-1.500047e+01 -7.141588e+00 
-1.508805e+01 -6.942783e+00 
-1.517055e+01 -6.743951e+00 
-1.524821e+01 -6.545091e+00 
-1.532125e+01 -6.346196e+00 
-1.538993e+01 -6.147272e+00 
-1.545443e+01 -5.948324e+00 
-1.551486e+01 -5.749563e+00 
-1.557057e+01 -5.551105e+00 
-1.562062e+01 -5.352676e+00 
-1.566504e+01 -5.154182e+00 
-1.570416e+01 -4.955656e+00 
-1.573814e+01 -4.757099e+00 
-1.576717e+01 -4.558509e+00 
-1.579142e+01 -4.359885e+00 
-1.581102e+01 -4.161227e+00 
-1.582614e+01 -3.962533e+00 
-1.583690e+01 -3.763803e+00 
-1.584344e+01 -3.565210e+00 
-1.584533e+01 -3.367003e+00 
-1.584130e+01 -3.168836e+00 
-1.583120e+01 -2.970647e+00 
-1.581507e+01 -2.772435e+00 
-1.579295e+01 -2.574196e+00 
-1.576487e+01 -2.375927e+00 
-1.573085e+01 -2.177626e+00 
-1.569091e+01 -1.979299e+00 
-1.564503e+01 -1.780945e+00 
-1.559330e+01 -1.582867e+00 
-1.553461e+01 -1.385211e+00 
-1.546697e+01 -1.187539e+00 
-1.539005e+01 -9.897832e-01 
-1.530372e+01 -7.919559e-01 
-1.520779e+01 -5.940474e-01 
-1.510206e+01 -3.960562e-01 
-1.498640e+01 -1.981350e-01 
-1.486015e+01 -8.497377e-04 
-1.471804e+01 1.965235e-01 
-1.455854e+01 3.941055e-01 
-1.438081e+01 5.918562e-01 
-1.418369e+01 7.896301e-01 
-1.398602e+01 9.676435e-01 
-1.378831e+01 1.128131e+00 
-1.359056e+01 1.273414e+00 
-1.339266e+01 1.405324e+00 
-1.319470e+01 1.525694e+00 
-1.299658e+01 1.635718e+00 
-1.279835e+01 1.736785e+00 
-1.260003e+01 1.829810e+00 
-1.240164e+01 1.915524e+00 
-1.220312e+01 1.994547e+00 
-1.200453e+01 2.067573e+00 
-1.180584e+01 2.135082e+00 
-1.160708e+01 2.197539e+00 
-1.140825e+01 2.255349e+00 
-1.120937e+01 2.308829e+00 
-1.101042e+01 2.358219e+00 
-1.081134e+01 2.403847e+00 
-1.061223e+01 2.446209e+00 
-1.041297e+01 2.485453e+00 
-1.021366e+01 2.522104e+00 
-1.001430e+01 2.556378e+00 
-9.814941e+00 2.588429e+00 
-9.615557e+00 2.618280e+00 
-9.416142e+00 2.646026e+00 
-9.216712e+00 2.671774e+00 
-9.017214e+00 2.695593e+00 
-8.817668e+00 2.717714e+00 
-8.618076e+00 2.738304e+00 
-8.418453e+00 2.757518e+00 
-8.218808e+00 2.775463e+00 
-8.019126e+00 2.792216e+00 
-7.819438e+00 2.807903e+00 
-7.619753e+00 2.822542e+00 
-7.420117e+00 2.836121e+00 
-7.220438e+00 2.848485e+00 
-7.020704e+00 2.859775e+00 
-6.820947e+00 2.870178e+00 
-6.621181e+00 2.879768e+00 
-6.421390e+00 2.888578e+00 
-6.221574e+00 2.896692e+00 
-6.021797e+00 2.904189e+00 
-5.822030e+00 2.910944e+00 
-5.622260e+00 2.916922e+00 
-5.422442e+00 2.922133e+00 
-5.222618e+00 2.926739e+00 
-5.022789e+00 2.930757e+00 
-4.822972e+00 2.934206e+00 
-4.623144e+00 2.937046e+00 
-4.423297e+00 2.939313e+00 
-4.223408e+00 2.941071e+00 
-4.023513e+00 2.942458e+00 
-3.823593e+00 2.943496e+00 
-3.824056e+00 3.063496e+00 
-4.024136e+00 3.062456e+00 
-4.224240e+00 3.061068e+00 
-4.424352e+00 3.059308e+00 
-4.624505e+00 3.057039e+00 
-4.824677e+00 3.054194e+00 
-5.024860e+00 3.050739e+00 
-5.225030e+00 3.046715e+00 
-5.425207e+00 3.042101e+00 
-5.625389e+00 3.036881e+00 
-5.825619e+00 3.030890e+00 
-6.025852e+00 3.024121e+00 
-6.226074e+00 3.016608e+00 
-6.426259e+00 3.008479e+00 
-6.626467e+00 2.999652e+00 
-6.826701e+00 2.990040e+00 
-7.026945e+00 2.979613e+00 
-7.227210e+00 2.968293e+00 
-7.427532e+00 2.955892e+00 
-7.627896e+00 2.942265e+00 
-7.828211e+00 2.927582e+00 
-8.028523e+00 2.911848e+00 
-8.228840e+00 2.895043e+00 
-8.429195e+00 2.877036e+00 
-8.629572e+00 2.857752e+00 
-8.829981e+00 2.837080e+00 
-9.030435e+00 2.814863e+00 
-9.230937e+00 2.790928e+00 
-9.431506e+00 2.765038e+00 
-9.632092e+00 2.737135e+00 
-9.832707e+00 2.707107e+00 
-1.003335e+01 2.674857e+00 
-1.023399e+01 2.640369e+00 
-1.043467e+01 2.603475e+00 
-1.063542e+01 2.563948e+00 
-1.083631e+01 2.521220e+00 
-1.103723e+01 2.475187e+00 
-1.123828e+01 2.425295e+00 
-1.143940e+01 2.371233e+00 
-1.164057e+01 2.312770e+00 
-1.184181e+01 2.249565e+00 
-1.204312e+01 2.181197e+00 
-1.224453e+01 2.107178e+00 
-1.244601e+01 2.027020e+00 
-1.264761e+01 1.939974e+00 
-1.284930e+01 1.845433e+00 
-1.305107e+01 1.742632e+00 
-1.325294e+01 1.630613e+00 
-1.345499e+01 1.507869e+00 
-1.365709e+01 1.373279e+00 
-1.385934e+01 1.224857e+00 
-1.406163e+01 1.060833e+00 
-1.426396e+01 8.788227e-01 
-1.446578e+01 6.765966e-01 
-1.464777e+01 4.743473e-01 
-1.481139e+01 2.719293e-01 
-1.495751e+01 6.930254e-02 
-1.508745e+01 -1.334122e-01 
-1.520565e+01 -3.354910e-01 
-1.531363e+01 -5.374998e-01 
-1.541169e+01 -7.395913e-01 
-1.550002e+01 -9.417640e-01 
-1.557880e+01 -1.144009e+00 
-1.564814e+01 -1.346336e+00 
-1.570833e+01 -1.548680e+00 
-1.576113e+01 -1.750602e+00 
-1.580782e+01 -1.952248e+00 
-1.584848e+01 -2.153921e+00 
-1.588314e+01 -2.355620e+00 
-1.591176e+01 -2.557351e+00 
-1.593433e+01 -2.759112e+00 
-1.595080e+01 -2.960900e+00 
-1.596114e+01 -3.162712e+00 
-1.596531e+01 -3.364544e+00 
-1.596344e+01 -3.566337e+00 
-1.595684e+01 -3.767744e+00 
-1.594596e+01 -3.969014e+00 
-1.593068e+01 -4.170321e+00 
-1.591084e+01 -4.371662e+00 
-1.588629e+01 -4.573038e+00 
-1.585688e+01 -4.774448e+00 
-1.582244e+01 -4.975891e+00 
-1.578278e+01 -5.177366e+00 
-1.573773e+01 -5.378871e+00 
-1.568693e+01 -5.580442e+00 
-1.563040e+01 -5.781984e+00 
-1.556925e+01 -5.983223e+00 
-1.550408e+01 -6.184275e+00 
-1.543469e+01 -6.385351e+00 
-1.536085e+01 -6.586456e+00 
-1.528233e+01 -6.787597e+00 
-1.519889e+01 -6.988764e+00 
-1.511029e+01 -7.189959e+00 
-1.501624e+01 -7.391181e+00 
-1.491646e+01 -7.592431e+00 
-1.481058e+01 -7.793709e+00 
-1.469825e+01 -7.995015e+00 
-1.457912e+01 -8.196334e+00 
-1.445408e+01 -8.397456e+00 
-1.432431e+01 -8.598333e+00 
-1.418927e+01 -8.799246e+00 
-1.404830e+01 -9.000230e+00 
-1.390082e+01 -9.201266e+00 
-1.374637e+01 -9.402328e+00 
-1.358443e+01 -9.603410e+00 
-1.341443e+01 -9.804511e+00 
-1.323575e+01 -1.000563e+01 
-1.304790e+01 -1.020673e+01 
-1.285210e+01 -1.040765e+01 
-1.265121e+01 -1.060530e+01 
-1.245032e+01 -1.079496e+01 
-1.224943e+01 -1.097710e+01 
-1.204855e+01 -1.115215e+01 
-1.184767e+01 -1.132047e+01 
-1.164679e+01 -1.148240e+01 
-1.144591e+01 -1.163827e+01 
-1.124504e+01 -1.178835e+01 
-1.104418e+01 -1.193289e+01 
-1.084331e+01 -1.207213e+01 
-1.064242e+01 -1.220612e+01 
-1.044153e+01 -1.233498e+01 
-1.024064e+01 -1.245893e+01 
-1.003981e+01 -1.257840e+01 
-9.839005e+00 -1.269369e+01 
-9.638210e+00 -1.280494e+01 
-9.437452e+00 -1.291242e+01 
-9.236738e+00 -1.301643e+01 
-9.036034e+00 -1.311711e+01 
-8.835330e+00 -1.321451e+01 
-8.634627e+00 -1.330873e+01 
-8.433927e+00 -1.339981e+01 
-8.233229e+00 -1.348782e+01 
-8.032534e+00 -1.357283e+01 
-7.831841e+00 -1.365489e+01 
-7.631152e+00 -1.373407e+01 
-7.430467e+00 -1.381042e+01 
-7.229785e+00 -1.388399e+01 
-7.029108e+00 -1.395484e+01 
-6.828434e+00 -1.402302e+01 
-6.627765e+00 -1.408858e+01 
-6.427111e+00 -1.415161e+01 
-6.226507e+00 -1.421229e+01 
-6.025908e+00 -1.427071e+01 
-5.825314e+00 -1.432689e+01 
-5.624724e+00 -1.438087e+01 
-5.424138e+00 -1.443268e+01 
-5.223556e+00 -1.448235e+01 
-5.022978e+00 -1.452992e+01 
-4.822404e+00 -1.457542e+01 
-4.621834e+00 -1.461886e+01 
-4.421250e+00 -1.466022e+01 
-4.220670e+00 -1.469953e+01 
-4.020092e+00 -1.473679e+01 
-3.819514e+00 -1.477203e+01 
-3.618938e+00 -1.480525e+01 
-3.418362e+00 -1.483648e+01 
-3.217788e+00 -1.486572e+01 
-3.017214e+00 -1.489298e+01 
-2.816641e+00 -1.491828e+01 
-2.616068e+00 -1.494162e+01 
-2.415496e+00 -1.496302e+01 
-2.214925e+00 -1.498247e+01 
-2.014361e+00 -1.500002e+01 
-1.813838e+00 -1.501579e+01 
-1.613338e+00 -1.502987e+01 
-1.412842e+00 -1.504229e+01 
-1.212349e+00 -1.505306e+01 
-1.011858e+00 -1.506217e+01 
-8.113685e-01 -1.506965e+01 
-6.108812e-01 -1.507549e+01 
-6.073855e-01 -1.495554e+01 
