-2.394987e+01 -3.994693e-01 
-2.394881e+01 -4.992117e-01 
-2.394724e+01 -5.989481e-01 
-2.394514e+01 -6.986850e-01 
-2.394252e+01 -7.984223e-01 
-2.393937e+01 -8.981601e-01 
-2.393570e+01 -9.978984e-01 
-2.393151e+01 -1.097637e+00 
-2.392679e+01 -1.197377e+00 
-2.392155e+01 -1.297116e+00 
-2.391579e+01 -1.396857e+00 
-2.390950e+01 -1.496598e+00 
-2.390270e+01 -1.596339e+00 
-2.389538e+01 -1.696081e+00 
-2.388754e+01 -1.795824e+00 
-2.387918e+01 -1.895567e+00 
-2.387030e+01 -1.995311e+00 
-2.386091e+01 -2.095055e+00 
-2.385099e+01 -2.194800e+00 
-2.384056e+01 -2.294546e+00 
-2.382962e+01 -2.394292e+00 
-2.381816e+01 -2.494039e+00 
-2.380618e+01 -2.593786e+00 
-2.379369e+01 -2.693534e+00 
-2.378068e+01 -2.793283e+00 
-2.376716e+01 -2.893032e+00 
-2.375312e+01 -2.992782e+00 
-2.373857e+01 -3.092533e+00 
-2.372350e+01 -3.192284e+00 
-2.370792e+01 -3.292036e+00 
-2.369183e+01 -3.391789e+00 
-2.367523e+01 -3.491542e+00 
-2.365811e+01 -3.591296e+00 
-2.364047e+01 -3.691056e+00 
-2.362233e+01 -3.790813e+00 
-2.360369e+01 -3.890567e+00 
-2.358453e+01 -3.990321e+00 
-2.356484e+01 -4.090073e+00 
-2.354464e+01 -4.189826e+00 
-2.352391e+01 -4.289577e+00 
-2.350265e+01 -4.389328e+00 
-2.348086e+01 -4.489079e+00 
-2.345853e+01 -4.588829e+00 
-2.343567e+01 -4.688579e+00 
-2.341226e+01 -4.788328e+00 
-2.338832e+01 -4.888077e+00 
-2.336383e+01 -4.987826e+00 
-2.333879e+01 -5.087574e+00 
-2.331320e+01 -5.187322e+00 
-2.328705e+01 -5.287069e+00 
-2.326035e+01 -5.386817e+00 
-2.323308e+01 -5.486564e+00 
-2.320525e+01 -5.586310e+00 
-2.317686e+01 -5.686057e+00 
-2.314790e+01 -5.785803e+00 
-2.311836e+01 -5.885550e+00 
-2.308825e+01 -5.985296e+00 
-2.305756e+01 -6.085042e+00 
-2.302629e+01 -6.184788e+00 
-2.299443e+01 -6.284534e+00 
-2.296199e+01 -6.384280e+00 
-2.292895e+01 -6.484026e+00 
-2.289533e+01 -6.583773e+00 
-2.286110e+01 -6.683519e+00 
-2.282628e+01 -6.783265e+00 
-2.279085e+01 -6.883012e+00 
-2.275482e+01 -6.982759e+00 
-2.271818e+01 -7.082506e+00 
-2.268092e+01 -7.182253e+00 
-2.264305e+01 -7.282000e+00 
-2.260456e+01 -7.381748e+00 
-2.256545e+01 -7.481497e+00 
-2.252572e+01 -7.581245e+00 
-2.248536e+01 -7.680994e+00 
-2.244437e+01 -7.780744e+00 
-2.240274e+01 -7.880494e+00 
-2.236048e+01 -7.980244e+00 
-2.231757e+01 -8.079995e+00 
-2.227403e+01 -8.179747e+00 
-2.222983e+01 -8.279499e+00 
-2.218499e+01 -8.379250e+00 
-2.213950e+01 -8.478987e+00 
-2.209331e+01 -8.578711e+00 
-2.204639e+01 -8.678428e+00 
-2.199870e+01 -8.778145e+00 
-2.195024e+01 -8.877864e+00 
-2.190101e+01 -8.977583e+00 
-2.185099e+01 -9.077302e+00 
-2.180019e+01 -9.177022e+00 
-2.174859e+01 -9.276743e+00 
-2.169619e+01 -9.376464e+00 
-2.164299e+01 -9.476185e+00 
-2.158897e+01 -9.575907e+00 
-2.153414e+01 -9.675630e+00 
-2.147848e+01 -9.775353e+00 
-2.142198e+01 -9.875077e+00 
-2.136464e+01 -9.974801e+00 
-2.130645e+01 -1.007453e+01 
-2.124740e+01 -1.017425e+01 
-2.118749e+01 -1.027398e+01 
-2.112671e+01 -1.037370e+01 
-2.106504e+01 -1.047343e+01 
-2.100247e+01 -1.057316e+01 
-2.093901e+01 -1.067288e+01 
-2.087464e+01 -1.077261e+01 
-2.080934e+01 -1.087234e+01 
-2.074312e+01 -1.097207e+01 
-2.067595e+01 -1.107180e+01 
-2.060784e+01 -1.117153e+01 
-2.053875e+01 -1.127126e+01 
-2.046870e+01 -1.137099e+01 
-2.039766e+01 -1.147072e+01 
-2.032562e+01 -1.157045e+01 
-2.025257e+01 -1.167019e+01 
-2.017850e+01 -1.176992e+01 
-2.010339e+01 -1.186965e+01 
-2.002723e+01 -1.196939e+01 
-1.995001e+01 -1.206912e+01 
-1.987171e+01 -1.216886e+01 
-1.979232e+01 -1.226860e+01 
-1.971182e+01 -1.236833e+01 
-1.963020e+01 -1.246807e+01 
-1.954744e+01 -1.256781e+01 
-1.946352e+01 -1.266755e+01 
-1.937843e+01 -1.276729e+01 
-1.929216e+01 -1.286701e+01 
-1.920469e+01 -1.296667e+01 
-1.911558e+01 -1.306631e+01 
-1.902470e+01 -1.316595e+01 
-1.893203e+01 -1.326560e+01 
-1.883755e+01 -1.336525e+01 
-1.874122e+01 -1.346490e+01 
-1.864304e+01 -1.356453e+01 
-1.854343e+01 -1.366351e+01 
-1.844382e+01 -1.376032e+01 
-1.834421e+01 -1.385507e+01 
-1.824459e+01 -1.394783e+01 
-1.814497e+01 -1.403867e+01 
-1.804535e+01 -1.412767e+01 
-1.794572e+01 -1.421488e+01 
-1.784609e+01 -1.430038e+01 
-1.774645e+01 -1.438422e+01 
-1.764682e+01 -1.446646e+01 
-1.754717e+01 -1.454714e+01 
-1.744753e+01 -1.462632e+01 
-1.734788e+01 -1.470405e+01 
-1.724823e+01 -1.478036e+01 
-1.714857e+01 -1.485531e+01 
-1.704892e+01 -1.492892e+01 
-1.694925e+01 -1.500124e+01 
-1.684959e+01 -1.507231e+01 
-1.674992e+01 -1.514215e+01 
-1.665025e+01 -1.521080e+01 
-1.655057e+01 -1.527830e+01 
-1.645089e+01 -1.534468e+01 
-1.635121e+01 -1.540995e+01 
-1.625152e+01 -1.547416e+01 
-1.615183e+01 -1.553732e+01 
-1.605214e+01 -1.559946e+01 
-1.595244e+01 -1.566062e+01 
-1.585274e+01 -1.572080e+01 
-1.575304e+01 -1.578003e+01 
-1.565333e+01 -1.583835e+01 
-1.555362e+01 -1.589575e+01 
-1.545391e+01 -1.595228e+01 
-1.535419e+01 -1.600794e+01 
-1.525448e+01 -1.606276e+01 
-1.515478e+01 -1.611673e+01 
-1.505515e+01 -1.616979e+01 
-1.495554e+01 -1.622176e+01 
-1.485604e+01 -1.627257e+01 
-1.475661e+01 -1.632196e+01 
-1.465716e+01 -1.636980e+01 
-1.455767e+01 -1.641616e+01 
-1.445814e+01 -1.646120e+01 
-1.435857e+01 -1.650501e+01 
-1.425899e+01 -1.654773e+01 
-1.415942e+01 -1.658936e+01 
-1.405984e+01 -1.662993e+01 
-1.396025e+01 -1.666946e+01 
-1.386067e+01 -1.670795e+01 
-1.376108e+01 -1.674543e+01 
-1.366149e+01 -1.678191e+01 
-1.356190e+01 -1.681742e+01 
-1.346231e+01 -1.685195e+01 
-1.336271e+01 -1.688553e+01 
-1.326311e+01 -1.691818e+01 
-1.316350e+01 -1.694991e+01 
-1.306389e+01 -1.698073e+01 
-1.296428e+01 -1.701066e+01 
-1.286467e+01 -1.703970e+01 
-1.276505e+01 -1.706789e+01 
-1.266543e+01 -1.709522e+01 
-1.256581e+01 -1.712171e+01 
-1.246618e+01 -1.714738e+01 
-1.236654e+01 -1.717224e+01 
-1.226691e+01 -1.719630e+01 
-1.216727e+01 -1.721958e+01 
-1.206762e+01 -1.724208e+01 
-1.196797e+01 -1.726382e+01 
-1.186832e+01 -1.728481e+01 
-1.176866e+01 -1.730507e+01 
-1.166900e+01 -1.732460e+01 
-1.156934e+01 -1.734342e+01 
-1.146967e+01 -1.736154e+01 
-1.136999e+01 -1.737898e+01 
-1.127031e+01 -1.739573e+01 
-1.117063e+01 -1.741182e+01 
-1.107098e+01 -1.742725e+01 
-1.097147e+01 -1.744193e+01 
-1.087200e+01 -1.745561e+01 
-1.077253e+01 -1.746820e+01 
-1.067304e+01 -1.747973e+01 
-1.057356e+01 -1.749021e+01 
-1.047406e+01 -1.749966e+01 
-1.037456e+01 -1.750809e+01 
-1.027505e+01 -1.751552e+01 
-1.017553e+01 -1.752197e+01 
-1.007601e+01 -1.752745e+01 
-9.976479e+00 -1.753198e+01 
-9.876942e+00 -1.753557e+01 
-9.777397e+00 -1.753824e+01 
-9.677846e+00 -1.754000e+01 
-9.578301e+00 -1.754087e+01 
-9.478800e+00 -1.754083e+01 
-9.379327e+00 -1.753980e+01 
-9.279853e+00 -1.753772e+01 
-9.180378e+00 -1.753459e+01 
-9.080899e+00 -1.753042e+01 
-8.981418e+00 -1.752521e+01 
-8.881934e+00 -1.751895e+01 
-8.782446e+00 -1.751167e+01 
-8.682954e+00 -1.750335e+01 
-8.583458e+00 -1.749401e+01 
-8.483956e+00 -1.748366e+01 
-8.384450e+00 -1.747229e+01 
-8.284938e+00 -1.745992e+01 
-8.185420e+00 -1.744656e+01 
-8.085895e+00 -1.743220e+01 
-7.986388e+00 -1.741687e+01 
-7.886986e+00 -1.740054e+01 
-7.787702e+00 -1.738299e+01 
-7.688405e+00 -1.736395e+01 
-7.589094e+00 -1.734342e+01 
-7.489770e+00 -1.732142e+01 
-7.390433e+00 -1.729797e+01 
-7.291084e+00 -1.727308e+01 
-7.191723e+00 -1.724677e+01 
-7.092348e+00 -1.721903e+01 
-6.992961e+00 -1.718990e+01 
-6.893562e+00 -1.715937e+01 
-6.794149e+00 -1.712747e+01 
-6.694724e+00 -1.709420e+01 
-6.595287e+00 -1.705957e+01 
-6.495837e+00 -1.702361e+01 
-6.396374e+00 -1.698631e+01 
-6.296900e+00 -1.694770e+01 
-6.197412e+00 -1.690779e+01 
-6.097913e+00 -1.686658e+01 
-5.998378e+00 -1.682409e+01 
-5.898810e+00 -1.678039e+01 
-5.799381e+00 -1.673562e+01 
-5.700195e+00 -1.668946e+01 
-5.601024e+00 -1.664111e+01 
-5.501793e+00 -1.659044e+01 
-5.402572e+00 -1.653757e+01 
-5.303310e+00 -1.648241e+01 
-5.204037e+00 -1.642501e+01 
-5.104742e+00 -1.636534e+01 
-5.005428e+00 -1.630341e+01 
-4.906094e+00 -1.623919e+01 
-4.806742e+00 -1.617269e+01 
-4.707370e+00 -1.610390e+01 
-4.607980e+00 -1.603281e+01 
-4.508571e+00 -1.595942e+01 
-4.409143e+00 -1.588372e+01 
-4.309696e+00 -1.580570e+01 
-4.210231e+00 -1.572538e+01 
-4.110779e+00 -1.564276e+01 
-4.011579e+00 -1.555794e+01 
-3.912511e+00 -1.546952e+01 
-3.813584e+00 -1.537663e+01 
-3.714828e+00 -1.527821e+01 
-3.622518e+00 -1.517938e+01 
-3.535759e+00 -1.508043e+01 
-3.453635e+00 -1.498136e+01 
-3.375323e+00 -1.488214e+01 
-3.300131e+00 -1.478290e+01 
-3.227776e+00 -1.468358e+01 
-3.157920e+00 -1.458424e+01 
-3.090549e+00 -1.448510e+01 
-3.026124e+00 -1.438592e+01 
-2.964407e+00 -1.428676e+01 
-2.905403e+00 -1.418765e+01 
-2.849150e+00 -1.408859e+01 
-2.795698e+00 -1.398959e+01 
-2.745145e+00 -1.389066e+01 
-2.697464e+00 -1.379154e+01 
-2.652092e+00 -1.369233e+01 
-2.608684e+00 -1.359292e+01 
-2.566764e+00 -1.349344e+01 
-2.526150e+00 -1.339395e+01 
-2.486803e+00 -1.329443e+01 
-2.448619e+00 -1.319490e+01 
-2.411578e+00 -1.309537e+01 
-2.375678e+00 -1.299583e+01 
-2.340853e+00 -1.289626e+01 
-2.307003e+00 -1.279655e+01 
-2.273809e+00 -1.269680e+01 
-2.241201e+00 -1.259704e+01 
-2.209118e+00 -1.249722e+01 
-2.177434e+00 -1.239734e+01 
-2.146118e+00 -1.229774e+01 
-2.115723e+00 -1.219815e+01 
-2.086256e+00 -1.209855e+01 
-2.057671e+00 -1.199892e+01 
-2.029909e+00 -1.189925e+01 
-2.002860e+00 -1.179953e+01 
-1.976444e+00 -1.169981e+01 
-1.950636e+00 -1.160008e+01 
-1.925422e+00 -1.150036e+01 
-1.900810e+00 -1.140063e+01 
-1.876797e+00 -1.130091e+01 
-1.853384e+00 -1.120113e+01 
-1.830444e+00 -1.110135e+01 
-1.807968e+00 -1.100157e+01 
-1.785960e+00 -1.090179e+01 
-1.764423e+00 -1.080201e+01 
-1.743364e+00 -1.070226e+01 
-1.722870e+00 -1.060262e+01 
-1.703146e+00 -1.050303e+01 
-1.684283e+00 -1.040344e+01 
-1.666259e+00 -1.030375e+01 
-1.648869e+00 -1.020394e+01 
-1.631873e+00 -1.010411e+01 
-1.615220e+00 -1.000426e+01 
-1.598885e+00 -9.904405e+00 
-1.582842e+00 -9.804535e+00 
-1.567065e+00 -9.704653e+00 
-1.551545e+00 -9.604846e+00 
-1.536450e+00 -9.505218e+00 
-1.522121e+00 -9.405605e+00 
-1.508585e+00 -9.305979e+00 
-1.495812e+00 -9.206339e+00 
-1.483771e+00 -9.106688e+00 
-1.472426e+00 -9.006897e+00 
-1.461495e+00 -8.907014e+00 
-1.450792e+00 -8.807037e+00 
-1.440135e+00 -8.707055e+00 
-1.429518e+00 -8.607085e+00 
-1.418961e+00 -8.507124e+00 
-1.408487e+00 -8.407180e+00 
-1.398127e+00 -8.307249e+00 
-1.387909e+00 -8.207333e+00 
-1.377862e+00 -8.107429e+00 
-1.368012e+00 -8.007540e+00 
-1.358387e+00 -7.907664e+00 
-1.349014e+00 -7.807801e+00 
-1.339921e+00 -7.707953e+00 
-1.331135e+00 -7.608110e+00 
-1.322662e+00 -7.508234e+00 
-1.314436e+00 -7.408293e+00 
-1.306327e+00 -7.308341e+00 
-1.298314e+00 -7.208378e+00 
-1.290376e+00 -7.108405e+00 
-1.282490e+00 -7.008416e+00 
-1.274628e+00 -6.908449e+00 
-1.266836e+00 -6.808504e+00 
-1.259156e+00 -6.708575e+00 
-1.251619e+00 -6.608660e+00 
-1.244255e+00 -6.508766e+00 
-1.237106e+00 -6.408884e+00 
-1.230194e+00 -6.308996e+00 
-1.223505e+00 -6.209098e+00 
-1.217021e+00 -6.109191e+00 
-1.210723e+00 -6.009274e+00 
-1.204593e+00 -5.909349e+00 
-1.198612e+00 -5.809414e+00 
-1.192762e+00 -5.709470e+00 
-1.187022e+00 -5.609499e+00 
-1.181338e+00 -5.509502e+00 
-1.175661e+00 -5.409481e+00 
-1.169943e+00 -5.309492e+00 
-1.164253e+00 -5.209628e+00 
-1.158834e+00 -5.109735e+00 
-1.153628e+00 -5.009808e+00 
-1.148569e+00 -4.909867e+00 
-1.143627e+00 -4.809914e+00 
-1.138778e+00 -4.709949e+00 
-1.134000e+00 -4.609973e+00 
-1.129270e+00 -4.509986e+00 
-1.124566e+00 -4.409989e+00 
-1.119866e+00 -4.309980e+00 
-1.115148e+00 -4.209952e+00 
-1.110371e+00 -4.109887e+00 
-1.105464e+00 -4.009806e+00 
-1.100393e+00 -3.909726e+00 
-1.095167e+00 -3.809741e+00 
-1.089976e+00 -3.709867e+00 
-1.085040e+00 -3.610032e+00 
-1.080434e+00 -3.510186e+00 
-1.076135e+00 -3.410306e+00 
-1.072074e+00 -3.310387e+00 
-1.068175e+00 -3.210448e+00 
-1.064399e+00 -3.110493e+00 
-1.060713e+00 -3.010521e+00 
-1.057081e+00 -2.910532e+00 
-1.053470e+00 -2.810525e+00 
-1.049845e+00 -2.710500e+00 
-1.046169e+00 -2.610458e+00 
-1.042411e+00 -2.510445e+00 
-1.038627e+00 -2.410452e+00 
-1.034852e+00 -2.310355e+00 
-1.030884e+00 -2.210286e+00 
-1.026779e+00 -2.110260e+00 
-1.022624e+00 -2.010258e+00 
-1.018466e+00 -1.910290e+00 
-1.014373e+00 -1.810357e+00 
-1.010416e+00 -1.710458e+00 
-1.006662e+00 -1.610583e+00 
-1.003159e+00 -1.510729e+00 
-9.999469e-01 -1.410858e+00 
-9.969931e-01 -1.310960e+00 
-9.942428e-01 -1.211038e+00 
-9.916478e-01 -1.111093e+00 
-9.891617e-01 -1.011125e+00 
-9.867386e-01 -9.111276e-01 
-9.843207e-01 -8.110957e-01 
-9.818383e-01 -7.110416e-01 
-9.792470e-01 -6.109669e-01 
-9.765053e-01 -5.108714e-01 
-9.735733e-01 -4.108102e-01 
-9.705249e-01 -3.109536e-01 
-9.677654e-01 -2.111945e-01 
-9.654827e-01 -1.112227e-01 
-9.632682e-01 -1.233583e-02 
-9.632558e-01 1.122265e-02 
-9.654821e-01 1.111945e-01 
-9.677593e-01 2.109536e-01 
-9.705207e-01 3.108102e-01 
-9.735752e-01 4.108714e-01 
-9.765080e-01 5.109669e-01 
-9.792490e-01 6.110416e-01 
-9.818397e-01 7.110957e-01 
-9.843215e-01 8.111276e-01 
-9.867385e-01 9.111246e-01 
-9.891609e-01 1.011093e+00 
-9.916464e-01 1.111038e+00 
-9.942408e-01 1.210960e+00 
-9.969901e-01 1.310858e+00 
-9.999429e-01 1.410729e+00 
-1.003154e+00 1.510583e+00 
-1.006658e+00 1.610458e+00 
-1.010412e+00 1.710357e+00 
-1.014371e+00 1.810290e+00 
-1.018465e+00 1.910258e+00 
-1.022624e+00 2.010260e+00 
-1.026780e+00 2.110286e+00 
-1.030887e+00 2.210355e+00 
-1.034856e+00 2.310452e+00 
-1.038627e+00 2.410445e+00 
-1.042411e+00 2.510458e+00 
-1.046171e+00 2.610500e+00 
-1.049846e+00 2.710525e+00 
-1.053471e+00 2.810532e+00 
-1.057081e+00 2.910521e+00 
-1.060712e+00 3.010493e+00 
-1.064398e+00 3.110448e+00 
-1.068173e+00 3.210387e+00 
-1.072071e+00 3.310306e+00 
-1.076130e+00 3.410186e+00 
-1.080427e+00 3.510032e+00 
-1.085032e+00 3.609867e+00 
-1.089970e+00 3.709741e+00 
-1.095166e+00 3.809726e+00 
-1.100398e+00 3.909806e+00 
-1.105468e+00 4.009887e+00 
-1.110374e+00 4.109952e+00 
-1.115150e+00 4.209980e+00 
-1.119867e+00 4.309989e+00 
-1.124566e+00 4.409986e+00 
-1.129270e+00 4.509973e+00 
-1.133999e+00 4.609949e+00 
-1.138776e+00 4.709914e+00 
-1.143624e+00 4.809867e+00 
-1.148566e+00 4.909808e+00 
-1.153625e+00 5.009735e+00 
-1.158828e+00 5.109628e+00 
-1.164245e+00 5.209492e+00 
-1.169942e+00 5.309481e+00 
-1.175662e+00 5.409502e+00 
-1.181338e+00 5.509499e+00 
-1.187020e+00 5.609470e+00 
-1.192758e+00 5.709414e+00 
-1.198608e+00 5.809349e+00 
-1.204589e+00 5.909274e+00 
-1.210718e+00 6.009191e+00 
-1.217015e+00 6.109098e+00 
-1.223498e+00 6.208996e+00 
-1.230186e+00 6.308884e+00 
-1.237097e+00 6.408766e+00 
-1.244247e+00 6.508660e+00 
-1.251613e+00 6.608575e+00 
-1.259151e+00 6.708504e+00 
-1.266832e+00 6.808449e+00 
-1.274626e+00 6.908416e+00 
-1.282489e+00 7.008405e+00 
-1.290373e+00 7.108378e+00 
-1.298311e+00 7.208341e+00 
-1.306323e+00 7.308293e+00 
-1.314431e+00 7.408234e+00 
-1.322652e+00 7.508110e+00 
-1.331121e+00 7.607953e+00 
-1.339908e+00 7.707801e+00 
-1.349002e+00 7.807664e+00 
-1.358375e+00 7.907540e+00 
-1.258836e+00 7.917132e+00 
-1.249439e+00 7.817008e+00 
-1.240320e+00 7.716870e+00 
-1.231506e+00 7.616719e+00 
-1.223010e+00 7.516562e+00 
-1.214768e+00 7.416438e+00 
-1.206651e+00 7.316379e+00 
-1.198631e+00 7.216331e+00 
-1.190687e+00 7.116294e+00 
-1.182799e+00 7.016267e+00 
-1.174934e+00 6.916256e+00 
-1.167135e+00 6.816222e+00 
-1.159445e+00 6.716167e+00 
-1.151896e+00 6.616097e+00 
-1.144518e+00 6.516012e+00 
-1.137353e+00 6.415905e+00 
-1.130425e+00 6.315787e+00 
-1.123721e+00 6.215676e+00 
-1.117225e+00 6.115574e+00 
-1.110916e+00 6.015481e+00 
-1.104776e+00 5.915397e+00 
-1.098787e+00 5.815323e+00 
-1.092929e+00 5.715258e+00 
-1.087184e+00 5.615202e+00 
-1.081499e+00 5.515173e+00 
-1.075823e+00 5.415169e+00 
-1.070105e+00 5.315191e+00 
-1.064407e+00 5.215180e+00 
-1.058975e+00 5.115044e+00 
-1.053760e+00 5.014937e+00 
-1.048694e+00 4.914864e+00 
-1.043746e+00 4.814805e+00 
-1.038894e+00 4.714758e+00 
-1.034113e+00 4.614723e+00 
-1.029382e+00 4.514698e+00 
-1.024677e+00 4.414685e+00 
-1.019977e+00 4.314683e+00 
-1.015261e+00 4.214691e+00 
-1.010488e+00 4.114720e+00 
-1.005588e+00 4.014785e+00 
-1.000526e+00 3.914866e+00 
-9.953023e-01 3.814946e+00 
-9.901047e-01 3.714931e+00 
-9.851540e-01 3.614805e+00 
-9.805331e-01 3.514640e+00 
-9.762221e-01 3.414486e+00 
-9.721532e-01 3.314366e+00 
-9.682487e-01 3.214285e+00 
-9.644688e-01 3.114223e+00 
-9.607796e-01 3.014178e+00 
-9.571467e-01 2.914151e+00 
-9.535356e-01 2.814140e+00 
-9.499113e-01 2.714147e+00 
-9.462380e-01 2.614172e+00 
-9.424816e-01 2.514213e+00 
-9.386980e-01 2.414227e+00 
-9.349270e-01 2.314220e+00 
-9.309655e-01 2.214317e+00 
-9.268642e-01 2.114386e+00 
-9.227102e-01 2.014412e+00 
-9.185512e-01 1.914414e+00 
-9.144546e-01 1.814382e+00 
-9.104902e-01 1.714315e+00 
-9.067281e-01 1.614214e+00 
-9.032156e-01 1.514089e+00 
-8.999946e-01 1.413943e+00 
-8.970338e-01 1.313814e+00 
-8.942786e-01 1.213711e+00 
-8.916801e-01 1.113634e+00 
-8.891918e-01 1.013579e+00 
-8.867678e-01 9.135471e-01 
-8.843507e-01 8.135440e-01 
-8.818705e-01 7.135760e-01 
-8.792825e-01 6.136301e-01 
-8.765455e-01 5.137048e-01 
-8.736181e-01 4.138003e-01 
-8.705673e-01 3.138614e-01 
-8.677976e-01 2.137181e-01 
-8.655081e-01 1.134772e-01 
-8.632806e-01 1.344901e-02 
-8.632682e-01 -1.233583e-02 
-8.655075e-01 -1.134490e-01 
-8.677915e-01 -2.134772e-01 
-8.705631e-01 -3.137181e-01 
-8.736199e-01 -4.138614e-01 
-8.765482e-01 -5.138003e-01 
-8.792845e-01 -6.137048e-01 
-8.818718e-01 -7.136301e-01 
-8.843515e-01 -8.135760e-01 
-8.867678e-01 -9.135440e-01 
-8.891910e-01 -1.013547e+00 
-8.916787e-01 -1.113579e+00 
-8.942765e-01 -1.213634e+00 
-8.970309e-01 -1.313711e+00 
-8.999906e-01 -1.413814e+00 
-9.032107e-01 -1.513943e+00 
-9.067236e-01 -1.614089e+00 
-9.104863e-01 -1.714214e+00 
-9.144519e-01 -1.814315e+00 
-9.185499e-01 -1.914382e+00 
-9.227102e-01 -2.014414e+00 
-9.268652e-01 -2.114412e+00 
-9.309683e-01 -2.214386e+00 
-9.349308e-01 -2.314317e+00 
-9.386978e-01 -2.414220e+00 
-9.424821e-01 -2.514227e+00 
-9.462396e-01 -2.614213e+00 
-9.499122e-01 -2.714172e+00 
-9.535359e-01 -2.814147e+00 
-9.571463e-01 -2.914140e+00 
-9.607786e-01 -3.014151e+00 
-9.644672e-01 -3.114178e+00 
-9.682463e-01 -3.214223e+00 
-9.721499e-01 -3.314285e+00 
-9.762171e-01 -3.414366e+00 
-9.805263e-01 -3.514486e+00 
-9.851461e-01 -3.614640e+00 
-9.900983e-01 -3.714805e+00 
-9.953015e-01 -3.814931e+00 
-1.000530e+00 -3.914946e+00 
-1.005592e+00 -4.014866e+00 
-1.010491e+00 -4.114785e+00 
-1.015262e+00 -4.214720e+00 
-1.019977e+00 -4.314691e+00 
-1.024677e+00 -4.414683e+00 
-1.029381e+00 -4.514685e+00 
-1.034112e+00 -4.614698e+00 
-1.038892e+00 -4.714723e+00 
-1.043744e+00 -4.814758e+00 
-1.048691e+00 -4.914805e+00 
-1.053756e+00 -5.014864e+00 
-1.058969e+00 -5.114937e+00 
-1.064399e+00 -5.215044e+00 
-1.070105e+00 -5.315180e+00 
-1.075824e+00 -5.415191e+00 
-1.081499e+00 -5.515169e+00 
-1.087183e+00 -5.615173e+00 
-1.092926e+00 -5.715202e+00 
-1.098783e+00 -5.815258e+00 
-1.104772e+00 -5.915323e+00 
-1.110911e+00 -6.015397e+00 
-1.117219e+00 -6.115481e+00 
-1.123715e+00 -6.215574e+00 
-1.130417e+00 -6.315676e+00 
-1.137344e+00 -6.415787e+00 
-1.144510e+00 -6.515905e+00 
-1.151890e+00 -6.616012e+00 
-1.159439e+00 -6.716097e+00 
-1.167130e+00 -6.816167e+00 
-1.174931e+00 -6.916222e+00 
-1.182798e+00 -7.016256e+00 
-1.190685e+00 -7.116267e+00 
-1.198628e+00 -7.216294e+00 
-1.206647e+00 -7.316331e+00 
-1.214763e+00 -7.416379e+00 
-1.222999e+00 -7.516438e+00 
-1.231493e+00 -7.616562e+00 
-1.240306e+00 -7.716719e+00 
-1.249426e+00 -7.816870e+00 
-1.258825e+00 -7.917008e+00 
-1.268473e+00 -8.017132e+00 
-1.278344e+00 -8.117242e+00 
-1.288411e+00 -8.217339e+00 
-1.298645e+00 -8.317422e+00 
-1.309020e+00 -8.417492e+00 
-1.319506e+00 -8.517547e+00 
-1.330071e+00 -8.617587e+00 
-1.340695e+00 -8.717616e+00 
-1.351355e+00 -8.817635e+00 
-1.362063e+00 -8.917658e+00 
-1.373019e+00 -9.017775e+00 
-1.384411e+00 -9.117984e+00 
-1.396533e+00 -9.218333e+00 
-1.409397e+00 -9.318693e+00 
-1.423031e+00 -9.419067e+00 
-1.437468e+00 -9.519454e+00 
-1.452673e+00 -9.619826e+00 
-1.468253e+00 -9.720018e+00 
-1.484066e+00 -9.820137e+00 
-1.500151e+00 -9.920266e+00 
-1.516532e+00 -1.002041e+01 
-1.533235e+00 -1.012056e+01 
-1.550288e+00 -1.022073e+01 
-1.567743e+00 -1.032092e+01 
-1.585879e+00 -1.042123e+01 
-1.604893e+00 -1.052164e+01 
-1.624775e+00 -1.062205e+01 
-1.645414e+00 -1.072241e+01 
-1.666579e+00 -1.082266e+01 
-1.688212e+00 -1.092289e+01 
-1.710315e+00 -1.102310e+01 
-1.732888e+00 -1.112332e+01 
-1.755926e+00 -1.122354e+01 
-1.779441e+00 -1.132376e+01 
-1.803590e+00 -1.142404e+01 
-1.828335e+00 -1.152432e+01 
-1.853686e+00 -1.162459e+01 
-1.879633e+00 -1.172486e+01 
-1.906193e+00 -1.182514e+01 
-1.933397e+00 -1.192543e+01 
-1.961338e+00 -1.202575e+01 
-1.990134e+00 -1.212612e+01 
-2.019831e+00 -1.222652e+01 
-2.050473e+00 -1.232693e+01 
-2.082038e+00 -1.242733e+01 
-2.113800e+00 -1.252745e+01 
-2.145997e+00 -1.262763e+01 
-2.178757e+00 -1.272787e+01 
-2.212120e+00 -1.282812e+01 
-2.246159e+00 -1.292841e+01 
-2.281284e+00 -1.302884e+01 
-2.317508e+00 -1.312930e+01 
-2.354899e+00 -1.322978e+01 
-2.393438e+00 -1.333024e+01 
-2.433152e+00 -1.343072e+01 
-2.474180e+00 -1.353123e+01 
-2.516530e+00 -1.363175e+01 
-2.560446e+00 -1.373234e+01 
-2.606519e+00 -1.383313e+01 
-2.655026e+00 -1.393401e+01 
-2.706646e+00 -1.403508e+01 
-2.761151e+00 -1.413609e+01 
-2.818440e+00 -1.423702e+01 
-2.878476e+00 -1.433791e+01 
-2.941222e+00 -1.443875e+01 
-3.006683e+00 -1.453957e+01 
-3.075207e+00 -1.464044e+01 
-3.145973e+00 -1.474109e+01 
-3.219302e+00 -1.484177e+01 
-3.295610e+00 -1.494253e+01 
-3.375136e+00 -1.504331e+01 
-3.458763e+00 -1.514424e+01 
-3.547319e+00 -1.524529e+01 
-3.641733e+00 -1.534646e+01 
-3.742977e+00 -1.544745e+01 
-3.844050e+00 -1.554241e+01 
-3.944982e+00 -1.563254e+01 
-4.045782e+00 -1.571876e+01 
-4.146330e+00 -1.580230e+01 
-4.246865e+00 -1.588350e+01 
-4.347418e+00 -1.596239e+01 
-4.447990e+00 -1.603898e+01 
-4.548581e+00 -1.611326e+01 
-4.649191e+00 -1.618523e+01 
-4.749819e+00 -1.625491e+01 
-4.850467e+00 -1.632229e+01 
-4.951134e+00 -1.638738e+01 
-5.051819e+00 -1.645019e+01 
-5.152524e+00 -1.651073e+01 
-5.253251e+00 -1.656898e+01 
-5.353990e+00 -1.662498e+01 
-5.454768e+00 -1.667869e+01 
-5.555537e+00 -1.673017e+01 
-5.656367e+00 -1.677934e+01 
-5.757180e+00 -1.682628e+01 
-5.857751e+00 -1.687157e+01 
-5.958184e+00 -1.691566e+01 
-6.058648e+00 -1.695855e+01 
-6.159149e+00 -1.700018e+01 
-6.259661e+00 -1.704051e+01 
-6.360187e+00 -1.707954e+01 
-6.460725e+00 -1.711724e+01 
-6.561274e+00 -1.715361e+01 
-6.661838e+00 -1.718864e+01 
-6.762412e+00 -1.722230e+01 
-6.863000e+00 -1.725459e+01 
-6.963601e+00 -1.728549e+01 
-7.064213e+00 -1.731499e+01 
-7.164838e+00 -1.734308e+01 
-7.265477e+00 -1.736975e+01 
-7.366128e+00 -1.739497e+01 
-7.466791e+00 -1.741874e+01 
-7.567467e+00 -1.744105e+01 
-7.668157e+00 -1.746187e+01 
-7.768859e+00 -1.748120e+01 
-7.869575e+00 -1.749901e+01 
-7.970173e+00 -1.751555e+01 
-8.070666e+00 -1.753103e+01 
-8.171142e+00 -1.754553e+01 
-8.271624e+00 -1.755903e+01 
-8.372111e+00 -1.757153e+01 
-8.472605e+00 -1.758301e+01 
-8.573104e+00 -1.759348e+01 
-8.673607e+00 -1.760292e+01 
-8.774115e+00 -1.761132e+01 
-8.874627e+00 -1.761869e+01 
-8.975143e+00 -1.762501e+01 
-9.075662e+00 -1.763028e+01 
-9.176184e+00 -1.763451e+01 
-9.276708e+00 -1.763767e+01 
-9.377234e+00 -1.763978e+01 
-9.477762e+00 -1.764083e+01 
-9.578260e+00 -1.764087e+01 
-9.678715e+00 -1.764000e+01 
-9.779164e+00 -1.763823e+01 
-9.879620e+00 -1.763554e+01 
-9.980082e+00 -1.763192e+01 
-1.008055e+01 -1.762735e+01 
-1.018103e+01 -1.762182e+01 
-1.028151e+01 -1.761531e+01 
-1.038200e+01 -1.760781e+01 
-1.048250e+01 -1.759930e+01 
-1.058301e+01 -1.758976e+01 
-1.068352e+01 -1.757918e+01 
-1.078404e+01 -1.756754e+01 
-1.088456e+01 -1.755482e+01 
-1.098509e+01 -1.754100e+01 
-1.108558e+01 -1.752618e+01 
-1.118593e+01 -1.751064e+01 
-1.128625e+01 -1.749445e+01 
-1.138657e+01 -1.747759e+01 
-1.148689e+01 -1.746005e+01 
-1.158722e+01 -1.744181e+01 
-1.168756e+01 -1.742286e+01 
-1.178790e+01 -1.740320e+01 
-1.188824e+01 -1.738281e+01 
-1.198859e+01 -1.736167e+01 
-1.208894e+01 -1.733978e+01 
-1.218929e+01 -1.731712e+01 
-1.228965e+01 -1.729368e+01 
-1.239002e+01 -1.726945e+01 
-1.249038e+01 -1.724441e+01 
-1.259076e+01 -1.721855e+01 
-1.269113e+01 -1.719186e+01 
-1.279151e+01 -1.716432e+01 
-1.289189e+01 -1.713593e+01 
-1.299228e+01 -1.710666e+01 
-1.309267e+01 -1.707650e+01 
-1.319306e+01 -1.704544e+01 
-1.329346e+01 -1.701347e+01 
-1.339385e+01 -1.698056e+01 
-1.349426e+01 -1.694671e+01 
-1.359466e+01 -1.691190e+01 
-1.369507e+01 -1.687611e+01 
-1.379548e+01 -1.683933e+01 
-1.389589e+01 -1.680154e+01 
-1.399631e+01 -1.676273e+01 
-1.409672e+01 -1.672288e+01 
-1.419714e+01 -1.668197e+01 
-1.429757e+01 -1.663999e+01 
-1.439799e+01 -1.659692e+01 
-1.449842e+01 -1.655273e+01 
-1.459889e+01 -1.650727e+01 
-1.469940e+01 -1.646044e+01 
-1.479995e+01 -1.641208e+01 
-1.490052e+01 -1.636213e+01 
-1.500102e+01 -1.631083e+01 
-1.510141e+01 -1.625845e+01 
-1.520178e+01 -1.620500e+01 
-1.530208e+01 -1.615070e+01 
-1.540237e+01 -1.609557e+01 
-1.550265e+01 -1.603960e+01 
-1.560294e+01 -1.598275e+01 
-1.570323e+01 -1.592501e+01 
-1.580352e+01 -1.586636e+01 
-1.590382e+01 -1.580677e+01 
-1.600412e+01 -1.574623e+01 
-1.610442e+01 -1.568471e+01 
-1.620473e+01 -1.562218e+01 
-1.630504e+01 -1.555863e+01 
-1.640535e+01 -1.549402e+01 
-1.650567e+01 -1.542834e+01 
-1.660599e+01 -1.536154e+01 
-1.670632e+01 -1.529361e+01 
-1.680664e+01 -1.522450e+01 
-1.690697e+01 -1.515420e+01 
-1.700731e+01 -1.508266e+01 
-1.710765e+01 -1.500985e+01 
-1.720799e+01 -1.493574e+01 
-1.730833e+01 -1.486029e+01 
-1.740868e+01 -1.478344e+01 
-1.750903e+01 -1.470517e+01 
-1.760939e+01 -1.462543e+01 
-1.770975e+01 -1.454418e+01 
-1.781011e+01 -1.446135e+01 
-1.791047e+01 -1.437690e+01 
-1.801084e+01 -1.429077e+01 
-1.811121e+01 -1.420291e+01 
-1.821159e+01 -1.411325e+01 
-1.831197e+01 -1.402172e+01 
-1.841235e+01 -1.392826e+01 
-1.851274e+01 -1.383278e+01 
-1.861313e+01 -1.373522e+01 
-1.871352e+01 -1.363547e+01 
-1.881244e+01 -1.353510e+01 
-1.890945e+01 -1.343475e+01 
-1.900460e+01 -1.333440e+01 
-1.909793e+01 -1.323405e+01 
-1.918946e+01 -1.313369e+01 
-1.927922e+01 -1.303333e+01 
-1.936732e+01 -1.293299e+01 
-1.945406e+01 -1.283271e+01 
-1.953960e+01 -1.273245e+01 
-1.962395e+01 -1.263219e+01 
-1.970715e+01 -1.253193e+01 
-1.978921e+01 -1.243167e+01 
-1.987013e+01 -1.233140e+01 
-1.994995e+01 -1.223114e+01 
-2.002867e+01 -1.213088e+01 
-2.010630e+01 -1.203061e+01 
-2.018287e+01 -1.193035e+01 
-2.025838e+01 -1.183008e+01 
-2.033285e+01 -1.172981e+01 
-2.040629e+01 -1.162955e+01 
-2.047872e+01 -1.152928e+01 
-2.055015e+01 -1.142901e+01 
-2.062058e+01 -1.132874e+01 
-2.069004e+01 -1.122847e+01 
-2.075853e+01 -1.112820e+01 
-2.082606e+01 -1.102793e+01 
-2.089265e+01 -1.092766e+01 
-2.095830e+01 -1.082739e+01 
-2.102303e+01 -1.072712e+01 
-2.108684e+01 -1.062684e+01 
-2.114975e+01 -1.052657e+01 
-2.121176e+01 -1.042630e+01 
-2.127288e+01 -1.032602e+01 
-2.133312e+01 -1.022575e+01 
-2.139250e+01 -1.012547e+01 
-2.145101e+01 -1.002520e+01 
-2.150867e+01 -9.924923e+00 
-2.156548e+01 -9.824647e+00 
-2.162146e+01 -9.724370e+00 
-2.167660e+01 -9.624093e+00 
-2.173092e+01 -9.523815e+00 
-2.178442e+01 -9.423536e+00 
-2.183711e+01 -9.323257e+00 
-2.188900e+01 -9.222978e+00 
-2.194009e+01 -9.122698e+00 
-2.199039e+01 -9.022417e+00 
-2.203991e+01 -8.922136e+00 
-2.208865e+01 -8.821855e+00 
-2.213661e+01 -8.721572e+00 
-2.218380e+01 -8.621289e+00 
-2.223024e+01 -8.521013e+00 
-2.227597e+01 -8.420750e+00 
-2.232104e+01 -8.320501e+00 
-2.236545e+01 -8.220253e+00 
-2.240922e+01 -8.120005e+00 
-2.245234e+01 -8.019756e+00 
-2.249482e+01 -7.919506e+00 
-2.253665e+01 -7.819256e+00 
-2.257785e+01 -7.719006e+00 
-2.261842e+01 -7.618755e+00 
-2.265835e+01 -7.518503e+00 
-2.269766e+01 -7.418252e+00 
-2.273635e+01 -7.318000e+00 
-2.277441e+01 -7.217747e+00 
-2.281185e+01 -7.117494e+00 
-2.284868e+01 -7.017241e+00 
-2.288490e+01 -6.916988e+00 
-2.292051e+01 -6.816735e+00 
-2.295551e+01 -6.716481e+00 
-2.298991e+01 -6.616227e+00 
-2.302371e+01 -6.515974e+00 
-2.305692e+01 -6.415720e+00 
-2.308953e+01 -6.315466e+00 
-2.312155e+01 -6.215212e+00 
-2.315298e+01 -6.114958e+00 
-2.318383e+01 -6.014704e+00 
-2.321409e+01 -5.914450e+00 
-2.324378e+01 -5.814197e+00 
-2.327289e+01 -5.713943e+00 
-2.330143e+01 -5.613690e+00 
-2.332940e+01 -5.513436e+00 
-2.335681e+01 -5.413183e+00 
-2.338365e+01 -5.312931e+00 
-2.340993e+01 -5.212678e+00 
-2.343565e+01 -5.112426e+00 
-2.346082e+01 -5.012174e+00 
-2.348543e+01 -4.911923e+00 
-2.350950e+01 -4.811672e+00 
-2.353302e+01 -4.711421e+00 
-2.355600e+01 -4.611171e+00 
-2.357844e+01 -4.510921e+00 
-2.360034e+01 -4.410672e+00 
-2.362171e+01 -4.310423e+00 
-2.364255e+01 -4.210174e+00 
-2.366285e+01 -4.109927e+00 
-2.368264e+01 -4.009679e+00 
-2.370189e+01 -3.909433e+00 
-2.372063e+01 -3.809187e+00 
-2.373886e+01 -3.708944e+00 
-2.375658e+01 -3.608704e+00 
-2.377378e+01 -3.508458e+00 
-2.379047e+01 -3.408211e+00 
-2.380665e+01 -3.307964e+00 
-2.382231e+01 -3.207716e+00 
-2.383745e+01 -3.107467e+00 
-2.385207e+01 -3.007218e+00 
-2.386618e+01 -2.906968e+00 
-2.387977e+01 -2.806717e+00 
-2.389285e+01 -2.706466e+00 
-2.390540e+01 -2.606214e+00 
-2.391744e+01 -2.505961e+00 
-2.392897e+01 -2.405708e+00 
-2.393997e+01 -2.305454e+00 
-2.395045e+01 -2.205200e+00 
-2.396042e+01 -2.104945e+00 
-2.396986e+01 -2.004689e+00 
-2.397879e+01 -1.904433e+00 
-2.398719e+01 -1.804176e+00 
-2.399507e+01 -1.703919e+00 
-2.400243e+01 -1.603661e+00 
-2.400927e+01 -1.503402e+00 
-2.401559e+01 -1.403143e+00 
-2.402138e+01 -1.302884e+00 
-2.402665e+01 -1.202623e+00 
-2.403139e+01 -1.102363e+00 
-2.403561e+01 -1.002102e+00 
-2.403930e+01 -9.018399e-01 
-2.404247e+01 -8.015777e-01 
-2.404511e+01 -7.013150e-01 
-2.404722e+01 -6.010519e-01 
-2.404880e+01 -5.007883e-01 
-2.404987e+01 -4.005307e-01 
-2.394987e+01 -3.994693e-01 
