7.876915e-01 1.012735e+01 
7.982110e-01 1.022725e+01 
8.089270e-01 1.032710e+01 
8.199462e-01 1.042694e+01 
8.312866e-01 1.052677e+01 
8.429633e-01 1.062660e+01 
8.549923e-01 1.072642e+01 
8.673913e-01 1.082623e+01 
8.801792e-01 1.092602e+01 
8.933891e-01 1.102576e+01 
9.071128e-01 1.112545e+01 
9.214828e-01 1.122511e+01 
9.365411e-01 1.132476e+01 
9.523258e-01 1.142438e+01 
9.688822e-01 1.152400e+01 
9.862544e-01 1.162364e+01 
1.004375e+00 1.172332e+01 
1.023162e+00 1.182303e+01 
1.042575e+00 1.192273e+01 
1.062615e+00 1.202243e+01 
1.083286e+00 1.212214e+01 
1.104589e+00 1.222184e+01 
1.126518e+00 1.232153e+01 
1.149092e+00 1.242115e+01 
1.172474e+00 1.252066e+01 
1.196912e+00 1.262018e+01 
1.222399e+00 1.271971e+01 
1.248925e+00 1.281925e+01 
1.276462e+00 1.291881e+01 
1.304995e+00 1.301838e+01 
1.334505e+00 1.311796e+01 
1.364964e+00 1.321758e+01 
1.396303e+00 1.331722e+01 
1.428487e+00 1.341689e+01 
1.461461e+00 1.351667e+01 
1.494955e+00 1.361647e+01 
1.528961e+00 1.371639e+01 
1.563178e+00 1.381633e+01 
1.597454e+00 1.391608e+01 
1.632326e+00 1.401577e+01 
1.667915e+00 1.411547e+01 
1.704226e+00 1.421517e+01 
1.741260e+00 1.431488e+01 
1.779014e+00 1.441458e+01 
1.817492e+00 1.451428e+01 
1.856700e+00 1.461399e+01 
1.896641e+00 1.471369e+01 
1.937326e+00 1.481339e+01 
1.978766e+00 1.491310e+01 
2.020948e+00 1.501281e+01 
2.063856e+00 1.511249e+01 
2.107602e+00 1.521215e+01 
2.152208e+00 1.531179e+01 
2.197744e+00 1.541139e+01 
2.244332e+00 1.551094e+01 
2.292130e+00 1.561046e+01 
2.341212e+00 1.570997e+01 
2.391663e+00 1.580944e+01 
2.443578e+00 1.590889e+01 
2.497100e+00 1.600836e+01 
2.552243e+00 1.610795e+01 
2.608636e+00 1.620756e+01 
2.666210e+00 1.630715e+01 
2.725030e+00 1.640673e+01 
2.785174e+00 1.650629e+01 
2.846718e+00 1.660583e+01 
2.909756e+00 1.670535e+01 
2.974386e+00 1.680484e+01 
3.040714e+00 1.690432e+01 
3.108866e+00 1.700377e+01 
3.178982e+00 1.710319e+01 
3.251228e+00 1.720263e+01 
3.325713e+00 1.730218e+01 
3.401998e+00 1.740175e+01 
3.479982e+00 1.750132e+01 
3.559776e+00 1.760091e+01 
3.641401e+00 1.770062e+01 
3.724299e+00 1.780035e+01 
3.808385e+00 1.790007e+01 
3.893729e+00 1.799978e+01 
3.980406e+00 1.809947e+01 
4.068494e+00 1.819916e+01 
4.158083e+00 1.829883e+01 
4.249267e+00 1.839849e+01 
4.342148e+00 1.849814e+01 
4.436842e+00 1.859777e+01 
4.533469e+00 1.869739e+01 
4.632174e+00 1.879700e+01 
4.731768e+00 1.889530e+01 
4.831347e+00 1.899139e+01 
4.930911e+00 1.908524e+01 
5.030459e+00 1.917687e+01 
5.129993e+00 1.926626e+01 
5.229511e+00 1.935342e+01 
5.329014e+00 1.943836e+01 
5.428502e+00 1.952107e+01 
5.527975e+00 1.960156e+01 
5.627433e+00 1.967985e+01 
5.726900e+00 1.975596e+01 
5.826560e+00 1.983012e+01 
5.926244e+00 1.990300e+01 
6.025917e+00 1.997468e+01 
6.125577e+00 2.004515e+01 
6.225243e+00 2.011439e+01 
6.324924e+00 2.018245e+01 
6.424596e+00 2.024938e+01 
6.524260e+00 2.031517e+01 
6.623915e+00 2.037981e+01 
6.723562e+00 2.044329e+01 
6.823201e+00 2.050561e+01 
6.922832e+00 2.056674e+01 
7.022454e+00 2.062670e+01 
7.122068e+00 2.068546e+01 
7.221674e+00 2.074302e+01 
7.321273e+00 2.079938e+01 
7.420862e+00 2.085453e+01 
7.520445e+00 2.090847e+01 
7.620020e+00 2.096119e+01 
7.719588e+00 2.101269e+01 
7.819148e+00 2.106296e+01 
7.918702e+00 2.111201e+01 
8.018248e+00 2.115984e+01 
8.117790e+00 2.120644e+01 
8.217323e+00 2.125181e+01 
8.316852e+00 2.129596e+01 
8.416375e+00 2.133889e+01 
8.515893e+00 2.138059e+01 
8.615407e+00 2.142108e+01 
8.714915e+00 2.146036e+01 
8.814419e+00 2.149843e+01 
8.913953e+00 2.153530e+01 
9.013626e+00 2.157110e+01 
9.113301e+00 2.160613e+01 
9.212965e+00 2.164038e+01 
9.312618e+00 2.167384e+01 
9.412262e+00 2.170649e+01 
9.511894e+00 2.173831e+01 
9.611514e+00 2.176928e+01 
9.711124e+00 2.179938e+01 
9.810722e+00 2.182860e+01 
9.910308e+00 2.185691e+01 
1.000988e+01 2.188429e+01 
1.010944e+01 2.191073e+01 
1.020899e+01 2.193620e+01 
1.030856e+01 2.196069e+01 
1.040822e+01 2.198427e+01 
1.050789e+01 2.200711e+01 
1.060755e+01 2.202924e+01 
1.070721e+01 2.205064e+01 
1.080686e+01 2.207132e+01 
1.090651e+01 2.209126e+01 
1.100616e+01 2.211046e+01 
1.110581e+01 2.212893e+01 
1.120545e+01 2.214666e+01 
1.130509e+01 2.216364e+01 
1.140473e+01 2.217987e+01 
1.150436e+01 2.219535e+01 
1.160399e+01 2.221007e+01 
1.170362e+01 2.222403e+01 
1.180324e+01 2.223723e+01 
1.190287e+01 2.224967e+01 
1.200248e+01 2.226133e+01 
1.210210e+01 2.227222e+01 
1.220172e+01 2.228234e+01 
1.230133e+01 2.229168e+01 
1.240094e+01 2.230024e+01 
1.250055e+01 2.230801e+01 
1.260015e+01 2.231500e+01 
1.269981e+01 2.232120e+01 
1.279950e+01 2.232670e+01 
1.289918e+01 2.233159e+01 
1.299887e+01 2.233584e+01 
1.309855e+01 2.233946e+01 
1.319822e+01 2.234245e+01 
1.329789e+01 2.234478e+01 
1.339756e+01 2.234646e+01 
1.349723e+01 2.234748e+01 
1.359689e+01 2.234784e+01 
1.369655e+01 2.234752e+01 
1.379621e+01 2.234653e+01 
1.389586e+01 2.234485e+01 
1.399551e+01 2.234248e+01 
1.409516e+01 2.233941e+01 
1.419481e+01 2.233565e+01 
1.429445e+01 2.233117e+01 
1.439409e+01 2.232598e+01 
1.449373e+01 2.232008e+01 
1.459337e+01 2.231345e+01 
1.469303e+01 2.230609e+01 
1.479272e+01 2.229804e+01 
1.489240e+01 2.228937e+01 
1.499209e+01 2.228006e+01 
1.509177e+01 2.227012e+01 
1.519146e+01 2.225953e+01 
1.529114e+01 2.224831e+01 
1.539082e+01 2.223644e+01 
1.549050e+01 2.222392e+01 
1.559018e+01 2.221075e+01 
1.568986e+01 2.219692e+01 
1.578954e+01 2.218243e+01 
1.588921e+01 2.216728e+01 
1.598891e+01 2.215146e+01 
1.608861e+01 2.213501e+01 
1.618830e+01 2.211792e+01 
1.628800e+01 2.210021e+01 
1.638769e+01 2.208185e+01 
1.648738e+01 2.206285e+01 
1.658707e+01 2.204319e+01 
1.668675e+01 2.202288e+01 
1.678644e+01 2.200190e+01 
1.688612e+01 2.198025e+01 
1.698580e+01 2.195792e+01 
1.708548e+01 2.193491e+01 
1.718516e+01 2.191121e+01 
1.728484e+01 2.188681e+01 
1.738452e+01 2.186171e+01 
1.748419e+01 2.183590e+01 
1.758386e+01 2.180937e+01 
1.768353e+01 2.178212e+01 
1.778320e+01 2.175413e+01 
1.788287e+01 2.172540e+01 
1.798254e+01 2.169593e+01 
1.808220e+01 2.166570e+01 
1.818187e+01 2.163471e+01 
1.828153e+01 2.160295e+01 
1.838119e+01 2.157041e+01 
1.848085e+01 2.153708e+01 
1.858051e+01 2.150296e+01 
1.868017e+01 2.146803e+01 
1.877983e+01 2.143229e+01 
1.887949e+01 2.139573e+01 
1.897914e+01 2.135834e+01 
1.907879e+01 2.132011e+01 
1.917845e+01 2.128103e+01 
1.927810e+01 2.124109e+01 
1.937775e+01 2.120028e+01 
1.947740e+01 2.115859e+01 
1.957705e+01 2.111601e+01 
1.967671e+01 2.107253e+01 
1.977640e+01 2.102813e+01 
1.987615e+01 2.098291e+01 
1.997590e+01 2.093701e+01 
2.007565e+01 2.089044e+01 
2.017540e+01 2.084320e+01 
2.027514e+01 2.079528e+01 
2.037489e+01 2.074666e+01 
2.047464e+01 2.069734e+01 
2.057438e+01 2.064732e+01 
2.067412e+01 2.059658e+01 
2.077387e+01 2.054511e+01 
2.087361e+01 2.049292e+01 
2.097335e+01 2.043999e+01 
2.107309e+01 2.038631e+01 
2.117285e+01 2.033185e+01 
2.127261e+01 2.027668e+01 
2.137237e+01 2.022079e+01 
2.147213e+01 2.016418e+01 
2.157189e+01 2.010684e+01 
2.167165e+01 2.004875e+01 
2.177140e+01 1.998991e+01 
2.187116e+01 1.993031e+01 
2.197092e+01 1.986993e+01 
2.207067e+01 1.980877e+01 
2.217042e+01 1.974681e+01 
2.227018e+01 1.968404e+01 
2.236993e+01 1.962046e+01 
2.246968e+01 1.955605e+01 
2.256943e+01 1.949080e+01 
2.266918e+01 1.942470e+01 
2.276893e+01 1.935773e+01 
2.286868e+01 1.928988e+01 
2.296843e+01 1.922114e+01 
2.306817e+01 1.915149e+01 
2.316792e+01 1.908093e+01 
2.326767e+01 1.900943e+01 
2.336741e+01 1.893697e+01 
2.346716e+01 1.886356e+01 
2.356690e+01 1.878916e+01 
2.366664e+01 1.871376e+01 
2.376639e+01 1.863735e+01 
2.386613e+01 1.855990e+01 
2.396587e+01 1.848141e+01 
2.406561e+01 1.840184e+01 
2.416535e+01 1.832118e+01 
2.426509e+01 1.823941e+01 
2.436483e+01 1.815652e+01 
2.446457e+01 1.807247e+01 
2.456431e+01 1.798724e+01 
2.466404e+01 1.790081e+01 
2.476378e+01 1.781316e+01 
2.486352e+01 1.772427e+01 
2.496325e+01 1.763410e+01 
2.506299e+01 1.754262e+01 
2.516272e+01 1.744982e+01 
2.526246e+01 1.735565e+01 
2.536219e+01 1.726010e+01 
2.546193e+01 1.716312e+01 
2.556166e+01 1.706468e+01 
2.566120e+01 1.696494e+01 
2.575927e+01 1.686521e+01 
2.585589e+01 1.676548e+01 
2.595109e+01 1.666574e+01 
2.604491e+01 1.656601e+01 
2.613736e+01 1.646628e+01 
2.622848e+01 1.636654e+01 
2.631828e+01 1.626681e+01 
2.640680e+01 1.616708e+01 
2.649405e+01 1.606734e+01 
2.658008e+01 1.596760e+01 
2.666497e+01 1.586782e+01 
2.674890e+01 1.576802e+01 
2.683192e+01 1.566823e+01 
2.691403e+01 1.556844e+01 
2.699524e+01 1.546865e+01 
2.707558e+01 1.536885e+01 
2.715504e+01 1.526906e+01 
2.723364e+01 1.516927e+01 
2.731138e+01 1.506948e+01 
2.738829e+01 1.496969e+01 
2.746436e+01 1.486990e+01 
2.753961e+01 1.477010e+01 
2.761406e+01 1.467029e+01 
2.768779e+01 1.457047e+01 
2.776084e+01 1.447065e+01 
2.783322e+01 1.437083e+01 
2.790492e+01 1.427101e+01 
2.797596e+01 1.417119e+01 
2.804635e+01 1.407137e+01 
2.811609e+01 1.397154e+01 
2.818518e+01 1.387172e+01 
2.825364e+01 1.377190e+01 
2.832147e+01 1.367208e+01 
2.838867e+01 1.357226e+01 
2.845520e+01 1.347248e+01 
2.852099e+01 1.337269e+01 
2.858606e+01 1.327290e+01 
2.865040e+01 1.317312e+01 
2.871403e+01 1.307333e+01 
2.877696e+01 1.297355e+01 
2.883917e+01 1.287376e+01 
2.890070e+01 1.277397e+01 
2.896153e+01 1.267419e+01 
2.902167e+01 1.257440e+01 
2.908113e+01 1.247462e+01 
2.913992e+01 1.237484e+01 
2.919803e+01 1.227505e+01 
2.925547e+01 1.217527e+01 
2.931226e+01 1.207549e+01 
2.936838e+01 1.197571e+01 
2.942385e+01 1.187593e+01 
2.947866e+01 1.177614e+01 
2.953283e+01 1.167636e+01 
2.958636e+01 1.157658e+01 
2.963925e+01 1.147680e+01 
2.969150e+01 1.137703e+01 
2.974312e+01 1.127725e+01 
2.979411e+01 1.117747e+01 
2.984447e+01 1.107769e+01 
2.989422e+01 1.097792e+01 
2.994334e+01 1.087814e+01 
2.999184e+01 1.077836e+01 
3.003973e+01 1.067859e+01 
3.008701e+01 1.057882e+01 
3.013369e+01 1.047904e+01 
3.017975e+01 1.037927e+01 
3.022521e+01 1.027950e+01 
3.027007e+01 1.017973e+01 
3.031433e+01 1.007995e+01 
3.035799e+01 9.980185e+00 
3.040106e+01 9.880415e+00 
3.044353e+01 9.780647e+00 
3.048541e+01 9.680879e+00 
3.052670e+01 9.581105e+00 
3.056745e+01 9.481290e+00 
3.060772e+01 9.381475e+00 
3.064754e+01 9.281661e+00 
3.068689e+01 9.181847e+00 
3.072578e+01 9.082033e+00 
3.076422e+01 8.982220e+00 
3.080219e+01 8.882406e+00 
3.083972e+01 8.782593e+00 
3.087679e+01 8.682780e+00 
3.091340e+01 8.582966e+00 
3.094957e+01 8.483154e+00 
3.098529e+01 8.383341e+00 
3.102056e+01 8.283528e+00 
3.105539e+01 8.183716e+00 
3.108977e+01 8.083904e+00 
3.112371e+01 7.984091e+00 
3.115721e+01 7.884279e+00 
3.119027e+01 7.784467e+00 
3.122289e+01 7.684655e+00 
3.125508e+01 7.584843e+00 
3.128683e+01 7.485031e+00 
3.131815e+01 7.385219e+00 
3.134903e+01 7.285407e+00 
3.137949e+01 7.185595e+00 
3.140952e+01 7.085783e+00 
3.143912e+01 6.985971e+00 
3.146830e+01 6.886159e+00 
3.149706e+01 6.786347e+00 
3.152539e+01 6.686535e+00 
3.155330e+01 6.586723e+00 
3.158079e+01 6.486911e+00 
3.160787e+01 6.387098e+00 
3.163452e+01 6.287286e+00 
3.166077e+01 6.187474e+00 
3.168660e+01 6.087661e+00 
3.171202e+01 5.987848e+00 
3.173702e+01 5.888036e+00 
3.176162e+01 5.788223e+00 
3.178581e+01 5.688410e+00 
3.180960e+01 5.588597e+00 
3.183298e+01 5.488783e+00 
3.185596e+01 5.388970e+00 
3.187853e+01 5.289157e+00 
3.190071e+01 5.189343e+00 
3.192248e+01 5.089529e+00 
3.194386e+01 4.989715e+00 
3.196484e+01 4.889900e+00 
3.198542e+01 4.790105e+00 
3.200557e+01 4.690324e+00 
3.202525e+01 4.590556e+00 
3.204444e+01 4.490789e+00 
3.206314e+01 4.391022e+00 
3.208135e+01 4.291254e+00 
3.209907e+01 4.191486e+00 
3.211631e+01 4.091719e+00 
3.213307e+01 3.991951e+00 
3.214934e+01 3.892182e+00 
3.216514e+01 3.792414e+00 
3.218045e+01 3.692645e+00 
3.219529e+01 3.592876e+00 
3.220965e+01 3.493107e+00 
3.222354e+01 3.393329e+00 
3.223697e+01 3.293543e+00 
3.224997e+01 3.193758e+00 
3.226253e+01 3.093973e+00 
3.227464e+01 2.994189e+00 
3.228632e+01 2.894406e+00 
3.229756e+01 2.794624e+00 
3.230835e+01 2.694842e+00 
3.231870e+01 2.595061e+00 
3.232860e+01 2.495281e+00 
3.233806e+01 2.395502e+00 
3.234707e+01 2.295724e+00 
3.235564e+01 2.195946e+00 
3.236376e+01 2.096164e+00 
3.237144e+01 1.996366e+00 
3.237871e+01 1.896543e+00 
3.238563e+01 1.796717e+00 
3.239220e+01 1.696891e+00 
3.239842e+01 1.597065e+00 
3.240429e+01 1.497240e+00 
3.240981e+01 1.397415e+00 
3.241497e+01 1.297591e+00 
3.241979e+01 1.197766e+00 
3.242425e+01 1.097942e+00 
3.242837e+01 9.981188e-01 
3.243213e+01 8.982955e-01 
3.243553e+01 7.984724e-01 
3.243858e+01 6.986496e-01 
3.244128e+01 5.988271e-01 
3.254125e+01 6.011729e-01 
3.253855e+01 7.013504e-01 
3.253548e+01 8.015276e-01 
3.253207e+01 9.017045e-01 
3.252830e+01 1.001881e+00 
3.252417e+01 1.102058e+00 
3.251969e+01 1.202234e+00 
3.251486e+01 1.302409e+00 
3.250967e+01 1.402585e+00 
3.250414e+01 1.502760e+00 
3.249825e+01 1.602935e+00 
3.249201e+01 1.703109e+00 
3.248541e+01 1.803283e+00 
3.247847e+01 1.903457e+00 
3.247117e+01 2.003634e+00 
3.246346e+01 2.103836e+00 
3.245531e+01 2.204054e+00 
3.244671e+01 2.304276e+00 
3.243765e+01 2.404498e+00 
3.242815e+01 2.504719e+00 
3.241821e+01 2.604939e+00 
3.240781e+01 2.705158e+00 
3.239698e+01 2.805376e+00 
3.238569e+01 2.905594e+00 
3.237397e+01 3.005811e+00 
3.236180e+01 3.106027e+00 
3.234919e+01 3.206242e+00 
3.233614e+01 3.306457e+00 
3.232265e+01 3.406671e+00 
3.230870e+01 3.506893e+00 
3.229427e+01 3.607124e+00 
3.227937e+01 3.707355e+00 
3.226398e+01 3.807586e+00 
3.224811e+01 3.907818e+00 
3.223177e+01 4.008049e+00 
3.221493e+01 4.108281e+00 
3.219761e+01 4.208514e+00 
3.217981e+01 4.308746e+00 
3.216151e+01 4.408978e+00 
3.214273e+01 4.509211e+00 
3.212345e+01 4.609444e+00 
3.210368e+01 4.709676e+00 
3.208345e+01 4.809895e+00 
3.206278e+01 4.910100e+00 
3.204172e+01 5.010285e+00 
3.202026e+01 5.110471e+00 
3.199841e+01 5.210657e+00 
3.197615e+01 5.310843e+00 
3.195349e+01 5.411030e+00 
3.193043e+01 5.511217e+00 
3.190696e+01 5.611403e+00 
3.188309e+01 5.711590e+00 
3.185881e+01 5.811777e+00 
3.183412e+01 5.911964e+00 
3.180902e+01 6.012152e+00 
3.178350e+01 6.112339e+00 
3.175758e+01 6.212526e+00 
3.173124e+01 6.312714e+00 
3.170448e+01 6.412902e+00 
3.167730e+01 6.513089e+00 
3.164971e+01 6.613277e+00 
3.162169e+01 6.713465e+00 
3.159326e+01 6.813653e+00 
3.156439e+01 6.913841e+00 
3.153511e+01 7.014029e+00 
3.150539e+01 7.114217e+00 
3.147525e+01 7.214405e+00 
3.144468e+01 7.314593e+00 
3.141368e+01 7.414781e+00 
3.138224e+01 7.514969e+00 
3.135037e+01 7.615157e+00 
3.131806e+01 7.715345e+00 
3.128532e+01 7.815533e+00 
3.125213e+01 7.915721e+00 
3.121851e+01 8.015909e+00 
3.118444e+01 8.116096e+00 
3.114993e+01 8.216284e+00 
3.111498e+01 8.316472e+00 
3.107957e+01 8.416659e+00 
3.104372e+01 8.516846e+00 
3.100742e+01 8.617034e+00 
3.097067e+01 8.717220e+00 
3.093346e+01 8.817407e+00 
3.089580e+01 8.917594e+00 
3.085768e+01 9.017780e+00 
3.081910e+01 9.117967e+00 
3.078007e+01 9.218153e+00 
3.074057e+01 9.318339e+00 
3.070061e+01 9.418525e+00 
3.066018e+01 9.518710e+00 
3.061929e+01 9.618895e+00 
3.057781e+01 9.719121e+00 
3.053573e+01 9.819353e+00 
3.049307e+01 9.919585e+00 
3.044980e+01 1.001982e+01 
3.040594e+01 1.012005e+01 
3.036148e+01 1.022027e+01 
3.031642e+01 1.032050e+01 
3.027075e+01 1.042073e+01 
3.022448e+01 1.052096e+01 
3.017759e+01 1.062118e+01 
3.013010e+01 1.072141e+01 
3.008200e+01 1.082164e+01 
3.003327e+01 1.092186e+01 
2.998393e+01 1.102208e+01 
2.993397e+01 1.112231e+01 
2.988338e+01 1.122253e+01 
2.983217e+01 1.132275e+01 
2.978032e+01 1.142297e+01 
2.972784e+01 1.152320e+01 
2.967472e+01 1.162342e+01 
2.962095e+01 1.172364e+01 
2.956655e+01 1.182386e+01 
2.951149e+01 1.192407e+01 
2.945578e+01 1.202429e+01 
2.939942e+01 1.212451e+01 
2.934239e+01 1.222473e+01 
2.928469e+01 1.232495e+01 
2.922633e+01 1.242516e+01 
2.916729e+01 1.252538e+01 
2.910758e+01 1.262560e+01 
2.904717e+01 1.272581e+01 
2.898608e+01 1.282603e+01 
2.892430e+01 1.292624e+01 
2.886181e+01 1.302645e+01 
2.879862e+01 1.312667e+01 
2.873472e+01 1.322688e+01 
2.867010e+01 1.332710e+01 
2.860476e+01 1.342731e+01 
2.853869e+01 1.352752e+01 
2.847187e+01 1.362774e+01 
2.840442e+01 1.372792e+01 
2.833635e+01 1.382810e+01 
2.826765e+01 1.392828e+01 
2.819831e+01 1.402846e+01 
2.812833e+01 1.412863e+01 
2.805769e+01 1.422881e+01 
2.798639e+01 1.432899e+01 
2.791444e+01 1.442917e+01 
2.784180e+01 1.452935e+01 
2.776849e+01 1.462953e+01 
2.769450e+01 1.472971e+01 
2.761977e+01 1.482990e+01 
2.754420e+01 1.493010e+01 
2.746782e+01 1.503031e+01 
2.739059e+01 1.513052e+01 
2.731252e+01 1.523073e+01 
2.723360e+01 1.533094e+01 
2.715381e+01 1.543115e+01 
2.707314e+01 1.553135e+01 
2.699159e+01 1.563156e+01 
2.690914e+01 1.573177e+01 
2.682578e+01 1.583198e+01 
2.674150e+01 1.593218e+01 
2.665625e+01 1.603240e+01 
2.656977e+01 1.613266e+01 
2.648206e+01 1.623292e+01 
2.639307e+01 1.633319e+01 
2.630279e+01 1.643346e+01 
2.621119e+01 1.653372e+01 
2.611825e+01 1.663399e+01 
2.602393e+01 1.673426e+01 
2.592823e+01 1.683452e+01 
2.583109e+01 1.693479e+01 
2.573251e+01 1.703506e+01 
2.563244e+01 1.713532e+01 
2.553217e+01 1.723429e+01 
2.543191e+01 1.733179e+01 
2.533164e+01 1.742786e+01 
2.523138e+01 1.752253e+01 
2.513111e+01 1.761583e+01 
2.503085e+01 1.770779e+01 
2.493058e+01 1.779844e+01 
2.483032e+01 1.788781e+01 
2.473006e+01 1.797593e+01 
2.462979e+01 1.806281e+01 
2.452953e+01 1.814849e+01 
2.442927e+01 1.823298e+01 
2.432901e+01 1.831632e+01 
2.422875e+01 1.839851e+01 
2.412849e+01 1.847959e+01 
2.402823e+01 1.855958e+01 
2.392797e+01 1.863848e+01 
2.382772e+01 1.871633e+01 
2.372746e+01 1.879314e+01 
2.362720e+01 1.886893e+01 
2.352695e+01 1.894371e+01 
2.342669e+01 1.901751e+01 
2.332644e+01 1.909033e+01 
2.322618e+01 1.916220e+01 
2.312593e+01 1.923313e+01 
2.302568e+01 1.930313e+01 
2.292542e+01 1.937222e+01 
2.282517e+01 1.944042e+01 
2.272492e+01 1.950772e+01 
2.262467e+01 1.957416e+01 
2.252442e+01 1.963974e+01 
2.242417e+01 1.970447e+01 
2.232393e+01 1.976837e+01 
2.222368e+01 1.983145e+01 
2.212343e+01 1.989371e+01 
2.202319e+01 1.995518e+01 
2.192294e+01 2.001586e+01 
2.182270e+01 2.007575e+01 
2.172245e+01 2.013488e+01 
2.162221e+01 2.019326e+01 
2.152197e+01 2.025088e+01 
2.142173e+01 2.030776e+01 
2.132149e+01 2.036392e+01 
2.122125e+01 2.041936e+01 
2.112101e+01 2.047408e+01 
2.102075e+01 2.052804e+01 
2.092049e+01 2.058125e+01 
2.082023e+01 2.063372e+01 
2.071998e+01 2.068544e+01 
2.061972e+01 2.073645e+01 
2.051947e+01 2.078673e+01 
2.041921e+01 2.083630e+01 
2.031896e+01 2.088517e+01 
2.021871e+01 2.093334e+01 
2.011845e+01 2.098082e+01 
2.001820e+01 2.102762e+01 
1.991795e+01 2.107375e+01 
1.981770e+01 2.111921e+01 
1.971739e+01 2.116388e+01 
1.961705e+01 2.120766e+01 
1.951670e+01 2.125054e+01 
1.941635e+01 2.129253e+01 
1.931600e+01 2.133363e+01 
1.921565e+01 2.137385e+01 
1.911531e+01 2.141320e+01 
1.901496e+01 2.145170e+01 
1.891462e+01 2.148936e+01 
1.881427e+01 2.152617e+01 
1.871393e+01 2.156216e+01 
1.861359e+01 2.159733e+01 
1.851325e+01 2.163169e+01 
1.841291e+01 2.166525e+01 
1.831257e+01 2.169801e+01 
1.821223e+01 2.172999e+01 
1.811190e+01 2.176119e+01 
1.801156e+01 2.179163e+01 
1.791123e+01 2.182130e+01 
1.781090e+01 2.185022e+01 
1.771057e+01 2.187839e+01 
1.761024e+01 2.190583e+01 
1.750991e+01 2.193254e+01 
1.740959e+01 2.195852e+01 
1.730926e+01 2.198379e+01 
1.720894e+01 2.200834e+01 
1.710862e+01 2.203220e+01 
1.700830e+01 2.205536e+01 
1.690798e+01 2.207783e+01 
1.680766e+01 2.209962e+01 
1.670735e+01 2.212073e+01 
1.660703e+01 2.214118e+01 
1.650672e+01 2.216096e+01 
1.640641e+01 2.218008e+01 
1.630611e+01 2.219855e+01 
1.620580e+01 2.221638e+01 
1.610550e+01 2.223357e+01 
1.600519e+01 2.225012e+01 
1.590489e+01 2.226604e+01 
1.580456e+01 2.228129e+01 
1.570424e+01 2.229588e+01 
1.560392e+01 2.230980e+01 
1.550360e+01 2.232306e+01 
1.540328e+01 2.233566e+01 
1.530296e+01 2.234761e+01 
1.520265e+01 2.235891e+01 
1.510233e+01 2.236956e+01 
1.500201e+01 2.237956e+01 
1.490170e+01 2.238893e+01 
1.480139e+01 2.239766e+01 
1.470107e+01 2.240576e+01 
1.460073e+01 2.241318e+01 
1.450037e+01 2.241986e+01 
1.440001e+01 2.242581e+01 
1.429965e+01 2.243103e+01 
1.419929e+01 2.243554e+01 
1.409894e+01 2.243934e+01 
1.399859e+01 2.244243e+01 
1.389824e+01 2.244482e+01 
1.379789e+01 2.244651e+01 
1.369755e+01 2.244752e+01 
1.359721e+01 2.244784e+01 
1.349687e+01 2.244748e+01 
1.339654e+01 2.244646e+01 
1.329621e+01 2.244477e+01 
1.319588e+01 2.244242e+01 
1.309556e+01 2.243942e+01 
1.299524e+01 2.243578e+01 
1.289492e+01 2.243150e+01 
1.279461e+01 2.242658e+01 
1.269429e+01 2.242105e+01 
1.259395e+01 2.241481e+01 
1.249355e+01 2.240777e+01 
1.239316e+01 2.239994e+01 
1.229277e+01 2.239131e+01 
1.219238e+01 2.238191e+01 
1.209200e+01 2.237171e+01 
1.199162e+01 2.236074e+01 
1.189124e+01 2.234899e+01 
1.179086e+01 2.233646e+01 
1.169048e+01 2.232317e+01 
1.159011e+01 2.230910e+01 
1.148974e+01 2.229427e+01 
1.138938e+01 2.227868e+01 
1.128901e+01 2.226234e+01 
1.118865e+01 2.224524e+01 
1.108829e+01 2.222739e+01 
1.098794e+01 2.220879e+01 
1.088759e+01 2.218945e+01 
1.078724e+01 2.216937e+01 
1.068689e+01 2.214856e+01 
1.058655e+01 2.212701e+01 
1.048621e+01 2.210474e+01 
1.038588e+01 2.208174e+01 
1.028554e+01 2.205801e+01 
1.018511e+01 2.203330e+01 
1.008466e+01 2.200761e+01 
9.984220e+00 2.198094e+01 
9.883794e+00 2.195333e+01 
9.783379e+00 2.192479e+01 
9.682978e+00 2.189534e+01 
9.582587e+00 2.186500e+01 
9.482208e+00 2.183380e+01 
9.381840e+00 2.180175e+01 
9.281483e+00 2.176887e+01 
9.181136e+00 2.173518e+01 
9.080801e+00 2.170070e+01 
8.980475e+00 2.166545e+01 
8.880149e+00 2.162941e+01 
8.779682e+00 2.159220e+01 
8.679187e+00 2.155376e+01 
8.578695e+00 2.151410e+01 
8.478208e+00 2.147322e+01 
8.377726e+00 2.143112e+01 
8.277249e+00 2.138778e+01 
8.176778e+00 2.134322e+01 
8.076312e+00 2.129743e+01 
7.975853e+00 2.125041e+01 
7.875399e+00 2.120215e+01 
7.774953e+00 2.115267e+01 
7.674513e+00 2.110195e+01 
7.574081e+00 2.105001e+01 
7.473656e+00 2.099685e+01 
7.373239e+00 2.094247e+01 
7.272829e+00 2.088687e+01 
7.172427e+00 2.083006e+01 
7.072033e+00 2.077204e+01 
6.971647e+00 2.071283e+01 
6.871270e+00 2.065243e+01 
6.770900e+00 2.059084e+01 
6.670539e+00 2.052808e+01 
6.570186e+00 2.046415e+01 
6.469842e+00 2.039906e+01 
6.369506e+00 2.033283e+01 
6.269178e+00 2.026547e+01 
6.168858e+00 2.019698e+01 
6.068524e+00 2.012728e+01 
5.968184e+00 2.005633e+01 
5.867858e+00 1.998418e+01 
5.767541e+00 1.991085e+01 
5.667201e+00 1.983618e+01 
5.566668e+00 1.975927e+01 
5.466127e+00 1.968014e+01 
5.365600e+00 1.959881e+01 
5.265087e+00 1.951526e+01 
5.164590e+00 1.942948e+01 
5.064108e+00 1.934149e+01 
4.963642e+00 1.925127e+01 
4.863191e+00 1.915882e+01 
4.762755e+00 1.906415e+01 
4.662333e+00 1.896727e+01 
4.561927e+00 1.886817e+01 
4.462439e+00 1.876778e+01 
4.365063e+00 1.866740e+01 
4.269665e+00 1.856703e+01 
4.176118e+00 1.846668e+01 
4.084306e+00 1.836634e+01 
3.994123e+00 1.826601e+01 
3.905472e+00 1.816569e+01 
3.818263e+00 1.806539e+01 
3.732415e+00 1.796510e+01 
3.647851e+00 1.786482e+01 
3.564500e+00 1.776455e+01 
3.482397e+00 1.766426e+01 
3.401943e+00 1.756385e+01 
3.323273e+00 1.746341e+01 
3.246332e+00 1.736299e+01 
3.171162e+00 1.726254e+01 
3.098083e+00 1.716197e+01 
3.027146e+00 1.706140e+01 
2.958227e+00 1.696085e+01 
2.891187e+00 1.686032e+01 
2.825897e+00 1.675982e+01 
2.762241e+00 1.665934e+01 
2.700120e+00 1.655888e+01 
2.639437e+00 1.645844e+01 
2.580110e+00 1.635801e+01 
2.522062e+00 1.625761e+01 
2.465223e+00 1.615722e+01 
2.409617e+00 1.605681e+01 
2.355518e+00 1.595628e+01 
2.303017e+00 1.585572e+01 
2.252028e+00 1.575520e+01 
2.202449e+00 1.565470e+01 
2.154190e+00 1.555423e+01 
2.107173e+00 1.545378e+01 
2.061263e+00 1.535337e+01 
2.016331e+00 1.525301e+01 
1.972289e+00 1.515268e+01 
1.929098e+00 1.505235e+01 
1.886669e+00 1.495206e+01 
1.844984e+00 1.485177e+01 
1.804054e+00 1.475147e+01 
1.763872e+00 1.465118e+01 
1.724430e+00 1.455088e+01 
1.685721e+00 1.445059e+01 
1.647740e+00 1.435029e+01 
1.610484e+00 1.424999e+01 
1.573953e+00 1.414969e+01 
1.538146e+00 1.404939e+01 
1.503062e+00 1.394909e+01 
1.468607e+00 1.384883e+01 
1.434352e+00 1.374878e+01 
1.400288e+00 1.364869e+01 
1.366657e+00 1.354849e+01 
1.333537e+00 1.344827e+01 
1.301141e+00 1.334795e+01 
1.269572e+00 1.324759e+01 
1.238876e+00 1.314720e+01 
1.209116e+00 1.304679e+01 
1.180332e+00 1.294636e+01 
1.152544e+00 1.284591e+01 
1.125771e+00 1.274546e+01 
1.100039e+00 1.264499e+01 
1.075360e+00 1.254451e+01 
1.051744e+00 1.244402e+01 
1.028992e+00 1.234363e+01 
1.006924e+00 1.224333e+01 
9.854936e-01 1.214303e+01 
9.646973e-01 1.204273e+01 
9.445362e-01 1.194244e+01 
9.250058e-01 1.184214e+01 
9.061044e-01 1.174184e+01 
8.878669e-01 1.164153e+01 
8.703683e-01 1.154117e+01 
8.536794e-01 1.144078e+01 
8.377733e-01 1.134041e+01 
8.226057e-01 1.124006e+01 
8.081365e-01 1.113972e+01 
7.943237e-01 1.103940e+01 
7.810449e-01 1.093915e+01 
7.682025e-01 1.083894e+01 
7.557551e-01 1.073875e+01 
7.436816e-01 1.063857e+01 
7.319638e-01 1.053839e+01 
7.205852e-01 1.043823e+01 
7.095305e-01 1.033807e+01 
6.987820e-01 1.023792e+01 
6.882413e-01 1.013782e+01 
7.876915e-01 1.012735e+01 
