1.993759e+00 5.090773e+00 
2.000576e+00 5.190710e+00 
2.007523e+00 5.290670e+00 
2.014550e+00 5.390630e+00 
2.021657e+00 5.490591e+00 
2.028844e+00 5.590551e+00 
2.036111e+00 5.690510e+00 
2.043460e+00 5.790470e+00 
2.050890e+00 5.890429e+00 
2.058402e+00 5.990387e+00 
2.066000e+00 6.090338e+00 
2.073694e+00 6.190285e+00 
2.081495e+00 6.290211e+00 
2.089442e+00 6.390105e+00 
2.097599e+00 6.489953e+00 
2.106068e+00 6.589867e+00 
2.114710e+00 6.689762e+00 
2.123564e+00 6.789653e+00 
2.132638e+00 6.889543e+00 
2.141935e+00 6.989438e+00 
2.151445e+00 7.089351e+00 
2.161131e+00 7.189259e+00 
2.171004e+00 7.289161e+00 
2.181074e+00 7.389059e+00 
2.191351e+00 7.488952e+00 
2.201845e+00 7.588842e+00 
2.212562e+00 7.688729e+00 
2.223513e+00 7.788644e+00 
2.234635e+00 7.888539e+00 
2.245966e+00 7.988394e+00 
2.257599e+00 8.088309e+00 
2.269406e+00 8.188242e+00 
2.281348e+00 8.288153e+00 
2.293469e+00 8.388038e+00 
2.305822e+00 8.487897e+00 
2.318459e+00 8.587731e+00 
2.331432e+00 8.687540e+00 
2.344796e+00 8.787339e+00 
2.358580e+00 8.887195e+00 
2.372660e+00 8.987047e+00 
2.387042e+00 9.086893e+00 
2.401741e+00 9.186723e+00 
2.416789e+00 9.286553e+00 
2.432189e+00 9.386380e+00 
2.447938e+00 9.486152e+00 
2.464148e+00 9.585860e+00 
2.480989e+00 9.685707e+00 
2.498111e+00 9.785330e+00 
2.516009e+00 9.884912e+00 
2.534811e+00 9.984637e+00 
2.554198e+00 1.008439e+01 
2.574115e+00 1.018417e+01 
2.594505e+00 1.028398e+01 
2.615307e+00 1.038382e+01 
2.636451e+00 1.048367e+01 
2.657904e+00 1.058347e+01 
2.679765e+00 1.068323e+01 
2.702135e+00 1.078294e+01 
2.725117e+00 1.088261e+01 
2.748808e+00 1.098222e+01 
2.773344e+00 1.108182e+01 
2.798761e+00 1.118148e+01 
2.824896e+00 1.128108e+01 
2.851879e+00 1.138048e+01 
2.880250e+00 1.148009e+01 
2.909483e+00 1.157964e+01 
2.939692e+00 1.167906e+01 
2.971197e+00 1.177837e+01 
3.004243e+00 1.187760e+01 
3.039049e+00 1.197671e+01 
3.075960e+00 1.207574e+01 
3.115215e+00 1.217474e+01 
3.156958e+00 1.227371e+01 
3.201360e+00 1.237273e+01 
3.248360e+00 1.247174e+01 
3.298074e+00 1.257078e+01 
3.350387e+00 1.266961e+01 
3.405869e+00 1.276805e+01 
3.466258e+00 1.286667e+01 
3.531099e+00 1.296515e+01 
3.601184e+00 1.306350e+01 
3.677422e+00 1.316172e+01 
3.761027e+00 1.325978e+01 
3.853894e+00 1.335786e+01 
3.951832e+00 1.345065e+01 
4.050122e+00 1.353393e+01 
4.148842e+00 1.361034e+01 
4.247506e+00 1.368178e+01 
4.346113e+00 1.374839e+01 
4.444656e+00 1.381030e+01 
4.543134e+00 1.386759e+01 
4.641576e+00 1.392035e+01 
4.739940e+00 1.396872e+01 
4.838262e+00 1.401273e+01 
4.936531e+00 1.405249e+01 
5.034790e+00 1.408806e+01 
5.133381e+00 1.411969e+01 
5.232628e+00 1.414832e+01 
5.331834e+00 1.417526e+01 
5.430985e+00 1.420045e+01 
5.530085e+00 1.422379e+01 
5.629123e+00 1.424520e+01 
5.728123e+00 1.426457e+01 
5.827095e+00 1.428186e+01 
5.926037e+00 1.429702e+01 
6.024950e+00 1.431003e+01 
6.123835e+00 1.432083e+01 
6.222691e+00 1.432939e+01 
6.321521e+00 1.433568e+01 
6.420324e+00 1.433964e+01 
6.519103e+00 1.434123e+01 
6.617935e+00 1.434041e+01 
6.717067e+00 1.433726e+01 
6.816269e+00 1.433238e+01 
6.915493e+00 1.432591e+01 
7.014831e+00 1.431788e+01 
7.114201e+00 1.430851e+01 
7.213593e+00 1.429787e+01 
7.312978e+00 1.428599e+01 
7.412357e+00 1.427287e+01 
7.511730e+00 1.425848e+01 
7.611095e+00 1.424280e+01 
7.710455e+00 1.422581e+01 
7.809810e+00 1.420748e+01 
7.909158e+00 1.418781e+01 
8.008502e+00 1.416676e+01 
8.107839e+00 1.414430e+01 
8.207172e+00 1.412043e+01 
8.306500e+00 1.409511e+01 
8.405824e+00 1.406831e+01 
8.505142e+00 1.404002e+01 
8.604458e+00 1.401019e+01 
8.703770e+00 1.397881e+01 
8.803077e+00 1.394584e+01 
8.902382e+00 1.391125e+01 
9.001685e+00 1.387501e+01 
9.100985e+00 1.383709e+01 
9.200296e+00 1.379744e+01 
9.299648e+00 1.375605e+01 
9.399028e+00 1.371300e+01 
9.498401e+00 1.366834e+01 
9.597766e+00 1.362203e+01 
9.697132e+00 1.357401e+01 
9.796545e+00 1.352421e+01 
9.896007e+00 1.347274e+01 
9.995548e+00 1.341969e+01 
1.009511e+01 1.336528e+01 
1.019468e+01 1.330958e+01 
1.029423e+01 1.325256e+01 
1.039378e+01 1.319418e+01 
1.049333e+01 1.313440e+01 
1.059288e+01 1.307319e+01 
1.069242e+01 1.301049e+01 
1.079195e+01 1.294628e+01 
1.089147e+01 1.288046e+01 
1.099099e+01 1.281301e+01 
1.109051e+01 1.274386e+01 
1.119003e+01 1.267297e+01 
1.128955e+01 1.260028e+01 
1.138906e+01 1.252573e+01 
1.148858e+01 1.244929e+01 
1.158809e+01 1.237087e+01 
1.168760e+01 1.229043e+01 
1.178712e+01 1.220789e+01 
1.188663e+01 1.212319e+01 
1.198614e+01 1.203625e+01 
1.208565e+01 1.194699e+01 
1.218516e+01 1.185533e+01 
1.228467e+01 1.176118e+01 
1.238420e+01 1.166444e+01 
1.248380e+01 1.156502e+01 
1.258133e+01 1.146541e+01 
1.267676e+01 1.136580e+01 
1.277014e+01 1.126620e+01 
1.286150e+01 1.116661e+01 
1.295088e+01 1.106701e+01 
1.303832e+01 1.096742e+01 
1.312384e+01 1.086784e+01 
1.320749e+01 1.076826e+01 
1.328930e+01 1.066868e+01 
1.336930e+01 1.056911e+01 
1.344756e+01 1.046952e+01 
1.352419e+01 1.036989e+01 
1.359936e+01 1.027024e+01 
1.367318e+01 1.017059e+01 
1.374565e+01 1.007094e+01 
1.381681e+01 9.971299e+00 
1.388666e+01 9.871655e+00 
1.395523e+01 9.772011e+00 
1.402255e+01 9.672369e+00 
1.408862e+01 9.572727e+00 
1.415347e+01 9.473085e+00 
1.421712e+01 9.373445e+00 
1.427957e+01 9.273804e+00 
1.434086e+01 9.174165e+00 
1.440100e+01 9.074525e+00 
1.446000e+01 8.974886e+00 
1.451788e+01 8.875247e+00 
1.457466e+01 8.775590e+00 
1.463044e+01 8.675884e+00 
1.468534e+01 8.576173e+00 
1.473939e+01 8.476463e+00 
1.479259e+01 8.376755e+00 
1.484495e+01 8.277047e+00 
1.489647e+01 8.177341e+00 
1.494716e+01 8.077637e+00 
1.499702e+01 7.977933e+00 
1.504605e+01 7.878230e+00 
1.509428e+01 7.778528e+00 
1.514169e+01 7.678828e+00 
1.518829e+01 7.579128e+00 
1.523409e+01 7.479428e+00 
1.527910e+01 7.379730e+00 
1.532331e+01 7.280032e+00 
1.536674e+01 7.180334e+00 
1.540939e+01 7.080637e+00 
1.545127e+01 6.980941e+00 
1.549238e+01 6.881244e+00 
1.553272e+01 6.781548e+00 
1.557231e+01 6.681852e+00 
1.561114e+01 6.582157e+00 
1.564923e+01 6.482461e+00 
1.568657e+01 6.382765e+00 
1.572318e+01 6.283069e+00 
1.575906e+01 6.183373e+00 
1.579422e+01 6.083677e+00 
1.582865e+01 5.983981e+00 
1.586237e+01 5.884284e+00 
1.589538e+01 5.784591e+00 
1.592767e+01 5.684907e+00 
1.595923e+01 5.585242e+00 
1.599002e+01 5.485593e+00 
1.602000e+01 5.385954e+00 
1.604916e+01 5.286320e+00 
1.607751e+01 5.186684e+00 
1.610505e+01 5.087020e+00 
1.613184e+01 4.987355e+00 
1.615790e+01 4.887667e+00 
1.618328e+01 4.787959e+00 
1.620802e+01 4.688229e+00 
1.623218e+01 4.588496e+00 
1.625576e+01 4.488763e+00 
1.627876e+01 4.389030e+00 
1.630119e+01 4.289296e+00 
1.632305e+01 4.189563e+00 
1.634434e+01 4.089830e+00 
1.636506e+01 3.990097e+00 
1.638521e+01 3.890363e+00 
1.640480e+01 3.790630e+00 
1.642383e+01 3.690897e+00 
1.644229e+01 3.591163e+00 
1.646020e+01 3.491430e+00 
1.647756e+01 3.391696e+00 
1.649435e+01 3.291962e+00 
1.651060e+01 3.192227e+00 
1.652630e+01 3.092493e+00 
1.654144e+01 2.992758e+00 
1.655604e+01 2.893023e+00 
1.657010e+01 2.793288e+00 
1.658361e+01 2.693553e+00 
1.659658e+01 2.593817e+00 
1.660901e+01 2.494080e+00 
1.662090e+01 2.394344e+00 
1.663226e+01 2.294607e+00 
1.664308e+01 2.194869e+00 
1.665337e+01 2.095131e+00 
1.666313e+01 1.995393e+00 
1.667236e+01 1.895654e+00 
1.668106e+01 1.795914e+00 
1.668924e+01 1.696174e+00 
1.669690e+01 1.596434e+00 
1.670403e+01 1.496693e+00 
1.671064e+01 1.396951e+00 
1.671673e+01 1.297209e+00 
1.672231e+01 1.197466e+00 
1.672737e+01 1.097723e+00 
1.673192e+01 9.979789e-01 
1.673596e+01 8.982304e-01 
1.673949e+01 7.984772e-01 
1.674253e+01 6.987242e-01 
1.684250e+01 7.012758e-01 
1.683944e+01 8.015228e-01 
1.683589e+01 9.017696e-01 
1.683184e+01 1.002021e+00 
1.682727e+01 1.102277e+00 
1.682218e+01 1.202534e+00 
1.681658e+01 1.302791e+00 
1.681045e+01 1.403049e+00 
1.680381e+01 1.503307e+00 
1.679664e+01 1.603566e+00 
1.678895e+01 1.703826e+00 
1.678073e+01 1.804086e+00 
1.677198e+01 1.904346e+00 
1.676270e+01 2.004607e+00 
1.675289e+01 2.104869e+00 
1.674255e+01 2.205131e+00 
1.673167e+01 2.305393e+00 
1.672026e+01 2.405656e+00 
1.670830e+01 2.505920e+00 
1.669581e+01 2.606183e+00 
1.668277e+01 2.706447e+00 
1.666919e+01 2.806712e+00 
1.665506e+01 2.906977e+00 
1.664039e+01 3.007242e+00 
1.662516e+01 3.107507e+00 
1.660938e+01 3.207773e+00 
1.659305e+01 3.308038e+00 
1.657617e+01 3.408304e+00 
1.655872e+01 3.508570e+00 
1.654072e+01 3.608837e+00 
1.652216e+01 3.709103e+00 
1.650303e+01 3.809370e+00 
1.648333e+01 3.909637e+00 
1.646307e+01 4.009903e+00 
1.644225e+01 4.110170e+00 
1.642084e+01 4.210437e+00 
1.639887e+01 4.310704e+00 
1.637632e+01 4.410970e+00 
1.635320e+01 4.511237e+00 
1.632950e+01 4.611504e+00 
1.630521e+01 4.711771e+00 
1.628033e+01 4.812041e+00 
1.625481e+01 4.912333e+00 
1.622859e+01 5.012645e+00 
1.620162e+01 5.112980e+00 
1.617390e+01 5.213316e+00 
1.614535e+01 5.313680e+00 
1.611597e+01 5.414046e+00 
1.608577e+01 5.514407e+00 
1.605477e+01 5.614758e+00 
1.602301e+01 5.715093e+00 
1.599051e+01 5.815409e+00 
1.595730e+01 5.915716e+00 
1.592338e+01 6.016019e+00 
1.588874e+01 6.116323e+00 
1.585337e+01 6.216627e+00 
1.581728e+01 6.316931e+00 
1.578045e+01 6.417235e+00 
1.574287e+01 6.517539e+00 
1.570456e+01 6.617843e+00 
1.566549e+01 6.718148e+00 
1.562566e+01 6.818452e+00 
1.558507e+01 6.918756e+00 
1.554372e+01 7.019059e+00 
1.550159e+01 7.119363e+00 
1.545868e+01 7.219666e+00 
1.541499e+01 7.319968e+00 
1.537051e+01 7.420270e+00 
1.532523e+01 7.520572e+00 
1.527916e+01 7.620872e+00 
1.523228e+01 7.721172e+00 
1.518459e+01 7.821472e+00 
1.513608e+01 7.921770e+00 
1.508675e+01 8.022067e+00 
1.503660e+01 8.122363e+00 
1.498561e+01 8.222659e+00 
1.493379e+01 8.322953e+00 
1.488112e+01 8.423245e+00 
1.482761e+01 8.523537e+00 
1.477325e+01 8.623827e+00 
1.471804e+01 8.724116e+00 
1.466194e+01 8.824410e+00 
1.460476e+01 8.924753e+00 
1.454647e+01 9.025114e+00 
1.448705e+01 9.125475e+00 
1.442648e+01 9.225835e+00 
1.436475e+01 9.326196e+00 
1.430185e+01 9.426555e+00 
1.423775e+01 9.526915e+00 
1.417243e+01 9.627273e+00 
1.410589e+01 9.727631e+00 
1.403810e+01 9.827989e+00 
1.396904e+01 9.928345e+00 
1.389869e+01 1.002870e+01 
1.382704e+01 1.012906e+01 
1.375405e+01 1.022941e+01 
1.367972e+01 1.032976e+01 
1.360402e+01 1.043011e+01 
1.352682e+01 1.053048e+01 
1.344794e+01 1.063089e+01 
1.336725e+01 1.073132e+01 
1.328476e+01 1.083174e+01 
1.320041e+01 1.093216e+01 
1.311418e+01 1.103258e+01 
1.302603e+01 1.113299e+01 
1.293593e+01 1.123339e+01 
1.284384e+01 1.133380e+01 
1.274972e+01 1.143420e+01 
1.265353e+01 1.153459e+01 
1.255525e+01 1.163498e+01 
1.245485e+01 1.173521e+01 
1.235438e+01 1.183289e+01 
1.225389e+01 1.192797e+01 
1.215340e+01 1.202054e+01 
1.205291e+01 1.211069e+01 
1.195242e+01 1.219850e+01 
1.185194e+01 1.228404e+01 
1.175145e+01 1.236740e+01 
1.165096e+01 1.244864e+01 
1.155047e+01 1.252783e+01 
1.144999e+01 1.260503e+01 
1.134950e+01 1.268031e+01 
1.124902e+01 1.275372e+01 
1.114854e+01 1.282531e+01 
1.104806e+01 1.289513e+01 
1.094758e+01 1.296324e+01 
1.084711e+01 1.302969e+01 
1.074664e+01 1.309452e+01 
1.064617e+01 1.315780e+01 
1.054572e+01 1.321958e+01 
1.044527e+01 1.327991e+01 
1.034482e+01 1.333882e+01 
1.024438e+01 1.339635e+01 
1.014394e+01 1.345255e+01 
1.004350e+01 1.350744e+01 
9.943044e+00 1.356099e+01 
9.842507e+00 1.361302e+01 
9.741920e+00 1.366341e+01 
9.641285e+00 1.371206e+01 
9.540651e+00 1.375898e+01 
9.440023e+00 1.380421e+01 
9.339403e+00 1.384781e+01 
9.238755e+00 1.388975e+01 
9.138067e+00 1.392996e+01 
9.037367e+00 1.396843e+01 
8.936669e+00 1.400519e+01 
8.835974e+00 1.404027e+01 
8.735282e+00 1.407371e+01 
8.634594e+00 1.410554e+01 
8.533909e+00 1.413579e+01 
8.433228e+00 1.416448e+01 
8.332552e+00 1.419166e+01 
8.231880e+00 1.421733e+01 
8.131213e+00 1.424153e+01 
8.030550e+00 1.426429e+01 
7.929893e+00 1.428563e+01 
7.829242e+00 1.430558e+01 
7.728596e+00 1.432415e+01 
7.627956e+00 1.434137e+01 
7.527322e+00 1.435726e+01 
7.426695e+00 1.437184e+01 
7.326073e+00 1.438513e+01 
7.225459e+00 1.439716e+01 
7.124851e+00 1.440794e+01 
7.024221e+00 1.441744e+01 
6.923558e+00 1.442558e+01 
6.822783e+00 1.443217e+01 
6.721985e+00 1.443714e+01 
6.621117e+00 1.444036e+01 
6.519948e+00 1.444123e+01 
6.418727e+00 1.443962e+01 
6.317531e+00 1.443560e+01 
6.216360e+00 1.442919e+01 
6.115217e+00 1.442046e+01 
6.014102e+00 1.440944e+01 
5.913015e+00 1.439617e+01 
5.811957e+00 1.438071e+01 
5.710928e+00 1.436308e+01 
5.609929e+00 1.434334e+01 
5.508967e+00 1.432154e+01 
5.408066e+00 1.429779e+01 
5.307218e+00 1.427218e+01 
5.206424e+00 1.424482e+01 
5.105671e+00 1.421577e+01 
5.004262e+00 1.418328e+01 
4.902521e+00 1.414652e+01 
4.800789e+00 1.410544e+01 
4.699112e+00 1.406000e+01 
4.597476e+00 1.401010e+01 
4.495918e+00 1.395574e+01 
4.394396e+00 1.389675e+01 
4.292938e+00 1.383308e+01 
4.191546e+00 1.376465e+01 
4.090210e+00 1.369134e+01 
3.988930e+00 1.361302e+01 
3.887220e+00 1.352698e+01 
3.785157e+00 1.343049e+01 
3.688450e+00 1.332857e+01 
3.601359e+00 1.322664e+01 
3.522215e+00 1.312485e+01 
3.449680e+00 1.302321e+01 
3.382752e+00 1.292168e+01 
3.320601e+00 1.282030e+01 
3.263285e+00 1.271874e+01 
3.209698e+00 1.261757e+01 
3.158992e+00 1.251661e+01 
3.111026e+00 1.241562e+01 
3.065717e+00 1.231464e+01 
3.023080e+00 1.221361e+01 
2.983006e+00 1.211261e+01 
2.945349e+00 1.201164e+01 
2.909896e+00 1.191075e+01 
2.876322e+00 1.180998e+01 
2.844374e+00 1.170930e+01 
2.813804e+00 1.160871e+01 
2.784302e+00 1.150826e+01 
2.755704e+00 1.140787e+01 
2.728390e+00 1.130728e+01 
2.702037e+00 1.120687e+01 
2.676446e+00 1.110653e+01 
2.651711e+00 1.100614e+01 
2.627831e+00 1.090575e+01 
2.604693e+00 1.080541e+01 
2.582191e+00 1.070512e+01 
2.560222e+00 1.060488e+01 
2.538684e+00 1.050468e+01 
2.517476e+00 1.040453e+01 
2.496607e+00 1.030437e+01 
2.476139e+00 1.020418e+01 
2.456132e+00 1.010396e+01 
2.436647e+00 1.000372e+01 
2.417741e+00 9.903440e+00 
2.399689e+00 9.803022e+00 
2.382435e+00 9.702646e+00 
2.365541e+00 9.602492e+00 
2.349234e+00 9.502200e+00 
2.333412e+00 9.401972e+00 
2.317958e+00 9.301800e+00 
2.302858e+00 9.201629e+00 
2.288108e+00 9.101460e+00 
2.273681e+00 9.001305e+00 
2.259560e+00 8.901157e+00 
2.245736e+00 8.801014e+00 
2.232317e+00 8.700813e+00 
2.219293e+00 8.600621e+00 
2.206614e+00 8.500455e+00 
2.194226e+00 8.400315e+00 
2.182077e+00 8.300200e+00 
2.170113e+00 8.200110e+00 
2.158289e+00 8.100043e+00 
2.146637e+00 7.999958e+00 
2.135273e+00 7.899814e+00 
2.124127e+00 7.799709e+00 
2.113158e+00 7.699624e+00 
2.102416e+00 7.599510e+00 
2.091899e+00 7.499400e+00 
2.081599e+00 7.399294e+00 
2.071508e+00 7.299191e+00 
2.061616e+00 7.199093e+00 
2.051912e+00 7.099001e+00 
2.042385e+00 6.998914e+00 
2.033068e+00 6.898809e+00 
2.023974e+00 6.798700e+00 
2.015100e+00 6.698591e+00 
2.006440e+00 6.598486e+00 
1.997956e+00 6.498399e+00 
1.989774e+00 6.398247e+00 
1.981810e+00 6.298141e+00 
1.973997e+00 6.198068e+00 
1.966295e+00 6.098014e+00 
1.958690e+00 5.997966e+00 
1.951171e+00 5.897923e+00 
1.943735e+00 5.797883e+00 
1.936380e+00 5.697842e+00 
1.929107e+00 5.597802e+00 
1.921915e+00 5.497762e+00 
1.914802e+00 5.397722e+00 
1.907769e+00 5.297683e+00 
1.900817e+00 5.197643e+00 
1.893991e+00 5.097579e+00 
1.993759e+00 5.090773e+00 
