-4.103489e+00 5.094129e-01 
-4.106838e+00 6.094014e-01 
-4.110211e+00 7.094011e-01 
-4.113581e+00 8.093140e-01 
-4.117120e+00 9.090636e-01 
-4.121156e+00 1.008756e+00 
-4.125808e+00 1.108450e+00 
-4.131072e+00 1.208167e+00 
-4.136908e+00 1.307936e+00 
-4.143208e+00 1.407715e+00 
-4.149952e+00 1.507501e+00 
-4.157128e+00 1.607295e+00 
-4.164719e+00 1.707098e+00 
-4.172707e+00 1.806911e+00 
-4.181073e+00 1.906735e+00 
-4.189795e+00 2.006570e+00 
-4.198851e+00 2.106410e+00 
-4.208224e+00 2.206196e+00 
-4.218022e+00 2.305901e+00 
-4.228412e+00 2.405549e+00 
-4.239509e+00 2.505143e+00 
-4.251435e+00 2.604771e+00 
-4.264152e+00 2.704639e+00 
-4.277147e+00 2.804568e+00 
-4.290282e+00 2.904447e+00 
-4.303657e+00 3.004269e+00 
-4.317385e+00 3.104016e+00 
-4.331627e+00 3.203714e+00 
-4.346486e+00 3.303393e+00 
-4.362005e+00 3.403057e+00 
-4.378218e+00 3.502701e+00 
-4.395164e+00 3.602326e+00 
-4.412889e+00 3.701927e+00 
-4.431440e+00 3.801489e+00 
-4.450880e+00 3.900901e+00 
-4.471507e+00 4.000073e+00 
-4.493888e+00 4.099214e+00 
-4.518102e+00 4.198311e+00 
-4.544272e+00 4.297370e+00 
-4.572527e+00 4.396445e+00 
-4.602847e+00 4.495478e+00 
-4.635321e+00 4.594350e+00 
-4.670353e+00 4.693027e+00 
-4.708437e+00 4.791429e+00 
-4.750307e+00 4.889471e+00 
-4.796937e+00 4.986920e+00 
-4.850029e+00 5.083429e+00 
-4.912250e+00 5.177989e+00 
-4.993999e+00 5.271787e+00 
-5.087848e+00 5.346306e+00 
-5.181844e+00 5.400398e+00 
-5.274762e+00 5.438598e+00 
-5.366741e+00 5.461363e+00 
-5.458250e+00 5.468792e+00 
-5.549990e+00 5.460583e+00 
-5.642820e+00 5.435988e+00 
-5.736874e+00 5.394780e+00 
-5.832129e+00 5.336530e+00 
-5.928284e+00 5.261049e+00 
-6.025517e+00 5.167007e+00 
-6.111318e+00 5.069456e+00 
-6.186943e+00 4.971555e+00 
-6.254918e+00 4.873371e+00 
-6.316860e+00 4.775000e+00 
-6.373814e+00 4.676403e+00 
-6.426875e+00 4.577303e+00 
-6.477411e+00 4.478124e+00 
-6.525737e+00 4.378818e+00 
-6.572205e+00 4.279471e+00 
-6.616907e+00 4.180214e+00 
-6.659668e+00 4.080991e+00 
-6.700475e+00 3.981731e+00 
-6.739454e+00 3.882441e+00 
-6.776710e+00 3.783122e+00 
-6.812342e+00 3.683774e+00 
-6.846440e+00 3.584403e+00 
-6.879079e+00 3.485008e+00 
-6.910330e+00 3.385589e+00 
-6.940265e+00 3.286151e+00 
-6.968939e+00 3.186694e+00 
-6.996405e+00 3.087217e+00 
-7.022719e+00 2.987722e+00 
-7.047928e+00 2.888214e+00 
-7.072070e+00 2.788690e+00 
-7.095187e+00 2.689151e+00 
-7.117318e+00 2.589596e+00 
-7.138500e+00 2.490030e+00 
-7.158765e+00 2.390453e+00 
-7.178127e+00 2.290921e+00 
-7.196488e+00 2.191496e+00 
-7.213646e+00 2.092110e+00 
-7.229529e+00 1.992740e+00 
-7.244116e+00 1.893380e+00 
-7.257387e+00 1.794058e+00 
-7.269278e+00 1.694739e+00 
-7.279797e+00 1.595354e+00 
-7.289094e+00 1.495757e+00 
-7.297585e+00 1.396070e+00 
-7.305447e+00 1.296378e+00 
-7.312689e+00 1.196686e+00 
-7.319311e+00 1.096996e+00 
-7.325313e+00 9.973069e-01 
-7.330691e+00 8.976195e-01 
-7.335443e+00 7.979340e-01 
-7.339567e+00 6.982508e-01 
-7.439506e+00 7.017492e-01 
-7.435358e+00 8.020660e-01 
-7.430577e+00 9.023805e-01 
-7.425167e+00 1.002693e+00 
-7.419131e+00 1.103004e+00 
-7.412469e+00 1.203314e+00 
-7.405184e+00 1.303622e+00 
-7.397275e+00 1.403930e+00 
-7.388734e+00 1.504243e+00 
-7.379365e+00 1.604646e+00 
-7.368723e+00 1.705261e+00 
-7.356679e+00 1.805942e+00 
-7.343236e+00 1.906620e+00 
-7.328469e+00 2.007260e+00 
-7.312393e+00 2.107890e+00 
-7.295031e+00 2.208504e+00 
-7.276465e+00 2.309079e+00 
-7.256925e+00 2.409547e+00 
-7.236492e+00 2.509970e+00 
-7.215129e+00 2.610404e+00 
-7.192805e+00 2.710849e+00 
-7.169479e+00 2.811310e+00 
-7.145110e+00 2.911786e+00 
-7.119657e+00 3.012278e+00 
-7.093082e+00 3.112783e+00 
-7.065333e+00 3.213306e+00 
-7.036353e+00 3.313849e+00 
-7.006087e+00 3.414411e+00 
-6.974477e+00 3.514992e+00 
-6.941451e+00 3.615597e+00 
-6.906929e+00 3.716226e+00 
-6.870841e+00 3.816878e+00 
-6.833085e+00 3.917559e+00 
-6.793561e+00 4.018269e+00 
-6.752160e+00 4.119009e+00 
-6.708744e+00 4.219786e+00 
-6.663387e+00 4.320529e+00 
-6.616320e+00 4.421182e+00 
-6.567332e+00 4.521876e+00 
-6.515978e+00 4.622697e+00 
-6.461977e+00 4.723597e+00 
-6.403462e+00 4.825000e+00 
-6.339557e+00 4.926629e+00 
-6.269184e+00 5.028445e+00 
-6.190490e+00 5.130544e+00 
-6.100657e+00 5.232993e+00 
-5.997890e+00 5.332847e+00 
-5.894044e+00 5.415057e+00 
-5.789300e+00 5.479936e+00 
-5.683353e+00 5.527405e+00 
-5.576184e+00 5.557092e+00 
-5.467924e+00 5.568323e+00 
-5.359433e+00 5.561095e+00 
-5.251412e+00 5.535834e+00 
-5.144330e+00 5.493095e+00 
-5.038326e+00 5.433183e+00 
-4.932175e+00 5.350386e+00 
-4.837296e+00 5.244184e+00 
-4.766721e+00 5.138744e+00 
-4.709393e+00 5.035253e+00 
-4.660135e+00 4.932703e+00 
-4.616490e+00 4.830744e+00 
-4.577104e+00 4.729147e+00 
-4.541089e+00 4.627824e+00 
-4.507844e+00 4.526695e+00 
-4.476911e+00 4.425729e+00 
-4.448109e+00 4.324804e+00 
-4.421421e+00 4.223863e+00 
-4.396748e+00 4.122959e+00 
-4.373963e+00 4.022101e+00 
-4.352977e+00 3.921272e+00 
-4.333299e+00 3.820684e+00 
-4.314581e+00 3.720246e+00 
-4.296711e+00 3.619848e+00 
-4.279634e+00 3.519472e+00 
-4.263303e+00 3.419117e+00 
-4.247677e+00 3.318780e+00 
-4.232720e+00 3.218459e+00 
-4.218390e+00 3.118158e+00 
-4.204591e+00 3.017905e+00 
-4.191167e+00 2.917727e+00 
-4.178001e+00 2.817606e+00 
-4.164987e+00 2.717535e+00 
-4.152236e+00 2.617403e+00 
-4.140218e+00 2.517031e+00 
-4.129027e+00 2.416624e+00 
-4.118561e+00 2.316273e+00 
-4.108704e+00 2.215977e+00 
-4.099289e+00 2.115763e+00 
-4.090204e+00 2.015603e+00 
-4.081452e+00 1.915439e+00 
-4.073056e+00 1.815263e+00 
-4.065038e+00 1.715076e+00 
-4.057416e+00 1.614879e+00 
-4.050210e+00 1.514673e+00 
-4.043435e+00 1.414459e+00 
-4.037107e+00 1.314238e+00 
-4.031243e+00 1.214007e+00 
-4.025947e+00 1.113723e+00 
-4.021265e+00 1.013418e+00 
-4.017202e+00 9.131101e-01 
-4.013644e+00 8.128597e-01 
-4.010268e+00 7.127726e-01 
-4.006895e+00 6.127723e-01 
-4.003545e+00 5.127608e-01 
-4.103489e+00 5.094129e-01 
