-2.664483e+01 -5.989109e-01 
-2.664265e+01 -6.987194e-01 
-2.664010e+01 -7.985837e-01 
-2.663727e+01 -8.984482e-01 
-2.663416e+01 -9.983260e-01 
-2.663082e+01 -1.098207e+00 
-2.662723e+01 -1.198089e+00 
-2.662342e+01 -1.297973e+00 
-2.661936e+01 -1.397857e+00 
-2.661508e+01 -1.497743e+00 
-2.661056e+01 -1.597630e+00 
-2.660582e+01 -1.697518e+00 
-2.660086e+01 -1.797407e+00 
-2.659567e+01 -1.897297e+00 
-2.659026e+01 -1.997188e+00 
-2.658464e+01 -2.097080e+00 
-2.657879e+01 -2.196972e+00 
-2.657273e+01 -2.296866e+00 
-2.656646e+01 -2.396761e+00 
-2.655997e+01 -2.496656e+00 
-2.655328e+01 -2.596552e+00 
-2.654637e+01 -2.696470e+00 
-2.653930e+01 -2.796402e+00 
-2.653209e+01 -2.896328e+00 
-2.652473e+01 -2.996245e+00 
-2.651721e+01 -3.096156e+00 
-2.650950e+01 -3.196058e+00 
-2.650160e+01 -3.295953e+00 
-2.649349e+01 -3.395840e+00 
-2.648516e+01 -3.495720e+00 
-2.647657e+01 -3.595592e+00 
-2.646774e+01 -3.695456e+00 
-2.645862e+01 -3.795312e+00 
-2.644922e+01 -3.895159e+00 
-2.643951e+01 -3.994999e+00 
-2.642947e+01 -4.094831e+00 
-2.641910e+01 -4.194655e+00 
-2.640837e+01 -4.294470e+00 
-2.639725e+01 -4.394350e+00 
-2.638589e+01 -4.494277e+00 
-2.637438e+01 -4.594194e+00 
-2.636269e+01 -4.694099e+00 
-2.635082e+01 -4.793994e+00 
-2.633874e+01 -4.893878e+00 
-2.632642e+01 -4.993750e+00 
-2.631383e+01 -5.093611e+00 
-2.630097e+01 -5.193460e+00 
-2.628780e+01 -5.293297e+00 
-2.627429e+01 -5.393121e+00 
-2.626043e+01 -5.492933e+00 
-2.624618e+01 -5.592731e+00 
-2.623152e+01 -5.692516e+00 
-2.621642e+01 -5.792287e+00 
-2.620084e+01 -5.892044e+00 
-2.618476e+01 -5.991851e+00 
-2.616827e+01 -6.091694e+00 
-2.615145e+01 -6.191529e+00 
-2.613429e+01 -6.291361e+00 
-2.611678e+01 -6.391190e+00 
-2.609891e+01 -6.491018e+00 
-2.608068e+01 -6.590845e+00 
-2.606209e+01 -6.690670e+00 
-2.604313e+01 -6.790493e+00 
-2.602379e+01 -6.890314e+00 
-2.600408e+01 -6.990133e+00 
-2.598399e+01 -7.089951e+00 
-2.596351e+01 -7.189767e+00 
-2.594264e+01 -7.289581e+00 
-2.592138e+01 -7.389393e+00 
-2.589971e+01 -7.489203e+00 
-2.587764e+01 -7.589011e+00 
-2.585516e+01 -7.688818e+00 
-2.583225e+01 -7.788622e+00 
-2.580893e+01 -7.888424e+00 
-2.578518e+01 -7.988224e+00 
-2.576100e+01 -8.088022e+00 
-2.573637e+01 -8.187817e+00 
-2.571130e+01 -8.287611e+00 
-2.568578e+01 -8.387408e+00 
-2.565981e+01 -8.487209e+00 
-2.563339e+01 -8.587040e+00 
-2.560660e+01 -8.686874e+00 
-2.557943e+01 -8.786712e+00 
-2.555191e+01 -8.886553e+00 
-2.552403e+01 -8.986397e+00 
-2.549580e+01 -9.086243e+00 
-2.546723e+01 -9.186092e+00 
-2.543832e+01 -9.285903e+00 
-2.540902e+01 -9.385625e+00 
-2.537908e+01 -9.485355e+00 
-2.534853e+01 -9.585097e+00 
-2.531738e+01 -9.684850e+00 
-2.528566e+01 -9.784631e+00 
-2.525343e+01 -9.884421e+00 
-2.522071e+01 -9.984207e+00 
-2.518749e+01 -1.008399e+01 
-2.515376e+01 -1.018376e+01 
-2.511950e+01 -1.028353e+01 
-2.508471e+01 -1.038330e+01 
-2.504935e+01 -1.048306e+01 
-2.501342e+01 -1.058282e+01 
-2.497692e+01 -1.068259e+01 
-2.493985e+01 -1.078236e+01 
-2.490223e+01 -1.088213e+01 
-2.486405e+01 -1.098189e+01 
-2.482529e+01 -1.108165e+01 
-2.478592e+01 -1.118140e+01 
-2.474595e+01 -1.128115e+01 
-2.470535e+01 -1.138090e+01 
-2.466413e+01 -1.148065e+01 
-2.462228e+01 -1.158040e+01 
-2.457977e+01 -1.168014e+01 
-2.453662e+01 -1.177989e+01 
-2.449280e+01 -1.187963e+01 
-2.444830e+01 -1.197937e+01 
-2.440312e+01 -1.207911e+01 
-2.435724e+01 -1.217884e+01 
-2.431066e+01 -1.227857e+01 
-2.426336e+01 -1.237830e+01 
-2.421533e+01 -1.247803e+01 
-2.416656e+01 -1.257776e+01 
-2.411703e+01 -1.267748e+01 
-2.406674e+01 -1.277721e+01 
-2.401566e+01 -1.287693e+01 
-2.396379e+01 -1.297664e+01 
-2.391112e+01 -1.307636e+01 
-2.385762e+01 -1.317607e+01 
-2.380328e+01 -1.327579e+01 
-2.374809e+01 -1.337549e+01 
-2.369202e+01 -1.347520e+01 
-2.363508e+01 -1.357491e+01 
-2.357723e+01 -1.367461e+01 
-2.351845e+01 -1.377431e+01 
-2.345875e+01 -1.387401e+01 
-2.339808e+01 -1.397370e+01 
-2.333643e+01 -1.407340e+01 
-2.327379e+01 -1.417311e+01 
-2.321018e+01 -1.427282e+01 
-2.314559e+01 -1.437253e+01 
-2.308004e+01 -1.447225e+01 
-2.301352e+01 -1.457197e+01 
-2.294600e+01 -1.467168e+01 
-2.287747e+01 -1.477140e+01 
-2.280794e+01 -1.487112e+01 
-2.273738e+01 -1.497083e+01 
-2.266576e+01 -1.507053e+01 
-2.259303e+01 -1.517023e+01 
-2.251914e+01 -1.526993e+01 
-2.244408e+01 -1.536962e+01 
-2.236782e+01 -1.546931e+01 
-2.229032e+01 -1.556900e+01 
-2.221156e+01 -1.566869e+01 
-2.213151e+01 -1.576838e+01 
-2.205013e+01 -1.586806e+01 
-2.196738e+01 -1.596775e+01 
-2.188324e+01 -1.606743e+01 
-2.179766e+01 -1.616711e+01 
-2.171060e+01 -1.626678e+01 
-2.162200e+01 -1.636646e+01 
-2.153184e+01 -1.646613e+01 
-2.144004e+01 -1.656580e+01 
-2.134657e+01 -1.666546e+01 
-2.125137e+01 -1.676513e+01 
-2.115438e+01 -1.686479e+01 
-2.105555e+01 -1.696446e+01 
-2.095590e+01 -1.706306e+01 
-2.085624e+01 -1.715978e+01 
-2.075658e+01 -1.725468e+01 
-2.065693e+01 -1.734780e+01 
-2.055728e+01 -1.743917e+01 
-2.045762e+01 -1.752885e+01 
-2.035797e+01 -1.761686e+01 
-2.025832e+01 -1.770325e+01 
-2.015866e+01 -1.778805e+01 
-2.005901e+01 -1.787130e+01 
-1.995936e+01 -1.795303e+01 
-1.985971e+01 -1.803328e+01 
-1.976005e+01 -1.811208e+01 
-1.966040e+01 -1.818946e+01 
-1.956076e+01 -1.826546e+01 
-1.946115e+01 -1.834000e+01 
-1.936155e+01 -1.841304e+01 
-1.926194e+01 -1.848460e+01 
-1.916233e+01 -1.855472e+01 
-1.906272e+01 -1.862343e+01 
-1.896312e+01 -1.869075e+01 
-1.886351e+01 -1.875670e+01 
-1.876390e+01 -1.882132e+01 
-1.866430e+01 -1.888461e+01 
-1.856469e+01 -1.894662e+01 
-1.846508e+01 -1.900735e+01 
-1.836548e+01 -1.906684e+01 
-1.826587e+01 -1.912509e+01 
-1.816626e+01 -1.918214e+01 
-1.806666e+01 -1.923800e+01 
-1.796705e+01 -1.929269e+01 
-1.786744e+01 -1.934622e+01 
-1.776783e+01 -1.939863e+01 
-1.766822e+01 -1.944991e+01 
-1.756861e+01 -1.950010e+01 
-1.746900e+01 -1.954920e+01 
-1.736939e+01 -1.959723e+01 
-1.726978e+01 -1.964422e+01 
-1.717014e+01 -1.969018e+01 
-1.707049e+01 -1.973520e+01 
-1.697082e+01 -1.977930e+01 
-1.687115e+01 -1.982254e+01 
-1.677147e+01 -1.986494e+01 
-1.667180e+01 -1.990652e+01 
-1.657212e+01 -1.994727e+01 
-1.647244e+01 -1.998722e+01 
-1.637276e+01 -2.002637e+01 
-1.627308e+01 -2.006474e+01 
-1.617339e+01 -2.010233e+01 
-1.607371e+01 -2.013915e+01 
-1.597402e+01 -2.017522e+01 
-1.587433e+01 -2.021054e+01 
-1.577464e+01 -2.024512e+01 
-1.567495e+01 -2.027897e+01 
-1.557526e+01 -2.031210e+01 
-1.547557e+01 -2.034452e+01 
-1.537592e+01 -2.037620e+01 
-1.527627e+01 -2.040708e+01 
-1.517662e+01 -2.043715e+01 
-1.507698e+01 -2.046643e+01 
-1.497733e+01 -2.049492e+01 
-1.487768e+01 -2.052262e+01 
-1.477803e+01 -2.054954e+01 
-1.467839e+01 -2.057567e+01 
-1.457874e+01 -2.060104e+01 
-1.447909e+01 -2.062563e+01 
-1.437944e+01 -2.064946e+01 
-1.427980e+01 -2.067253e+01 
-1.418018e+01 -2.069482e+01 
-1.408058e+01 -2.071630e+01 
-1.398101e+01 -2.073691e+01 
-1.388146e+01 -2.075662e+01 
-1.378190e+01 -2.077538e+01 
-1.368235e+01 -2.079322e+01 
-1.358279e+01 -2.081013e+01 
-1.348323e+01 -2.082613e+01 
-1.338366e+01 -2.084123e+01 
-1.328410e+01 -2.085543e+01 
-1.318453e+01 -2.086873e+01 
-1.308496e+01 -2.088116e+01 
-1.298538e+01 -2.089272e+01 
-1.288580e+01 -2.090342e+01 
-1.278622e+01 -2.091326e+01 
-1.268664e+01 -2.092226e+01 
-1.258705e+01 -2.093042e+01 
-1.248746e+01 -2.093775e+01 
-1.238786e+01 -2.094427e+01 
-1.228826e+01 -2.094998e+01 
-1.218865e+01 -2.095489e+01 
-1.208905e+01 -2.095901e+01 
-1.198943e+01 -2.096235e+01 
-1.188981e+01 -2.096492e+01 
-1.179019e+01 -2.096672e+01 
-1.169057e+01 -2.096777e+01 
-1.159094e+01 -2.096808e+01 
-1.149134e+01 -2.096765e+01 
-1.139183e+01 -2.096642e+01 
-1.129231e+01 -2.096422e+01 
-1.119278e+01 -2.096106e+01 
-1.109325e+01 -2.095696e+01 
-1.099371e+01 -2.095192e+01 
-1.089416e+01 -2.094596e+01 
-1.079461e+01 -2.093909e+01 
-1.069506e+01 -2.093132e+01 
-1.059549e+01 -2.092265e+01 
-1.049592e+01 -2.091310e+01 
-1.039635e+01 -2.090269e+01 
-1.029676e+01 -2.089141e+01 
-1.019717e+01 -2.087929e+01 
-1.009758e+01 -2.086633e+01 
-9.997976e+00 -2.085254e+01 
-9.898373e+00 -2.083793e+01 
-9.798817e+00 -2.082251e+01 
-9.699285e+00 -2.080618e+01 
-9.599757e+00 -2.078887e+01 
-9.500228e+00 -2.077058e+01 
-9.400700e+00 -2.075131e+01 
-9.301172e+00 -2.073103e+01 
-9.201645e+00 -2.070976e+01 
-9.102117e+00 -2.068748e+01 
-9.002589e+00 -2.066418e+01 
-8.903061e+00 -2.063986e+01 
-8.803533e+00 -2.061451e+01 
-8.704008e+00 -2.058813e+01 
-8.604492e+00 -2.056070e+01 
-8.504978e+00 -2.053219e+01 
-8.405460e+00 -2.050258e+01 
-8.305938e+00 -2.047188e+01 
-8.206413e+00 -2.044008e+01 
-8.106885e+00 -2.040718e+01 
-8.007353e+00 -2.037318e+01 
-7.907817e+00 -2.033807e+01 
-7.808278e+00 -2.030186e+01 
-7.708736e+00 -2.026452e+01 
-7.609199e+00 -2.022608e+01 
-7.509725e+00 -2.018651e+01 
-7.410276e+00 -2.014565e+01 
-7.310819e+00 -2.010339e+01 
-7.211353e+00 -2.005972e+01 
-7.111879e+00 -2.001466e+01 
-7.012397e+00 -1.996820e+01 
-6.912906e+00 -1.992034e+01 
-6.813408e+00 -1.987107e+01 
-6.713900e+00 -1.982041e+01 
-6.614385e+00 -1.976834e+01 
-6.514861e+00 -1.971487e+01 
-6.415329e+00 -1.966000e+01 
-6.315788e+00 -1.960372e+01 
-6.216240e+00 -1.954604e+01 
-6.116683e+00 -1.948695e+01 
-6.017106e+00 -1.942645e+01 
-5.917526e+00 -1.936459e+01 
-5.817890e+00 -1.930131e+01 
-5.718340e+00 -1.923687e+01 
-5.618933e+00 -1.917100e+01 
-5.519546e+00 -1.910308e+01 
-5.420122e+00 -1.903293e+01 
-5.320666e+00 -1.896063e+01 
-5.221189e+00 -1.888624e+01 
-5.121709e+00 -1.880978e+01 
-5.022222e+00 -1.873122e+01 
-4.922729e+00 -1.865050e+01 
-4.823226e+00 -1.856759e+01 
-4.723713e+00 -1.848245e+01 
-4.624189e+00 -1.839505e+01 
-4.524653e+00 -1.830538e+01 
-4.425105e+00 -1.821339e+01 
-4.325543e+00 -1.811909e+01 
-4.225968e+00 -1.802245e+01 
-4.126378e+00 -1.792347e+01 
-4.028470e+00 -1.782387e+01 
-3.932712e+00 -1.772426e+01 
-3.839091e+00 -1.762475e+01 
-3.747961e+00 -1.752523e+01 
-3.659167e+00 -1.742570e+01 
-3.572653e+00 -1.732625e+01 
-3.488720e+00 -1.722691e+01 
-3.407626e+00 -1.712755e+01 
-3.329199e+00 -1.702816e+01 
-3.253216e+00 -1.692874e+01 
-3.179470e+00 -1.682929e+01 
-3.107786e+00 -1.672982e+01 
-3.038045e+00 -1.663033e+01 
-2.970139e+00 -1.653084e+01 
-2.903970e+00 -1.643132e+01 
-2.839448e+00 -1.633179e+01 
-2.776490e+00 -1.623225e+01 
-2.715029e+00 -1.613271e+01 
-2.655068e+00 -1.603323e+01 
-2.596793e+00 -1.593384e+01 
-2.540350e+00 -1.583439e+01 
-2.485526e+00 -1.573490e+01 
-2.432193e+00 -1.563540e+01 
-2.380291e+00 -1.553589e+01 
-2.329771e+00 -1.543637e+01 
-2.280602e+00 -1.533685e+01 
-2.232746e+00 -1.523733e+01 
-2.186172e+00 -1.513779e+01 
-2.140817e+00 -1.503822e+01 
-2.096548e+00 -1.493859e+01 
-2.053225e+00 -1.483893e+01 
-2.010787e+00 -1.473925e+01 
-1.969156e+00 -1.463955e+01 
-1.928278e+00 -1.453983e+01 
-1.888110e+00 -1.444014e+01 
-1.848727e+00 -1.434052e+01 
-1.810302e+00 -1.424094e+01 
-1.772905e+00 -1.414135e+01 
-1.736425e+00 -1.404160e+01 
-1.700462e+00 -1.394159e+01 
-1.664463e+00 -1.384153e+01 
-1.628333e+00 -1.374152e+01 
-1.592197e+00 -1.364156e+01 
-1.556184e+00 -1.354166e+01 
-1.520445e+00 -1.344188e+01 
-1.485246e+00 -1.334216e+01 
-1.450754e+00 -1.324252e+01 
-1.417142e+00 -1.314303e+01 
-1.384722e+00 -1.304354e+01 
-1.353488e+00 -1.294407e+01 
-1.323466e+00 -1.284463e+01 
-1.294666e+00 -1.274503e+01 
-1.266721e+00 -1.264532e+01 
-1.239438e+00 -1.254563e+01 
-1.212838e+00 -1.244595e+01 
-1.186967e+00 -1.234633e+01 
-1.161936e+00 -1.224672e+01 
-1.137762e+00 -1.214715e+01 
-1.114519e+00 -1.204762e+01 
-1.092285e+00 -1.194809e+01 
-1.071062e+00 -1.184857e+01 
-1.050825e+00 -1.174896e+01 
-1.031394e+00 -1.164925e+01 
-1.012597e+00 -1.154958e+01 
-9.944868e-01 -1.144993e+01 
-9.771111e-01 -1.135030e+01 
-9.604967e-01 -1.125067e+01 
-9.446509e-01 -1.115103e+01 
-9.295625e-01 -1.105139e+01 
-9.151954e-01 -1.095172e+01 
-9.015121e-01 -1.085204e+01 
-8.884772e-01 -1.075233e+01 
-8.760323e-01 -1.065256e+01 
-8.640477e-01 -1.055273e+01 
-8.524024e-01 -1.045288e+01 
-8.410735e-01 -1.035307e+01 
-8.301279e-01 -1.025327e+01 
-8.195893e-01 -1.015343e+01 
-8.093765e-01 -1.005358e+01 
-7.994691e-01 -9.953713e+00 
-7.898222e-01 -9.853813e+00 
-7.803767e-01 -9.753909e+00 
-7.711276e-01 -9.654022e+00 
-7.621060e-01 -9.554127e+00 
-7.532934e-01 -9.454202e+00 
-7.446331e-01 -9.354266e+00 
-7.361005e-01 -9.254332e+00 
-7.277045e-01 -9.154436e+00 
-7.195219e-01 -9.054580e+00 
-7.116319e-01 -8.954737e+00 
-7.040572e-01 -8.854887e+00 
-6.967811e-01 -8.754995e+00 
-6.897206e-01 -8.655069e+00 
-6.828096e-01 -8.555147e+00 
-6.760553e-01 -8.455228e+00 
-6.694633e-01 -8.355303e+00 
-6.630228e-01 -8.255374e+00 
-6.567216e-01 -8.155407e+00 
-6.504822e-01 -8.055360e+00 
-6.441454e-01 -7.955284e+00 
-6.376589e-01 -7.855255e+00 
-6.311186e-01 -7.755273e+00 
-6.246150e-01 -7.655320e+00 
-6.182086e-01 -7.555395e+00 
-6.119533e-01 -7.455495e+00 
-6.059019e-01 -7.355622e+00 
-6.001037e-01 -7.255740e+00 
-5.945403e-01 -7.155803e+00 
-5.891016e-01 -7.055825e+00 
-5.837030e-01 -6.955787e+00 
-5.782309e-01 -6.855810e+00 
-5.728157e-01 -6.756018e+00 
-5.678190e-01 -6.656258e+00 
-5.632965e-01 -6.556354e+00 
-5.589568e-01 -6.456218e+00 
-5.543437e-01 -6.356089e+00 
-5.494776e-01 -6.256080e+00 
-5.445944e-01 -6.156103e+00 
-5.397584e-01 -6.056130e+00 
-5.349756e-01 -5.956159e+00 
-5.302508e-01 -5.856190e+00 
-5.255884e-01 -5.756223e+00 
-5.209932e-01 -5.656259e+00 
-5.164713e-01 -5.556316e+00 
-5.120638e-01 -5.456398e+00 
-5.078206e-01 -5.356473e+00 
-5.037263e-01 -5.256533e+00 
-4.997535e-01 -5.156580e+00 
-4.958733e-01 -5.056612e+00 
-4.920567e-01 -4.956629e+00 
-4.882743e-01 -4.856631e+00 
-4.844942e-01 -4.756613e+00 
-4.806772e-01 -4.656570e+00 
-4.767754e-01 -4.556540e+00 
-4.728162e-01 -4.456569e+00 
-4.689147e-01 -4.356604e+00 
-4.650823e-01 -4.256618e+00 
-4.612782e-01 -4.156640e+00 
-4.575183e-01 -4.056672e+00 
-4.538227e-01 -3.956714e+00 
-4.502109e-01 -3.856743e+00 
-4.466552e-01 -3.756732e+00 
-4.430785e-01 -3.656720e+00 
-4.394786e-01 -3.556760e+00 
-4.359634e-01 -3.456904e+00 
-4.327352e-01 -3.357013e+00 
-4.297197e-01 -3.256985e+00 
-4.266492e-01 -3.156946e+00 
-4.234998e-01 -3.056914e+00 
-4.202875e-01 -2.956891e+00 
-4.170280e-01 -2.856875e+00 
-4.137369e-01 -2.756866e+00 
-4.104292e-01 -2.656866e+00 
-4.071219e-01 -2.556902e+00 
-4.038876e-01 -2.456950e+00 
-4.007481e-01 -2.356948e+00 
-3.976035e-01 -2.256936e+00 
-3.944364e-01 -2.156938e+00 
-3.912734e-01 -2.056956e+00 
-3.881468e-01 -1.956991e+00 
-3.850907e-01 -1.857043e+00 
-3.821399e-01 -1.757114e+00 
-3.793304e-01 -1.657194e+00 
-3.766808e-01 -1.557238e+00 
-3.741165e-01 -1.457221e+00 
-3.715189e-01 -1.357190e+00 
-3.688586e-01 -1.257162e+00 
-3.661425e-01 -1.157155e+00 
-3.634125e-01 -1.057159e+00 
-3.606913e-01 -9.571630e-01 
-3.579781e-01 -8.571665e-01 
-3.552720e-01 -7.571749e-01 
-3.525827e-01 -6.571778e-01 
-3.498979e-01 -5.571389e-01 
-3.471352e-01 -4.571035e-01 
-3.443035e-01 -3.571298e-01 
-3.415247e-01 -2.571643e-01 
-3.388148e-01 -1.571922e-01 
-3.361775e-01 -5.851916e-02 
-3.361599e-01 5.719217e-02 
-3.388141e-01 1.571643e-01 
-3.415237e-01 2.571298e-01 
-3.443027e-01 3.571035e-01 
-3.471362e-01 4.571389e-01 
-3.498989e-01 5.571778e-01 
-3.525826e-01 6.571749e-01 
-3.552718e-01 7.571665e-01 
-3.579780e-01 8.571630e-01 
-3.606912e-01 9.571590e-01 
-3.634124e-01 1.057155e+00 
-3.661427e-01 1.157162e+00 
-3.688593e-01 1.257190e+00 
-3.715197e-01 1.357221e+00 
-3.741169e-01 1.457238e+00 
-3.766796e-01 1.557194e+00 
-3.793282e-01 1.657114e+00 
-3.821379e-01 1.757043e+00 
-3.850891e-01 1.856991e+00 
-3.881457e-01 1.956956e+00 
-3.912728e-01 2.056938e+00 
-3.944364e-01 2.156936e+00 
-3.976038e-01 2.256948e+00 
-4.007482e-01 2.356950e+00 
-4.038860e-01 2.456902e+00 
-4.071208e-01 2.556866e+00 
-4.104292e-01 2.656866e+00 
-4.137372e-01 2.756875e+00 
-4.170286e-01 2.856891e+00 
-4.202882e-01 2.956914e+00 
-4.235008e-01 3.056946e+00 
-4.266504e-01 3.156985e+00 
-4.297206e-01 3.257013e+00 
-4.327318e-01 3.356904e+00 
-4.359586e-01 3.456760e+00 
-4.394771e-01 3.556720e+00 
-4.430789e-01 3.656732e+00 
-4.466556e-01 3.756743e+00 
-4.502099e-01 3.856714e+00 
-4.538212e-01 3.956672e+00 
-4.575171e-01 4.056640e+00 
-4.612774e-01 4.156618e+00 
-4.650818e-01 4.256604e+00 
-4.689133e-01 4.356569e+00 
-4.728150e-01 4.456540e+00 
-4.767766e-01 4.556570e+00 
-4.806789e-01 4.656613e+00 
-4.844949e-01 4.756631e+00 
-4.882742e-01 4.856629e+00 
-4.920560e-01 4.956612e+00 
-4.958721e-01 5.056580e+00 
-4.997517e-01 5.156533e+00 
-5.037239e-01 5.256473e+00 
-5.078175e-01 5.356398e+00 
-5.120602e-01 5.456316e+00 
-5.164687e-01 5.556259e+00 
-5.209916e-01 5.656223e+00 
-5.255869e-01 5.756190e+00 
-5.302493e-01 5.856159e+00 
-5.349743e-01 5.956130e+00 
-5.397572e-01 6.056103e+00 
-5.445932e-01 6.156080e+00 
-5.494781e-01 6.256089e+00 
-5.543498e-01 6.356218e+00 
-5.589628e-01 6.456354e+00 
-5.632922e-01 6.556258e+00 
-5.678075e-01 6.656018e+00 
-5.728048e-01 6.755810e+00 
-5.782296e-01 6.855787e+00 
-5.837051e-01 6.955825e+00 
-5.891004e-01 7.055803e+00 
-5.945368e-01 7.155740e+00 
-6.000970e-01 7.255622e+00 
-6.058944e-01 7.355495e+00 
-6.119471e-01 7.455395e+00 
-6.182039e-01 7.555320e+00 
-6.246119e-01 7.655273e+00 
-6.311175e-01 7.755255e+00 
-6.376608e-01 7.855284e+00 
-6.441503e-01 7.955360e+00 
-5.443502e-01 7.961679e+00 
-5.378704e-01 7.861755e+00 
-5.313308e-01 7.761783e+00 
-5.248229e-01 7.661766e+00 
-5.184088e-01 7.561718e+00 
-5.121426e-01 7.461644e+00 
-5.060774e-01 7.361543e+00 
-5.002651e-01 7.261417e+00 
-4.946914e-01 7.161298e+00 
-4.892480e-01 7.061235e+00 
-4.838504e-01 6.961213e+00 
-4.783791e-01 6.861252e+00 
-4.729517e-01 6.761228e+00 
-4.679327e-01 6.661020e+00 
-4.633945e-01 6.560780e+00 
-4.590566e-01 6.460684e+00 
-4.544557e-01 6.360820e+00 
-4.495963e-01 6.260949e+00 
-4.447123e-01 6.160958e+00 
-4.398740e-01 6.060935e+00 
-4.350885e-01 5.960909e+00 
-4.303608e-01 5.860880e+00 
-4.256955e-01 5.760849e+00 
-4.210971e-01 5.660815e+00 
-4.165709e-01 5.560779e+00 
-4.121573e-01 5.460723e+00 
-4.079075e-01 5.360640e+00 
-4.038077e-01 5.260566e+00 
-3.998306e-01 5.160505e+00 
-3.959473e-01 5.060458e+00 
-3.921288e-01 4.960426e+00 
-3.883457e-01 4.860409e+00 
-3.845662e-01 4.760408e+00 
-3.807516e-01 4.660425e+00 
-3.768526e-01 4.560468e+00 
-3.728934e-01 4.460498e+00 
-3.689894e-01 4.360469e+00 
-3.651552e-01 4.260434e+00 
-3.613497e-01 4.160420e+00 
-3.575877e-01 4.060398e+00 
-3.538895e-01 3.960366e+00 
-3.502751e-01 3.860324e+00 
-3.467187e-01 3.760296e+00 
-3.431428e-01 3.660306e+00 
-3.395419e-01 3.560319e+00 
-3.360205e-01 3.460278e+00 
-3.327840e-01 3.360134e+00 
-3.297660e-01 3.260026e+00 
-3.266975e-01 3.160053e+00 
-3.235503e-01 3.060093e+00 
-3.203398e-01 2.960124e+00 
-3.170816e-01 2.860148e+00 
-3.137913e-01 2.760164e+00 
-3.104839e-01 2.660172e+00 
-3.071754e-01 2.560172e+00 
-3.039383e-01 2.460136e+00 
-3.007975e-01 2.360088e+00 
-2.976532e-01 2.260091e+00 
-2.944865e-01 2.160102e+00 
-2.913228e-01 2.060100e+00 
-2.881946e-01 1.960082e+00 
-2.851358e-01 1.860047e+00 
-2.821814e-01 1.759995e+00 
-2.793677e-01 1.659924e+00 
-2.767148e-01 1.559844e+00 
-2.741498e-01 1.459801e+00 
-2.715534e-01 1.359817e+00 
-2.688947e-01 1.259848e+00 
-2.661796e-01 1.159877e+00 
-2.634496e-01 1.059884e+00 
-2.607282e-01 9.598793e-01 
-2.580148e-01 8.598753e-01 
-2.553084e-01 7.598718e-01 
-2.526187e-01 6.598634e-01 
-2.499349e-01 5.598605e-01 
-2.471743e-01 4.598995e-01 
-2.443428e-01 3.599348e-01 
-2.415624e-01 2.599085e-01 
-2.388508e-01 1.598740e-01 
-2.361951e-01 5.984614e-02 
-2.361775e-01 -5.851916e-02 
-2.388500e-01 -1.598461e-01 
-2.415614e-01 -2.598740e-01 
-2.443421e-01 -3.599085e-01 
-2.471753e-01 -4.599348e-01 
-2.499360e-01 -5.598995e-01 
-2.526187e-01 -6.598605e-01 
-2.553081e-01 -7.598634e-01 
-2.580147e-01 -8.598718e-01 
-2.607281e-01 -9.598753e-01 
-2.634495e-01 -1.059879e+00 
-2.661798e-01 -1.159884e+00 
-2.688954e-01 -1.259877e+00 
-2.715543e-01 -1.359848e+00 
-2.741502e-01 -1.459817e+00 
-2.767136e-01 -1.559801e+00 
-2.793655e-01 -1.659844e+00 
-2.821794e-01 -1.759924e+00 
-2.851342e-01 -1.859995e+00 
-2.881935e-01 -1.960047e+00 
-2.913222e-01 -2.060082e+00 
-2.944864e-01 -2.160100e+00 
-2.976536e-01 -2.260102e+00 
-3.007975e-01 -2.360091e+00 
-3.039368e-01 -2.460088e+00 
-3.071743e-01 -2.560136e+00 
-3.104839e-01 -2.660172e+00 
-3.137916e-01 -2.760172e+00 
-3.170821e-01 -2.860164e+00 
-3.203405e-01 -2.960148e+00 
-3.235513e-01 -3.060124e+00 
-3.266987e-01 -3.160093e+00 
-3.297668e-01 -3.260053e+00 
-3.327806e-01 -3.360026e+00 
-3.360156e-01 -3.460134e+00 
-3.395405e-01 -3.560278e+00 
-3.431432e-01 -3.660319e+00 
-3.467191e-01 -3.760306e+00 
-3.502741e-01 -3.860296e+00 
-3.538879e-01 -3.960324e+00 
-3.575866e-01 -4.060366e+00 
-3.613489e-01 -4.160398e+00 
-3.651546e-01 -4.260420e+00 
-3.689880e-01 -4.360434e+00 
-3.728922e-01 -4.460469e+00 
-3.768538e-01 -4.560498e+00 
-3.807532e-01 -4.660468e+00 
-3.845669e-01 -4.760425e+00 
-3.883456e-01 -4.860408e+00 
-3.921281e-01 -4.960409e+00 
-3.959461e-01 -5.060426e+00 
-3.998287e-01 -5.160458e+00 
-4.038052e-01 -5.260505e+00 
-4.079044e-01 -5.360566e+00 
-4.121538e-01 -5.460640e+00 
-4.165684e-01 -5.560723e+00 
-4.210954e-01 -5.660779e+00 
-4.256939e-01 -5.760815e+00 
-4.303593e-01 -5.860849e+00 
-4.350872e-01 -5.960880e+00 
-4.398727e-01 -6.060909e+00 
-4.447111e-01 -6.160935e+00 
-4.495967e-01 -6.260958e+00 
-4.544619e-01 -6.360949e+00 
-4.590627e-01 -6.460820e+00 
-4.633903e-01 -6.560684e+00 
-4.679213e-01 -6.660780e+00 
-4.729409e-01 -6.761020e+00 
-4.783778e-01 -6.861228e+00 
-4.838525e-01 -6.961252e+00 
-4.892469e-01 -7.061213e+00 
-4.946879e-01 -7.161235e+00 
-5.002583e-01 -7.261298e+00 
-5.060700e-01 -7.361417e+00 
-5.121364e-01 -7.461543e+00 
-5.184041e-01 -7.561644e+00 
-5.248199e-01 -7.661718e+00 
-5.313296e-01 -7.761766e+00 
-5.378722e-01 -7.861783e+00 
-5.443550e-01 -7.961755e+00 
-5.506821e-01 -8.061679e+00 
-5.569155e-01 -8.161631e+00 
-5.632208e-01 -8.261665e+00 
-5.696704e-01 -8.361735e+00 
-5.762722e-01 -8.461810e+00 
-5.830373e-01 -8.561891e+00 
-5.899589e-01 -8.661969e+00 
-5.970298e-01 -8.762043e+00 
-6.043214e-01 -8.862151e+00 
-6.119184e-01 -8.962301e+00 
-6.198327e-01 -9.062458e+00 
-6.280385e-01 -9.162603e+00 
-6.364518e-01 -9.262707e+00 
-6.449956e-01 -9.362773e+00 
-6.536667e-01 -9.462836e+00 
-6.624926e-01 -9.562912e+00 
-6.715329e-01 -9.663016e+00 
-6.808027e-01 -9.763129e+00 
-6.902661e-01 -9.863225e+00 
-6.999321e-01 -9.963325e+00 
-7.098649e-01 -1.006345e+01 
-7.201083e-01 -1.016361e+01 
-7.306803e-01 -1.026377e+01 
-7.416696e-01 -1.036397e+01 
-7.530403e-01 -1.046416e+01 
-7.647210e-01 -1.056431e+01 
-7.767451e-01 -1.066448e+01 
-7.892461e-01 -1.076471e+01 
-8.023557e-01 -1.086500e+01 
-8.161243e-01 -1.096532e+01 
-8.305854e-01 -1.106565e+01 
-8.457778e-01 -1.116600e+01 
-8.617377e-01 -1.126637e+01 
-8.784730e-01 -1.136674e+01 
-8.959734e-01 -1.146711e+01 
-9.142088e-01 -1.156746e+01 
-9.331261e-01 -1.166778e+01 
-9.526715e-01 -1.176808e+01 
-9.730639e-01 -1.186847e+01 
-9.944829e-01 -1.196895e+01 
-1.016924e+00 -1.206942e+01 
-1.040382e+00 -1.216989e+01 
-1.064758e+00 -1.227031e+01 
-1.089982e+00 -1.237070e+01 
-1.116049e+00 -1.247109e+01 
-1.142819e+00 -1.257141e+01 
-1.170268e+00 -1.267172e+01 
-1.198377e+00 -1.277201e+01 
-1.227401e+00 -1.287241e+01 
-1.257756e+00 -1.297297e+01 
-1.289313e+00 -1.307350e+01 
-1.322062e+00 -1.317401e+01 
-1.356014e+00 -1.327452e+01 
-1.390747e+00 -1.337487e+01 
-1.426148e+00 -1.347516e+01 
-1.462040e+00 -1.357538e+01 
-1.498123e+00 -1.367547e+01 
-1.534290e+00 -1.377552e+01 
-1.570412e+00 -1.387551e+01 
-1.606367e+00 -1.397545e+01 
-1.642324e+00 -1.407544e+01 
-1.678989e+00 -1.417569e+01 
-1.716683e+00 -1.427609e+01 
-1.755431e+00 -1.437652e+01 
-1.795113e+00 -1.447690e+01 
-1.835523e+00 -1.457720e+01 
-1.876628e+00 -1.467748e+01 
-1.918508e+00 -1.477778e+01 
-1.961217e+00 -1.487811e+01 
-2.004839e+00 -1.497845e+01 
-2.049431e+00 -1.507882e+01 
-2.095166e+00 -1.517924e+01 
-2.142170e+00 -1.527971e+01 
-2.190479e+00 -1.538019e+01 
-2.240116e+00 -1.548067e+01 
-2.291122e+00 -1.558115e+01 
-2.343528e+00 -1.568164e+01 
-2.397387e+00 -1.578214e+01 
-2.452766e+00 -1.588265e+01 
-2.509821e+00 -1.598320e+01 
-2.568800e+00 -1.608381e+01 
-2.629382e+00 -1.618433e+01 
-2.691401e+00 -1.628479e+01 
-2.754932e+00 -1.638524e+01 
-2.820058e+00 -1.648572e+01 
-2.886866e+00 -1.658620e+01 
-2.955446e+00 -1.668670e+01 
-3.025901e+00 -1.678722e+01 
-3.098340e+00 -1.688775e+01 
-3.172889e+00 -1.698830e+01 
-3.249744e+00 -1.708888e+01 
-3.329120e+00 -1.718949e+01 
-3.411245e+00 -1.729013e+01 
-3.496262e+00 -1.739078e+01 
-3.583717e+00 -1.749133e+01 
-3.673338e+00 -1.759180e+01 
-3.765338e+00 -1.769228e+01 
-3.859878e+00 -1.779278e+01 
-3.956377e+00 -1.789317e+01 
-4.055062e+00 -1.799357e+01 
-4.155472e+00 -1.809338e+01 
-4.255896e+00 -1.819085e+01 
-4.356335e+00 -1.828599e+01 
-4.456787e+00 -1.837882e+01 
-4.557251e+00 -1.846935e+01 
-4.657727e+00 -1.855759e+01 
-4.758213e+00 -1.864357e+01 
-4.858711e+00 -1.872732e+01 
-4.959217e+00 -1.880888e+01 
-5.059731e+00 -1.888826e+01 
-5.160250e+00 -1.896553e+01 
-5.260774e+00 -1.904071e+01 
-5.361317e+00 -1.911382e+01 
-5.461893e+00 -1.918479e+01 
-5.562507e+00 -1.925356e+01 
-5.663100e+00 -1.932023e+01 
-5.763550e+00 -1.938526e+01 
-5.863913e+00 -1.944900e+01 
-5.964334e+00 -1.951139e+01 
-6.064757e+00 -1.957241e+01 
-6.165200e+00 -1.963203e+01 
-6.265651e+00 -1.969024e+01 
-6.366110e+00 -1.974705e+01 
-6.466578e+00 -1.980244e+01 
-6.567055e+00 -1.985643e+01 
-6.667539e+00 -1.990901e+01 
-6.768032e+00 -1.996019e+01 
-6.868533e+00 -2.000995e+01 
-6.969043e+00 -2.005831e+01 
-7.069560e+00 -2.010527e+01 
-7.170086e+00 -2.015081e+01 
-7.270621e+00 -2.019495e+01 
-7.371163e+00 -2.023768e+01 
-7.471714e+00 -2.027901e+01 
-7.572240e+00 -2.031900e+01 
-7.672703e+00 -2.035781e+01 
-7.773161e+00 -2.039549e+01 
-7.873622e+00 -2.043205e+01 
-7.974087e+00 -2.046749e+01 
-8.074555e+00 -2.050181e+01 
-8.175026e+00 -2.053503e+01 
-8.275501e+00 -2.056714e+01 
-8.375980e+00 -2.059814e+01 
-8.476462e+00 -2.062804e+01 
-8.576948e+00 -2.065683e+01 
-8.677431e+00 -2.068453e+01 
-8.777907e+00 -2.071117e+01 
-8.878379e+00 -2.073677e+01 
-8.978851e+00 -2.076132e+01 
-9.079323e+00 -2.078484e+01 
-9.179795e+00 -2.080734e+01 
-9.280267e+00 -2.082882e+01 
-9.380739e+00 -2.084929e+01 
-9.481211e+00 -2.086876e+01 
-9.581683e+00 -2.088722e+01 
-9.682154e+00 -2.090470e+01 
-9.782622e+00 -2.092119e+01 
-9.883066e+00 -2.093675e+01 
-9.983463e+00 -2.095148e+01 
-1.008386e+01 -2.096538e+01 
-1.018427e+01 -2.097845e+01 
-1.028468e+01 -2.099068e+01 
-1.038509e+01 -2.100205e+01 
-1.048552e+01 -2.101256e+01 
-1.058595e+01 -2.102219e+01 
-1.068638e+01 -2.103094e+01 
-1.078683e+01 -2.103879e+01 
-1.088728e+01 -2.104572e+01 
-1.098773e+01 -2.105174e+01 
-1.108819e+01 -2.105683e+01 
-1.118866e+01 -2.106098e+01 
-1.128913e+01 -2.106417e+01 
-1.138961e+01 -2.106639e+01 
-1.149010e+01 -2.106764e+01 
-1.159050e+01 -2.106808e+01 
-1.169087e+01 -2.106777e+01 
-1.179125e+01 -2.106672e+01 
-1.189162e+01 -2.106490e+01 
-1.199201e+01 -2.106231e+01 
-1.209239e+01 -2.105895e+01 
-1.219279e+01 -2.105480e+01 
-1.229318e+01 -2.104986e+01 
-1.239358e+01 -2.104411e+01 
-1.249398e+01 -2.103754e+01 
-1.259439e+01 -2.103015e+01 
-1.269480e+01 -2.102192e+01 
-1.279522e+01 -2.101285e+01 
-1.289564e+01 -2.100293e+01 
-1.299606e+01 -2.099215e+01 
-1.309648e+01 -2.098050e+01 
-1.319691e+01 -2.096796e+01 
-1.329734e+01 -2.095454e+01 
-1.339778e+01 -2.094023e+01 
-1.349821e+01 -2.092501e+01 
-1.359865e+01 -2.090887e+01 
-1.369909e+01 -2.089181e+01 
-1.379954e+01 -2.087382e+01 
-1.389998e+01 -2.085489e+01 
-1.400043e+01 -2.083501e+01 
-1.410085e+01 -2.081422e+01 
-1.420126e+01 -2.079258e+01 
-1.430164e+01 -2.077011e+01 
-1.440199e+01 -2.074688e+01 
-1.450235e+01 -2.072289e+01 
-1.460270e+01 -2.069813e+01 
-1.470305e+01 -2.067258e+01 
-1.480341e+01 -2.064626e+01 
-1.490376e+01 -2.061916e+01 
-1.500411e+01 -2.059127e+01 
-1.510446e+01 -2.056258e+01 
-1.520481e+01 -2.053310e+01 
-1.530517e+01 -2.050281e+01 
-1.540552e+01 -2.047172e+01 
-1.550587e+01 -2.043982e+01 
-1.560618e+01 -2.040720e+01 
-1.570649e+01 -2.037387e+01 
-1.580680e+01 -2.033981e+01 
-1.590711e+01 -2.030502e+01 
-1.600742e+01 -2.026948e+01 
-1.610773e+01 -2.023319e+01 
-1.620804e+01 -2.019613e+01 
-1.630836e+01 -2.015831e+01 
-1.640868e+01 -2.011970e+01 
-1.650900e+01 -2.008030e+01 
-1.660932e+01 -2.004010e+01 
-1.670964e+01 -1.999908e+01 
-1.680997e+01 -1.995724e+01 
-1.691029e+01 -1.991456e+01 
-1.701062e+01 -1.987104e+01 
-1.711095e+01 -1.982665e+01 
-1.721130e+01 -1.978131e+01 
-1.731166e+01 -1.973502e+01 
-1.741205e+01 -1.968768e+01 
-1.751244e+01 -1.963927e+01 
-1.761283e+01 -1.958979e+01 
-1.771322e+01 -1.953922e+01 
-1.781361e+01 -1.948753e+01 
-1.791400e+01 -1.943473e+01 
-1.801439e+01 -1.938077e+01 
-1.811478e+01 -1.932566e+01 
-1.821518e+01 -1.926936e+01 
-1.831557e+01 -1.921187e+01 
-1.841596e+01 -1.915316e+01 
-1.851636e+01 -1.909321e+01 
-1.861675e+01 -1.903200e+01 
-1.871714e+01 -1.896951e+01 
-1.881754e+01 -1.890572e+01 
-1.891793e+01 -1.884060e+01 
-1.901832e+01 -1.877413e+01 
-1.911872e+01 -1.870628e+01 
-1.921911e+01 -1.863704e+01 
-1.931950e+01 -1.856637e+01 
-1.941989e+01 -1.849425e+01 
-1.952028e+01 -1.842065e+01 
-1.962068e+01 -1.834553e+01 
-1.972104e+01 -1.826897e+01 
-1.982139e+01 -1.819106e+01 
-1.992173e+01 -1.811172e+01 
-2.002208e+01 -1.803092e+01 
-2.012243e+01 -1.794862e+01 
-2.022278e+01 -1.786479e+01 
-2.032312e+01 -1.777941e+01 
-2.042347e+01 -1.769242e+01 
-2.052382e+01 -1.760380e+01 
-2.062416e+01 -1.751351e+01 
-2.072451e+01 -1.742151e+01 
-2.082486e+01 -1.732775e+01 
-2.092520e+01 -1.723220e+01 
-2.102554e+01 -1.713481e+01 
-2.112589e+01 -1.703554e+01 
-2.122539e+01 -1.693521e+01 
-2.132303e+01 -1.683487e+01 
-2.141888e+01 -1.673454e+01 
-2.151298e+01 -1.663420e+01 
-2.160539e+01 -1.653387e+01 
-2.169616e+01 -1.643354e+01 
-2.178534e+01 -1.633322e+01 
-2.187297e+01 -1.623289e+01 
-2.195911e+01 -1.613257e+01 
-2.204380e+01 -1.603225e+01 
-2.212707e+01 -1.593194e+01 
-2.220897e+01 -1.583162e+01 
-2.228953e+01 -1.573131e+01 
-2.236879e+01 -1.563100e+01 
-2.244677e+01 -1.553069e+01 
-2.252350e+01 -1.543038e+01 
-2.259903e+01 -1.533007e+01 
-2.267337e+01 -1.522977e+01 
-2.274655e+01 -1.512947e+01 
-2.281860e+01 -1.502917e+01 
-2.288957e+01 -1.492888e+01 
-2.295950e+01 -1.482860e+01 
-2.302841e+01 -1.472832e+01 
-2.309632e+01 -1.462803e+01 
-2.316323e+01 -1.452775e+01 
-2.322916e+01 -1.442747e+01 
-2.329411e+01 -1.432718e+01 
-2.335809e+01 -1.422689e+01 
-2.342111e+01 -1.412660e+01 
-2.348313e+01 -1.402630e+01 
-2.354417e+01 -1.392599e+01 
-2.360425e+01 -1.382569e+01 
-2.366337e+01 -1.372539e+01 
-2.372157e+01 -1.362509e+01 
-2.377886e+01 -1.352480e+01 
-2.383525e+01 -1.342451e+01 
-2.389077e+01 -1.332421e+01 
-2.394542e+01 -1.322393e+01 
-2.399923e+01 -1.312364e+01 
-2.405221e+01 -1.302336e+01 
-2.410438e+01 -1.292307e+01 
-2.415574e+01 -1.282279e+01 
-2.420632e+01 -1.272252e+01 
-2.425612e+01 -1.262224e+01 
-2.430516e+01 -1.252197e+01 
-2.435346e+01 -1.242170e+01 
-2.440101e+01 -1.232143e+01 
-2.444785e+01 -1.222116e+01 
-2.449397e+01 -1.212089e+01 
-2.453939e+01 -1.202063e+01 
-2.458412e+01 -1.192037e+01 
-2.462817e+01 -1.182011e+01 
-2.467155e+01 -1.171986e+01 
-2.471427e+01 -1.161960e+01 
-2.475634e+01 -1.151935e+01 
-2.479777e+01 -1.141910e+01 
-2.483857e+01 -1.131885e+01 
-2.487875e+01 -1.121860e+01 
-2.491831e+01 -1.111835e+01 
-2.495726e+01 -1.101811e+01 
-2.499563e+01 -1.091787e+01 
-2.503342e+01 -1.081764e+01 
-2.507066e+01 -1.071741e+01 
-2.510733e+01 -1.061718e+01 
-2.514343e+01 -1.051694e+01 
-2.517896e+01 -1.041670e+01 
-2.521392e+01 -1.031647e+01 
-2.524834e+01 -1.021624e+01 
-2.528222e+01 -1.011601e+01 
-2.531559e+01 -1.001579e+01 
-2.534845e+01 -9.915579e+00 
-2.538082e+01 -9.815369e+00 
-2.541268e+01 -9.715150e+00 
-2.544399e+01 -9.614903e+00 
-2.547470e+01 -9.514645e+00 
-2.550480e+01 -9.414375e+00 
-2.553427e+01 -9.314097e+00 
-2.556328e+01 -9.213908e+00 
-2.559194e+01 -9.113757e+00 
-2.562026e+01 -9.013603e+00 
-2.564823e+01 -8.913447e+00 
-2.567584e+01 -8.813288e+00 
-2.570309e+01 -8.713126e+00 
-2.572997e+01 -8.612960e+00 
-2.575648e+01 -8.512791e+00 
-2.578256e+01 -8.412592e+00 
-2.580818e+01 -8.312389e+00 
-2.583336e+01 -8.212183e+00 
-2.585808e+01 -8.111978e+00 
-2.588237e+01 -8.011776e+00 
-2.590621e+01 -7.911576e+00 
-2.592963e+01 -7.811378e+00 
-2.595262e+01 -7.711182e+00 
-2.597519e+01 -7.610989e+00 
-2.599735e+01 -7.510797e+00 
-2.601910e+01 -7.410607e+00 
-2.604045e+01 -7.310419e+00 
-2.606140e+01 -7.210233e+00 
-2.608195e+01 -7.110049e+00 
-2.610212e+01 -7.009867e+00 
-2.612190e+01 -6.909686e+00 
-2.614130e+01 -6.809507e+00 
-2.616033e+01 -6.709330e+00 
-2.617899e+01 -6.609155e+00 
-2.619728e+01 -6.508982e+00 
-2.621521e+01 -6.408810e+00 
-2.623278e+01 -6.308639e+00 
-2.625000e+01 -6.208471e+00 
-2.626688e+01 -6.108306e+00 
-2.628342e+01 -6.008149e+00 
-2.629957e+01 -5.907956e+00 
-2.631522e+01 -5.807713e+00 
-2.633039e+01 -5.707484e+00 
-2.634512e+01 -5.607269e+00 
-2.635943e+01 -5.507067e+00 
-2.637334e+01 -5.406879e+00 
-2.638690e+01 -5.306703e+00 
-2.640011e+01 -5.206540e+00 
-2.641301e+01 -5.106389e+00 
-2.642563e+01 -5.006250e+00 
-2.643798e+01 -4.906122e+00 
-2.645010e+01 -4.806006e+00 
-2.646200e+01 -4.705901e+00 
-2.647370e+01 -4.605806e+00 
-2.648523e+01 -4.505723e+00 
-2.649661e+01 -4.405650e+00 
-2.650775e+01 -4.305530e+00 
-2.651853e+01 -4.205345e+00 
-2.652894e+01 -4.105169e+00 
-2.653901e+01 -4.005001e+00 
-2.654875e+01 -3.904841e+00 
-2.655818e+01 -3.804688e+00 
-2.656732e+01 -3.704544e+00 
-2.657619e+01 -3.604408e+00 
-2.658479e+01 -3.504280e+00 
-2.659315e+01 -3.404160e+00 
-2.660128e+01 -3.304047e+00 
-2.660919e+01 -3.203942e+00 
-2.661691e+01 -3.103844e+00 
-2.662445e+01 -3.003755e+00 
-2.663182e+01 -2.903672e+00 
-2.663904e+01 -2.803598e+00 
-2.664612e+01 -2.703530e+00 
-2.665304e+01 -2.603448e+00 
-2.665975e+01 -2.503344e+00 
-2.666625e+01 -2.403239e+00 
-2.667254e+01 -2.303134e+00 
-2.667861e+01 -2.203028e+00 
-2.668447e+01 -2.102920e+00 
-2.669011e+01 -2.002812e+00 
-2.669553e+01 -1.902703e+00 
-2.670073e+01 -1.802593e+00 
-2.670570e+01 -1.702482e+00 
-2.671045e+01 -1.602370e+00 
-2.671498e+01 -1.502257e+00 
-2.671927e+01 -1.402143e+00 
-2.672333e+01 -1.302027e+00 
-2.672716e+01 -1.201911e+00 
-2.673075e+01 -1.101793e+00 
-2.673411e+01 -1.001674e+00 
-2.673722e+01 -9.015518e-01 
-2.674005e+01 -8.014163e-01 
-2.674262e+01 -7.012806e-01 
-2.674480e+01 -6.010891e-01 
-2.664483e+01 -5.989109e-01 
