-1.145101e+01 -3.993535e-01 
-1.144972e+01 -4.990453e-01 
-1.144782e+01 -5.987374e-01 
-1.144530e+01 -6.984297e-01 
-1.144217e+01 -7.981223e-01 
-1.143842e+01 -8.978152e-01 
-1.143406e+01 -9.975081e-01 
-1.142909e+01 -1.097200e+00 
-1.142350e+01 -1.196890e+00 
-1.141729e+01 -1.296579e+00 
-1.141045e+01 -1.396268e+00 
-1.140299e+01 -1.495955e+00 
-1.139490e+01 -1.595641e+00 
-1.138618e+01 -1.695326e+00 
-1.137682e+01 -1.795010e+00 
-1.136682e+01 -1.894693e+00 
-1.135618e+01 -1.994384e+00 
-1.134491e+01 -2.094074e+00 
-1.133302e+01 -2.193737e+00 
-1.132044e+01 -2.293400e+00 
-1.130717e+01 -2.393062e+00 
-1.129321e+01 -2.492724e+00 
-1.127855e+01 -2.592386e+00 
-1.126319e+01 -2.692047e+00 
-1.124714e+01 -2.791708e+00 
-1.123038e+01 -2.891369e+00 
-1.121291e+01 -2.991029e+00 
-1.119474e+01 -3.090690e+00 
-1.117585e+01 -3.190351e+00 
-1.115625e+01 -3.290011e+00 
-1.113593e+01 -3.389672e+00 
-1.111490e+01 -3.489333e+00 
-1.109313e+01 -3.588991e+00 
-1.107064e+01 -3.688648e+00 
-1.104741e+01 -3.788299e+00 
-1.102342e+01 -3.887949e+00 
-1.099868e+01 -3.987600e+00 
-1.097317e+01 -4.087250e+00 
-1.094689e+01 -4.186901e+00 
-1.091984e+01 -4.286551e+00 
-1.089201e+01 -4.386201e+00 
-1.086340e+01 -4.485851e+00 
-1.083400e+01 -4.585502e+00 
-1.080381e+01 -4.685152e+00 
-1.077282e+01 -4.784803e+00 
-1.074103e+01 -4.884453e+00 
-1.070843e+01 -4.984104e+00 
-1.067502e+01 -5.083755e+00 
-1.064079e+01 -5.183406e+00 
-1.060573e+01 -5.283058e+00 
-1.056984e+01 -5.382710e+00 
-1.053312e+01 -5.482363e+00 
-1.049555e+01 -5.582015e+00 
-1.045714e+01 -5.681669e+00 
-1.041787e+01 -5.781323e+00 
-1.037774e+01 -5.880978e+00 
-1.033675e+01 -5.980633e+00 
-1.029488e+01 -6.080289e+00 
-1.025213e+01 -6.179946e+00 
-1.020850e+01 -6.279604e+00 
-1.016398e+01 -6.379263e+00 
-1.011856e+01 -6.478916e+00 
-1.007224e+01 -6.578513e+00 
-1.002486e+01 -6.678062e+00 
-9.976262e+00 -6.777608e+00 
-9.926405e+00 -6.877152e+00 
-9.875268e+00 -6.976694e+00 
-9.822828e+00 -7.076235e+00 
-9.769058e+00 -7.175775e+00 
-9.713933e+00 -7.275314e+00 
-9.657425e+00 -7.374852e+00 
-9.599506e+00 -7.474389e+00 
-9.540147e+00 -7.573926e+00 
-9.479318e+00 -7.673462e+00 
-9.416988e+00 -7.772998e+00 
-9.353125e+00 -7.872534e+00 
-9.287695e+00 -7.972070e+00 
-9.220663e+00 -8.071606e+00 
-9.151996e+00 -8.171139e+00 
-9.081662e+00 -8.270649e+00 
-9.009515e+00 -8.370153e+00 
-8.935487e+00 -8.469654e+00 
-8.859508e+00 -8.569153e+00 
-8.781518e+00 -8.668650e+00 
-8.701444e+00 -8.768145e+00 
-8.619213e+00 -8.867639e+00 
-8.534745e+00 -8.967130e+00 
-8.447956e+00 -9.066619e+00 
-8.358750e+00 -9.166105e+00 
-8.267023e+00 -9.265588e+00 
-8.172658e+00 -9.365068e+00 
-8.075520e+00 -9.464553e+00 
-7.976234e+00 -9.563340e+00 
-7.877060e+00 -9.658161e+00 
-7.777896e+00 -9.748772e+00 
-7.678744e+00 -9.835373e+00 
-7.579605e+00 -9.918139e+00 
-7.480479e+00 -9.997225e+00 
-7.381369e+00 -1.007276e+01 
-7.282274e+00 -1.014487e+01 
-7.183196e+00 -1.021366e+01 
-7.084135e+00 -1.027921e+01 
-6.985093e+00 -1.034161e+01 
-6.886069e+00 -1.040093e+01 
-6.787065e+00 -1.045724e+01 
-6.688062e+00 -1.051060e+01 
-6.589060e+00 -1.056112e+01 
-6.490036e+00 -1.060890e+01 
-6.391013e+00 -1.065408e+01 
-6.291999e+00 -1.069672e+01 
-6.193140e+00 -1.073681e+01 
-6.095134e+00 -1.077382e+01 
-5.997333e+00 -1.080611e+01 
-5.899558e+00 -1.083347e+01 
-5.801798e+00 -1.085605e+01 
-5.704458e+00 -1.087391e+01 
-5.607351e+00 -1.088638e+01 
-5.510331e+00 -1.089314e+01 
-5.413293e+00 -1.089411e+01 
-5.316214e+00 -1.088932e+01 
-5.219085e+00 -1.087879e+01 
-5.121905e+00 -1.086251e+01 
-5.024676e+00 -1.084042e+01 
-4.927415e+00 -1.081237e+01 
-4.830942e+00 -1.077850e+01 
-4.735038e+00 -1.073648e+01 
-4.638922e+00 -1.068340e+01 
-4.542791e+00 -1.061823e+01 
-4.446470e+00 -1.053830e+01 
-4.351349e+00 -1.044166e+01 
-4.271635e+00 -1.034440e+01 
-4.202206e+00 -1.024660e+01 
-4.140091e+00 -1.014846e+01 
-4.083695e+00 -1.005011e+01 
-4.032041e+00 -9.951595e+00 
-3.984425e+00 -9.852950e+00 
-3.940326e+00 -9.754144e+00 
-3.899200e+00 -9.655150e+00 
-3.860535e+00 -9.556055e+00 
-3.824036e+00 -9.456885e+00 
-3.789488e+00 -9.357648e+00 
-3.756705e+00 -9.258353e+00 
-3.725549e+00 -9.159069e+00 
-3.696014e+00 -9.059768e+00 
-3.668037e+00 -8.960433e+00 
-3.641526e+00 -8.861071e+00 
-3.616405e+00 -8.761679e+00 
-3.592586e+00 -8.662207e+00 
-3.569863e+00 -8.562542e+00 
-3.547849e+00 -8.462831e+00 
-3.526461e+00 -8.363161e+00 
-3.505769e+00 -8.263462e+00 
-3.485723e+00 -8.163800e+00 
-3.466389e+00 -8.064136e+00 
-3.447760e+00 -7.964462e+00 
-3.429814e+00 -7.864782e+00 
-3.412534e+00 -7.765093e+00 
-3.395899e+00 -7.665385e+00 
-3.379862e+00 -7.565627e+00 
-3.364321e+00 -7.465838e+00 
-3.349210e+00 -7.366019e+00 
-3.334470e+00 -7.266171e+00 
-3.320038e+00 -7.166288e+00 
-3.305851e+00 -7.066437e+00 
-3.291989e+00 -6.966725e+00 
-3.278716e+00 -6.866989e+00 
-3.265980e+00 -6.767233e+00 
-3.253739e+00 -6.667456e+00 
-3.241952e+00 -6.567661e+00 
-3.230580e+00 -6.467848e+00 
-3.219584e+00 -6.368010e+00 
-3.208913e+00 -6.268124e+00 
-3.198471e+00 -6.168216e+00 
-3.188220e+00 -6.068340e+00 
-3.178214e+00 -5.968408e+00 
-3.168353e+00 -5.868529e+00 
-3.158729e+00 -5.768581e+00 
-3.149209e+00 -5.668607e+00 
-3.139741e+00 -5.568640e+00 
-3.130341e+00 -5.468684e+00 
-3.121033e+00 -5.368740e+00 
-3.111839e+00 -5.268808e+00 
-3.102783e+00 -5.168887e+00 
-3.093888e+00 -5.068977e+00 
-3.085176e+00 -4.969079e+00 
-3.076671e+00 -4.869193e+00 
-3.068398e+00 -4.769329e+00 
-3.060400e+00 -4.669474e+00 
-3.052690e+00 -4.569566e+00 
-3.045163e+00 -4.469634e+00 
-3.037776e+00 -4.369722e+00 
-3.030565e+00 -4.269808e+00 
-3.023525e+00 -4.169861e+00 
-3.016592e+00 -4.069908e+00 
-3.009752e+00 -3.969952e+00 
-3.003005e+00 -3.870039e+00 
-2.996434e+00 -3.770175e+00 
-2.990137e+00 -3.670292e+00 
-2.984073e+00 -3.570390e+00 
-2.978206e+00 -3.470465e+00 
-2.972485e+00 -3.370470e+00 
-2.966767e+00 -3.270338e+00 
-2.960780e+00 -3.170182e+00 
-2.954486e+00 -3.070134e+00 
-2.948109e+00 -2.970291e+00 
-2.942048e+00 -2.870454e+00 
-2.936313e+00 -2.770602e+00 
-2.930874e+00 -2.670736e+00 
-2.925702e+00 -2.570855e+00 
-2.920768e+00 -2.470959e+00 
-2.916042e+00 -2.371052e+00 
-2.911503e+00 -2.271127e+00 
-2.907110e+00 -2.171130e+00 
-2.902721e+00 -2.071094e+00 
-2.898261e+00 -1.971067e+00 
-2.893748e+00 -1.871070e+00 
-2.889243e+00 -1.771124e+00 
-2.884845e+00 -1.671148e+00 
-2.880496e+00 -1.571159e+00 
-2.876171e+00 -1.471224e+00 
-2.871976e+00 -1.371299e+00 
-2.867931e+00 -1.271383e+00 
-2.864056e+00 -1.171478e+00 
-2.860370e+00 -1.071578e+00 
-2.856885e+00 -9.716588e-01 
-2.853560e+00 -8.716967e-01 
-2.850310e+00 -7.717263e-01 
-2.847120e+00 -6.717594e-01 
-2.843996e+00 -5.717954e-01 
-2.840945e+00 -4.718341e-01 
-2.837970e+00 -3.718472e-01 
-2.835019e+00 -2.717946e-01 
-2.831964e+00 -1.717616e-01 
-2.828867e+00 -7.332109e-02 
-2.828843e+00 7.176158e-02 
-2.831965e+00 1.717946e-01 
-2.835021e+00 2.718472e-01 
-2.837969e+00 3.718341e-01 
-2.840943e+00 4.717954e-01 
-2.843995e+00 5.717594e-01 
-2.847119e+00 6.717263e-01 
-2.850309e+00 7.716967e-01 
-2.853559e+00 8.716588e-01 
-2.856882e+00 9.715782e-01 
-2.860367e+00 1.071478e+00 
-2.864052e+00 1.171383e+00 
-2.867928e+00 1.271299e+00 
-2.871973e+00 1.371224e+00 
-2.876168e+00 1.471159e+00 
-2.880495e+00 1.571148e+00 
-2.884844e+00 1.671124e+00 
-2.889241e+00 1.771070e+00 
-2.893748e+00 1.871067e+00 
-2.898263e+00 1.971094e+00 
-2.902722e+00 2.071130e+00 
-2.907110e+00 2.171127e+00 
-2.911499e+00 2.271052e+00 
-2.916038e+00 2.370959e+00 
-2.920763e+00 2.470855e+00 
-2.925696e+00 2.570736e+00 
-2.825830e+00 2.575907e+00 
-2.820884e+00 2.475788e+00 
-2.816150e+00 2.375683e+00 
-2.811602e+00 2.275590e+00 
-2.807206e+00 2.175516e+00 
-2.802818e+00 2.075513e+00 
-2.798362e+00 1.975548e+00 
-2.793850e+00 1.875576e+00 
-2.789342e+00 1.775573e+00 
-2.784941e+00 1.675518e+00 
-2.780590e+00 1.575494e+00 
-2.776262e+00 1.475483e+00 
-2.772061e+00 1.375418e+00 
-2.768010e+00 1.275344e+00 
-2.764127e+00 1.175259e+00 
-2.760435e+00 1.075164e+00 
-2.756943e+00 9.750640e-01 
-2.753614e+00 8.749834e-01 
-2.750362e+00 7.749455e-01 
-2.747170e+00 6.749159e-01 
-2.744044e+00 5.748828e-01 
-2.740990e+00 4.748468e-01 
-2.738014e+00 3.748080e-01 
-2.735064e+00 2.747950e-01 
-2.732011e+00 1.748476e-01 
-2.728892e+00 7.488060e-02 
-2.728867e+00 -7.332109e-02 
-2.732012e+00 -1.748806e-01 
-2.735066e+00 -2.748476e-01 
-2.738013e+00 -3.747950e-01 
-2.740989e+00 -4.748080e-01 
-2.744043e+00 -5.748468e-01 
-2.747169e+00 -6.748828e-01 
-2.750361e+00 -7.749159e-01 
-2.753613e+00 -8.749455e-01 
-2.756940e+00 -9.749834e-01 
-2.760431e+00 -1.075064e+00 
-2.764124e+00 -1.175164e+00 
-2.768006e+00 -1.275259e+00 
-2.772058e+00 -1.375344e+00 
-2.776259e+00 -1.475418e+00 
-2.780589e+00 -1.575483e+00 
-2.784940e+00 -1.675494e+00 
-2.789340e+00 -1.775518e+00 
-2.793849e+00 -1.875573e+00 
-2.798363e+00 -1.975576e+00 
-2.802820e+00 -2.075548e+00 
-2.807206e+00 -2.175513e+00 
-2.811599e+00 -2.275516e+00 
-2.816145e+00 -2.375590e+00 
-2.820879e+00 -2.475683e+00 
-2.825824e+00 -2.575788e+00 
-2.831007e+00 -2.675907e+00 
-2.836461e+00 -2.776040e+00 
-2.842213e+00 -2.876188e+00 
-2.848293e+00 -2.976351e+00 
-2.854690e+00 -3.076508e+00 
-2.860978e+00 -3.176460e+00 
-2.866945e+00 -3.276304e+00 
-2.872648e+00 -3.376172e+00 
-2.878369e+00 -3.476177e+00 
-2.884245e+00 -3.576252e+00 
-2.890320e+00 -3.676350e+00 
-2.896632e+00 -3.776467e+00 
-2.903220e+00 -3.876604e+00 
-2.909980e+00 -3.976690e+00 
-2.916825e+00 -4.076734e+00 
-2.923764e+00 -4.176781e+00 
-2.930813e+00 -4.276835e+00 
-2.938035e+00 -4.376920e+00 
-2.945435e+00 -4.477008e+00 
-2.952973e+00 -4.577077e+00 
-2.960696e+00 -4.677168e+00 
-2.968718e+00 -4.777313e+00 
-2.977012e+00 -4.877449e+00 
-2.985537e+00 -4.977563e+00 
-2.994266e+00 -5.077665e+00 
-3.003177e+00 -5.177755e+00 
-3.012247e+00 -5.277834e+00 
-3.021453e+00 -5.377902e+00 
-3.030772e+00 -5.477958e+00 
-3.040180e+00 -5.578003e+00 
-3.049654e+00 -5.678035e+00 
-3.059179e+00 -5.778061e+00 
-3.068813e+00 -5.878113e+00 
-3.078698e+00 -5.978234e+00 
-3.088718e+00 -6.078303e+00 
-3.098994e+00 -6.178426e+00 
-3.109455e+00 -6.278519e+00 
-3.120150e+00 -6.378632e+00 
-3.131181e+00 -6.478795e+00 
-3.142595e+00 -6.578981e+00 
-3.154430e+00 -6.679186e+00 
-3.166724e+00 -6.779409e+00 
-3.179521e+00 -6.879653e+00 
-3.192863e+00 -6.979917e+00 
-3.206804e+00 -7.080206e+00 
-3.221032e+00 -7.180354e+00 
-3.235498e+00 -7.280471e+00 
-3.250282e+00 -7.380623e+00 
-3.265447e+00 -7.480805e+00 
-3.281053e+00 -7.581015e+00 
-3.297166e+00 -7.681257e+00 
-3.313897e+00 -7.781549e+00 
-3.331283e+00 -7.881860e+00 
-3.349342e+00 -7.982180e+00 
-3.368091e+00 -8.082507e+00 
-3.387552e+00 -8.182842e+00 
-3.407732e+00 -8.283180e+00 
-3.428548e+00 -8.383482e+00 
-3.450074e+00 -8.483811e+00 
-3.472214e+00 -8.584100e+00 
-3.495088e+00 -8.684435e+00 
-3.519153e+00 -8.784963e+00 
-3.544574e+00 -8.885571e+00 
-3.571416e+00 -8.986209e+00 
-3.599758e+00 -9.086874e+00 
-3.629698e+00 -9.187573e+00 
-3.661291e+00 -9.288289e+00 
-3.694528e+00 -9.388994e+00 
-3.729594e+00 -9.489757e+00 
-3.766686e+00 -9.590587e+00 
-3.806037e+00 -9.691492e+00 
-3.847974e+00 -9.792499e+00 
-3.893101e+00 -9.893692e+00 
-3.941975e+00 -9.995047e+00 
-3.995119e+00 -1.009653e+01 
-4.053326e+00 -1.019818e+01 
-4.117688e+00 -1.030005e+01 
-4.190058e+00 -1.040224e+01 
-4.273948e+00 -1.050498e+01 
-4.375097e+00 -1.060834e+01 
-4.478777e+00 -1.069506e+01 
-4.582645e+00 -1.076606e+01 
-4.686529e+00 -1.082392e+01 
-4.790626e+00 -1.087001e+01 
-4.894153e+00 -1.090668e+01 
-4.996891e+00 -1.093648e+01 
-5.099663e+00 -1.096001e+01 
-5.202482e+00 -1.097740e+01 
-5.305354e+00 -1.098873e+01 
-5.408274e+00 -1.099398e+01 
-5.511237e+00 -1.099314e+01 
-5.614217e+00 -1.098614e+01 
-5.717110e+00 -1.097310e+01 
-5.819770e+00 -1.095442e+01 
-5.922010e+00 -1.093092e+01 
-6.024235e+00 -1.090242e+01 
-6.126433e+00 -1.086880e+01 
-6.228428e+00 -1.083038e+01 
-6.329569e+00 -1.078939e+01 
-6.430555e+00 -1.074593e+01 
-6.531532e+00 -1.069989e+01 
-6.632508e+00 -1.065119e+01 
-6.733505e+00 -1.059968e+01 
-6.834502e+00 -1.054527e+01 
-6.935498e+00 -1.048786e+01 
-7.036475e+00 -1.042740e+01 
-7.137432e+00 -1.036382e+01 
-7.238372e+00 -1.029706e+01 
-7.339294e+00 -1.022702e+01 
-7.440199e+00 -1.015363e+01 
-7.541088e+00 -1.007676e+01 
-7.641963e+00 -9.996315e+00 
-7.742824e+00 -9.912144e+00 
-7.843672e+00 -9.824094e+00 
-7.944508e+00 -9.731990e+00 
-8.045334e+00 -9.635626e+00 
-8.146047e+00 -9.535447e+00 
-8.244205e+00 -9.434932e+00 
-8.339571e+00 -9.334412e+00 
-8.432266e+00 -9.233895e+00 
-8.522406e+00 -9.133381e+00 
-8.610100e+00 -9.032870e+00 
-8.695442e+00 -8.932361e+00 
-8.778522e+00 -8.831855e+00 
-8.859420e+00 -8.731350e+00 
-8.938210e+00 -8.630847e+00 
-9.014963e+00 -8.530346e+00 
-9.089744e+00 -8.429847e+00 
-9.162619e+00 -8.329351e+00 
-9.233655e+00 -8.228861e+00 
-9.302974e+00 -8.128394e+00 
-9.370638e+00 -8.027930e+00 
-9.436686e+00 -7.927466e+00 
-9.501152e+00 -7.827002e+00 
-9.564071e+00 -7.726538e+00 
-9.625474e+00 -7.626074e+00 
-9.685392e+00 -7.525611e+00 
-9.743856e+00 -7.425148e+00 
-9.800895e+00 -7.324686e+00 
-9.856538e+00 -7.224225e+00 
-9.910811e+00 -7.123765e+00 
-9.963741e+00 -7.023306e+00 
-1.001535e+01 -6.922848e+00 
-1.006567e+01 -6.822392e+00 
-1.011472e+01 -6.721938e+00 
-1.016254e+01 -6.621487e+00 
-1.020923e+01 -6.521084e+00 
-1.025497e+01 -6.420737e+00 
-1.029980e+01 -6.320396e+00 
-1.034374e+01 -6.220054e+00 
-1.038678e+01 -6.119711e+00 
-1.042894e+01 -6.019367e+00 
-1.047022e+01 -5.919022e+00 
-1.051063e+01 -5.818677e+00 
-1.055018e+01 -5.718331e+00 
-1.058886e+01 -5.617985e+00 
-1.062669e+01 -5.517637e+00 
-1.066367e+01 -5.417290e+00 
-1.069981e+01 -5.316942e+00 
-1.073512e+01 -5.216594e+00 
-1.076960e+01 -5.116245e+00 
-1.080325e+01 -5.015896e+00 
-1.083608e+01 -4.915547e+00 
-1.086809e+01 -4.815197e+00 
-1.089930e+01 -4.714848e+00 
-1.092971e+01 -4.614498e+00 
-1.095932e+01 -4.514149e+00 
-1.098813e+01 -4.413799e+00 
-1.101616e+01 -4.313449e+00 
-1.104340e+01 -4.213099e+00 
-1.106986e+01 -4.112750e+00 
-1.109555e+01 -4.012400e+00 
-1.112048e+01 -3.912051e+00 
-1.114463e+01 -3.811701e+00 
-1.116803e+01 -3.711352e+00 
-1.119068e+01 -3.611009e+00 
-1.121259e+01 -3.510667e+00 
-1.123378e+01 -3.410328e+00 
-1.125424e+01 -3.309989e+00 
-1.127397e+01 -3.209649e+00 
-1.129299e+01 -3.109310e+00 
-1.131129e+01 -3.008971e+00 
-1.132888e+01 -2.908631e+00 
-1.134575e+01 -2.808292e+00 
-1.136192e+01 -2.707953e+00 
-1.137738e+01 -2.607614e+00 
-1.139214e+01 -2.507276e+00 
-1.140620e+01 -2.406938e+00 
-1.141956e+01 -2.306600e+00 
-1.143223e+01 -2.206263e+00 
-1.144421e+01 -2.105926e+00 
-1.145555e+01 -2.005616e+00 
-1.146626e+01 -1.905307e+00 
-1.147632e+01 -1.804990e+00 
-1.148574e+01 -1.704674e+00 
-1.149452e+01 -1.604359e+00 
-1.150266e+01 -1.504045e+00 
-1.151017e+01 -1.403732e+00 
-1.151705e+01 -1.303421e+00 
-1.152330e+01 -1.203110e+00 
-1.152893e+01 -1.102800e+00 
-1.153394e+01 -1.002492e+00 
-1.153833e+01 -9.021848e-01 
-1.154210e+01 -8.018777e-01 
-1.154525e+01 -7.015703e-01 
-1.154778e+01 -6.012626e-01 
-1.154970e+01 -5.009547e-01 
-1.155100e+01 -4.006465e-01 
-1.145101e+01 -3.993535e-01 
