1.635020e+00 5.983701e+00 
1.641924e+00 6.083572e+00 
1.649088e+00 6.183439e+00 
1.656519e+00 6.283307e+00 
1.664216e+00 6.383176e+00 
1.672176e+00 6.483048e+00 
1.680404e+00 6.583023e+00 
1.688683e+00 6.682999e+00 
1.697012e+00 6.783001e+00 
1.705342e+00 6.883051e+00 
1.713566e+00 6.983042e+00 
1.721800e+00 7.082947e+00 
1.730223e+00 7.182824e+00 
1.738894e+00 7.282696e+00 
1.747825e+00 7.382562e+00 
1.757026e+00 7.482423e+00 
1.766507e+00 7.582281e+00 
1.776277e+00 7.682148e+00 
1.786316e+00 7.782011e+00 
1.796622e+00 7.881777e+00 
1.807417e+00 7.981669e+00 
1.818435e+00 8.081598e+00 
1.829595e+00 8.181492e+00 
1.840967e+00 8.281361e+00 
1.852603e+00 8.381198e+00 
1.864566e+00 8.481003e+00 
1.876924e+00 8.580773e+00 
1.889747e+00 8.680511e+00 
1.903112e+00 8.780292e+00 
1.916936e+00 8.880138e+00 
1.931076e+00 8.979982e+00 
1.945532e+00 9.079787e+00 
1.960402e+00 9.179678e+00 
1.975505e+00 9.279623e+00 
1.990726e+00 9.379584e+00 
2.006012e+00 9.479447e+00 
2.021558e+00 9.579161e+00 
2.037697e+00 9.678888e+00 
2.054408e+00 9.778640e+00 
2.071635e+00 9.878393e+00 
2.089379e+00 9.978152e+00 
2.107619e+00 1.007787e+01 
2.126458e+00 1.017760e+01 
2.145872e+00 1.027737e+01 
2.165778e+00 1.037718e+01 
2.186101e+00 1.047703e+01 
2.206734e+00 1.057685e+01 
2.227728e+00 1.067664e+01 
2.249174e+00 1.077637e+01 
2.271181e+00 1.087603e+01 
2.293894e+00 1.097566e+01 
2.317418e+00 1.107531e+01 
2.341719e+00 1.117499e+01 
2.366710e+00 1.127469e+01 
2.392378e+00 1.137441e+01 
2.418660e+00 1.147419e+01 
2.445469e+00 1.157405e+01 
2.472575e+00 1.167387e+01 
2.500051e+00 1.177365e+01 
2.528014e+00 1.187336e+01 
2.556589e+00 1.197300e+01 
2.585942e+00 1.207250e+01 
2.616392e+00 1.217186e+01 
2.648340e+00 1.227132e+01 
2.681553e+00 1.237087e+01 
2.715791e+00 1.247029e+01 
2.751322e+00 1.256953e+01 
2.788687e+00 1.266877e+01 
2.827914e+00 1.276800e+01 
2.869051e+00 1.286722e+01 
2.912151e+00 1.296641e+01 
2.957296e+00 1.306545e+01 
3.004955e+00 1.316440e+01 
3.055488e+00 1.326331e+01 
3.109101e+00 1.336220e+01 
3.166022e+00 1.346109e+01 
3.226410e+00 1.356000e+01 
3.290328e+00 1.365888e+01 
3.358043e+00 1.375771e+01 
3.429919e+00 1.385645e+01 
3.506380e+00 1.395481e+01 
3.589836e+00 1.405330e+01 
3.680585e+00 1.415202e+01 
3.778070e+00 1.425078e+01 
3.876739e+00 1.434390e+01 
3.975332e+00 1.443046e+01 
4.073961e+00 1.451081e+01 
4.172681e+00 1.458566e+01 
4.271512e+00 1.465576e+01 
4.370323e+00 1.472171e+01 
4.469116e+00 1.478368e+01 
4.567933e+00 1.484184e+01 
4.666963e+00 1.489655e+01 
4.766067e+00 1.494847e+01 
4.865127e+00 1.499786e+01 
4.964153e+00 1.504468e+01 
5.063141e+00 1.508891e+01 
5.162092e+00 1.513053e+01 
5.261009e+00 1.516952e+01 
5.359890e+00 1.520588e+01 
5.458786e+00 1.523959e+01 
5.557822e+00 1.527081e+01 
5.657020e+00 1.529988e+01 
5.756188e+00 1.532716e+01 
5.855325e+00 1.535261e+01 
5.954427e+00 1.537618e+01 
6.053518e+00 1.539782e+01 
6.152703e+00 1.541757e+01 
6.252032e+00 1.543563e+01 
6.351424e+00 1.545230e+01 
6.450794e+00 1.546772e+01 
6.550142e+00 1.548183e+01 
6.649468e+00 1.549462e+01 
6.748770e+00 1.550603e+01 
6.848050e+00 1.551603e+01 
6.947306e+00 1.552459e+01 
7.046540e+00 1.553164e+01 
7.145750e+00 1.553717e+01 
7.244938e+00 1.554113e+01 
7.344104e+00 1.554347e+01 
7.443284e+00 1.554416e+01 
7.542584e+00 1.554322e+01 
7.641996e+00 1.554088e+01 
7.741414e+00 1.553737e+01 
7.840831e+00 1.553270e+01 
7.940241e+00 1.552687e+01 
8.039642e+00 1.551986e+01 
8.139034e+00 1.551165e+01 
8.238419e+00 1.550221e+01 
8.337796e+00 1.549154e+01 
8.437207e+00 1.547960e+01 
8.536693e+00 1.546645e+01 
8.636223e+00 1.545224e+01 
8.735745e+00 1.543706e+01 
8.835257e+00 1.542090e+01 
8.934760e+00 1.540373e+01 
9.034253e+00 1.538552e+01 
9.133738e+00 1.536626e+01 
9.233213e+00 1.534591e+01 
9.332679e+00 1.532444e+01 
9.432135e+00 1.530184e+01 
9.531582e+00 1.527807e+01 
9.631019e+00 1.525310e+01 
9.730447e+00 1.522690e+01 
9.829866e+00 1.519944e+01 
9.929275e+00 1.517068e+01 
1.002867e+01 1.514060e+01 
1.012807e+01 1.510915e+01 
1.022745e+01 1.507629e+01 
1.032682e+01 1.504200e+01 
1.042621e+01 1.500620e+01 
1.052567e+01 1.496892e+01 
1.062517e+01 1.493032e+01 
1.072474e+01 1.489045e+01 
1.082434e+01 1.484949e+01 
1.092394e+01 1.480752e+01 
1.102353e+01 1.476451e+01 
1.112312e+01 1.472044e+01 
1.122270e+01 1.467530e+01 
1.132228e+01 1.462906e+01 
1.142185e+01 1.458167e+01 
1.152142e+01 1.453313e+01 
1.162098e+01 1.448340e+01 
1.172054e+01 1.443245e+01 
1.182009e+01 1.438025e+01 
1.191965e+01 1.432675e+01 
1.201919e+01 1.427196e+01 
1.211874e+01 1.421581e+01 
1.221828e+01 1.415828e+01 
1.231782e+01 1.409934e+01 
1.241736e+01 1.403895e+01 
1.251690e+01 1.397707e+01 
1.261644e+01 1.391367e+01 
1.271597e+01 1.384873e+01 
1.281550e+01 1.378217e+01 
1.291503e+01 1.371397e+01 
1.301456e+01 1.364410e+01 
1.311408e+01 1.357249e+01 
1.321361e+01 1.349908e+01 
1.331313e+01 1.342385e+01 
1.341265e+01 1.334673e+01 
1.351217e+01 1.326764e+01 
1.361169e+01 1.318654e+01 
1.371120e+01 1.310335e+01 
1.381072e+01 1.301798e+01 
1.391029e+01 1.293033e+01 
1.400992e+01 1.284058e+01 
1.410958e+01 1.274895e+01 
1.420925e+01 1.265563e+01 
1.430890e+01 1.256055e+01 
1.440856e+01 1.246364e+01 
1.450821e+01 1.236484e+01 
1.460677e+01 1.226519e+01 
1.470343e+01 1.216554e+01 
1.479821e+01 1.206589e+01 
1.489116e+01 1.196625e+01 
1.498231e+01 1.186661e+01 
1.507170e+01 1.176697e+01 
1.515936e+01 1.166734e+01 
1.524533e+01 1.156770e+01 
1.532963e+01 1.146807e+01 
1.541231e+01 1.136844e+01 
1.549339e+01 1.126881e+01 
1.557291e+01 1.116918e+01 
1.565088e+01 1.106956e+01 
1.572735e+01 1.096993e+01 
1.580233e+01 1.087031e+01 
1.587586e+01 1.077069e+01 
1.594796e+01 1.067106e+01 
1.601866e+01 1.057144e+01 
1.608799e+01 1.047182e+01 
1.615596e+01 1.037220e+01 
1.622260e+01 1.027258e+01 
1.628794e+01 1.017296e+01 
1.635199e+01 1.007334e+01 
1.641479e+01 9.973719e+00 
1.647634e+01 9.874099e+00 
1.653668e+01 9.774478e+00 
1.659583e+01 9.674826e+00 
1.665392e+01 9.575149e+00 
1.671101e+01 9.475475e+00 
1.676711e+01 9.375803e+00 
1.682224e+01 9.276132e+00 
1.687638e+01 9.176463e+00 
1.692956e+01 9.076795e+00 
1.698179e+01 8.977128e+00 
1.703306e+01 8.877462e+00 
1.708339e+01 8.777797e+00 
1.713278e+01 8.678133e+00 
1.718125e+01 8.578470e+00 
1.722880e+01 8.478807e+00 
1.727544e+01 8.379145e+00 
1.732119e+01 8.279471e+00 
1.736608e+01 8.179771e+00 
1.741020e+01 8.080056e+00 
1.745358e+01 7.980324e+00 
1.749627e+01 7.880592e+00 
1.753828e+01 7.780859e+00 
1.757961e+01 7.681127e+00 
1.762026e+01 7.581394e+00 
1.766025e+01 7.481660e+00 
1.769957e+01 7.381927e+00 
1.773823e+01 7.282193e+00 
1.777625e+01 7.182458e+00 
1.781361e+01 7.082723e+00 
1.785034e+01 6.982988e+00 
1.788642e+01 6.883253e+00 
1.792188e+01 6.783517e+00 
1.795671e+01 6.683780e+00 
1.799091e+01 6.584043e+00 
1.802450e+01 6.484305e+00 
1.805747e+01 6.384567e+00 
1.808984e+01 6.284829e+00 
1.812160e+01 6.185090e+00 
1.815276e+01 6.085350e+00 
1.818333e+01 5.985610e+00 
1.821330e+01 5.885869e+00 
1.824269e+01 5.786128e+00 
1.827149e+01 5.686386e+00 
1.829972e+01 5.586644e+00 
1.832737e+01 5.486901e+00 
1.835444e+01 5.387157e+00 
1.838096e+01 5.287410e+00 
1.840691e+01 5.187656e+00 
1.843233e+01 5.087900e+00 
1.845721e+01 4.988141e+00 
1.848156e+01 4.888383e+00 
1.850540e+01 4.788624e+00 
1.852870e+01 4.688867e+00 
1.855149e+01 4.589109e+00 
1.857375e+01 4.489352e+00 
1.859550e+01 4.389595e+00 
1.861672e+01 4.289838e+00 
1.863743e+01 4.190081e+00 
1.865762e+01 4.090325e+00 
1.867730e+01 3.990569e+00 
1.869646e+01 3.890813e+00 
1.871510e+01 3.791058e+00 
1.873324e+01 3.691302e+00 
1.875086e+01 3.591547e+00 
1.876797e+01 3.491792e+00 
1.878457e+01 3.392037e+00 
1.880066e+01 3.292283e+00 
1.881625e+01 3.192528e+00 
1.883132e+01 3.092774e+00 
1.884590e+01 2.993019e+00 
1.885996e+01 2.893265e+00 
1.887352e+01 2.793511e+00 
1.888658e+01 2.693757e+00 
1.889913e+01 2.594004e+00 
1.891118e+01 2.494250e+00 
1.892273e+01 2.394496e+00 
1.893378e+01 2.294743e+00 
1.894433e+01 2.194989e+00 
1.895437e+01 2.095236e+00 
1.896392e+01 1.995482e+00 
1.897298e+01 1.895729e+00 
1.898153e+01 1.795975e+00 
1.898959e+01 1.696222e+00 
1.899715e+01 1.596468e+00 
1.900421e+01 1.496714e+00 
1.901078e+01 1.396971e+00 
1.901683e+01 1.297235e+00 
1.902236e+01 1.197507e+00 
1.902734e+01 1.097768e+00 
1.903180e+01 9.980217e-01 
1.903575e+01 8.982615e-01 
1.903922e+01 7.984997e-01 
1.904221e+01 6.987356e-01 
1.914218e+01 7.012644e-01 
1.913917e+01 8.015003e-01 
1.913569e+01 9.017385e-01 
1.913172e+01 1.001978e+00 
1.912724e+01 1.102232e+00 
1.912223e+01 1.202493e+00 
1.911668e+01 1.302765e+00 
1.911060e+01 1.403029e+00 
1.910400e+01 1.503286e+00 
1.909690e+01 1.603532e+00 
1.908930e+01 1.703778e+00 
1.908120e+01 1.804025e+00 
1.907261e+01 1.904271e+00 
1.906352e+01 2.004518e+00 
1.905392e+01 2.104764e+00 
1.904382e+01 2.205011e+00 
1.903322e+01 2.305257e+00 
1.902212e+01 2.405504e+00 
1.901052e+01 2.505750e+00 
1.899841e+01 2.605996e+00 
1.898579e+01 2.706243e+00 
1.897268e+01 2.806489e+00 
1.895905e+01 2.906735e+00 
1.894492e+01 3.006981e+00 
1.893027e+01 3.107226e+00 
1.891512e+01 3.207472e+00 
1.889946e+01 3.307717e+00 
1.888329e+01 3.407963e+00 
1.886661e+01 3.508208e+00 
1.884942e+01 3.608453e+00 
1.883171e+01 3.708698e+00 
1.881349e+01 3.808942e+00 
1.879475e+01 3.909187e+00 
1.877550e+01 4.009431e+00 
1.875573e+01 4.109675e+00 
1.873544e+01 4.209919e+00 
1.871464e+01 4.310162e+00 
1.869331e+01 4.410405e+00 
1.867146e+01 4.510648e+00 
1.864909e+01 4.610891e+00 
1.862619e+01 4.711133e+00 
1.860277e+01 4.811376e+00 
1.857883e+01 4.911617e+00 
1.855435e+01 5.011859e+00 
1.852935e+01 5.112100e+00 
1.850381e+01 5.212344e+00 
1.847773e+01 5.312590e+00 
1.845109e+01 5.412843e+00 
1.842387e+01 5.513099e+00 
1.839608e+01 5.613356e+00 
1.836771e+01 5.713614e+00 
1.833876e+01 5.813872e+00 
1.830923e+01 5.914131e+00 
1.827910e+01 6.014390e+00 
1.824837e+01 6.114650e+00 
1.821705e+01 6.214910e+00 
1.818513e+01 6.315171e+00 
1.815259e+01 6.415433e+00 
1.811945e+01 6.515695e+00 
1.808568e+01 6.615957e+00 
1.805130e+01 6.716220e+00 
1.801629e+01 6.816483e+00 
1.798065e+01 6.916747e+00 
1.794437e+01 7.017012e+00 
1.790745e+01 7.117277e+00 
1.786989e+01 7.217542e+00 
1.783168e+01 7.317807e+00 
1.779281e+01 7.418073e+00 
1.775328e+01 7.518340e+00 
1.771308e+01 7.618606e+00 
1.767221e+01 7.718873e+00 
1.763066e+01 7.819141e+00 
1.758843e+01 7.919408e+00 
1.754551e+01 8.019676e+00 
1.750190e+01 8.119944e+00 
1.745753e+01 8.220229e+00 
1.741237e+01 8.320529e+00 
1.736633e+01 8.420855e+00 
1.731937e+01 8.521193e+00 
1.727151e+01 8.621530e+00 
1.722271e+01 8.721867e+00 
1.717299e+01 8.822203e+00 
1.712232e+01 8.922538e+00 
1.707071e+01 9.022872e+00 
1.701814e+01 9.123205e+00 
1.696461e+01 9.223537e+00 
1.691011e+01 9.323868e+00 
1.685462e+01 9.424197e+00 
1.679815e+01 9.524525e+00 
1.674069e+01 9.624851e+00 
1.668223e+01 9.725174e+00 
1.662267e+01 9.825522e+00 
1.656188e+01 9.925901e+00 
1.649986e+01 1.002628e+01 
1.643659e+01 1.012666e+01 
1.637205e+01 1.022704e+01 
1.630622e+01 1.032742e+01 
1.623908e+01 1.042780e+01 
1.617059e+01 1.052818e+01 
1.610075e+01 1.062856e+01 
1.602951e+01 1.072894e+01 
1.595687e+01 1.082931e+01 
1.588279e+01 1.092969e+01 
1.580724e+01 1.103007e+01 
1.573021e+01 1.113044e+01 
1.565165e+01 1.123082e+01 
1.557155e+01 1.133119e+01 
1.548987e+01 1.143156e+01 
1.540659e+01 1.153193e+01 
1.532167e+01 1.163230e+01 
1.523507e+01 1.173266e+01 
1.514678e+01 1.183303e+01 
1.505675e+01 1.193339e+01 
1.496494e+01 1.203375e+01 
1.487134e+01 1.213411e+01 
1.477589e+01 1.223446e+01 
1.467856e+01 1.233481e+01 
1.457931e+01 1.243516e+01 
1.447897e+01 1.253466e+01 
1.437862e+01 1.263224e+01 
1.427828e+01 1.272798e+01 
1.417794e+01 1.282194e+01 
1.407760e+01 1.291419e+01 
1.397723e+01 1.300463e+01 
1.387680e+01 1.309304e+01 
1.377632e+01 1.317925e+01 
1.367583e+01 1.326326e+01 
1.357535e+01 1.334516e+01 
1.347487e+01 1.342502e+01 
1.337439e+01 1.350289e+01 
1.327391e+01 1.357885e+01 
1.317344e+01 1.365296e+01 
1.307297e+01 1.372527e+01 
1.297249e+01 1.379582e+01 
1.287202e+01 1.386466e+01 
1.277156e+01 1.393185e+01 
1.267109e+01 1.399742e+01 
1.257062e+01 1.406141e+01 
1.247016e+01 1.412387e+01 
1.236970e+01 1.418483e+01 
1.226924e+01 1.424432e+01 
1.216878e+01 1.430239e+01 
1.206833e+01 1.435906e+01 
1.196787e+01 1.441436e+01 
1.186743e+01 1.446834e+01 
1.176698e+01 1.452102e+01 
1.166654e+01 1.457242e+01 
1.156610e+01 1.462259e+01 
1.146567e+01 1.467156e+01 
1.136525e+01 1.471935e+01 
1.126482e+01 1.476599e+01 
1.116441e+01 1.481152e+01 
1.106399e+01 1.485596e+01 
1.096358e+01 1.489932e+01 
1.086318e+01 1.494164e+01 
1.076278e+01 1.498293e+01 
1.066235e+01 1.502315e+01 
1.056185e+01 1.506215e+01 
1.046131e+01 1.509984e+01 
1.036070e+01 1.513608e+01 
1.026008e+01 1.517082e+01 
1.015946e+01 1.520409e+01 
1.005885e+01 1.523594e+01 
9.958247e+00 1.526639e+01 
9.857656e+00 1.529550e+01 
9.757075e+00 1.532329e+01 
9.656503e+00 1.534980e+01 
9.555940e+00 1.537506e+01 
9.455387e+00 1.539910e+01 
9.354843e+00 1.542195e+01 
9.254309e+00 1.544365e+01 
9.153784e+00 1.546423e+01 
9.053269e+00 1.548370e+01 
8.952762e+00 1.550209e+01 
8.852265e+00 1.551944e+01 
8.751777e+00 1.553577e+01 
8.651299e+00 1.555109e+01 
8.550829e+00 1.556544e+01 
8.450315e+00 1.557873e+01 
8.349726e+00 1.559082e+01 
8.249103e+00 1.560164e+01 
8.148488e+00 1.561120e+01 
8.047880e+00 1.561952e+01 
7.947281e+00 1.562662e+01 
7.846691e+00 1.563253e+01 
7.746108e+00 1.563726e+01 
7.645526e+00 1.564082e+01 
7.544938e+00 1.564319e+01 
7.444238e+00 1.564416e+01 
7.343418e+00 1.564347e+01 
7.242584e+00 1.564110e+01 
7.141772e+00 1.563709e+01 
7.040982e+00 1.563149e+01 
6.940216e+00 1.562433e+01 
6.839472e+00 1.561567e+01 
6.738752e+00 1.560553e+01 
6.638054e+00 1.559397e+01 
6.537380e+00 1.558102e+01 
6.436728e+00 1.556672e+01 
6.336098e+00 1.555112e+01 
6.235490e+00 1.553425e+01 
6.134819e+00 1.551595e+01 
6.034004e+00 1.549590e+01 
5.933095e+00 1.547388e+01 
5.832197e+00 1.544990e+01 
5.731334e+00 1.542403e+01 
5.630502e+00 1.539630e+01 
5.529700e+00 1.536677e+01 
5.428736e+00 1.533497e+01 
5.327632e+00 1.530053e+01 
5.226513e+00 1.526338e+01 
5.125430e+00 1.522356e+01 
5.024381e+00 1.518109e+01 
4.923369e+00 1.513599e+01 
4.822395e+00 1.508827e+01 
4.721455e+00 1.503797e+01 
4.620559e+00 1.498513e+01 
4.519589e+00 1.492938e+01 
4.418406e+00 1.486987e+01 
4.317199e+00 1.480643e+01 
4.216010e+00 1.473894e+01 
4.114841e+00 1.466723e+01 
4.013561e+00 1.459051e+01 
3.912190e+00 1.450800e+01 
3.810783e+00 1.441906e+01 
3.709452e+00 1.432352e+01 
3.609432e+00 1.422228e+01 
3.516233e+00 1.412100e+01 
3.430107e+00 1.401949e+01 
3.350988e+00 1.391785e+01 
3.277209e+00 1.381658e+01 
3.207843e+00 1.371542e+01 
3.142436e+00 1.361430e+01 
3.080679e+00 1.351321e+01 
3.022440e+00 1.341210e+01 
2.967584e+00 1.331099e+01 
2.915909e+00 1.320990e+01 
2.867207e+00 1.310885e+01 
2.821163e+00 1.300789e+01 
2.777339e+00 1.290708e+01 
2.735541e+00 1.280630e+01 
2.695692e+00 1.270553e+01 
2.657738e+00 1.260477e+01 
2.621646e+00 1.250401e+01 
2.587003e+00 1.240343e+01 
2.553482e+00 1.230297e+01 
2.521183e+00 1.220244e+01 
2.490332e+00 1.210180e+01 
2.460677e+00 1.200130e+01 
2.431890e+00 1.190093e+01 
2.403765e+00 1.180065e+01 
2.376164e+00 1.170042e+01 
2.348964e+00 1.160025e+01 
2.322080e+00 1.150011e+01 
2.295677e+00 1.139989e+01 
2.269866e+00 1.129961e+01 
2.244721e+00 1.119931e+01 
2.220264e+00 1.109899e+01 
2.196569e+00 1.099864e+01 
2.173683e+00 1.089826e+01 
2.151526e+00 1.079793e+01 
2.129963e+00 1.069766e+01 
2.108877e+00 1.059744e+01 
2.088171e+00 1.049727e+01 
2.067787e+00 1.039712e+01 
2.047803e+00 1.029693e+01 
2.028299e+00 1.019670e+01 
2.009357e+00 1.009643e+01 
1.991011e+00 9.996146e+00 
1.973181e+00 9.895905e+00 
1.955867e+00 9.795658e+00 
1.939072e+00 9.695411e+00 
1.922843e+00 9.595137e+00 
1.907206e+00 9.494852e+00 
1.891877e+00 9.394715e+00 
1.876645e+00 9.294676e+00 
1.861525e+00 9.194620e+00 
1.846622e+00 9.094511e+00 
1.832109e+00 8.994317e+00 
1.817924e+00 8.894160e+00 
1.804057e+00 8.794007e+00 
1.790632e+00 8.693788e+00 
1.777741e+00 8.593525e+00 
1.765324e+00 8.493296e+00 
1.753313e+00 8.393100e+00 
1.741639e+00 8.292937e+00 
1.730237e+00 8.192806e+00 
1.719054e+00 8.092701e+00 
1.708020e+00 7.992629e+00 
1.697201e+00 7.892522e+00 
1.686845e+00 7.792287e+00 
1.676778e+00 7.692151e+00 
1.666982e+00 7.592018e+00 
1.657474e+00 7.491875e+00 
1.648247e+00 7.391737e+00 
1.639292e+00 7.291603e+00 
1.630598e+00 7.191474e+00 
1.622154e+00 7.091351e+00 
1.613903e+00 6.991256e+00 
1.605678e+00 6.891248e+00 
1.597356e+00 6.791298e+00 
1.589028e+00 6.691299e+00 
1.580745e+00 6.591276e+00 
1.572513e+00 6.491250e+00 
1.564532e+00 6.391122e+00 
1.556815e+00 6.290991e+00 
1.549364e+00 6.190860e+00 
1.542180e+00 6.090727e+00 
1.535258e+00 5.990598e+00 
1.635020e+00 5.983701e+00 
