1.725989e+00 7.141174e+00 
1.734841e+00 7.241119e+00 
1.743801e+00 7.341024e+00 
1.752953e+00 7.440930e+00 
1.762295e+00 7.540837e+00 
1.771822e+00 7.640711e+00 
1.781601e+00 7.740543e+00 
1.791722e+00 7.840376e+00 
1.802181e+00 7.940224e+00 
1.812952e+00 8.040084e+00 
1.824006e+00 8.139937e+00 
1.835356e+00 8.239776e+00 
1.847035e+00 8.339621e+00 
1.859031e+00 8.439475e+00 
1.871328e+00 8.539336e+00 
1.883908e+00 8.639206e+00 
1.896756e+00 8.739084e+00 
1.909854e+00 8.838971e+00 
1.923186e+00 8.938865e+00 
1.936736e+00 9.038768e+00 
1.950480e+00 9.138623e+00 
1.964508e+00 9.238375e+00 
1.979039e+00 9.338090e+00 
1.994166e+00 9.437871e+00 
2.009751e+00 9.537667e+00 
2.025755e+00 9.637453e+00 
2.042200e+00 9.737225e+00 
2.059118e+00 9.836988e+00 
2.076529e+00 9.936749e+00 
2.094441e+00 1.003651e+01 
2.112856e+00 1.013627e+01 
2.131781e+00 1.023602e+01 
2.151235e+00 1.033583e+01 
2.171094e+00 1.043565e+01 
2.191311e+00 1.053538e+01 
2.212105e+00 1.063509e+01 
2.233513e+00 1.073480e+01 
2.255532e+00 1.083452e+01 
2.278158e+00 1.093424e+01 
2.301393e+00 1.103394e+01 
2.325272e+00 1.113361e+01 
2.349862e+00 1.123330e+01 
2.375147e+00 1.133302e+01 
2.401036e+00 1.143274e+01 
2.427541e+00 1.153241e+01 
2.454768e+00 1.163205e+01 
2.482771e+00 1.173167e+01 
2.511615e+00 1.183125e+01 
2.541412e+00 1.193078e+01 
2.572254e+00 1.203029e+01 
2.604218e+00 1.212976e+01 
2.637386e+00 1.222921e+01 
2.671887e+00 1.232875e+01 
2.707492e+00 1.242834e+01 
2.744046e+00 1.252780e+01 
2.781886e+00 1.262725e+01 
2.821053e+00 1.272663e+01 
2.861728e+00 1.282590e+01 
2.904239e+00 1.292517e+01 
2.948632e+00 1.302441e+01 
2.995025e+00 1.312363e+01 
3.043465e+00 1.322277e+01 
3.094230e+00 1.332181e+01 
3.147637e+00 1.342068e+01 
3.204376e+00 1.351950e+01 
3.264854e+00 1.361845e+01 
3.328759e+00 1.371736e+01 
3.396303e+00 1.381617e+01 
3.468029e+00 1.391481e+01 
3.544930e+00 1.401332e+01 
3.628000e+00 1.411173e+01 
3.718648e+00 1.421029e+01 
3.817095e+00 1.430911e+01 
3.915774e+00 1.440164e+01 
4.014547e+00 1.448786e+01 
4.113381e+00 1.456868e+01 
4.212196e+00 1.464470e+01 
4.310991e+00 1.471615e+01 
4.409767e+00 1.478325e+01 
4.508526e+00 1.484619e+01 
4.607304e+00 1.490517e+01 
4.706345e+00 1.496056e+01 
4.805516e+00 1.501322e+01 
4.904670e+00 1.506351e+01 
5.003800e+00 1.511146e+01 
5.102902e+00 1.515706e+01 
5.201977e+00 1.520032e+01 
5.301024e+00 1.524121e+01 
5.400043e+00 1.527973e+01 
5.499033e+00 1.531586e+01 
5.598090e+00 1.534964e+01 
5.697359e+00 1.538129e+01 
5.796665e+00 1.541129e+01 
5.895960e+00 1.543973e+01 
5.995244e+00 1.546660e+01 
6.094517e+00 1.549189e+01 
6.193779e+00 1.551561e+01 
6.293029e+00 1.553773e+01 
6.392265e+00 1.555827e+01 
6.491489e+00 1.557719e+01 
6.590699e+00 1.559449e+01 
6.689896e+00 1.561016e+01 
6.789078e+00 1.562418e+01 
6.888250e+00 1.563653e+01 
6.987569e+00 1.564722e+01 
7.086940e+00 1.565654e+01 
7.186321e+00 1.566460e+01 
7.285706e+00 1.567142e+01 
7.385095e+00 1.567700e+01 
7.484489e+00 1.568137e+01 
7.583889e+00 1.568453e+01 
7.683296e+00 1.568650e+01 
7.782711e+00 1.568729e+01 
7.882160e+00 1.568691e+01 
7.981645e+00 1.568544e+01 
8.081132e+00 1.568294e+01 
8.180612e+00 1.567942e+01 
8.280085e+00 1.567486e+01 
8.379553e+00 1.566925e+01 
8.479014e+00 1.566258e+01 
8.578468e+00 1.565482e+01 
8.677917e+00 1.564597e+01 
8.777361e+00 1.563601e+01 
8.876798e+00 1.562493e+01 
8.976231e+00 1.561270e+01 
9.075658e+00 1.559932e+01 
9.175080e+00 1.558477e+01 
9.274498e+00 1.556903e+01 
9.373911e+00 1.555208e+01 
9.473320e+00 1.553391e+01 
9.572726e+00 1.551451e+01 
9.672128e+00 1.549385e+01 
9.771527e+00 1.547192e+01 
9.870924e+00 1.544870e+01 
9.970335e+00 1.542418e+01 
1.006984e+01 1.539834e+01 
1.016939e+01 1.537140e+01 
1.026895e+01 1.534347e+01 
1.036849e+01 1.531453e+01 
1.046803e+01 1.528458e+01 
1.056755e+01 1.525356e+01 
1.066708e+01 1.522147e+01 
1.076659e+01 1.518827e+01 
1.086615e+01 1.515390e+01 
1.096572e+01 1.511850e+01 
1.106528e+01 1.508206e+01 
1.116484e+01 1.504456e+01 
1.126439e+01 1.500598e+01 
1.136394e+01 1.496631e+01 
1.146348e+01 1.492550e+01 
1.156302e+01 1.488354e+01 
1.166255e+01 1.484041e+01 
1.176208e+01 1.479607e+01 
1.186161e+01 1.475050e+01 
1.196114e+01 1.470367e+01 
1.206066e+01 1.465555e+01 
1.216017e+01 1.460611e+01 
1.225969e+01 1.455533e+01 
1.235920e+01 1.450316e+01 
1.245870e+01 1.444958e+01 
1.255821e+01 1.439456e+01 
1.265771e+01 1.433806e+01 
1.275722e+01 1.428003e+01 
1.285675e+01 1.422044e+01 
1.295636e+01 1.415930e+01 
1.305598e+01 1.409690e+01 
1.315560e+01 1.403325e+01 
1.325522e+01 1.396831e+01 
1.335484e+01 1.390207e+01 
1.345446e+01 1.383451e+01 
1.355408e+01 1.376559e+01 
1.365370e+01 1.369530e+01 
1.375332e+01 1.362362e+01 
1.385294e+01 1.355051e+01 
1.395257e+01 1.347596e+01 
1.405219e+01 1.339993e+01 
1.415182e+01 1.332240e+01 
1.425145e+01 1.324335e+01 
1.435108e+01 1.316275e+01 
1.445072e+01 1.308056e+01 
1.455035e+01 1.299676e+01 
1.464999e+01 1.291132e+01 
1.474963e+01 1.282422e+01 
1.484928e+01 1.273541e+01 
1.494892e+01 1.264488e+01 
1.504857e+01 1.255258e+01 
1.514823e+01 1.245848e+01 
1.524786e+01 1.236258e+01 
1.534753e+01 1.226466e+01 
1.544714e+01 1.216495e+01 
1.554513e+01 1.206525e+01 
1.564152e+01 1.196555e+01 
1.573630e+01 1.186586e+01 
1.582946e+01 1.176617e+01 
1.592103e+01 1.166650e+01 
1.601101e+01 1.156682e+01 
1.609941e+01 1.146715e+01 
1.618627e+01 1.136748e+01 
1.627160e+01 1.126782e+01 
1.635542e+01 1.116816e+01 
1.643775e+01 1.106850e+01 
1.651862e+01 1.096884e+01 
1.659803e+01 1.086919e+01 
1.667601e+01 1.076954e+01 
1.675258e+01 1.066989e+01 
1.682774e+01 1.057025e+01 
1.690153e+01 1.047061e+01 
1.697394e+01 1.037097e+01 
1.704500e+01 1.027133e+01 
1.711472e+01 1.017170e+01 
1.718312e+01 1.007207e+01 
1.725020e+01 9.972444e+00 
1.731604e+01 9.872762e+00 
1.738084e+01 9.773016e+00 
1.744478e+01 9.673271e+00 
1.750788e+01 9.573526e+00 
1.757012e+01 9.473802e+00 
1.763144e+01 9.374130e+00 
1.769170e+01 9.274459e+00 
1.775093e+01 9.174786e+00 
1.780914e+01 9.075113e+00 
1.786634e+01 8.975439e+00 
1.792256e+01 8.875763e+00 
1.797780e+01 8.776087e+00 
1.803208e+01 8.676410e+00 
1.808542e+01 8.576732e+00 
1.813783e+01 8.477052e+00 
1.818932e+01 8.377371e+00 
1.823992e+01 8.277689e+00 
1.828962e+01 8.178006e+00 
1.833845e+01 8.078321e+00 
1.838642e+01 7.978634e+00 
1.843353e+01 7.878946e+00 
1.847981e+01 7.779257e+00 
1.852527e+01 7.679565e+00 
1.856991e+01 7.579872e+00 
1.861376e+01 7.480178e+00 
1.865681e+01 7.380481e+00 
1.869908e+01 7.280783e+00 
1.874059e+01 7.181083e+00 
1.878134e+01 7.081381e+00 
1.882135e+01 6.981678e+00 
1.886062e+01 6.881970e+00 
1.889917e+01 6.782240e+00 
1.893707e+01 6.682504e+00 
1.897433e+01 6.582768e+00 
1.901095e+01 6.483031e+00 
1.904693e+01 6.383294e+00 
1.908229e+01 6.283556e+00 
1.911702e+01 6.183819e+00 
1.915114e+01 6.084080e+00 
1.918464e+01 5.984341e+00 
1.921753e+01 5.884602e+00 
1.924982e+01 5.784862e+00 
1.928150e+01 5.685121e+00 
1.931259e+01 5.585379e+00 
1.934309e+01 5.485637e+00 
1.937301e+01 5.385895e+00 
1.940234e+01 5.286151e+00 
1.943109e+01 5.186407e+00 
1.945927e+01 5.086661e+00 
1.948688e+01 4.986915e+00 
1.951393e+01 4.887169e+00 
1.954041e+01 4.787421e+00 
1.956634e+01 4.687672e+00 
1.959172e+01 4.587923e+00 
1.961655e+01 4.488172e+00 
1.964084e+01 4.388421e+00 
1.966458e+01 4.288673e+00 
1.968777e+01 4.188964e+00 
1.971034e+01 4.089271e+00 
1.973224e+01 3.989578e+00 
1.975349e+01 3.889884e+00 
1.977408e+01 3.790190e+00 
1.979403e+01 3.690495e+00 
1.981334e+01 3.590800e+00 
1.983200e+01 3.491104e+00 
1.985003e+01 3.391408e+00 
1.986742e+01 3.291710e+00 
1.988418e+01 3.192013e+00 
1.990032e+01 3.092315e+00 
1.991583e+01 2.992610e+00 
1.993073e+01 2.892857e+00 
1.994514e+01 2.793092e+00 
1.995905e+01 2.693328e+00 
1.997249e+01 2.593565e+00 
1.998543e+01 2.493802e+00 
1.999790e+01 2.394040e+00 
2.000987e+01 2.294279e+00 
2.002137e+01 2.194518e+00 
2.003237e+01 2.094758e+00 
2.004289e+01 1.994998e+00 
2.005292e+01 1.895239e+00 
2.006246e+01 1.795481e+00 
2.007152e+01 1.695723e+00 
2.008008e+01 1.595966e+00 
2.008816e+01 1.496210e+00 
2.009574e+01 1.396454e+00 
2.010283e+01 1.296699e+00 
2.010944e+01 1.196944e+00 
2.011555e+01 1.097190e+00 
2.012116e+01 9.974366e-01 
2.012628e+01 8.976837e-01 
2.013091e+01 7.979315e-01 
2.013504e+01 6.981799e-01 
2.013867e+01 5.984288e-01 
2.023862e+01 6.015712e-01 
2.023497e+01 7.018201e-01 
2.023082e+01 8.020685e-01 
2.022617e+01 9.023163e-01 
2.022103e+01 1.002563e+00 
2.021539e+01 1.102810e+00 
2.020925e+01 1.203056e+00 
2.020262e+01 1.303301e+00 
2.019549e+01 1.403546e+00 
2.018787e+01 1.503790e+00 
2.017976e+01 1.604034e+00 
2.017115e+01 1.704277e+00 
2.016205e+01 1.804519e+00 
2.015247e+01 1.904761e+00 
2.014239e+01 2.005002e+00 
2.013182e+01 2.105242e+00 
2.012076e+01 2.205482e+00 
2.010922e+01 2.305721e+00 
2.009718e+01 2.405960e+00 
2.008466e+01 2.506198e+00 
2.007165e+01 2.606435e+00 
2.005816e+01 2.706672e+00 
2.004418e+01 2.806908e+00 
2.002971e+01 2.907143e+00 
2.001473e+01 3.007390e+00 
1.999913e+01 3.107685e+00 
1.998290e+01 3.207987e+00 
1.996604e+01 3.308290e+00 
1.994854e+01 3.408592e+00 
1.993040e+01 3.508896e+00 
1.991163e+01 3.609200e+00 
1.989221e+01 3.709505e+00 
1.987214e+01 3.809810e+00 
1.985142e+01 3.910116e+00 
1.983004e+01 4.010422e+00 
1.980801e+01 4.110729e+00 
1.978531e+01 4.211036e+00 
1.976198e+01 4.311327e+00 
1.973812e+01 4.411579e+00 
1.971371e+01 4.511828e+00 
1.968876e+01 4.612077e+00 
1.966326e+01 4.712328e+00 
1.963720e+01 4.812579e+00 
1.961058e+01 4.912831e+00 
1.958340e+01 5.013085e+00 
1.955565e+01 5.113339e+00 
1.952732e+01 5.213593e+00 
1.949843e+01 5.313849e+00 
1.946895e+01 5.414105e+00 
1.943888e+01 5.514363e+00 
1.940822e+01 5.614621e+00 
1.937697e+01 5.714879e+00 
1.934512e+01 5.815138e+00 
1.931267e+01 5.915398e+00 
1.927961e+01 6.015659e+00 
1.924594e+01 6.115920e+00 
1.921164e+01 6.216181e+00 
1.917673e+01 6.316444e+00 
1.914119e+01 6.416706e+00 
1.910501e+01 6.516969e+00 
1.906820e+01 6.617232e+00 
1.903075e+01 6.717496e+00 
1.899265e+01 6.817760e+00 
1.895389e+01 6.918030e+00 
1.891439e+01 7.018322e+00 
1.887415e+01 7.118619e+00 
1.883316e+01 7.218917e+00 
1.879140e+01 7.319217e+00 
1.874888e+01 7.419519e+00 
1.870556e+01 7.519822e+00 
1.866145e+01 7.620128e+00 
1.861654e+01 7.720435e+00 
1.857080e+01 7.820743e+00 
1.852424e+01 7.921054e+00 
1.847683e+01 8.021366e+00 
1.842856e+01 8.121679e+00 
1.837942e+01 8.221994e+00 
1.832941e+01 8.322311e+00 
1.827850e+01 8.422629e+00 
1.822668e+01 8.522948e+00 
1.817393e+01 8.623268e+00 
1.812025e+01 8.723590e+00 
1.806562e+01 8.823913e+00 
1.801002e+01 8.924237e+00 
1.795345e+01 9.024561e+00 
1.789587e+01 9.124887e+00 
1.783729e+01 9.225214e+00 
1.777767e+01 9.325541e+00 
1.771701e+01 9.425870e+00 
1.765530e+01 9.526198e+00 
1.759271e+01 9.626474e+00 
1.752929e+01 9.726729e+00 
1.746503e+01 9.826984e+00 
1.739990e+01 9.927238e+00 
1.733365e+01 1.002756e+01 
1.726607e+01 1.012793e+01 
1.719716e+01 1.022830e+01 
1.712693e+01 1.032867e+01 
1.705536e+01 1.042903e+01 
1.698242e+01 1.052939e+01 
1.690811e+01 1.062975e+01 
1.683241e+01 1.073011e+01 
1.675531e+01 1.083046e+01 
1.667679e+01 1.093081e+01 
1.659683e+01 1.103116e+01 
1.651541e+01 1.113150e+01 
1.643252e+01 1.123184e+01 
1.634813e+01 1.133218e+01 
1.626223e+01 1.143252e+01 
1.617480e+01 1.153285e+01 
1.608582e+01 1.163318e+01 
1.599526e+01 1.173350e+01 
1.590310e+01 1.183383e+01 
1.580936e+01 1.193414e+01 
1.571400e+01 1.203445e+01 
1.561702e+01 1.213475e+01 
1.551846e+01 1.223505e+01 
1.541828e+01 1.233534e+01 
1.531794e+01 1.243391e+01 
1.521758e+01 1.253053e+01 
1.511723e+01 1.262529e+01 
1.501688e+01 1.271824e+01 
1.491653e+01 1.280942e+01 
1.481617e+01 1.289887e+01 
1.471581e+01 1.298661e+01 
1.461545e+01 1.307267e+01 
1.451509e+01 1.315709e+01 
1.441472e+01 1.323989e+01 
1.431435e+01 1.332109e+01 
1.421398e+01 1.340074e+01 
1.411361e+01 1.347885e+01 
1.401324e+01 1.355545e+01 
1.391286e+01 1.363058e+01 
1.381248e+01 1.370424e+01 
1.371211e+01 1.377647e+01 
1.361173e+01 1.384730e+01 
1.351135e+01 1.391674e+01 
1.341097e+01 1.398483e+01 
1.331059e+01 1.405158e+01 
1.321021e+01 1.411702e+01 
1.310983e+01 1.418117e+01 
1.300944e+01 1.424405e+01 
1.290906e+01 1.430567e+01 
1.280859e+01 1.436583e+01 
1.270809e+01 1.442444e+01 
1.260759e+01 1.448152e+01 
1.250710e+01 1.453709e+01 
1.240661e+01 1.459121e+01 
1.230612e+01 1.464389e+01 
1.220563e+01 1.469518e+01 
1.210515e+01 1.474510e+01 
1.200467e+01 1.479369e+01 
1.190419e+01 1.484098e+01 
1.180372e+01 1.488699e+01 
1.170325e+01 1.493175e+01 
1.160278e+01 1.497530e+01 
1.150232e+01 1.501765e+01 
1.140187e+01 1.505883e+01 
1.130142e+01 1.509888e+01 
1.120097e+01 1.513780e+01 
1.110053e+01 1.517564e+01 
1.100009e+01 1.521240e+01 
1.089965e+01 1.524812e+01 
1.079922e+01 1.528279e+01 
1.069873e+01 1.531633e+01 
1.059825e+01 1.534874e+01 
1.049778e+01 1.538005e+01 
1.039731e+01 1.541029e+01 
1.029686e+01 1.543949e+01 
1.019641e+01 1.546768e+01 
1.009596e+01 1.549487e+01 
9.995469e+00 1.552097e+01 
9.894880e+00 1.554579e+01 
9.794276e+00 1.556930e+01 
9.693675e+00 1.559150e+01 
9.593077e+00 1.561241e+01 
9.492483e+00 1.563206e+01 
9.391892e+00 1.565045e+01 
9.291306e+00 1.566760e+01 
9.190723e+00 1.568354e+01 
9.090146e+00 1.569827e+01 
8.989573e+00 1.571181e+01 
8.889005e+00 1.572418e+01 
8.788443e+00 1.573540e+01 
8.687886e+00 1.574548e+01 
8.587335e+00 1.575443e+01 
8.486790e+00 1.576227e+01 
8.386251e+00 1.576903e+01 
8.285718e+00 1.577470e+01 
8.185191e+00 1.577931e+01 
8.084671e+00 1.578288e+01 
7.984158e+00 1.578540e+01 
7.883643e+00 1.578690e+01 
7.783092e+00 1.578728e+01 
7.682507e+00 1.578649e+01 
7.581914e+00 1.578451e+01 
7.481314e+00 1.578132e+01 
7.380709e+00 1.577691e+01 
7.280098e+00 1.577126e+01 
7.179482e+00 1.576437e+01 
7.078863e+00 1.575622e+01 
6.978234e+00 1.574678e+01 
6.877553e+00 1.573596e+01 
6.776725e+00 1.572341e+01 
6.675907e+00 1.570918e+01 
6.575104e+00 1.569327e+01 
6.474315e+00 1.567570e+01 
6.373538e+00 1.565650e+01 
6.272775e+00 1.563566e+01 
6.172024e+00 1.561321e+01 
6.071286e+00 1.558916e+01 
5.970559e+00 1.556350e+01 
5.869843e+00 1.553626e+01 
5.769138e+00 1.550743e+01 
5.668444e+00 1.547702e+01 
5.567714e+00 1.544491e+01 
5.466770e+00 1.541052e+01 
5.365760e+00 1.537367e+01 
5.264779e+00 1.533441e+01 
5.163826e+00 1.529275e+01 
5.062902e+00 1.524872e+01 
4.962004e+00 1.520231e+01 
4.861133e+00 1.515353e+01 
4.760287e+00 1.510240e+01 
4.659458e+00 1.504889e+01 
4.558499e+00 1.499245e+01 
4.457277e+00 1.493206e+01 
4.356037e+00 1.486759e+01 
4.254813e+00 1.479888e+01 
4.153607e+00 1.472573e+01 
4.052423e+00 1.464795e+01 
3.951256e+00 1.456528e+01 
3.850029e+00 1.447699e+01 
3.748708e+00 1.438207e+01 
3.647820e+00 1.428088e+01 
3.554416e+00 1.417944e+01 
3.468538e+00 1.407785e+01 
3.389221e+00 1.397636e+01 
3.315439e+00 1.387500e+01 
3.246214e+00 1.377381e+01 
3.180866e+00 1.367272e+01 
3.119060e+00 1.357167e+01 
3.060923e+00 1.347049e+01 
3.006253e+00 1.336936e+01 
2.954479e+00 1.326840e+01 
2.905180e+00 1.316754e+01 
2.858047e+00 1.306677e+01 
2.812958e+00 1.296601e+01 
2.769805e+00 1.286527e+01 
2.728521e+00 1.276454e+01 
2.688853e+00 1.266392e+01 
2.650585e+00 1.256337e+01 
2.613631e+00 1.246283e+01 
2.577725e+00 1.236242e+01 
2.542901e+00 1.226196e+01 
2.509356e+00 1.216141e+01 
2.477049e+00 1.206088e+01 
2.445896e+00 1.196039e+01 
2.415816e+00 1.185993e+01 
2.386720e+00 1.175950e+01 
2.358500e+00 1.165912e+01 
2.331077e+00 1.155876e+01 
2.304395e+00 1.145844e+01 
2.278356e+00 1.135815e+01 
2.252930e+00 1.125787e+01 
2.228182e+00 1.115756e+01 
2.204145e+00 1.105723e+01 
2.180768e+00 1.095693e+01 
2.158011e+00 1.085665e+01 
2.135865e+00 1.075637e+01 
2.114333e+00 1.065608e+01 
2.093417e+00 1.055579e+01 
2.073088e+00 1.045552e+01 
2.053157e+00 1.035534e+01 
2.033628e+00 1.025515e+01 
2.014609e+00 1.015491e+01 
1.996102e+00 1.005466e+01 
1.978103e+00 9.954422e+00 
1.960607e+00 9.854182e+00 
1.943608e+00 9.753945e+00 
1.927086e+00 9.653717e+00 
1.911013e+00 9.553504e+00 
1.895364e+00 9.453300e+00 
1.880169e+00 9.353081e+00 
1.865553e+00 9.252796e+00 
1.851455e+00 9.152548e+00 
1.837670e+00 9.052403e+00 
1.824094e+00 8.952306e+00 
1.810733e+00 8.852200e+00 
1.797605e+00 8.752086e+00 
1.784725e+00 8.651965e+00 
1.772112e+00 8.551835e+00 
1.759781e+00 8.451696e+00 
1.747749e+00 8.351549e+00 
1.736033e+00 8.251394e+00 
1.724646e+00 8.151233e+00 
1.713559e+00 8.051087e+00 
1.702758e+00 7.950947e+00 
1.692266e+00 7.850795e+00 
1.682111e+00 7.750628e+00 
1.672298e+00 7.650460e+00 
1.662747e+00 7.550334e+00 
1.653387e+00 7.450241e+00 
1.644218e+00 7.350147e+00 
1.635241e+00 7.250052e+00 
1.626378e+00 7.149997e+00 
1.725989e+00 7.141174e+00 
