2.193498e+00 4.476242e+00 
2.199217e+00 4.576181e+00 
2.205056e+00 4.676082e+00 
2.211092e+00 4.775940e+00 
2.217413e+00 4.875802e+00 
2.224015e+00 4.975720e+00 
2.230783e+00 5.075647e+00 
2.237699e+00 5.175582e+00 
2.244745e+00 5.275516e+00 
2.251923e+00 5.375437e+00 
2.259261e+00 5.475352e+00 
2.266769e+00 5.575267e+00 
2.274449e+00 5.675184e+00 
2.282297e+00 5.775105e+00 
2.290303e+00 5.875032e+00 
2.298458e+00 5.974966e+00 
2.306746e+00 6.074910e+00 
2.315153e+00 6.174892e+00 
2.323607e+00 6.275014e+00 
2.331798e+00 6.374926e+00 
2.340169e+00 6.474884e+00 
2.348619e+00 6.574748e+00 
2.357339e+00 6.674587e+00 
2.366385e+00 6.774437e+00 
2.375740e+00 6.874323e+00 
2.385326e+00 6.974228e+00 
2.395106e+00 7.074136e+00 
2.405072e+00 7.174043e+00 
2.415225e+00 7.273951e+00 
2.425567e+00 7.373858e+00 
2.436098e+00 7.473765e+00 
2.446817e+00 7.573671e+00 
2.457726e+00 7.673568e+00 
2.468842e+00 7.773435e+00 
2.480224e+00 7.873265e+00 
2.491946e+00 7.973049e+00 
2.504113e+00 8.072858e+00 
2.516671e+00 8.172685e+00 
2.529593e+00 8.272590e+00 
2.542713e+00 8.372516e+00 
2.555982e+00 8.472423e+00 
2.569438e+00 8.572305e+00 
2.583133e+00 8.672166e+00 
2.597117e+00 8.772046e+00 
2.611348e+00 8.871932e+00 
2.625814e+00 8.971810e+00 
2.640529e+00 9.071676e+00 
2.655512e+00 9.171482e+00 
2.670888e+00 9.271236e+00 
2.686765e+00 9.370954e+00 
2.703218e+00 9.470618e+00 
2.720385e+00 9.570356e+00 
2.738094e+00 9.670084e+00 
2.756367e+00 9.769777e+00 
2.775290e+00 9.869496e+00 
2.794791e+00 9.969148e+00 
2.815011e+00 1.006873e+01 
2.836139e+00 1.016837e+01 
2.858048e+00 1.026813e+01 
2.880495e+00 1.036794e+01 
2.903351e+00 1.046774e+01 
2.926615e+00 1.056748e+01 
2.950433e+00 1.066714e+01 
2.974978e+00 1.076675e+01 
3.000375e+00 1.086636e+01 
3.026611e+00 1.096594e+01 
3.053717e+00 1.106534e+01 
3.082159e+00 1.116472e+01 
3.112015e+00 1.126413e+01 
3.143208e+00 1.136353e+01 
3.175766e+00 1.146289e+01 
3.209765e+00 1.156213e+01 
3.245494e+00 1.166120e+01 
3.283421e+00 1.176016e+01 
3.323892e+00 1.185908e+01 
3.367080e+00 1.195795e+01 
3.413182e+00 1.205673e+01 
3.462498e+00 1.215539e+01 
3.515529e+00 1.225394e+01 
3.572724e+00 1.235226e+01 
3.634962e+00 1.245020e+01 
3.704346e+00 1.254828e+01 
3.781335e+00 1.264671e+01 
3.864737e+00 1.274490e+01 
3.956496e+00 1.284287e+01 
4.054239e+00 1.293594e+01 
4.151771e+00 1.301817e+01 
4.249135e+00 1.309031e+01 
4.346863e+00 1.315340e+01 
4.445047e+00 1.320961e+01 
4.543252e+00 1.326055e+01 
4.641378e+00 1.330656e+01 
4.739540e+00 1.334777e+01 
4.837956e+00 1.338457e+01 
4.936459e+00 1.341768e+01 
5.034917e+00 1.344736e+01 
5.133319e+00 1.347361e+01 
5.231657e+00 1.349641e+01 
5.330043e+00 1.351572e+01 
5.428871e+00 1.353176e+01 
5.527835e+00 1.354542e+01 
5.626770e+00 1.355697e+01 
5.725673e+00 1.356638e+01 
5.824546e+00 1.357360e+01 
5.923388e+00 1.357857e+01 
6.022200e+00 1.358125e+01 
6.120981e+00 1.358158e+01 
6.219734e+00 1.357951e+01 
6.318461e+00 1.357497e+01 
6.417179e+00 1.356790e+01 
6.516030e+00 1.355825e+01 
6.615168e+00 1.354626e+01 
6.714349e+00 1.353250e+01 
6.813552e+00 1.351707e+01 
6.912766e+00 1.349998e+01 
7.011997e+00 1.348126e+01 
7.111276e+00 1.346091e+01 
7.210642e+00 1.343900e+01 
7.310004e+00 1.341575e+01 
7.409358e+00 1.339111e+01 
7.508707e+00 1.336506e+01 
7.608048e+00 1.333758e+01 
7.707383e+00 1.330863e+01 
7.806712e+00 1.327818e+01 
7.906034e+00 1.324620e+01 
8.005351e+00 1.321265e+01 
8.104661e+00 1.317749e+01 
8.203966e+00 1.314068e+01 
8.303265e+00 1.310219e+01 
8.402559e+00 1.306196e+01 
8.501847e+00 1.301997e+01 
8.601131e+00 1.297614e+01 
8.700410e+00 1.293044e+01 
8.799684e+00 1.288282e+01 
8.898955e+00 1.283320e+01 
8.998221e+00 1.278154e+01 
9.097483e+00 1.272777e+01 
9.196750e+00 1.267180e+01 
9.296121e+00 1.261355e+01 
9.395591e+00 1.255325e+01 
9.495131e+00 1.249121e+01 
9.594674e+00 1.242765e+01 
9.694215e+00 1.236256e+01 
9.793753e+00 1.229589e+01 
9.893289e+00 1.222760e+01 
9.992821e+00 1.215765e+01 
1.009235e+01 1.208598e+01 
1.019187e+01 1.201253e+01 
1.029138e+01 1.193723e+01 
1.039089e+01 1.185999e+01 
1.049040e+01 1.178076e+01 
1.058990e+01 1.169944e+01 
1.068941e+01 1.161596e+01 
1.078891e+01 1.153025e+01 
1.088841e+01 1.144222e+01 
1.098790e+01 1.135177e+01 
1.108740e+01 1.125881e+01 
1.118690e+01 1.116324e+01 
1.128640e+01 1.106493e+01 
1.138432e+01 1.096543e+01 
1.147957e+01 1.086591e+01 
1.157240e+01 1.076632e+01 
1.166323e+01 1.066668e+01 
1.175227e+01 1.056705e+01 
1.183954e+01 1.046743e+01 
1.192507e+01 1.036781e+01 
1.200889e+01 1.026819e+01 
1.209103e+01 1.016858e+01 
1.217150e+01 1.006897e+01 
1.225033e+01 9.969364e+00 
1.232756e+01 9.869761e+00 
1.240320e+01 9.770161e+00 
1.247728e+01 9.670563e+00 
1.254982e+01 9.570968e+00 
1.262085e+01 9.471375e+00 
1.269039e+01 9.371784e+00 
1.275847e+01 9.272195e+00 
1.282511e+01 9.172607e+00 
1.289033e+01 9.073021e+00 
1.295415e+01 8.973437e+00 
1.301660e+01 8.873852e+00 
1.307771e+01 8.774259e+00 
1.313754e+01 8.674632e+00 
1.319621e+01 8.574990e+00 
1.325377e+01 8.475342e+00 
1.331026e+01 8.375694e+00 
1.336570e+01 8.276047e+00 
1.342011e+01 8.176347e+00 
1.347366e+01 8.076620e+00 
1.352641e+01 7.976892e+00 
1.357839e+01 7.877166e+00 
1.362958e+01 7.777441e+00 
1.368000e+01 7.677717e+00 
1.372964e+01 7.577995e+00 
1.377852e+01 7.478283e+00 
1.382659e+01 7.378579e+00 
1.387386e+01 7.278885e+00 
1.392030e+01 7.179202e+00 
1.396590e+01 7.079528e+00 
1.401063e+01 6.979861e+00 
1.405449e+01 6.880196e+00 
1.409748e+01 6.780532e+00 
1.413961e+01 6.680870e+00 
1.418088e+01 6.581209e+00 
1.422130e+01 6.481549e+00 
1.426087e+01 6.381890e+00 
1.429960e+01 6.282232e+00 
1.433749e+01 6.182576e+00 
1.437454e+01 6.082920e+00 
1.441076e+01 5.983265e+00 
1.444616e+01 5.883610e+00 
1.448074e+01 5.783956e+00 
1.451450e+01 5.684303e+00 
1.454745e+01 5.584650e+00 
1.457960e+01 5.484997e+00 
1.461095e+01 5.385345e+00 
1.464150e+01 5.285692e+00 
1.467126e+01 5.186040e+00 
1.470024e+01 5.086387e+00 
1.472844e+01 4.986734e+00 
1.475586e+01 4.887066e+00 
1.478256e+01 4.787386e+00 
1.480855e+01 4.687705e+00 
1.483384e+01 4.588024e+00 
1.485843e+01 4.488343e+00 
1.488233e+01 4.388661e+00 
1.490554e+01 4.288980e+00 
1.492807e+01 4.189298e+00 
1.494991e+01 4.089615e+00 
1.497108e+01 3.989932e+00 
1.499157e+01 3.890249e+00 
1.501139e+01 3.790565e+00 
1.503055e+01 3.690881e+00 
1.504904e+01 3.591196e+00 
1.506687e+01 3.491510e+00 
1.508405e+01 3.391823e+00 
1.510058e+01 3.292133e+00 
1.511646e+01 3.192429e+00 
1.513174e+01 3.092700e+00 
1.514646e+01 2.992961e+00 
1.516065e+01 2.893217e+00 
1.517430e+01 2.793473e+00 
1.518744e+01 2.693728e+00 
1.520005e+01 2.593983e+00 
1.521214e+01 2.494238e+00 
1.522371e+01 2.394493e+00 
1.523477e+01 2.294747e+00 
1.524531e+01 2.195000e+00 
1.525533e+01 2.095254e+00 
1.526484e+01 1.995506e+00 
1.527385e+01 1.895759e+00 
1.528234e+01 1.796011e+00 
1.529032e+01 1.696262e+00 
1.529780e+01 1.596513e+00 
1.530477e+01 1.496764e+00 
1.531124e+01 1.397014e+00 
1.531721e+01 1.297264e+00 
1.532268e+01 1.197513e+00 
1.532765e+01 1.097761e+00 
1.533212e+01 9.980091e-01 
1.533610e+01 8.982565e-01 
1.533958e+01 7.985032e-01 
1.534256e+01 6.987450e-01 
1.544253e+01 7.012550e-01 
1.543953e+01 8.014968e-01 
1.543603e+01 9.017435e-01 
1.543204e+01 1.001991e+00 
1.542755e+01 1.102239e+00 
1.542256e+01 1.202487e+00 
1.541706e+01 1.302736e+00 
1.541106e+01 1.402986e+00 
1.540456e+01 1.503236e+00 
1.539756e+01 1.603487e+00 
1.539004e+01 1.703738e+00 
1.538202e+01 1.803989e+00 
1.537349e+01 1.904241e+00 
1.536444e+01 2.004494e+00 
1.535488e+01 2.104746e+00 
1.534481e+01 2.205000e+00 
1.533421e+01 2.305253e+00 
1.532310e+01 2.405507e+00 
1.531147e+01 2.505762e+00 
1.529932e+01 2.606017e+00 
1.528665e+01 2.706272e+00 
1.527345e+01 2.806527e+00 
1.525972e+01 2.906783e+00 
1.524547e+01 3.007039e+00 
1.523067e+01 3.107300e+00 
1.521531e+01 3.207571e+00 
1.519933e+01 3.307867e+00 
1.518270e+01 3.408177e+00 
1.516542e+01 3.508490e+00 
1.514748e+01 3.608804e+00 
1.512887e+01 3.709119e+00 
1.510960e+01 3.809435e+00 
1.508965e+01 3.909751e+00 
1.506903e+01 4.010068e+00 
1.504773e+01 4.110385e+00 
1.502575e+01 4.210702e+00 
1.500308e+01 4.311020e+00 
1.497973e+01 4.411339e+00 
1.495568e+01 4.511657e+00 
1.493093e+01 4.611976e+00 
1.490548e+01 4.712295e+00 
1.487932e+01 4.812614e+00 
1.485246e+01 4.912934e+00 
1.482485e+01 5.013266e+00 
1.479646e+01 5.113613e+00 
1.476728e+01 5.213960e+00 
1.473732e+01 5.314308e+00 
1.470655e+01 5.414655e+00 
1.467499e+01 5.515003e+00 
1.464262e+01 5.615350e+00 
1.460944e+01 5.715697e+00 
1.457545e+01 5.816044e+00 
1.454063e+01 5.916390e+00 
1.450499e+01 6.016735e+00 
1.446852e+01 6.117080e+00 
1.443122e+01 6.217424e+00 
1.439307e+01 6.317768e+00 
1.435408e+01 6.418110e+00 
1.431424e+01 6.518451e+00 
1.427355e+01 6.618791e+00 
1.423200e+01 6.719130e+00 
1.418959e+01 6.819468e+00 
1.414631e+01 6.919804e+00 
1.410216e+01 7.020139e+00 
1.405713e+01 7.120472e+00 
1.401124e+01 7.220798e+00 
1.396451e+01 7.321115e+00 
1.391695e+01 7.421421e+00 
1.386859e+01 7.521717e+00 
1.381944e+01 7.622005e+00 
1.376952e+01 7.722283e+00 
1.371882e+01 7.822559e+00 
1.366735e+01 7.922834e+00 
1.361509e+01 8.023108e+00 
1.356205e+01 8.123380e+00 
1.350821e+01 8.223653e+00 
1.345347e+01 8.323953e+00 
1.339765e+01 8.424306e+00 
1.334077e+01 8.524658e+00 
1.328280e+01 8.625010e+00 
1.322371e+01 8.725368e+00 
1.316344e+01 8.825741e+00 
1.310184e+01 8.926148e+00 
1.303887e+01 9.026563e+00 
1.297452e+01 9.126979e+00 
1.290877e+01 9.227393e+00 
1.284158e+01 9.327805e+00 
1.277295e+01 9.428216e+00 
1.270284e+01 9.528625e+00 
1.263123e+01 9.629032e+00 
1.255811e+01 9.729437e+00 
1.248344e+01 9.829839e+00 
1.240720e+01 9.930239e+00 
1.232936e+01 1.003064e+01 
1.224991e+01 1.013103e+01 
1.216882e+01 1.023142e+01 
1.208605e+01 1.033181e+01 
1.200159e+01 1.043219e+01 
1.191541e+01 1.053257e+01 
1.182749e+01 1.063295e+01 
1.173780e+01 1.073332e+01 
1.164630e+01 1.083368e+01 
1.155273e+01 1.093409e+01 
1.145657e+01 1.103457e+01 
1.135768e+01 1.113507e+01 
1.125718e+01 1.123437e+01 
1.115668e+01 1.133093e+01 
1.105618e+01 1.142484e+01 
1.095567e+01 1.151621e+01 
1.085517e+01 1.160514e+01 
1.075467e+01 1.169173e+01 
1.065418e+01 1.177605e+01 
1.055368e+01 1.185819e+01 
1.045319e+01 1.193822e+01 
1.035270e+01 1.201622e+01 
1.025221e+01 1.209227e+01 
1.015173e+01 1.216644e+01 
1.005126e+01 1.223880e+01 
9.950792e+00 1.230942e+01 
9.850327e+00 1.237835e+01 
9.749865e+00 1.244564e+01 
9.649406e+00 1.251134e+01 
9.548950e+00 1.257549e+01 
9.448490e+00 1.263812e+01 
9.347959e+00 1.269906e+01 
9.247330e+00 1.275807e+01 
9.146598e+00 1.281487e+01 
9.045860e+00 1.286947e+01 
8.945126e+00 1.292191e+01 
8.844396e+00 1.297226e+01 
8.743670e+00 1.302060e+01 
8.642949e+00 1.306698e+01 
8.542233e+00 1.311145e+01 
8.441522e+00 1.315406e+01 
8.340816e+00 1.319487e+01 
8.240114e+00 1.323392e+01 
8.139419e+00 1.327125e+01 
8.038730e+00 1.330691e+01 
7.938046e+00 1.334094e+01 
7.837369e+00 1.337337e+01 
7.736697e+00 1.340424e+01 
7.636032e+00 1.343359e+01 
7.535374e+00 1.346144e+01 
7.434722e+00 1.348784e+01 
7.334076e+00 1.351280e+01 
7.233438e+00 1.353637e+01 
7.132804e+00 1.355856e+01 
7.032084e+00 1.357922e+01 
6.931315e+00 1.359825e+01 
6.830528e+00 1.361562e+01 
6.729731e+00 1.363131e+01 
6.628912e+00 1.364531e+01 
6.528050e+00 1.365753e+01 
6.426901e+00 1.366742e+01 
6.325620e+00 1.367471e+01 
6.224346e+00 1.367940e+01 
6.123099e+00 1.368156e+01 
6.021881e+00 1.368125e+01 
5.920692e+00 1.367854e+01 
5.819534e+00 1.367347e+01 
5.718407e+00 1.366612e+01 
5.617311e+00 1.365653e+01 
5.516246e+00 1.364475e+01 
5.415210e+00 1.363082e+01 
5.314037e+00 1.361443e+01 
5.212423e+00 1.359454e+01 
5.110761e+00 1.357103e+01 
5.009163e+00 1.354398e+01 
4.907621e+00 1.351343e+01 
4.806124e+00 1.347937e+01 
4.704541e+00 1.344145e+01 
4.602703e+00 1.339878e+01 
4.500828e+00 1.335110e+01 
4.399033e+00 1.329839e+01 
4.297217e+00 1.324021e+01 
4.194945e+00 1.317435e+01 
4.092309e+00 1.309857e+01 
3.989842e+00 1.301245e+01 
3.887584e+00 1.291533e+01 
3.791793e+00 1.281330e+01 
3.705150e+00 1.271149e+01 
3.625599e+00 1.260992e+01 
3.553353e+00 1.250799e+01 
3.488351e+00 1.240594e+01 
3.429108e+00 1.230426e+01 
3.374451e+00 1.220280e+01 
3.323743e+00 1.210146e+01 
3.276469e+00 1.200025e+01 
3.232259e+00 1.189912e+01 
3.190873e+00 1.179804e+01 
3.152121e+00 1.169700e+01 
3.115699e+00 1.159607e+01 
3.081166e+00 1.149531e+01 
3.048180e+00 1.139467e+01 
3.016604e+00 1.129407e+01 
2.986386e+00 1.119348e+01 
2.957578e+00 1.109286e+01 
2.930135e+00 1.099226e+01 
2.903675e+00 1.089184e+01 
2.878078e+00 1.079145e+01 
2.853338e+00 1.069106e+01 
2.829355e+00 1.059072e+01 
2.805965e+00 1.049046e+01 
2.783019e+00 1.039026e+01 
2.760485e+00 1.029007e+01 
2.738467e+00 1.018983e+01 
2.717186e+00 1.008947e+01 
2.696791e+00 9.989049e+00 
2.677152e+00 9.888702e+00 
2.658121e+00 9.788421e+00 
2.639733e+00 9.688114e+00 
2.621925e+00 9.587841e+00 
2.604668e+00 9.487580e+00 
2.588101e+00 9.387244e+00 
2.572132e+00 9.286961e+00 
2.556679e+00 9.186716e+00 
2.541637e+00 9.086522e+00 
2.526882e+00 8.986388e+00 
2.512381e+00 8.886266e+00 
2.498117e+00 8.786151e+00 
2.484099e+00 8.686032e+00 
2.470366e+00 8.585892e+00 
2.456877e+00 8.485775e+00 
2.443583e+00 8.385682e+00 
2.430444e+00 8.285608e+00 
2.417497e+00 8.185512e+00 
2.404895e+00 8.085340e+00 
2.392681e+00 7.985149e+00 
2.380907e+00 7.884933e+00 
2.369485e+00 7.784763e+00 
2.358340e+00 7.684630e+00 
2.347408e+00 7.584527e+00 
2.336669e+00 7.484433e+00 
2.326118e+00 7.384340e+00 
2.315757e+00 7.284247e+00 
2.305585e+00 7.184154e+00 
2.295600e+00 7.084062e+00 
2.285802e+00 6.983970e+00 
2.276197e+00 6.883875e+00 
2.266821e+00 6.783761e+00 
2.257747e+00 6.683610e+00 
2.248998e+00 6.583449e+00 
2.240525e+00 6.483314e+00 
2.232147e+00 6.383272e+00 
2.223941e+00 6.283184e+00 
2.215507e+00 6.183306e+00 
2.207098e+00 6.083288e+00 
2.198800e+00 5.983231e+00 
2.190634e+00 5.883165e+00 
2.182616e+00 5.783092e+00 
2.174756e+00 5.683013e+00 
2.167063e+00 5.582931e+00 
2.159542e+00 5.482846e+00 
2.152191e+00 5.382761e+00 
2.145002e+00 5.282681e+00 
2.137947e+00 5.182615e+00 
2.131021e+00 5.082551e+00 
2.124243e+00 4.982478e+00 
2.117631e+00 4.882395e+00 
2.111292e+00 4.782257e+00 
2.105238e+00 4.682116e+00 
2.099388e+00 4.582016e+00 
2.093661e+00 4.481955e+00 
2.193498e+00 4.476242e+00 
