1.933949e+01 -5.982558e-01 
1.933601e+01 -6.980097e-01 
1.933204e+01 -7.977641e-01 
1.932757e+01 -8.975191e-01 
1.932262e+01 -9.972746e-01 
1.931717e+01 -1.097031e+00 
1.931124e+01 -1.196787e+00 
1.930482e+01 -1.296544e+00 
1.929791e+01 -1.396302e+00 
1.929051e+01 -1.496061e+00 
1.928263e+01 -1.595819e+00 
1.927426e+01 -1.695579e+00 
1.926540e+01 -1.795339e+00 
1.925606e+01 -1.895100e+00 
1.924624e+01 -1.994861e+00 
1.923593e+01 -2.094623e+00 
1.922514e+01 -2.194385e+00 
1.921387e+01 -2.294148e+00 
1.920211e+01 -2.393905e+00 
1.918986e+01 -2.493623e+00 
1.917704e+01 -2.593327e+00 
1.916362e+01 -2.693030e+00 
1.914958e+01 -2.792733e+00 
1.913494e+01 -2.892435e+00 
1.911968e+01 -2.992137e+00 
1.910380e+01 -3.091838e+00 
1.908731e+01 -3.191539e+00 
1.907019e+01 -3.291239e+00 
1.905245e+01 -3.390938e+00 
1.903407e+01 -3.490637e+00 
1.901507e+01 -3.590336e+00 
1.899543e+01 -3.690034e+00 
1.897515e+01 -3.789732e+00 
1.895424e+01 -3.889429e+00 
1.893267e+01 -3.989126e+00 
1.891046e+01 -4.088822e+00 
1.888759e+01 -4.188518e+00 
1.886407e+01 -4.288214e+00 
1.883989e+01 -4.387909e+00 
1.881505e+01 -4.487604e+00 
1.878953e+01 -4.587308e+00 
1.876335e+01 -4.687048e+00 
1.873660e+01 -4.786799e+00 
1.870930e+01 -4.886549e+00 
1.868144e+01 -4.986298e+00 
1.865301e+01 -5.086047e+00 
1.862403e+01 -5.185795e+00 
1.859447e+01 -5.285542e+00 
1.856434e+01 -5.385289e+00 
1.853364e+01 -5.485035e+00 
1.850235e+01 -5.584781e+00 
1.847048e+01 -5.684526e+00 
1.843802e+01 -5.784270e+00 
1.840496e+01 -5.884015e+00 
1.837131e+01 -5.983758e+00 
1.833705e+01 -6.083501e+00 
1.830219e+01 -6.183244e+00 
1.826671e+01 -6.282987e+00 
1.823062e+01 -6.382728e+00 
1.819391e+01 -6.482446e+00 
1.815653e+01 -6.582154e+00 
1.811843e+01 -6.681861e+00 
1.807962e+01 -6.781566e+00 
1.804008e+01 -6.881269e+00 
1.799979e+01 -6.980971e+00 
1.795876e+01 -7.080670e+00 
1.791697e+01 -7.180369e+00 
1.787441e+01 -7.280065e+00 
1.783107e+01 -7.379760e+00 
1.778694e+01 -7.479454e+00 
1.774201e+01 -7.579146e+00 
1.769626e+01 -7.678837e+00 
1.764969e+01 -7.778526e+00 
1.760228e+01 -7.878214e+00 
1.755402e+01 -7.977901e+00 
1.750491e+01 -8.077586e+00 
1.745492e+01 -8.177270e+00 
1.740404e+01 -8.276953e+00 
1.735227e+01 -8.376635e+00 
1.729958e+01 -8.476316e+00 
1.724597e+01 -8.575996e+00 
1.719142e+01 -8.675675e+00 
1.713592e+01 -8.775354e+00 
1.707945e+01 -8.875037e+00 
1.702202e+01 -8.974702e+00 
1.696357e+01 -9.074354e+00 
1.690403e+01 -9.174007e+00 
1.684338e+01 -9.273659e+00 
1.678162e+01 -9.373310e+00 
1.671873e+01 -9.472941e+00 
1.665462e+01 -9.572574e+00 
1.658926e+01 -9.672211e+00 
1.652265e+01 -9.771851e+00 
1.645477e+01 -9.871495e+00 
1.638563e+01 -9.971143e+00 
1.631521e+01 -1.007079e+01 
1.624349e+01 -1.017045e+01 
1.617048e+01 -1.027011e+01 
1.609615e+01 -1.036977e+01 
1.602050e+01 -1.046943e+01 
1.594351e+01 -1.056910e+01 
1.586518e+01 -1.066878e+01 
1.578549e+01 -1.076845e+01 
1.570443e+01 -1.086813e+01 
1.562198e+01 -1.096781e+01 
1.553813e+01 -1.106750e+01 
1.545287e+01 -1.116719e+01 
1.536618e+01 -1.126688e+01 
1.527805e+01 -1.136658e+01 
1.518846e+01 -1.146628e+01 
1.509740e+01 -1.156598e+01 
1.500487e+01 -1.166566e+01 
1.491073e+01 -1.176529e+01 
1.481463e+01 -1.186491e+01 
1.471650e+01 -1.196453e+01 
1.461689e+01 -1.206352e+01 
1.451728e+01 -1.216038e+01 
1.441767e+01 -1.225515e+01 
1.431807e+01 -1.234789e+01 
1.421846e+01 -1.243864e+01 
1.411884e+01 -1.252749e+01 
1.401921e+01 -1.261454e+01 
1.391959e+01 -1.269988e+01 
1.381996e+01 -1.278354e+01 
1.372034e+01 -1.286555e+01 
1.362072e+01 -1.294594e+01 
1.352110e+01 -1.302475e+01 
1.342148e+01 -1.310201e+01 
1.332186e+01 -1.317775e+01 
1.322224e+01 -1.325200e+01 
1.312263e+01 -1.332479e+01 
1.302301e+01 -1.339614e+01 
1.292339e+01 -1.346608e+01 
1.282378e+01 -1.353465e+01 
1.272416e+01 -1.360186e+01 
1.262454e+01 -1.366774e+01 
1.252494e+01 -1.373231e+01 
1.242541e+01 -1.379551e+01 
1.232590e+01 -1.385717e+01 
1.222638e+01 -1.391726e+01 
1.212687e+01 -1.397583e+01 
1.202735e+01 -1.403290e+01 
1.192783e+01 -1.408853e+01 
1.182830e+01 -1.414273e+01 
1.172878e+01 -1.419555e+01 
1.162925e+01 -1.424701e+01 
1.152971e+01 -1.429716e+01 
1.143018e+01 -1.434600e+01 
1.133064e+01 -1.439359e+01 
1.123109e+01 -1.443994e+01 
1.113154e+01 -1.448508e+01 
1.103202e+01 -1.452903e+01 
1.093252e+01 -1.457175e+01 
1.083303e+01 -1.461319e+01 
1.073353e+01 -1.465336e+01 
1.063402e+01 -1.469228e+01 
1.053451e+01 -1.473000e+01 
1.043499e+01 -1.476654e+01 
1.033547e+01 -1.480193e+01 
1.023593e+01 -1.483619e+01 
1.013640e+01 -1.486936e+01 
1.003685e+01 -1.490147e+01 
9.937296e+00 -1.493253e+01 
9.837739e+00 -1.496258e+01 
9.738249e+00 -1.499160e+01 
9.638839e+00 -1.501947e+01 
9.539448e+00 -1.504602e+01 
9.440055e+00 -1.507123e+01 
9.340661e+00 -1.509513e+01 
9.241263e+00 -1.511772e+01 
9.141861e+00 -1.513903e+01 
9.042457e+00 -1.515907e+01 
8.943048e+00 -1.517786e+01 
8.843635e+00 -1.519542e+01 
8.744217e+00 -1.521176e+01 
8.644794e+00 -1.522689e+01 
8.545367e+00 -1.524085e+01 
8.445934e+00 -1.525363e+01 
8.346496e+00 -1.526526e+01 
8.247052e+00 -1.527575e+01 
8.147603e+00 -1.528512e+01 
8.048185e+00 -1.529338e+01 
7.948817e+00 -1.530047e+01 
7.849468e+00 -1.530630e+01 
7.750125e+00 -1.531082e+01 
7.650788e+00 -1.531404e+01 
7.551456e+00 -1.531594e+01 
7.452127e+00 -1.531651e+01 
7.352802e+00 -1.531575e+01 
7.253480e+00 -1.531364e+01 
7.154160e+00 -1.531019e+01 
7.054841e+00 -1.530539e+01 
6.955522e+00 -1.529922e+01 
6.856204e+00 -1.529169e+01 
6.756897e+00 -1.528280e+01 
6.657639e+00 -1.527252e+01 
6.558461e+00 -1.526074e+01 
6.459325e+00 -1.524730e+01 
6.360171e+00 -1.523210e+01 
6.261001e+00 -1.521514e+01 
6.161816e+00 -1.519646e+01 
6.062615e+00 -1.517606e+01 
5.963401e+00 -1.515396e+01 
5.864171e+00 -1.513017e+01 
5.764925e+00 -1.510470e+01 
5.665725e+00 -1.507759e+01 
5.566684e+00 -1.504875e+01 
5.467745e+00 -1.501778e+01 
5.368768e+00 -1.498436e+01 
5.269761e+00 -1.494851e+01 
5.170723e+00 -1.491026e+01 
5.071657e+00 -1.486961e+01 
4.972583e+00 -1.482660e+01 
4.873676e+00 -1.478126e+01 
4.774969e+00 -1.473310e+01 
4.676289e+00 -1.468136e+01 
4.577593e+00 -1.462576e+01 
4.478877e+00 -1.456616e+01 
4.380143e+00 -1.450239e+01 
4.281387e+00 -1.443426e+01 
4.182608e+00 -1.436156e+01 
4.083871e+00 -1.428411e+01 
3.985233e+00 -1.420143e+01 
3.886792e+00 -1.411268e+01 
3.788419e+00 -1.401606e+01 
3.697166e+00 -1.391763e+01 
3.613208e+00 -1.381906e+01 
3.535263e+00 -1.372036e+01 
3.462376e+00 -1.362158e+01 
3.393926e+00 -1.352273e+01 
3.329578e+00 -1.342406e+01 
3.269469e+00 -1.332526e+01 
3.212984e+00 -1.322630e+01 
3.159538e+00 -1.312726e+01 
3.108806e+00 -1.302816e+01 
3.060575e+00 -1.292904e+01 
3.014698e+00 -1.282990e+01 
2.971042e+00 -1.273073e+01 
2.929483e+00 -1.263147e+01 
2.889728e+00 -1.253209e+01 
2.851452e+00 -1.243259e+01 
2.814410e+00 -1.233309e+01 
2.778595e+00 -1.223368e+01 
2.744176e+00 -1.213425e+01 
2.711080e+00 -1.203478e+01 
2.679200e+00 -1.193528e+01 
2.648458e+00 -1.183576e+01 
2.618781e+00 -1.173619e+01 
2.590074e+00 -1.163658e+01 
2.562222e+00 -1.153693e+01 
2.535133e+00 -1.143722e+01 
2.508684e+00 -1.133751e+01 
2.482900e+00 -1.123786e+01 
2.457880e+00 -1.113821e+01 
2.433603e+00 -1.103852e+01 
2.410007e+00 -1.093882e+01 
2.387039e+00 -1.083909e+01 
2.364672e+00 -1.073938e+01 
2.342907e+00 -1.063966e+01 
2.321752e+00 -1.053995e+01 
2.301197e+00 -1.044018e+01 
2.281116e+00 -1.034037e+01 
2.261460e+00 -1.024063e+01 
2.242343e+00 -1.014089e+01 
2.223777e+00 -1.004115e+01 
2.205750e+00 -9.941401e+00 
2.188256e+00 -9.841655e+00 
2.171292e+00 -9.741908e+00 
2.154853e+00 -9.642160e+00 
2.138938e+00 -9.542406e+00 
2.123527e+00 -9.442622e+00 
2.108556e+00 -9.342807e+00 
2.093946e+00 -9.242839e+00 
2.079395e+00 -9.142837e+00 
2.064856e+00 -9.042934e+00 
2.050518e+00 -8.943048e+00 
2.036420e+00 -8.843188e+00 
2.022610e+00 -8.743336e+00 
2.009104e+00 -8.643491e+00 
1.995918e+00 -8.543654e+00 
1.983067e+00 -8.443825e+00 
1.970566e+00 -8.344003e+00 
1.958430e+00 -8.244190e+00 
1.946676e+00 -8.144375e+00 
1.935294e+00 -8.044538e+00 
1.924245e+00 -7.944697e+00 
1.913520e+00 -7.844873e+00 
1.903151e+00 -7.745028e+00 
1.893092e+00 -7.645141e+00 
1.883260e+00 -7.545240e+00 
1.873630e+00 -7.445340e+00 
1.864203e+00 -7.345442e+00 
1.854979e+00 -7.245527e+00 
1.845923e+00 -7.145559e+00 
1.836929e+00 -7.045566e+00 
1.827950e+00 -6.945584e+00 
1.819009e+00 -6.845613e+00 
1.810128e+00 -6.745654e+00 
1.801334e+00 -6.645721e+00 
1.792676e+00 -6.545825e+00 
1.784231e+00 -6.445947e+00 
1.776028e+00 -6.346022e+00 
1.767975e+00 -6.246074e+00 
1.760032e+00 -6.146212e+00 
1.752369e+00 -6.046353e+00 
1.744983e+00 -5.946400e+00 
1.737691e+00 -5.846456e+00 
1.730514e+00 -5.746519e+00 
1.723463e+00 -5.646589e+00 
1.716553e+00 -5.546666e+00 
1.709800e+00 -5.446752e+00 
1.703220e+00 -5.346835e+00 
1.696804e+00 -5.246885e+00 
1.690487e+00 -5.146912e+00 
1.684226e+00 -5.046942e+00 
1.678025e+00 -4.946976e+00 
1.671892e+00 -4.847025e+00 
1.665861e+00 -4.747114e+00 
1.660007e+00 -4.647191e+00 
1.654306e+00 -4.547214e+00 
1.648649e+00 -4.447219e+00 
1.643003e+00 -4.347244e+00 
1.637411e+00 -4.247311e+00 
1.631954e+00 -4.147389e+00 
1.626653e+00 -4.047454e+00 
1.621480e+00 -3.947504e+00 
1.616407e+00 -3.847541e+00 
1.611409e+00 -3.747565e+00 
1.606459e+00 -3.647584e+00 
1.601546e+00 -3.547609e+00 
1.596686e+00 -3.447690e+00 
1.591991e+00 -3.347807e+00 
1.587529e+00 -3.247900e+00 
1.583252e+00 -3.147971e+00 
1.579118e+00 -3.048021e+00 
1.575083e+00 -2.948051e+00 
1.571106e+00 -2.848060e+00 
1.567147e+00 -2.748049e+00 
1.563166e+00 -2.648028e+00 
1.559143e+00 -2.548036e+00 
1.555137e+00 -2.448057e+00 
1.551173e+00 -2.348061e+00 
1.547216e+00 -2.248072e+00 
1.543283e+00 -2.148096e+00 
1.539399e+00 -2.048175e+00 
1.535672e+00 -1.948215e+00 
1.532023e+00 -1.848181e+00 
1.528305e+00 -1.748162e+00 
1.524551e+00 -1.648172e+00 
1.520818e+00 -1.548210e+00 
1.517162e+00 -1.448266e+00 
1.513618e+00 -1.348325e+00 
1.510193e+00 -1.248401e+00 
1.506921e+00 -1.148487e+00 
1.503819e+00 -1.048553e+00 
1.500849e+00 -9.486009e-01 
1.497975e+00 -8.486299e-01 
1.495158e+00 -7.486399e-01 
1.492361e+00 -6.486344e-01 
1.489553e+00 -5.486216e-01 
1.486719e+00 -4.486114e-01 
1.483864e+00 -3.485998e-01 
1.480986e+00 -2.485782e-01 
1.478065e+00 -1.485615e-01 
1.475133e+00 -5.003785e-02 
1.475111e+00 4.856149e-02 
1.478066e+00 1.485782e-01 
1.480987e+00 2.485998e-01 
1.483864e+00 3.486114e-01 
1.486719e+00 4.486216e-01 
1.489553e+00 5.486344e-01 
1.492361e+00 6.486399e-01 
1.495158e+00 7.486299e-01 
1.497974e+00 8.486009e-01 
1.500848e+00 9.485531e-01 
1.503817e+00 1.048487e+00 
1.506918e+00 1.148401e+00 
1.510190e+00 1.248325e+00 
1.513616e+00 1.348266e+00 
1.517160e+00 1.448210e+00 
1.520816e+00 1.548172e+00 
1.524551e+00 1.648162e+00 
1.528306e+00 1.748181e+00 
1.532024e+00 1.848215e+00 
1.535671e+00 1.948175e+00 
1.539396e+00 2.048096e+00 
1.543282e+00 2.148072e+00 
1.547216e+00 2.248061e+00 
1.551173e+00 2.348057e+00 
1.555137e+00 2.448036e+00 
1.559142e+00 2.548028e+00 
1.563167e+00 2.648049e+00 
1.567148e+00 2.748060e+00 
1.571106e+00 2.848051e+00 
1.575082e+00 2.948021e+00 
1.579116e+00 3.047971e+00 
1.583249e+00 3.147900e+00 
1.587525e+00 3.247807e+00 
1.591986e+00 3.347690e+00 
1.596682e+00 3.447609e+00 
1.601545e+00 3.547584e+00 
1.606458e+00 3.647565e+00 
1.611408e+00 3.747541e+00 
1.616406e+00 3.847504e+00 
1.621477e+00 3.947454e+00 
1.626650e+00 4.047389e+00 
1.631950e+00 4.147311e+00 
1.637407e+00 4.247244e+00 
1.643002e+00 4.347219e+00 
1.648648e+00 4.447214e+00 
1.654305e+00 4.547191e+00 
1.660002e+00 4.647114e+00 
1.665856e+00 4.747025e+00 
1.671889e+00 4.846976e+00 
1.678023e+00 4.946942e+00 
1.684224e+00 5.046912e+00 
1.690486e+00 5.146885e+00 
1.696801e+00 5.246835e+00 
1.703215e+00 5.346752e+00 
1.709794e+00 5.446666e+00 
1.716548e+00 5.546589e+00 
1.723458e+00 5.646519e+00 
1.730509e+00 5.746456e+00 
1.737687e+00 5.846400e+00 
1.744979e+00 5.946353e+00 
1.752358e+00 6.046212e+00 
1.760022e+00 6.146074e+00 
1.767970e+00 6.246022e+00 
1.776022e+00 6.345947e+00 
1.784221e+00 6.445825e+00 
1.684576e+00 6.454250e+00 
1.676357e+00 6.354128e+00 
1.668294e+00 6.254054e+00 
1.660336e+00 6.154002e+00 
1.652651e+00 6.053864e+00 
1.645251e+00 5.953722e+00 
1.637952e+00 5.853676e+00 
1.630766e+00 5.753620e+00 
1.623706e+00 5.653557e+00 
1.616786e+00 5.553487e+00 
1.610022e+00 5.453410e+00 
1.603431e+00 5.353323e+00 
1.597007e+00 5.253241e+00 
1.590685e+00 5.153191e+00 
1.584419e+00 5.053164e+00 
1.578215e+00 4.953133e+00 
1.572077e+00 4.853100e+00 
1.566037e+00 4.753051e+00 
1.560174e+00 4.652962e+00 
1.554467e+00 4.552884e+00 
1.548808e+00 4.452862e+00 
1.543161e+00 4.352857e+00 
1.537563e+00 4.252832e+00 
1.532098e+00 4.152764e+00 
1.526790e+00 4.052686e+00 
1.521611e+00 3.952622e+00 
1.516534e+00 3.852572e+00 
1.511533e+00 3.752534e+00 
1.506580e+00 3.652510e+00 
1.501666e+00 3.552492e+00 
1.496800e+00 3.452467e+00 
1.492096e+00 3.352385e+00 
1.487625e+00 3.252269e+00 
1.483341e+00 3.152176e+00 
1.479201e+00 3.052104e+00 
1.475163e+00 2.952054e+00 
1.471185e+00 2.852025e+00 
1.467226e+00 2.752016e+00 
1.463246e+00 2.652027e+00 
1.459223e+00 2.552048e+00 
1.455217e+00 2.452039e+00 
1.451251e+00 2.352019e+00 
1.447294e+00 2.252015e+00 
1.443359e+00 2.152003e+00 
1.439472e+00 2.051980e+00 
1.435740e+00 1.951901e+00 
1.432091e+00 1.851861e+00 
1.428375e+00 1.751895e+00 
1.424621e+00 1.651914e+00 
1.420886e+00 1.551904e+00 
1.417227e+00 1.451866e+00 
1.413679e+00 1.351810e+00 
1.410249e+00 1.251751e+00 
1.406972e+00 1.151674e+00 
1.403865e+00 1.051589e+00 
1.400892e+00 9.515226e-01 
1.398015e+00 8.514748e-01 
1.395198e+00 7.514458e-01 
1.392400e+00 6.514358e-01 
1.389592e+00 5.514413e-01 
1.386759e+00 4.514541e-01 
1.383905e+00 3.514643e-01 
1.381028e+00 2.514759e-01 
1.378108e+00 1.514975e-01 
1.375155e+00 5.151421e-02 
1.375133e+00 -5.003785e-02 
1.378109e+00 -1.515142e-01 
1.381029e+00 -2.514975e-01 
1.383905e+00 -3.514759e-01 
1.386759e+00 -4.514643e-01 
1.389593e+00 -5.514541e-01 
1.392400e+00 -6.514413e-01 
1.395197e+00 -7.514358e-01 
1.398015e+00 -8.514458e-01 
1.400890e+00 -9.514748e-01 
1.403863e+00 -1.051523e+00 
1.406969e+00 -1.151589e+00 
1.410246e+00 -1.251674e+00 
1.413677e+00 -1.351751e+00 
1.417225e+00 -1.451810e+00 
1.420884e+00 -1.551866e+00 
1.424621e+00 -1.651904e+00 
1.428376e+00 -1.751914e+00 
1.432092e+00 -1.851895e+00 
1.435739e+00 -1.951861e+00 
1.439469e+00 -2.051901e+00 
1.443358e+00 -2.151980e+00 
1.447293e+00 -2.252003e+00 
1.451251e+00 -2.352015e+00 
1.455216e+00 -2.452019e+00 
1.459223e+00 -2.552039e+00 
1.463247e+00 -2.652048e+00 
1.467227e+00 -2.752027e+00 
1.471185e+00 -2.852016e+00 
1.475162e+00 -2.952025e+00 
1.479199e+00 -3.052054e+00 
1.483338e+00 -3.152104e+00 
1.487621e+00 -3.252176e+00 
1.492091e+00 -3.352269e+00 
1.496796e+00 -3.452385e+00 
1.501665e+00 -3.552467e+00 
1.506580e+00 -3.652492e+00 
1.511532e+00 -3.752510e+00 
1.516532e+00 -3.852534e+00 
1.521608e+00 -3.952572e+00 
1.526787e+00 -4.052622e+00 
1.532094e+00 -4.152686e+00 
1.537559e+00 -4.252764e+00 
1.543159e+00 -4.352832e+00 
1.548808e+00 -4.452857e+00 
1.554465e+00 -4.552862e+00 
1.560169e+00 -4.652884e+00 
1.566032e+00 -4.752962e+00 
1.572074e+00 -4.853051e+00 
1.578213e+00 -4.953100e+00 
1.584417e+00 -5.053133e+00 
1.590683e+00 -5.153164e+00 
1.597003e+00 -5.253191e+00 
1.603426e+00 -5.353241e+00 
1.610016e+00 -5.453323e+00 
1.616781e+00 -5.553410e+00 
1.623701e+00 -5.653487e+00 
1.630762e+00 -5.753557e+00 
1.637948e+00 -5.853620e+00 
1.645248e+00 -5.953676e+00 
1.652640e+00 -6.053722e+00 
1.660326e+00 -6.153864e+00 
1.668289e+00 -6.254002e+00 
1.676351e+00 -6.354054e+00 
1.684566e+00 -6.454128e+00 
1.693031e+00 -6.554250e+00 
1.701707e+00 -6.654355e+00 
1.710513e+00 -6.754421e+00 
1.719401e+00 -6.854462e+00 
1.728348e+00 -6.954492e+00 
1.737330e+00 -7.054510e+00 
1.746325e+00 -7.154517e+00 
1.755387e+00 -7.254549e+00 
1.764626e+00 -7.354634e+00 
1.774072e+00 -7.454735e+00 
1.783722e+00 -7.554836e+00 
1.793573e+00 -7.654935e+00 
1.803654e+00 -7.755048e+00 
1.814055e+00 -7.855202e+00 
1.824817e+00 -7.955379e+00 
1.835901e+00 -8.055538e+00 
1.847319e+00 -8.155701e+00 
1.859117e+00 -8.255885e+00 
1.871297e+00 -8.356072e+00 
1.883842e+00 -8.456251e+00 
1.896736e+00 -8.556422e+00 
1.909965e+00 -8.656585e+00 
1.923512e+00 -8.756740e+00 
1.937363e+00 -8.856888e+00 
1.951500e+00 -8.957028e+00 
1.965870e+00 -9.057142e+00 
1.980438e+00 -9.157239e+00 
1.994988e+00 -9.257237e+00 
2.009608e+00 -9.357269e+00 
2.024633e+00 -9.457454e+00 
2.040109e+00 -9.557669e+00 
2.056102e+00 -9.657915e+00 
2.072623e+00 -9.758168e+00 
2.089672e+00 -9.858421e+00 
2.107253e+00 -9.958675e+00 
2.125371e+00 -1.005893e+01 
2.144032e+00 -1.015919e+01 
2.163247e+00 -1.025945e+01 
2.183002e+00 -1.035970e+01 
2.203162e+00 -1.045990e+01 
2.223809e+00 -1.056013e+01 
2.245084e+00 -1.066041e+01 
2.266972e+00 -1.076070e+01 
2.289464e+00 -1.086098e+01 
2.312558e+00 -1.096126e+01 
2.336290e+00 -1.106155e+01 
2.360719e+00 -1.116187e+01 
2.385910e+00 -1.126221e+01 
2.411871e+00 -1.136256e+01 
2.438476e+00 -1.146286e+01 
2.465720e+00 -1.156315e+01 
2.493765e+00 -1.166350e+01 
2.522691e+00 -1.176388e+01 
2.552624e+00 -1.186432e+01 
2.583653e+00 -1.196479e+01 
2.615848e+00 -1.206529e+01 
2.649289e+00 -1.216582e+01 
2.684096e+00 -1.226639e+01 
2.720328e+00 -1.236698e+01 
2.757734e+00 -1.246748e+01 
2.796395e+00 -1.256799e+01 
2.836635e+00 -1.266861e+01 
2.878798e+00 -1.276935e+01 
2.923172e+00 -1.287018e+01 
2.969816e+00 -1.297103e+01 
3.018883e+00 -1.307191e+01 
3.070521e+00 -1.317282e+01 
3.124975e+00 -1.327378e+01 
3.182615e+00 -1.337482e+01 
3.244137e+00 -1.347602e+01 
3.310152e+00 -1.357734e+01 
3.380156e+00 -1.367850e+01 
3.454786e+00 -1.377972e+01 
3.534716e+00 -1.388102e+01 
3.621021e+00 -1.398245e+01 
3.715063e+00 -1.408402e+01 
3.816690e+00 -1.418399e+01 
3.918249e+00 -1.427568e+01 
4.019611e+00 -1.436073e+01 
4.120874e+00 -1.444023e+01 
4.222095e+00 -1.451478e+01 
4.323339e+00 -1.458469e+01 
4.424605e+00 -1.465015e+01 
4.525890e+00 -1.471136e+01 
4.627193e+00 -1.476847e+01 
4.728513e+00 -1.482165e+01 
4.829807e+00 -1.487112e+01 
4.930899e+00 -1.491750e+01 
5.031825e+00 -1.496134e+01 
5.132759e+00 -1.500277e+01 
5.233721e+00 -1.504179e+01 
5.334714e+00 -1.507838e+01 
5.435738e+00 -1.511252e+01 
5.536799e+00 -1.514418e+01 
5.637757e+00 -1.517360e+01 
5.738558e+00 -1.520116e+01 
5.839312e+00 -1.522703e+01 
5.940081e+00 -1.525120e+01 
6.040867e+00 -1.527366e+01 
6.141667e+00 -1.529440e+01 
6.242481e+00 -1.531341e+01 
6.343311e+00 -1.533066e+01 
6.444157e+00 -1.534615e+01 
6.545021e+00 -1.535983e+01 
6.645843e+00 -1.537182e+01 
6.746586e+00 -1.538227e+01 
6.847278e+00 -1.539129e+01 
6.947960e+00 -1.539894e+01 
7.048642e+00 -1.540519e+01 
7.149323e+00 -1.541007e+01 
7.250002e+00 -1.541358e+01 
7.350680e+00 -1.541572e+01 
7.451355e+00 -1.541651e+01 
7.552027e+00 -1.541594e+01 
7.652694e+00 -1.541402e+01 
7.753357e+00 -1.541077e+01 
7.854014e+00 -1.540619e+01 
7.954665e+00 -1.540030e+01 
8.055297e+00 -1.539313e+01 
8.155880e+00 -1.538478e+01 
8.256430e+00 -1.537531e+01 
8.356986e+00 -1.536471e+01 
8.457548e+00 -1.535295e+01 
8.558115e+00 -1.534003e+01 
8.658688e+00 -1.532592e+01 
8.759265e+00 -1.531062e+01 
8.859848e+00 -1.529409e+01 
8.960435e+00 -1.527634e+01 
9.061026e+00 -1.525733e+01 
9.161621e+00 -1.523706e+01 
9.262220e+00 -1.521550e+01 
9.362822e+00 -1.519264e+01 
9.463427e+00 -1.516846e+01 
9.564035e+00 -1.514295e+01 
9.664644e+00 -1.511608e+01 
9.765233e+00 -1.508789e+01 
9.865743e+00 -1.505858e+01 
9.966187e+00 -1.502827e+01 
1.006663e+01 -1.499693e+01 
1.016709e+01 -1.496454e+01 
1.026755e+01 -1.493106e+01 
1.036802e+01 -1.489648e+01 
1.046849e+01 -1.486076e+01 
1.056897e+01 -1.482387e+01 
1.066946e+01 -1.478579e+01 
1.076996e+01 -1.474648e+01 
1.087046e+01 -1.470592e+01 
1.097097e+01 -1.466406e+01 
1.107146e+01 -1.462092e+01 
1.117194e+01 -1.457656e+01 
1.127239e+01 -1.453101e+01 
1.137285e+01 -1.448424e+01 
1.147331e+01 -1.443623e+01 
1.157377e+01 -1.438693e+01 
1.167424e+01 -1.433632e+01 
1.177471e+01 -1.428438e+01 
1.187518e+01 -1.423107e+01 
1.197565e+01 -1.417635e+01 
1.207613e+01 -1.412020e+01 
1.217662e+01 -1.406257e+01 
1.227710e+01 -1.400344e+01 
1.237759e+01 -1.394277e+01 
1.247808e+01 -1.388051e+01 
1.257854e+01 -1.381673e+01 
1.267894e+01 -1.375165e+01 
1.277932e+01 -1.368527e+01 
1.287971e+01 -1.361754e+01 
1.298009e+01 -1.354846e+01 
1.308047e+01 -1.347798e+01 
1.318086e+01 -1.340609e+01 
1.328124e+01 -1.333275e+01 
1.338162e+01 -1.325793e+01 
1.348200e+01 -1.318162e+01 
1.358238e+01 -1.310378e+01 
1.368276e+01 -1.302437e+01 
1.378314e+01 -1.294337e+01 
1.388352e+01 -1.286075e+01 
1.398389e+01 -1.277647e+01 
1.408427e+01 -1.269049e+01 
1.418464e+01 -1.260279e+01 
1.428502e+01 -1.251328e+01 
1.438542e+01 -1.242181e+01 
1.448581e+01 -1.232834e+01 
1.458621e+01 -1.223282e+01 
1.468660e+01 -1.213521e+01 
1.478698e+01 -1.203547e+01 
1.488587e+01 -1.193509e+01 
1.498270e+01 -1.183471e+01 
1.507756e+01 -1.173434e+01 
1.517069e+01 -1.163402e+01 
1.526230e+01 -1.153372e+01 
1.535243e+01 -1.143342e+01 
1.544110e+01 -1.133312e+01 
1.552833e+01 -1.123281e+01 
1.561412e+01 -1.113250e+01 
1.569850e+01 -1.103219e+01 
1.578148e+01 -1.093187e+01 
1.586307e+01 -1.083155e+01 
1.594329e+01 -1.073122e+01 
1.602214e+01 -1.063090e+01 
1.609964e+01 -1.053057e+01 
1.617580e+01 -1.043023e+01 
1.625064e+01 -1.032989e+01 
1.632416e+01 -1.022955e+01 
1.639637e+01 -1.012921e+01 
1.646730e+01 -1.002886e+01 
1.653693e+01 -9.928505e+00 
1.660529e+01 -9.828149e+00 
1.667239e+01 -9.727789e+00 
1.673823e+01 -9.627426e+00 
1.680283e+01 -9.527059e+00 
1.686619e+01 -9.426690e+00 
1.692838e+01 -9.326341e+00 
1.698945e+01 -9.225993e+00 
1.704941e+01 -9.125646e+00 
1.710828e+01 -9.025298e+00 
1.716609e+01 -8.924963e+00 
1.722293e+01 -8.824646e+00 
1.727879e+01 -8.724325e+00 
1.733369e+01 -8.624004e+00 
1.738765e+01 -8.523684e+00 
1.744068e+01 -8.423365e+00 
1.749279e+01 -8.323047e+00 
1.754399e+01 -8.222730e+00 
1.759430e+01 -8.122414e+00 
1.764373e+01 -8.022099e+00 
1.769229e+01 -7.921786e+00 
1.774000e+01 -7.821474e+00 
1.778686e+01 -7.721163e+00 
1.783289e+01 -7.620854e+00 
1.787811e+01 -7.520546e+00 
1.792251e+01 -7.420240e+00 
1.796612e+01 -7.319935e+00 
1.800894e+01 -7.219631e+00 
1.805099e+01 -7.119330e+00 
1.809227e+01 -7.019029e+00 
1.813280e+01 -6.918731e+00 
1.817258e+01 -6.818434e+00 
1.821162e+01 -6.718139e+00 
1.824994e+01 -6.617846e+00 
1.828755e+01 -6.517554e+00 
1.832446e+01 -6.417272e+00 
1.836074e+01 -6.317013e+00 
1.839640e+01 -6.216756e+00 
1.843145e+01 -6.116499e+00 
1.846588e+01 -6.016242e+00 
1.849971e+01 -5.915985e+00 
1.853294e+01 -5.815730e+00 
1.856557e+01 -5.715474e+00 
1.859761e+01 -5.615219e+00 
1.862906e+01 -5.514965e+00 
1.865992e+01 -5.414711e+00 
1.869020e+01 -5.314458e+00 
1.871991e+01 -5.214205e+00 
1.874904e+01 -5.113953e+00 
1.877761e+01 -5.013702e+00 
1.880561e+01 -4.913451e+00 
1.883305e+01 -4.813201e+00 
1.885994e+01 -4.712952e+00 
1.888625e+01 -4.612692e+00 
1.891192e+01 -4.512396e+00 
1.893692e+01 -4.412091e+00 
1.896125e+01 -4.311786e+00 
1.898492e+01 -4.211482e+00 
1.900793e+01 -4.111178e+00 
1.903028e+01 -4.010874e+00 
1.905197e+01 -3.910571e+00 
1.907302e+01 -3.810268e+00 
1.909342e+01 -3.709966e+00 
1.911318e+01 -3.609664e+00 
1.913231e+01 -3.509363e+00 
1.915079e+01 -3.409062e+00 
1.916864e+01 -3.308761e+00 
1.918587e+01 -3.208461e+00 
1.920246e+01 -3.108162e+00 
1.921844e+01 -3.007863e+00 
1.923379e+01 -2.907565e+00 
1.924852e+01 -2.807267e+00 
1.926264e+01 -2.706970e+00 
1.927615e+01 -2.606673e+00 
1.928905e+01 -2.506377e+00 
1.930136e+01 -2.406095e+00 
1.931318e+01 -2.305852e+00 
1.932451e+01 -2.205615e+00 
1.933535e+01 -2.105377e+00 
1.934571e+01 -2.005139e+00 
1.935558e+01 -1.904900e+00 
1.936497e+01 -1.804661e+00 
1.937386e+01 -1.704421e+00 
1.938228e+01 -1.604181e+00 
1.939020e+01 -1.503939e+00 
1.939763e+01 -1.403698e+00 
1.940458e+01 -1.303456e+00 
1.941103e+01 -1.203213e+00 
1.941700e+01 -1.102969e+00 
1.942247e+01 -1.002725e+00 
1.942745e+01 -9.024809e-01 
1.943194e+01 -8.022359e-01 
1.943593e+01 -7.019903e-01 
1.943943e+01 -6.017442e-01 
1.933949e+01 -5.982558e-01 
