-2.090281e+00 4.735707e+00 
-2.096633e+00 4.835625e+00 
-2.103150e+00 4.935554e+00 
-2.109811e+00 5.035479e+00 
-2.116623e+00 5.135409e+00 
-2.123577e+00 5.235356e+00 
-2.130637e+00 5.335305e+00 
-2.137799e+00 5.435254e+00 
-2.145065e+00 5.535201e+00 
-2.152437e+00 5.635144e+00 
-2.159923e+00 5.735083e+00 
-2.167533e+00 5.835017e+00 
-2.175274e+00 5.934944e+00 
-2.183161e+00 6.034859e+00 
-2.191221e+00 6.134763e+00 
-2.199477e+00 6.234713e+00 
-2.207842e+00 6.334748e+00 
-2.216129e+00 6.434699e+00 
-2.224508e+00 6.534576e+00 
-2.233143e+00 6.634528e+00 
-2.241871e+00 6.734460e+00 
-2.250735e+00 6.834350e+00 
-2.259822e+00 6.934240e+00 
-2.269131e+00 7.034130e+00 
-2.278662e+00 7.134020e+00 
-2.288417e+00 7.233910e+00 
-2.298394e+00 7.333800e+00 
-2.308594e+00 7.433690e+00 
-2.319016e+00 7.533581e+00 
-2.329661e+00 7.633471e+00 
-2.340527e+00 7.733347e+00 
-2.351644e+00 7.833213e+00 
-2.363033e+00 7.933068e+00 
-2.374712e+00 8.032879e+00 
-2.386783e+00 8.132737e+00 
-2.399151e+00 8.232655e+00 
-2.411688e+00 8.332577e+00 
-2.424382e+00 8.432474e+00 
-2.437282e+00 8.532346e+00 
-2.450440e+00 8.632191e+00 
-2.463915e+00 8.732029e+00 
-2.477727e+00 8.831889e+00 
-2.491828e+00 8.931758e+00 
-2.506196e+00 9.031621e+00 
-2.520847e+00 9.131476e+00 
-2.535795e+00 9.231324e+00 
-2.551047e+00 9.331110e+00 
-2.566732e+00 9.430836e+00 
-2.582985e+00 9.530564e+00 
-2.599818e+00 9.630370e+00 
-2.617051e+00 9.730160e+00 
-2.634694e+00 9.829797e+00 
-2.653073e+00 9.929313e+00 
-2.672490e+00 1.002894e+01 
-2.692726e+00 1.012866e+01 
-2.713557e+00 1.022845e+01 
-2.734837e+00 1.032827e+01 
-2.756508e+00 1.042810e+01 
-2.778544e+00 1.052790e+01 
-2.800992e+00 1.062765e+01 
-2.823973e+00 1.072735e+01 
-2.847590e+00 1.082698e+01 
-2.871986e+00 1.092659e+01 
-2.897245e+00 1.102621e+01 
-2.923330e+00 1.112581e+01 
-2.950241e+00 1.122521e+01 
-2.978522e+00 1.132469e+01 
-3.007974e+00 1.142421e+01 
-3.038480e+00 1.152363e+01 
-3.070278e+00 1.162295e+01 
-3.103624e+00 1.172218e+01 
-3.138739e+00 1.182127e+01 
-3.175976e+00 1.192029e+01 
-3.215597e+00 1.201927e+01 
-3.257766e+00 1.211820e+01 
-3.302681e+00 1.221709e+01 
-3.350529e+00 1.231592e+01 
-3.401576e+00 1.241471e+01 
-3.455935e+00 1.251323e+01 
-3.514545e+00 1.261142e+01 
-3.579093e+00 1.270970e+01 
-3.649782e+00 1.280813e+01 
-3.726366e+00 1.290640e+01 
-3.810100e+00 1.300450e+01 
-3.902800e+00 1.310252e+01 
-4.000613e+00 1.319496e+01 
-4.098282e+00 1.327700e+01 
-4.196314e+00 1.334984e+01 
-4.294767e+00 1.341586e+01 
-4.393207e+00 1.347674e+01 
-4.491582e+00 1.353275e+01 
-4.589891e+00 1.358401e+01 
-4.688133e+00 1.363060e+01 
-4.786311e+00 1.367261e+01 
-4.884435e+00 1.371011e+01 
-4.982874e+00 1.374328e+01 
-5.081448e+00 1.377294e+01 
-5.180044e+00 1.379944e+01 
-5.278936e+00 1.382296e+01 
-5.378032e+00 1.384416e+01 
-5.477129e+00 1.386345e+01 
-5.576198e+00 1.388086e+01 
-5.675236e+00 1.389634e+01 
-5.774244e+00 1.390986e+01 
-5.873221e+00 1.392135e+01 
-5.972165e+00 1.393079e+01 
-6.071076e+00 1.393811e+01 
-6.169955e+00 1.394326e+01 
-6.268801e+00 1.394619e+01 
-6.367615e+00 1.394684e+01 
-6.466397e+00 1.394515e+01 
-6.565149e+00 1.394105e+01 
-6.663905e+00 1.393447e+01 
-6.762912e+00 1.392538e+01 
-6.862115e+00 1.391427e+01 
-6.961470e+00 1.390152e+01 
-7.060881e+00 1.388745e+01 
-7.160294e+00 1.387217e+01 
-7.259715e+00 1.385567e+01 
-7.359114e+00 1.383797e+01 
-7.458499e+00 1.381903e+01 
-7.557888e+00 1.379878e+01 
-7.657261e+00 1.377724e+01 
-7.756613e+00 1.375437e+01 
-7.855966e+00 1.373010e+01 
-7.955306e+00 1.370443e+01 
-8.054647e+00 1.367730e+01 
-8.153972e+00 1.364871e+01 
-8.253289e+00 1.361860e+01 
-8.352619e+00 1.358693e+01 
-8.451919e+00 1.355372e+01 
-8.551226e+00 1.351887e+01 
-8.650536e+00 1.348236e+01 
-8.749827e+00 1.344419e+01 
-8.849135e+00 1.340427e+01 
-8.948421e+00 1.336261e+01 
-9.047715e+00 1.331913e+01 
-9.147003e+00 1.327381e+01 
-9.246290e+00 1.322659e+01 
-9.345577e+00 1.317743e+01 
-9.444859e+00 1.312628e+01 
-9.544204e+00 1.307303e+01 
-9.643640e+00 1.301781e+01 
-9.743149e+00 1.296085e+01 
-9.842689e+00 1.290237e+01 
-9.942227e+00 1.284244e+01 
-1.004176e+01 1.278103e+01 
-1.014129e+01 1.271811e+01 
-1.024082e+01 1.265363e+01 
-1.034034e+01 1.258754e+01 
-1.043987e+01 1.251979e+01 
-1.053938e+01 1.245034e+01 
-1.063890e+01 1.237914e+01 
-1.073842e+01 1.230613e+01 
-1.083793e+01 1.223125e+01 
-1.093744e+01 1.215445e+01 
-1.103695e+01 1.207566e+01 
-1.113646e+01 1.199481e+01 
-1.123596e+01 1.191183e+01 
-1.133547e+01 1.182666e+01 
-1.143498e+01 1.173920e+01 
-1.153448e+01 1.164938e+01 
-1.163398e+01 1.155710e+01 
-1.173349e+01 1.146227e+01 
-1.183299e+01 1.136478e+01 
-1.193180e+01 1.126525e+01 
-1.202808e+01 1.116566e+01 
-1.212224e+01 1.106603e+01 
-1.221447e+01 1.096641e+01 
-1.230480e+01 1.086680e+01 
-1.239325e+01 1.076719e+01 
-1.247987e+01 1.066759e+01 
-1.256468e+01 1.056798e+01 
-1.264771e+01 1.046839e+01 
-1.272898e+01 1.036879e+01 
-1.280854e+01 1.026920e+01 
-1.288641e+01 1.016961e+01 
-1.296262e+01 1.007003e+01 
-1.303720e+01 9.970447e+00 
-1.311017e+01 9.870866e+00 
-1.318157e+01 9.771288e+00 
-1.325142e+01 9.671699e+00 
-1.331982e+01 9.572083e+00 
-1.338688e+01 9.472441e+00 
-1.345271e+01 9.372794e+00 
-1.351733e+01 9.273147e+00 
-1.358078e+01 9.173501e+00 
-1.364305e+01 9.073856e+00 
-1.370418e+01 8.974211e+00 
-1.376417e+01 8.874567e+00 
-1.382304e+01 8.774923e+00 
-1.388081e+01 8.675279e+00 
-1.393749e+01 8.575636e+00 
-1.399311e+01 8.475959e+00 
-1.404779e+01 8.376243e+00 
-1.410164e+01 8.276523e+00 
-1.415467e+01 8.176805e+00 
-1.420689e+01 8.077087e+00 
-1.425830e+01 7.977371e+00 
-1.430891e+01 7.877657e+00 
-1.435872e+01 7.777943e+00 
-1.440774e+01 7.678231e+00 
-1.445596e+01 7.578519e+00 
-1.450340e+01 7.478808e+00 
-1.455006e+01 7.379099e+00 
-1.459594e+01 7.279390e+00 
-1.464105e+01 7.179682e+00 
-1.468540e+01 7.079974e+00 
-1.472898e+01 6.980267e+00 
-1.477181e+01 6.880561e+00 
-1.481388e+01 6.780855e+00 
-1.485521e+01 6.681150e+00 
-1.489579e+01 6.581451e+00 
-1.493562e+01 6.481763e+00 
-1.497466e+01 6.382087e+00 
-1.501291e+01 6.282427e+00 
-1.505032e+01 6.182777e+00 
-1.508688e+01 6.083131e+00 
-1.512259e+01 5.983487e+00 
-1.515746e+01 5.883843e+00 
-1.519149e+01 5.784200e+00 
-1.522468e+01 5.684557e+00 
-1.525704e+01 5.584914e+00 
-1.528857e+01 5.485271e+00 
-1.531929e+01 5.385628e+00 
-1.534920e+01 5.285984e+00 
-1.537830e+01 5.186341e+00 
-1.540659e+01 5.086697e+00 
-1.543410e+01 4.987030e+00 
-1.546088e+01 4.887357e+00 
-1.548693e+01 4.787684e+00 
-1.551226e+01 4.688011e+00 
-1.553688e+01 4.588337e+00 
-1.556079e+01 4.488664e+00 
-1.558399e+01 4.388989e+00 
-1.560650e+01 4.289315e+00 
-1.562830e+01 4.189639e+00 
-1.564942e+01 4.089949e+00 
-1.566988e+01 3.990238e+00 
-1.568974e+01 3.890504e+00 
-1.570903e+01 3.790768e+00 
-1.572777e+01 3.691030e+00 
-1.574596e+01 3.591291e+00 
-1.576360e+01 3.491553e+00 
-1.578070e+01 3.391814e+00 
-1.579725e+01 3.292075e+00 
-1.581326e+01 3.192336e+00 
-1.582873e+01 3.092597e+00 
-1.584367e+01 2.992858e+00 
-1.585806e+01 2.893118e+00 
-1.587192e+01 2.793378e+00 
-1.588525e+01 2.693638e+00 
-1.589805e+01 2.593897e+00 
-1.591031e+01 2.494156e+00 
-1.592205e+01 2.394415e+00 
-1.593326e+01 2.294673e+00 
-1.594395e+01 2.194931e+00 
-1.595412e+01 2.095188e+00 
-1.596376e+01 1.995445e+00 
-1.597289e+01 1.895702e+00 
-1.598149e+01 1.795958e+00 
-1.598958e+01 1.696214e+00 
-1.599716e+01 1.596469e+00 
-1.600422e+01 1.496723e+00 
-1.601077e+01 1.396977e+00 
-1.601682e+01 1.297231e+00 
-1.602235e+01 1.197484e+00 
-1.602738e+01 1.097736e+00 
-1.603190e+01 9.979878e-01 
-1.603592e+01 8.982389e-01 
-1.603943e+01 7.984851e-01 
-1.604246e+01 6.987287e-01 
-1.614243e+01 7.012713e-01 
-1.613939e+01 8.015149e-01 
-1.613586e+01 9.017611e-01 
-1.613182e+01 1.002012e+00 
-1.612727e+01 1.102264e+00 
-1.612222e+01 1.202516e+00 
-1.611666e+01 1.302769e+00 
-1.611059e+01 1.403023e+00 
-1.610401e+01 1.503277e+00 
-1.609691e+01 1.603531e+00 
-1.608930e+01 1.703786e+00 
-1.608117e+01 1.804042e+00 
-1.607252e+01 1.904298e+00 
-1.606335e+01 2.004555e+00 
-1.605365e+01 2.104812e+00 
-1.604344e+01 2.205069e+00 
-1.603270e+01 2.305327e+00 
-1.602143e+01 2.405585e+00 
-1.600963e+01 2.505844e+00 
-1.599730e+01 2.606103e+00 
-1.598444e+01 2.706362e+00 
-1.597104e+01 2.806622e+00 
-1.595711e+01 2.906882e+00 
-1.594264e+01 3.007142e+00 
-1.592763e+01 3.107403e+00 
-1.591208e+01 3.207664e+00 
-1.589599e+01 3.307925e+00 
-1.587935e+01 3.408186e+00 
-1.586217e+01 3.508447e+00 
-1.584443e+01 3.608709e+00 
-1.582615e+01 3.708970e+00 
-1.580731e+01 3.809232e+00 
-1.578792e+01 3.909496e+00 
-1.576796e+01 4.009762e+00 
-1.574738e+01 4.110051e+00 
-1.572613e+01 4.210361e+00 
-1.570419e+01 4.310685e+00 
-1.568154e+01 4.411011e+00 
-1.565819e+01 4.511336e+00 
-1.563412e+01 4.611663e+00 
-1.560934e+01 4.711989e+00 
-1.558385e+01 4.812316e+00 
-1.555763e+01 4.912643e+00 
-1.553068e+01 5.012970e+00 
-1.550299e+01 5.113303e+00 
-1.547449e+01 5.213659e+00 
-1.544519e+01 5.314016e+00 
-1.541507e+01 5.414372e+00 
-1.538413e+01 5.514729e+00 
-1.535238e+01 5.615086e+00 
-1.531979e+01 5.715443e+00 
-1.528636e+01 5.815800e+00 
-1.525210e+01 5.916157e+00 
-1.521698e+01 6.016513e+00 
-1.518102e+01 6.116869e+00 
-1.514420e+01 6.217223e+00 
-1.510653e+01 6.317573e+00 
-1.506803e+01 6.417913e+00 
-1.502873e+01 6.518237e+00 
-1.498866e+01 6.618549e+00 
-1.494783e+01 6.718850e+00 
-1.490626e+01 6.819145e+00 
-1.486394e+01 6.919439e+00 
-1.482087e+01 7.019733e+00 
-1.477703e+01 7.120026e+00 
-1.473243e+01 7.220318e+00 
-1.468705e+01 7.320610e+00 
-1.464090e+01 7.420901e+00 
-1.459397e+01 7.521192e+00 
-1.454626e+01 7.621481e+00 
-1.449776e+01 7.721769e+00 
-1.444846e+01 7.822057e+00 
-1.439837e+01 7.922343e+00 
-1.434748e+01 8.022629e+00 
-1.429577e+01 8.122913e+00 
-1.424326e+01 8.223195e+00 
-1.418993e+01 8.323477e+00 
-1.413578e+01 8.423757e+00 
-1.408079e+01 8.524041e+00 
-1.402481e+01 8.624364e+00 
-1.396773e+01 8.724721e+00 
-1.390955e+01 8.825077e+00 
-1.385027e+01 8.925433e+00 
-1.378985e+01 9.025789e+00 
-1.372829e+01 9.126144e+00 
-1.366558e+01 9.226499e+00 
-1.360169e+01 9.326853e+00 
-1.353661e+01 9.427206e+00 
-1.347032e+01 9.527559e+00 
-1.340278e+01 9.627917e+00 
-1.333386e+01 9.728301e+00 
-1.326343e+01 9.828712e+00 
-1.319144e+01 9.929134e+00 
-1.311786e+01 1.002955e+01 
-1.304267e+01 1.012997e+01 
-1.296583e+01 1.023039e+01 
-1.288732e+01 1.033080e+01 
-1.280712e+01 1.043121e+01 
-1.272518e+01 1.053161e+01 
-1.264149e+01 1.063202e+01 
-1.255601e+01 1.073241e+01 
-1.246871e+01 1.083281e+01 
-1.237957e+01 1.093320e+01 
-1.228855e+01 1.103359e+01 
-1.219562e+01 1.113397e+01 
-1.210075e+01 1.123434e+01 
-1.200369e+01 1.133475e+01 
-1.190397e+01 1.143522e+01 
-1.180347e+01 1.153369e+01 
-1.170298e+01 1.162949e+01 
-1.160248e+01 1.172270e+01 
-1.150198e+01 1.181343e+01 
-1.140149e+01 1.190177e+01 
-1.130100e+01 1.198780e+01 
-1.120050e+01 1.207161e+01 
-1.110001e+01 1.215327e+01 
-1.099952e+01 1.223284e+01 
-1.089903e+01 1.231041e+01 
-1.079854e+01 1.238603e+01 
-1.069806e+01 1.245977e+01 
-1.059758e+01 1.253167e+01 
-1.049709e+01 1.260180e+01 
-1.039662e+01 1.267020e+01 
-1.029614e+01 1.273693e+01 
-1.019567e+01 1.280203e+01 
-1.009520e+01 1.286556e+01 
-9.994733e+00 1.292754e+01 
-9.894271e+00 1.298804e+01 
-9.793811e+00 1.304707e+01 
-9.693320e+00 1.310460e+01 
-9.592756e+00 1.316045e+01 
-9.492102e+00 1.321441e+01 
-9.391383e+00 1.326632e+01 
-9.290670e+00 1.331620e+01 
-9.189957e+00 1.336412e+01 
-9.089245e+00 1.341010e+01 
-8.988539e+00 1.345421e+01 
-8.887825e+00 1.349648e+01 
-8.787133e+00 1.353697e+01 
-8.686424e+00 1.357570e+01 
-8.585734e+00 1.361272e+01 
-8.485041e+00 1.364807e+01 
-8.384341e+00 1.368176e+01 
-8.283671e+00 1.371387e+01 
-8.182988e+00 1.374441e+01 
-8.082313e+00 1.377339e+01 
-7.981654e+00 1.380089e+01 
-7.880994e+00 1.382692e+01 
-7.780347e+00 1.385152e+01 
-7.679699e+00 1.387469e+01 
-7.579073e+00 1.389651e+01 
-7.478461e+00 1.391701e+01 
-7.377846e+00 1.393620e+01 
-7.277245e+00 1.395412e+01 
-7.176666e+00 1.397082e+01 
-7.076079e+00 1.398629e+01 
-6.975491e+00 1.400054e+01 
-6.874845e+00 1.401346e+01 
-6.774048e+00 1.402476e+01 
-6.673055e+00 1.403405e+01 
-6.571811e+00 1.404082e+01 
-6.470563e+00 1.404506e+01 
-6.369345e+00 1.404683e+01 
-6.268159e+00 1.404619e+01 
-6.167005e+00 1.404322e+01 
-6.065884e+00 1.403797e+01 
-5.964795e+00 1.403052e+01 
-5.863740e+00 1.402090e+01 
-5.762716e+00 1.400919e+01 
-5.661724e+00 1.399543e+01 
-5.560762e+00 1.397966e+01 
-5.459831e+00 1.396195e+01 
-5.358928e+00 1.394232e+01 
-5.258025e+00 1.392075e+01 
-5.156916e+00 1.389673e+01 
-5.055512e+00 1.386951e+01 
-4.954086e+00 1.383905e+01 
-4.852525e+00 1.380488e+01 
-4.750649e+00 1.376604e+01 
-4.648827e+00 1.372255e+01 
-4.547069e+00 1.367437e+01 
-4.445378e+00 1.362143e+01 
-4.343754e+00 1.356365e+01 
-4.242193e+00 1.350092e+01 
-4.140646e+00 1.343292e+01 
-4.038678e+00 1.335730e+01 
-3.936347e+00 1.327157e+01 
-3.834160e+00 1.317524e+01 
-3.737486e+00 1.307326e+01 
-3.650338e+00 1.297136e+01 
-3.570930e+00 1.286963e+01 
-3.497888e+00 1.276806e+01 
-3.430980e+00 1.266634e+01 
-3.370091e+00 1.256453e+01 
-3.314032e+00 1.246305e+01 
-3.261695e+00 1.236184e+01 
-3.212681e+00 1.226067e+01 
-3.166723e+00 1.215956e+01 
-3.123611e+00 1.205849e+01 
-3.083143e+00 1.195747e+01 
-3.045142e+00 1.185648e+01 
-3.009369e+00 1.175558e+01 
-2.975490e+00 1.165481e+01 
-2.943244e+00 1.155413e+01 
-2.912374e+00 1.145355e+01 
-2.882634e+00 1.135307e+01 
-2.854053e+00 1.125255e+01 
-2.826806e+00 1.115195e+01 
-2.800508e+00 1.105155e+01 
-2.775054e+00 1.095117e+01 
-2.750461e+00 1.085077e+01 
-2.726669e+00 1.075041e+01 
-2.703548e+00 1.065011e+01 
-2.680984e+00 1.054986e+01 
-2.658860e+00 1.044966e+01 
-2.637113e+00 1.034949e+01 
-2.615755e+00 1.024930e+01 
-2.594836e+00 1.014910e+01 
-2.574487e+00 1.004882e+01 
-2.554920e+00 9.948445e+00 
-2.536357e+00 9.847961e+00 
-2.518583e+00 9.747598e+00 
-2.501277e+00 9.647388e+00 
-2.484378e+00 9.547195e+00 
-2.468035e+00 9.446922e+00 
-2.452262e+00 9.346648e+00 
-2.436943e+00 9.246434e+00 
-2.421949e+00 9.146282e+00 
-2.407255e+00 9.046138e+00 
-2.392847e+00 8.946000e+00 
-2.378709e+00 8.845870e+00 
-2.364858e+00 8.745730e+00 
-2.351339e+00 8.645567e+00 
-2.338139e+00 8.545412e+00 
-2.325206e+00 8.445284e+00 
-2.312486e+00 8.345182e+00 
-2.299929e+00 8.245104e+00 
-2.287540e+00 8.145022e+00 
-2.275435e+00 8.044879e+00 
-2.263711e+00 7.944690e+00 
-2.252288e+00 7.844545e+00 
-2.241141e+00 7.744411e+00 
-2.230248e+00 7.644287e+00 
-2.219579e+00 7.544178e+00 
-2.209134e+00 7.444068e+00 
-2.198911e+00 7.343958e+00 
-2.188912e+00 7.243849e+00 
-2.179136e+00 7.143739e+00 
-2.169583e+00 7.043629e+00 
-2.160253e+00 6.943519e+00 
-2.151146e+00 6.843409e+00 
-2.142263e+00 6.743299e+00 
-2.133522e+00 6.643230e+00 
-2.124879e+00 6.543182e+00 
-2.116479e+00 6.443060e+00 
-2.108184e+00 6.343010e+00 
-2.099825e+00 6.243046e+00 
-2.091560e+00 6.142995e+00 
-2.083485e+00 6.042900e+00 
-2.075584e+00 5.942814e+00 
-2.067832e+00 5.842741e+00 
-2.060212e+00 5.742675e+00 
-2.052716e+00 5.642614e+00 
-2.045336e+00 5.542557e+00 
-2.038062e+00 5.442504e+00 
-2.030892e+00 5.342453e+00 
-2.023825e+00 5.242402e+00 
-2.016864e+00 5.142350e+00 
-2.010042e+00 5.042280e+00 
-2.003372e+00 4.942205e+00 
-1.996845e+00 4.842134e+00 
-1.990483e+00 4.742051e+00 
-2.090281e+00 4.735707e+00 
