-3.499400e+00 1.407999e+00 
-3.504509e+00 1.507985e+00 
-3.509646e+00 1.607968e+00 
-3.514819e+00 1.707950e+00 
-3.520025e+00 1.807899e+00 
-3.525332e+00 1.907805e+00 
-3.530825e+00 2.007692e+00 
-3.536550e+00 2.107626e+00 
-3.542410e+00 2.207603e+00 
-3.548314e+00 2.307559e+00 
-3.554305e+00 2.407493e+00 
-3.560426e+00 2.507405e+00 
-3.566723e+00 2.607295e+00 
-3.573240e+00 2.707161e+00 
-3.580025e+00 2.807004e+00 
-3.587124e+00 2.906823e+00 
-3.594586e+00 3.006635e+00 
-3.602434e+00 3.106531e+00 
-3.610500e+00 3.206537e+00 
-3.618554e+00 3.306537e+00 
-3.626608e+00 3.406518e+00 
-3.634696e+00 3.506481e+00 
-3.642855e+00 3.606382e+00 
-3.651210e+00 3.706236e+00 
-3.659858e+00 3.806074e+00 
-3.668832e+00 3.905895e+00 
-3.678165e+00 4.005696e+00 
-3.687899e+00 4.105471e+00 
-3.698088e+00 4.205249e+00 
-3.708729e+00 4.305032e+00 
-3.719811e+00 4.404821e+00 
-3.731323e+00 4.504616e+00 
-3.743254e+00 4.604415e+00 
-3.755594e+00 4.704220e+00 
-3.768334e+00 4.804031e+00 
-3.781463e+00 4.903855e+00 
-3.794955e+00 5.003696e+00 
-3.808766e+00 5.103487e+00 
-3.822999e+00 5.203234e+00 
-3.837752e+00 5.302966e+00 
-3.853057e+00 5.402686e+00 
-3.868939e+00 5.502401e+00 
-3.885411e+00 5.602105e+00 
-3.902495e+00 5.701792e+00 
-3.920229e+00 5.801464e+00 
-3.938648e+00 5.901132e+00 
-3.957759e+00 6.000771e+00 
-3.977594e+00 6.100231e+00 
-3.998579e+00 6.199725e+00 
-4.020651e+00 6.299257e+00 
-4.043731e+00 6.398804e+00 
-4.067788e+00 6.498343e+00 
-4.092845e+00 6.597871e+00 
-4.118931e+00 6.697386e+00 
-4.146085e+00 6.796883e+00 
-4.174352e+00 6.896359e+00 
-4.203788e+00 6.995810e+00 
-4.234452e+00 7.095211e+00 
-4.266406e+00 7.194363e+00 
-4.300150e+00 7.293038e+00 
-4.336917e+00 7.391442e+00 
-4.377437e+00 7.489530e+00 
-4.422633e+00 7.587227e+00 
-4.474070e+00 7.684914e+00 
-4.532242e+00 7.782481e+00 
-4.597791e+00 7.879369e+00 
-4.673819e+00 7.975177e+00 
-4.769150e+00 8.070954e+00 
-4.864036e+00 8.145127e+00 
-4.958580e+00 8.201778e+00 
-5.052640e+00 8.243506e+00 
-5.146450e+00 8.271622e+00 
-5.240295e+00 8.287159e+00 
-5.334449e+00 8.290916e+00 
-5.429135e+00 8.283541e+00 
-5.524517e+00 8.265620e+00 
-5.620701e+00 8.237811e+00 
-5.717599e+00 8.201062e+00 
-5.815196e+00 8.156276e+00 
-5.913217e+00 8.104748e+00 
-6.011355e+00 8.047337e+00 
-6.109581e+00 7.983951e+00 
-6.207872e+00 7.914384e+00 
-6.306219e+00 7.838293e+00 
-6.404624e+00 7.755234e+00 
-6.503095e+00 7.664677e+00 
-6.601556e+00 7.566088e+00 
-6.692800e+00 7.467264e+00 
-6.778767e+00 7.368029e+00 
-6.861352e+00 7.268740e+00 
-6.940914e+00 7.169433e+00 
-7.017652e+00 7.070110e+00 
-7.091739e+00 6.970772e+00 
-7.163328e+00 6.871418e+00 
-7.232563e+00 6.772051e+00 
-7.299564e+00 6.672673e+00 
-7.364438e+00 6.573280e+00 
-7.427291e+00 6.473877e+00 
-7.488182e+00 6.374512e+00 
-7.547057e+00 6.275159e+00 
-7.603931e+00 6.175820e+00 
-7.658817e+00 6.076491e+00 
-7.711732e+00 5.977177e+00 
-7.762683e+00 5.877875e+00 
-7.811680e+00 5.778590e+00 
-7.858725e+00 5.679318e+00 
-7.903827e+00 5.580063e+00 
-7.947005e+00 5.480769e+00 
-7.988487e+00 5.381222e+00 
-8.028831e+00 5.281672e+00 
-8.068060e+00 5.182110e+00 
-8.106212e+00 5.082542e+00 
-8.143319e+00 4.982962e+00 
-8.179417e+00 4.883374e+00 
-8.214534e+00 4.783780e+00 
-8.248696e+00 4.684174e+00 
-8.281935e+00 4.584563e+00 
-8.314273e+00 4.484945e+00 
-8.345732e+00 4.385318e+00 
-8.376339e+00 4.285685e+00 
-8.406112e+00 4.186047e+00 
-8.435070e+00 4.086403e+00 
-8.463232e+00 3.986752e+00 
-8.490614e+00 3.887109e+00 
-8.517202e+00 3.787474e+00 
-8.542984e+00 3.687847e+00 
-8.567948e+00 3.588223e+00 
-8.592095e+00 3.488599e+00 
-8.615427e+00 3.388976e+00 
-8.637947e+00 3.289354e+00 
-8.659659e+00 3.189732e+00 
-8.680564e+00 3.090110e+00 
-8.700667e+00 2.990490e+00 
-8.719969e+00 2.890869e+00 
-8.738473e+00 2.791250e+00 
-8.756182e+00 2.691630e+00 
-8.773098e+00 2.592011e+00 
-8.789224e+00 2.492392e+00 
-8.804561e+00 2.392774e+00 
-8.819113e+00 2.293156e+00 
-8.832880e+00 2.193538e+00 
-8.845866e+00 2.093920e+00 
-8.858073e+00 1.994298e+00 
-8.869510e+00 1.894668e+00 
-8.880198e+00 1.795035e+00 
-8.890141e+00 1.695401e+00 
-8.899347e+00 1.595764e+00 
-8.907819e+00 1.496126e+00 
-8.915564e+00 1.396486e+00 
-8.922586e+00 1.296844e+00 
-8.928890e+00 1.197200e+00 
-8.934481e+00 1.097554e+00 
-8.939362e+00 9.979068e-01 
-8.943539e+00 8.982577e-01 
-9.043478e+00 9.017423e-01 
-9.039275e+00 1.002093e+00 
-9.034361e+00 1.102446e+00 
-9.028733e+00 1.202800e+00 
-9.022387e+00 1.303156e+00 
-9.015317e+00 1.403514e+00 
-9.007519e+00 1.503874e+00 
-8.998987e+00 1.604236e+00 
-8.989717e+00 1.704599e+00 
-8.979703e+00 1.804965e+00 
-8.968940e+00 1.905332e+00 
-8.957421e+00 2.005702e+00 
-8.945124e+00 2.106080e+00 
-8.932041e+00 2.206462e+00 
-8.918171e+00 2.306844e+00 
-8.903511e+00 2.407226e+00 
-8.888060e+00 2.507608e+00 
-8.871814e+00 2.607989e+00 
-8.854771e+00 2.708370e+00 
-8.836930e+00 2.808750e+00 
-8.818288e+00 2.909131e+00 
-8.798842e+00 3.009510e+00 
-8.778589e+00 3.109890e+00 
-8.757527e+00 3.210268e+00 
-8.735654e+00 3.310646e+00 
-8.712966e+00 3.411024e+00 
-8.689460e+00 3.511401e+00 
-8.665134e+00 3.611777e+00 
-8.639985e+00 3.712153e+00 
-8.614013e+00 3.812526e+00 
-8.587233e+00 3.912891e+00 
-8.559658e+00 4.013248e+00 
-8.531301e+00 4.113597e+00 
-8.502140e+00 4.213953e+00 
-8.472153e+00 4.314315e+00 
-8.441324e+00 4.414682e+00 
-8.409633e+00 4.515055e+00 
-8.377049e+00 4.615437e+00 
-8.343555e+00 4.715826e+00 
-8.309126e+00 4.816220e+00 
-8.273727e+00 4.916626e+00 
-8.237334e+00 5.017038e+00 
-8.199919e+00 5.117458e+00 
-8.161440e+00 5.217890e+00 
-8.121870e+00 5.318328e+00 
-8.081167e+00 5.418778e+00 
-8.039313e+00 5.519231e+00 
-7.995533e+00 5.619937e+00 
-7.949769e+00 5.720682e+00 
-7.902048e+00 5.821410e+00 
-7.852360e+00 5.922125e+00 
-7.800707e+00 6.022823e+00 
-7.747074e+00 6.123509e+00 
-7.691460e+00 6.224180e+00 
-7.633842e+00 6.324841e+00 
-7.574214e+00 6.425488e+00 
-7.512558e+00 6.526123e+00 
-7.448962e+00 6.626720e+00 
-7.383307e+00 6.727327e+00 
-7.315481e+00 6.827949e+00 
-7.245379e+00 6.928582e+00 
-7.172875e+00 7.029228e+00 
-7.097817e+00 7.129890e+00 
-7.020051e+00 7.230567e+00 
-6.939398e+00 7.331260e+00 
-6.855653e+00 7.431971e+00 
-6.768388e+00 7.532736e+00 
-6.675041e+00 7.633912e+00 
-6.573870e+00 7.735323e+00 
-6.472340e+00 7.828817e+00 
-6.370746e+00 7.914688e+00 
-6.269093e+00 7.993453e+00 
-6.167383e+00 8.065553e+00 
-6.065609e+00 8.131340e+00 
-5.963748e+00 8.191042e+00 
-5.861768e+00 8.244769e+00 
-5.759366e+00 8.291922e+00 
-5.656264e+00 8.331273e+00 
-5.552448e+00 8.361640e+00 
-5.447829e+00 8.381778e+00 
-5.342516e+00 8.390590e+00 
-5.236670e+00 8.387093e+00 
-5.130514e+00 8.370344e+00 
-5.024324e+00 8.339413e+00 
-4.918385e+00 8.293344e+00 
-4.812929e+00 8.231081e+00 
-4.707814e+00 8.149934e+00 
-4.603146e+00 8.045925e+00 
-4.519619e+00 7.941733e+00 
-4.449488e+00 7.838621e+00 
-4.388216e+00 7.736188e+00 
-4.334180e+00 7.633875e+00 
-4.286704e+00 7.531572e+00 
-4.244508e+00 7.429660e+00 
-4.206485e+00 7.328064e+00 
-4.171792e+00 7.226739e+00 
-4.139274e+00 7.125892e+00 
-4.108232e+00 7.025292e+00 
-4.078465e+00 6.924743e+00 
-4.049894e+00 6.824219e+00 
-4.022460e+00 6.723716e+00 
-3.996114e+00 6.623231e+00 
-3.970815e+00 6.522759e+00 
-3.946530e+00 6.422298e+00 
-3.923235e+00 6.321845e+00 
-3.900951e+00 6.221377e+00 
-3.879747e+00 6.120871e+00 
-3.859691e+00 6.020331e+00 
-3.840439e+00 5.919970e+00 
-3.821894e+00 5.819638e+00 
-3.804042e+00 5.719310e+00 
-3.786848e+00 5.618998e+00 
-3.770277e+00 5.518701e+00 
-3.754302e+00 5.418416e+00 
-3.738909e+00 5.318137e+00 
-3.724076e+00 5.217868e+00 
-3.709769e+00 5.117615e+00 
-3.695899e+00 5.017406e+00 
-3.682363e+00 4.917247e+00 
-3.669188e+00 4.817071e+00 
-3.656399e+00 4.716882e+00 
-3.644009e+00 4.616687e+00 
-3.632030e+00 4.516486e+00 
-3.620470e+00 4.416281e+00 
-3.609340e+00 4.316070e+00 
-3.598652e+00 4.215853e+00 
-3.588416e+00 4.115631e+00 
-3.578637e+00 4.015406e+00 
-3.569267e+00 3.915207e+00 
-3.560260e+00 3.815028e+00 
-3.551583e+00 3.714866e+00 
-3.543203e+00 3.614720e+00 
-3.535028e+00 3.514621e+00 
-3.526934e+00 3.414584e+00 
-3.518877e+00 3.314566e+00 
-3.510822e+00 3.214565e+00 
-3.502757e+00 3.114571e+00 
-3.494893e+00 3.014467e+00 
-3.487402e+00 2.914279e+00 
-3.480277e+00 2.814098e+00 
-3.473470e+00 2.713941e+00 
-3.466935e+00 2.613807e+00 
-3.460624e+00 2.513697e+00 
-3.454492e+00 2.413609e+00 
-3.448493e+00 2.313543e+00 
-3.442584e+00 2.213499e+00 
-3.436721e+00 2.113477e+00 
-3.430989e+00 2.013411e+00 
-3.425483e+00 1.913297e+00 
-3.420165e+00 1.813203e+00 
-3.414954e+00 1.713152e+00 
-3.409780e+00 1.613134e+00 
-3.404641e+00 1.513117e+00 
-3.399530e+00 1.413103e+00 
-3.499400e+00 1.407999e+00 
