-8.834563e-01 2.141925e+01 
-1.084195e+00 2.141095e+01 
-1.284945e+00 2.140017e+01 
-1.485684e+00 2.138687e+01 
-1.686344e+00 2.137108e+01 
-1.886978e+00 2.135307e+01 
-2.087614e+00 2.133290e+01 
-2.288253e+00 2.131058e+01 
-2.488896e+00 2.128607e+01 
-2.689549e+00 2.125935e+01 
-2.890260e+00 2.123039e+01 
-3.090993e+00 2.119895e+01 
-3.291719e+00 2.116497e+01 
-3.492439e+00 2.112845e+01 
-3.693152e+00 2.108939e+01 
-3.893857e+00 2.104781e+01 
-4.094554e+00 2.100370e+01 
-4.295253e+00 2.095708e+01 
-4.496009e+00 2.090790e+01 
-4.696767e+00 2.085595e+01 
-4.897524e+00 2.080119e+01 
-5.098280e+00 2.074360e+01 
-5.299035e+00 2.068314e+01 
-5.499789e+00 2.061978e+01 
-5.700543e+00 2.055350e+01 
-5.901295e+00 2.048425e+01 
-6.102046e+00 2.041201e+01 
-6.302795e+00 2.033673e+01 
-6.503543e+00 2.025837e+01 
-6.704310e+00 2.017688e+01 
-6.905087e+00 2.009214e+01 
-7.105944e+00 2.000400e+01 
-7.306831e+00 1.991207e+01 
-7.507720e+00 1.981615e+01 
-7.708611e+00 1.971612e+01 
-7.909501e+00 1.961189e+01 
-8.110392e+00 1.950333e+01 
-8.311278e+00 1.939034e+01 
-8.512165e+00 1.927280e+01 
-8.713047e+00 1.915057e+01 
-8.913924e+00 1.902354e+01 
-9.114802e+00 1.889155e+01 
-9.315677e+00 1.875445e+01 
-9.516587e+00 1.861202e+01 
-9.717605e+00 1.846378e+01 
-9.918680e+00 1.830880e+01 
-1.011976e+01 1.814636e+01 
-1.032083e+01 1.797603e+01 
-1.052189e+01 1.779740e+01 
-1.072296e+01 1.760992e+01 
-1.092402e+01 1.741299e+01 
-1.111929e+01 1.721191e+01 
-1.130509e+01 1.701084e+01 
-1.148218e+01 1.680967e+01 
-1.165032e+01 1.660843e+01 
-1.180963e+01 1.640714e+01 
-1.196038e+01 1.620565e+01 
-1.210174e+01 1.600415e+01 
-1.223417e+01 1.580263e+01 
-1.235809e+01 1.560109e+01 
-1.247392e+01 1.539956e+01 
-1.258203e+01 1.519805e+01 
-1.268286e+01 1.499655e+01 
-1.277677e+01 1.479509e+01 
-1.286423e+01 1.459364e+01 
-1.294554e+01 1.439207e+01 
-1.302045e+01 1.419016e+01 
-1.308774e+01 1.398803e+01 
-1.314680e+01 1.378586e+01 
-1.319774e+01 1.358367e+01 
-1.324068e+01 1.338142e+01 
-1.327565e+01 1.317912e+01 
-1.330259e+01 1.297675e+01 
-1.332138e+01 1.277433e+01 
-1.333193e+01 1.257170e+01 
-1.333357e+01 1.236843e+01 
-1.332410e+01 1.216516e+01 
-1.330347e+01 1.196191e+01 
-1.327156e+01 1.175870e+01 
-1.322823e+01 1.155555e+01 
-1.317330e+01 1.135246e+01 
-1.310654e+01 1.114956e+01 
-1.302779e+01 1.094610e+01 
-1.293309e+01 1.074105e+01 
-1.281384e+01 1.053635e+01 
-1.266796e+01 1.033222e+01 
-1.249375e+01 1.012863e+01 
-1.229028e+01 9.926757e+00 
-1.208671e+01 9.754242e+00 
-1.188352e+01 9.606896e+00 
-1.168071e+01 9.478797e+00 
-1.147821e+01 9.365791e+00 
-1.127594e+01 9.265126e+00 
-1.107398e+01 9.174886e+00 
-1.087225e+01 9.093226e+00 
-1.067075e+01 9.018806e+00 
-1.046938e+01 8.950454e+00 
-1.026815e+01 8.887474e+00 
-1.006700e+01 8.829244e+00 
-9.865920e+00 8.775335e+00 
-9.664920e+00 8.725427e+00 
-9.464038e+00 8.679185e+00 
-9.263222e+00 8.636133e+00 
-9.062486e+00 8.596006e+00 
-8.861837e+00 8.558495e+00 
-8.661238e+00 8.523271e+00 
-8.460681e+00 8.490144e+00 
-8.260162e+00 8.458956e+00 
-8.059688e+00 8.429569e+00 
-7.859264e+00 8.401819e+00 
-7.658861e+00 8.375528e+00 
-7.458476e+00 8.350619e+00 
-7.258090e+00 8.327022e+00 
-7.057685e+00 8.304739e+00 
-6.857389e+00 8.283843e+00 
-6.657092e+00 8.263950e+00 
-6.456829e+00 8.245065e+00 
-6.256582e+00 8.227071e+00 
-6.056350e+00 8.209913e+00 
-5.856134e+00 8.193538e+00 
-5.655947e+00 8.177894e+00 
-5.455789e+00 8.162879e+00 
-5.255620e+00 8.148394e+00 
-5.055453e+00 8.134478e+00 
-4.855307e+00 8.121125e+00 
-4.655194e+00 8.108266e+00 
-4.455080e+00 8.095784e+00 
-4.254924e+00 8.083683e+00 
-4.054730e+00 8.072103e+00 
-3.854558e+00 8.061173e+00 
-3.654428e+00 8.050824e+00 
-3.454311e+00 8.040908e+00 
-3.254199e+00 8.031387e+00 
-3.054095e+00 8.022241e+00 
-2.853978e+00 8.013440e+00 
-2.848940e+00 8.133335e+00 
-3.048823e+00 8.142125e+00 
-3.248719e+00 8.151262e+00 
-3.448607e+00 8.160773e+00 
-3.648489e+00 8.170677e+00 
-3.848360e+00 8.181013e+00 
-4.048188e+00 8.191925e+00 
-4.247994e+00 8.203483e+00 
-4.447838e+00 8.215566e+00 
-4.647724e+00 8.228033e+00 
-4.847611e+00 8.240878e+00 
-5.047465e+00 8.254212e+00 
-5.247298e+00 8.268105e+00 
-5.447129e+00 8.282566e+00 
-5.646971e+00 8.297557e+00 
-5.846784e+00 8.313173e+00 
-6.046568e+00 8.329514e+00 
-6.246336e+00 8.346633e+00 
-6.446089e+00 8.364584e+00 
-6.645826e+00 8.383420e+00 
-6.845529e+00 8.403255e+00 
-7.045233e+00 8.424091e+00 
-7.244828e+00 8.446287e+00 
-7.444442e+00 8.469796e+00 
-7.644057e+00 8.494611e+00 
-7.843654e+00 8.520799e+00 
-8.043230e+00 8.548435e+00 
-8.242756e+00 8.577687e+00 
-8.442237e+00 8.608718e+00 
-8.641680e+00 8.641667e+00 
-8.841081e+00 8.676686e+00 
-9.040432e+00 8.713962e+00 
-9.239696e+00 8.753804e+00 
-9.438880e+00 8.796518e+00 
-9.637998e+00 8.842367e+00 
-9.836998e+00 8.891797e+00 
-1.003592e+01 8.945149e+00 
-1.023477e+01 9.002740e+00 
-1.043353e+01 9.064974e+00 
-1.063217e+01 9.132435e+00 
-1.083067e+01 9.205790e+00 
-1.102894e+01 9.286112e+00 
-1.122697e+01 9.374678e+00 
-1.142471e+01 9.473208e+00 
-1.162221e+01 9.583568e+00 
-1.181940e+01 9.708329e+00 
-1.201621e+01 9.851352e+00 
-1.221264e+01 1.001826e+01 
-1.240917e+01 1.021376e+01 
-1.257673e+01 1.041017e+01 
-1.271615e+01 1.060603e+01 
-1.282934e+01 1.080134e+01 
-1.291879e+01 1.099628e+01 
-1.299461e+01 1.119282e+01 
-1.305930e+01 1.138992e+01 
-1.311238e+01 1.158683e+01 
-1.315419e+01 1.178368e+01 
-1.318491e+01 1.198047e+01 
-1.320471e+01 1.217722e+01 
-1.321369e+01 1.237396e+01 
-1.321193e+01 1.257068e+01 
-1.320155e+01 1.276806e+01 
-1.318311e+01 1.296563e+01 
-1.315670e+01 1.316326e+01 
-1.312244e+01 1.336096e+01 
-1.308036e+01 1.355872e+01 
-1.303044e+01 1.375652e+01 
-1.297256e+01 1.395436e+01 
-1.290660e+01 1.415223e+01 
-1.283304e+01 1.435031e+01 
-1.275295e+01 1.454874e+01 
-1.266670e+01 1.474729e+01 
-1.257410e+01 1.494584e+01 
-1.247472e+01 1.514433e+01 
-1.236818e+01 1.534282e+01 
-1.225406e+01 1.554129e+01 
-1.213195e+01 1.573976e+01 
-1.200146e+01 1.593824e+01 
-1.186215e+01 1.613673e+01 
-1.171356e+01 1.633524e+01 
-1.155623e+01 1.653395e+01 
-1.139010e+01 1.673272e+01 
-1.121502e+01 1.693154e+01 
-1.103116e+01 1.713047e+01 
-1.083794e+01 1.732939e+01 
-1.063900e+01 1.752418e+01 
-1.044006e+01 1.770963e+01 
-1.024113e+01 1.788632e+01 
-1.004220e+01 1.805479e+01 
-9.843278e+00 1.821545e+01 
-9.644353e+00 1.836874e+01 
-9.445371e+00 1.851544e+01 
-9.246281e+00 1.865655e+01 
-9.047157e+00 1.879244e+01 
-8.848035e+00 1.892324e+01 
-8.648911e+00 1.904915e+01 
-8.449793e+00 1.917028e+01 
-8.250680e+00 1.928677e+01 
-8.051567e+00 1.939874e+01 
-7.852457e+00 1.950631e+01 
-7.653348e+00 1.960961e+01 
-7.454239e+00 1.970872e+01 
-7.255128e+00 1.980378e+01 
-7.056014e+00 1.989488e+01 
-6.856872e+00 1.998225e+01 
-6.657649e+00 2.006632e+01 
-6.458416e+00 2.014718e+01 
-6.259164e+00 2.022494e+01 
-6.059913e+00 2.029965e+01 
-5.860664e+00 2.037134e+01 
-5.661416e+00 2.044006e+01 
-5.462169e+00 2.050583e+01 
-5.262923e+00 2.056870e+01 
-5.063679e+00 2.062869e+01 
-4.864435e+00 2.068584e+01 
-4.665192e+00 2.074018e+01 
-4.465949e+00 2.079173e+01 
-4.266706e+00 2.084052e+01 
-4.067405e+00 2.088681e+01 
-3.868102e+00 2.093060e+01 
-3.668807e+00 2.097189e+01 
-3.469520e+00 2.101066e+01 
-3.270239e+00 2.104691e+01 
-3.070966e+00 2.108064e+01 
-2.871698e+00 2.111183e+01 
-2.672410e+00 2.114059e+01 
-2.473063e+00 2.116712e+01 
-2.273705e+00 2.119146e+01 
-2.074344e+00 2.121364e+01 
-1.874981e+00 2.123367e+01 
-1.675614e+00 2.125156e+01 
-1.476275e+00 2.126723e+01 
-1.277014e+00 2.128043e+01 
-1.077763e+00 2.129112e+01 
-8.785022e-01 2.129935e+01 
-8.834563e-01 2.141925e+01 
