2.504319e+01 -5.986987e-01 
2.504059e+01 -6.984908e-01 
2.503758e+01 -7.982833e-01 
2.503415e+01 -8.980764e-01 
2.503031e+01 -9.978700e-01 
2.502606e+01 -1.097664e+00 
2.502139e+01 -1.197459e+00 
2.501631e+01 -1.297254e+00 
2.501082e+01 -1.397050e+00 
2.500492e+01 -1.496846e+00 
2.499862e+01 -1.596643e+00 
2.499190e+01 -1.696407e+00 
2.498472e+01 -1.796147e+00 
2.497701e+01 -1.895883e+00 
2.496877e+01 -1.995619e+00 
2.496000e+01 -2.095356e+00 
2.495070e+01 -2.195094e+00 
2.494087e+01 -2.294832e+00 
2.493050e+01 -2.394571e+00 
2.491961e+01 -2.494311e+00 
2.490819e+01 -2.594052e+00 
2.489624e+01 -2.693793e+00 
2.488376e+01 -2.793535e+00 
2.487075e+01 -2.893278e+00 
2.485722e+01 -2.993021e+00 
2.484316e+01 -3.092765e+00 
2.482858e+01 -3.192510e+00 
2.481347e+01 -3.292256e+00 
2.479783e+01 -3.392002e+00 
2.478167e+01 -3.491749e+00 
2.476498e+01 -3.591497e+00 
2.474777e+01 -3.691246e+00 
2.473003e+01 -3.791002e+00 
2.471178e+01 -3.890746e+00 
2.469299e+01 -3.990489e+00 
2.467367e+01 -4.090232e+00 
2.465380e+01 -4.189974e+00 
2.463339e+01 -4.289715e+00 
2.461242e+01 -4.389456e+00 
2.459091e+01 -4.489197e+00 
2.456884e+01 -4.588937e+00 
2.454621e+01 -4.688676e+00 
2.452302e+01 -4.788415e+00 
2.449926e+01 -4.888153e+00 
2.447494e+01 -4.987891e+00 
2.445004e+01 -5.087629e+00 
2.442457e+01 -5.187366e+00 
2.439853e+01 -5.287103e+00 
2.437190e+01 -5.386839e+00 
2.434469e+01 -5.486575e+00 
2.431689e+01 -5.586311e+00 
2.428850e+01 -5.686047e+00 
2.425952e+01 -5.785783e+00 
2.422994e+01 -5.885518e+00 
2.419976e+01 -5.985254e+00 
2.416898e+01 -6.084989e+00 
2.413759e+01 -6.184724e+00 
2.410559e+01 -6.284459e+00 
2.407297e+01 -6.384195e+00 
2.403974e+01 -6.483930e+00 
2.400589e+01 -6.583665e+00 
2.397142e+01 -6.683410e+00 
2.393633e+01 -6.783176e+00 
2.390067e+01 -6.882955e+00 
2.386449e+01 -6.982738e+00 
2.382779e+01 -7.082521e+00 
2.379056e+01 -7.182304e+00 
2.375280e+01 -7.282087e+00 
2.371451e+01 -7.381870e+00 
2.367569e+01 -7.481653e+00 
2.363633e+01 -7.581436e+00 
2.359643e+01 -7.681219e+00 
2.355599e+01 -7.781002e+00 
2.351500e+01 -7.880785e+00 
2.347347e+01 -7.980569e+00 
2.343138e+01 -8.080353e+00 
2.338874e+01 -8.180136e+00 
2.334555e+01 -8.279920e+00 
2.330179e+01 -8.379705e+00 
2.325747e+01 -8.479489e+00 
2.321259e+01 -8.579274e+00 
2.316714e+01 -8.679059e+00 
2.312111e+01 -8.778845e+00 
2.307452e+01 -8.878631e+00 
2.302735e+01 -8.978418e+00 
2.297960e+01 -9.078206e+00 
2.293127e+01 -9.177994e+00 
2.288237e+01 -9.277778e+00 
2.283288e+01 -9.377520e+00 
2.278269e+01 -9.477235e+00 
2.273170e+01 -9.576951e+00 
2.267990e+01 -9.676667e+00 
2.262729e+01 -9.776383e+00 
2.257385e+01 -9.876099e+00 
2.251959e+01 -9.975815e+00 
2.246448e+01 -1.007553e+01 
2.240853e+01 -1.017525e+01 
2.235171e+01 -1.027497e+01 
2.229404e+01 -1.037468e+01 
2.223549e+01 -1.047440e+01 
2.217605e+01 -1.057412e+01 
2.211572e+01 -1.067383e+01 
2.205449e+01 -1.077355e+01 
2.199234e+01 -1.087327e+01 
2.192926e+01 -1.097299e+01 
2.186524e+01 -1.107271e+01 
2.180027e+01 -1.117242e+01 
2.173434e+01 -1.127214e+01 
2.166744e+01 -1.137186e+01 
2.159955e+01 -1.147158e+01 
2.153065e+01 -1.157130e+01 
2.146073e+01 -1.167101e+01 
2.138979e+01 -1.177073e+01 
2.131780e+01 -1.187045e+01 
2.124474e+01 -1.197017e+01 
2.117061e+01 -1.206989e+01 
2.109538e+01 -1.216961e+01 
2.101904e+01 -1.226932e+01 
2.094157e+01 -1.236904e+01 
2.086294e+01 -1.246876e+01 
2.078315e+01 -1.256848e+01 
2.070217e+01 -1.266820e+01 
2.061997e+01 -1.276792e+01 
2.053655e+01 -1.286763e+01 
2.045186e+01 -1.296735e+01 
2.036590e+01 -1.306707e+01 
2.027863e+01 -1.316680e+01 
2.019009e+01 -1.326654e+01 
2.010027e+01 -1.336628e+01 
2.000916e+01 -1.346602e+01 
1.991673e+01 -1.356575e+01 
1.982299e+01 -1.366549e+01 
1.972790e+01 -1.376515e+01 
1.963109e+01 -1.386479e+01 
1.953232e+01 -1.396438e+01 
1.943273e+01 -1.406252e+01 
1.933313e+01 -1.415845e+01 
1.923353e+01 -1.425226e+01 
1.913393e+01 -1.434404e+01 
1.903431e+01 -1.443387e+01 
1.893468e+01 -1.452187e+01 
1.883504e+01 -1.460815e+01 
1.873539e+01 -1.469281e+01 
1.863573e+01 -1.477591e+01 
1.853607e+01 -1.485753e+01 
1.843640e+01 -1.493774e+01 
1.833673e+01 -1.501655e+01 
1.823706e+01 -1.509403e+01 
1.813738e+01 -1.517018e+01 
1.803771e+01 -1.524506e+01 
1.793803e+01 -1.531868e+01 
1.783835e+01 -1.539108e+01 
1.773867e+01 -1.546229e+01 
1.763898e+01 -1.553233e+01 
1.753930e+01 -1.560122e+01 
1.743961e+01 -1.566901e+01 
1.733992e+01 -1.573570e+01 
1.724023e+01 -1.580132e+01 
1.714054e+01 -1.586590e+01 
1.704084e+01 -1.592945e+01 
1.694114e+01 -1.599200e+01 
1.684144e+01 -1.605357e+01 
1.674174e+01 -1.611417e+01 
1.664204e+01 -1.617382e+01 
1.654233e+01 -1.623255e+01 
1.644262e+01 -1.629037e+01 
1.634291e+01 -1.634730e+01 
1.624320e+01 -1.640335e+01 
1.614349e+01 -1.645855e+01 
1.604377e+01 -1.651289e+01 
1.594405e+01 -1.656641e+01 
1.584433e+01 -1.661911e+01 
1.574461e+01 -1.667101e+01 
1.564488e+01 -1.672213e+01 
1.554518e+01 -1.677245e+01 
1.544554e+01 -1.682192e+01 
1.534590e+01 -1.687040e+01 
1.524626e+01 -1.691790e+01 
1.514663e+01 -1.696443e+01 
1.504703e+01 -1.700996e+01 
1.494743e+01 -1.705443e+01 
1.484783e+01 -1.709785e+01 
1.474824e+01 -1.714024e+01 
1.464864e+01 -1.718161e+01 
1.454904e+01 -1.722196e+01 
1.444945e+01 -1.726131e+01 
1.434987e+01 -1.729965e+01 
1.425030e+01 -1.733695e+01 
1.415073e+01 -1.737322e+01 
1.405116e+01 -1.740847e+01 
1.395158e+01 -1.744270e+01 
1.385200e+01 -1.747594e+01 
1.375242e+01 -1.750820e+01 
1.365284e+01 -1.753950e+01 
1.355325e+01 -1.756984e+01 
1.345366e+01 -1.759925e+01 
1.335407e+01 -1.762773e+01 
1.325448e+01 -1.765530e+01 
1.315488e+01 -1.768198e+01 
1.305527e+01 -1.770778e+01 
1.295567e+01 -1.773271e+01 
1.285606e+01 -1.775678e+01 
1.275644e+01 -1.778001e+01 
1.265682e+01 -1.780241e+01 
1.255720e+01 -1.782400e+01 
1.245758e+01 -1.784479e+01 
1.235794e+01 -1.786478e+01 
1.225831e+01 -1.788400e+01 
1.215867e+01 -1.790245e+01 
1.205902e+01 -1.792016e+01 
1.195937e+01 -1.793712e+01 
1.185972e+01 -1.795335e+01 
1.176006e+01 -1.796887e+01 
1.166040e+01 -1.798369e+01 
1.156073e+01 -1.799782e+01 
1.146105e+01 -1.801127e+01 
1.136138e+01 -1.802405e+01 
1.126175e+01 -1.803617e+01 
1.116224e+01 -1.804752e+01 
1.106278e+01 -1.805787e+01 
1.096331e+01 -1.806713e+01 
1.086383e+01 -1.807533e+01 
1.076435e+01 -1.808247e+01 
1.066486e+01 -1.808857e+01 
1.056537e+01 -1.809366e+01 
1.046586e+01 -1.809774e+01 
1.036635e+01 -1.810083e+01 
1.026683e+01 -1.810295e+01 
1.016730e+01 -1.810412e+01 
1.006777e+01 -1.810434e+01 
9.968226e+00 -1.810363e+01 
9.868677e+00 -1.810201e+01 
9.769119e+00 -1.809950e+01 
9.669554e+00 -1.809610e+01 
9.569981e+00 -1.809184e+01 
9.470400e+00 -1.808672e+01 
9.370812e+00 -1.808076e+01 
9.271219e+00 -1.807397e+01 
9.171652e+00 -1.806637e+01 
9.072145e+00 -1.805791e+01 
8.972653e+00 -1.804846e+01 
8.873158e+00 -1.803797e+01 
8.773658e+00 -1.802647e+01 
8.674155e+00 -1.801394e+01 
8.574647e+00 -1.800040e+01 
8.475134e+00 -1.798586e+01 
8.375615e+00 -1.797030e+01 
8.276091e+00 -1.795376e+01 
8.176560e+00 -1.793622e+01 
8.077069e+00 -1.791771e+01 
7.977690e+00 -1.789815e+01 
7.878369e+00 -1.787730e+01 
7.779038e+00 -1.785499e+01 
7.679695e+00 -1.783125e+01 
7.580341e+00 -1.780608e+01 
7.480976e+00 -1.777949e+01 
7.381602e+00 -1.775148e+01 
7.282214e+00 -1.772208e+01 
7.182816e+00 -1.769128e+01 
7.083407e+00 -1.765909e+01 
6.983986e+00 -1.762553e+01 
6.884553e+00 -1.759060e+01 
6.785110e+00 -1.755432e+01 
6.685653e+00 -1.751668e+01 
6.586178e+00 -1.747771e+01 
6.486680e+00 -1.743743e+01 
6.387141e+00 -1.739587e+01 
6.287587e+00 -1.735312e+01 
6.188014e+00 -1.730921e+01 
6.088433e+00 -1.726419e+01 
5.988843e+00 -1.721804e+01 
5.889250e+00 -1.717080e+01 
5.789731e+00 -1.712249e+01 
5.690366e+00 -1.707293e+01 
5.591017e+00 -1.702160e+01 
5.491673e+00 -1.696841e+01 
5.392422e+00 -1.691335e+01 
5.293204e+00 -1.685605e+01 
5.193978e+00 -1.679631e+01 
5.094740e+00 -1.673409e+01 
4.995491e+00 -1.666932e+01 
4.896229e+00 -1.660197e+01 
4.796955e+00 -1.653197e+01 
4.697666e+00 -1.645926e+01 
4.598365e+00 -1.638381e+01 
4.499023e+00 -1.630551e+01 
4.399642e+00 -1.622443e+01 
4.300224e+00 -1.614062e+01 
4.200726e+00 -1.605409e+01 
4.101193e+00 -1.596517e+01 
4.001642e+00 -1.587395e+01 
3.902165e+00 -1.578053e+01 
3.803043e+00 -1.568473e+01 
3.705701e+00 -1.558590e+01 
3.614426e+00 -1.548704e+01 
3.528440e+00 -1.538799e+01 
3.446575e+00 -1.528879e+01 
3.368079e+00 -1.518956e+01 
3.292647e+00 -1.509029e+01 
3.220006e+00 -1.499099e+01 
3.149935e+00 -1.489166e+01 
3.082235e+00 -1.479230e+01 
3.016740e+00 -1.469292e+01 
2.953432e+00 -1.459369e+01 
2.892604e+00 -1.449443e+01 
2.834145e+00 -1.439521e+01 
2.778081e+00 -1.429603e+01 
2.724483e+00 -1.419691e+01 
2.673423e+00 -1.409783e+01 
2.624900e+00 -1.399869e+01 
2.578510e+00 -1.389917e+01 
2.533450e+00 -1.379975e+01 
2.489913e+00 -1.370036e+01 
2.447922e+00 -1.360094e+01 
2.407379e+00 -1.350148e+01 
2.368186e+00 -1.340200e+01 
2.330244e+00 -1.330248e+01 
2.293449e+00 -1.320292e+01 
2.257712e+00 -1.310335e+01 
2.222974e+00 -1.300374e+01 
2.189155e+00 -1.290411e+01 
2.156198e+00 -1.280447e+01 
2.124061e+00 -1.270479e+01 
2.092647e+00 -1.260502e+01 
2.061712e+00 -1.250514e+01 
2.031040e+00 -1.240520e+01 
2.000597e+00 -1.230554e+01 
1.970930e+00 -1.220592e+01 
1.942102e+00 -1.210625e+01 
1.914021e+00 -1.200656e+01 
1.886625e+00 -1.190687e+01 
1.859909e+00 -1.180717e+01 
1.833867e+00 -1.170748e+01 
1.808503e+00 -1.160779e+01 
1.783813e+00 -1.150810e+01 
1.759786e+00 -1.140840e+01 
1.736412e+00 -1.130871e+01 
1.713686e+00 -1.120892e+01 
1.691402e+00 -1.110910e+01 
1.669508e+00 -1.100928e+01 
1.648006e+00 -1.090947e+01 
1.626916e+00 -1.080972e+01 
1.606392e+00 -1.071008e+01 
1.586635e+00 -1.061048e+01 
1.567710e+00 -1.051086e+01 
1.549591e+00 -1.041123e+01 
1.532242e+00 -1.031159e+01 
1.515619e+00 -1.021185e+01 
1.499519e+00 -1.011200e+01 
1.483730e+00 -1.001212e+01 
1.468176e+00 -9.912218e+00 
1.452828e+00 -9.812307e+00 
1.437669e+00 -9.712418e+00 
1.422761e+00 -9.612691e+00 
1.408425e+00 -9.513029e+00 
1.394782e+00 -9.413361e+00 
1.381817e+00 -9.313680e+00 
1.369501e+00 -9.213986e+00 
1.357809e+00 -9.114282e+00 
1.346718e+00 -9.014570e+00 
1.336195e+00 -8.914713e+00 
1.325955e+00 -8.814780e+00 
1.315845e+00 -8.714785e+00 
1.305744e+00 -8.614785e+00 
1.295645e+00 -8.514802e+00 
1.285583e+00 -8.414843e+00 
1.275607e+00 -8.314901e+00 
1.265749e+00 -8.214972e+00 
1.256036e+00 -8.115057e+00 
1.246496e+00 -8.015155e+00 
1.237157e+00 -7.915267e+00 
1.228046e+00 -7.815393e+00 
1.219191e+00 -7.715533e+00 
1.210620e+00 -7.615689e+00 
1.202363e+00 -7.515827e+00 
1.194381e+00 -7.415935e+00 
1.186612e+00 -7.315973e+00 
1.178916e+00 -7.215963e+00 
1.171200e+00 -7.115972e+00 
1.163504e+00 -7.016008e+00 
1.155882e+00 -6.916061e+00 
1.148369e+00 -6.816130e+00 
1.140997e+00 -6.716216e+00 
1.133798e+00 -6.616315e+00 
1.126799e+00 -6.516428e+00 
1.120028e+00 -6.416541e+00 
1.113484e+00 -6.316645e+00 
1.107149e+00 -6.216741e+00 
1.101005e+00 -6.116827e+00 
1.095034e+00 -6.016904e+00 
1.089217e+00 -5.916972e+00 
1.083535e+00 -5.817030e+00 
1.077970e+00 -5.717079e+00 
1.072503e+00 -5.617119e+00 
1.067118e+00 -5.517168e+00 
1.061824e+00 -5.417106e+00 
1.056411e+00 -5.317150e+00 
1.051089e+00 -5.217241e+00 
1.045948e+00 -5.117274e+00 
1.040875e+00 -5.017364e+00 
1.035982e+00 -4.917442e+00 
1.031245e+00 -4.817493e+00 
1.026609e+00 -4.717533e+00 
1.022052e+00 -4.617559e+00 
1.017546e+00 -4.517572e+00 
1.013067e+00 -4.417575e+00 
1.008594e+00 -4.317568e+00 
1.004106e+00 -4.217546e+00 
9.995705e-01 -4.117463e+00 
9.948681e-01 -4.017355e+00 
9.899511e-01 -3.917299e+00 
9.849258e-01 -3.817347e+00 
9.800003e-01 -3.717478e+00 
9.753384e-01 -3.617611e+00 
9.709419e-01 -3.517728e+00 
9.667803e-01 -3.417827e+00 
9.628156e-01 -3.317894e+00 
9.589840e-01 -3.217941e+00 
9.552454e-01 -3.117971e+00 
9.515667e-01 -3.017985e+00 
9.479143e-01 -2.917981e+00 
9.442543e-01 -2.817960e+00 
9.405521e-01 -2.717923e+00 
9.367749e-01 -2.617893e+00 
9.329413e-01 -2.517946e+00 
9.292145e-01 -2.418025e+00 
9.256435e-01 -2.318015e+00 
9.220501e-01 -2.217931e+00 
9.182870e-01 -2.117862e+00 
9.143882e-01 -2.017834e+00 
9.104356e-01 -1.917848e+00 
9.065127e-01 -1.817904e+00 
9.027031e-01 -1.718002e+00 
8.990896e-01 -1.618128e+00 
8.957293e-01 -1.518279e+00 
8.926688e-01 -1.418357e+00 
8.897631e-01 -1.318378e+00 
8.868994e-01 -1.218413e+00 
8.841070e-01 -1.118444e+00 
8.813760e-01 -1.018456e+00 
8.786687e-01 -9.184484e-01 
8.759448e-01 -8.184204e-01 
8.731643e-01 -7.183725e-01 
8.702871e-01 -6.183046e-01 
8.672736e-01 -5.182278e-01 
8.641096e-01 -4.182581e-01 
8.610111e-01 -3.184585e-01 
8.583148e-01 -2.187268e-01 
8.561503e-01 -1.187885e-01 
8.541184e-01 -1.980948e-02 
8.541080e-01 1.878854e-02 
8.561490e-01 1.187268e-01 
8.583083e-01 2.184585e-01 
8.610053e-01 3.182581e-01 
8.641086e-01 4.182278e-01 
8.672760e-01 5.183046e-01 
8.702891e-01 6.183725e-01 
8.731656e-01 7.184204e-01 
8.759455e-01 8.184484e-01 
8.786689e-01 9.184564e-01 
8.813757e-01 1.018444e+00 
8.841061e-01 1.118413e+00 
8.868984e-01 1.218378e+00 
8.897625e-01 1.318357e+00 
8.926665e-01 1.418279e+00 
8.957244e-01 1.518128e+00 
8.990852e-01 1.618002e+00 
9.026995e-01 1.717904e+00 
9.065106e-01 1.817848e+00 
9.104350e-01 1.917834e+00 
9.143892e-01 2.017862e+00 
9.182896e-01 2.117931e+00 
9.220532e-01 2.218015e+00 
9.256438e-01 2.318025e+00 
9.292116e-01 2.417946e+00 
9.329393e-01 2.517893e+00 
9.367760e-01 2.617923e+00 
9.405535e-01 2.717960e+00 
9.442550e-01 2.817981e+00 
9.479145e-01 2.917985e+00 
9.515663e-01 3.017971e+00 
9.552443e-01 3.117941e+00 
9.589822e-01 3.217894e+00 
9.628130e-01 3.317827e+00 
9.667763e-01 3.417728e+00 
9.709369e-01 3.517611e+00 
9.753323e-01 3.617478e+00 
9.799940e-01 3.717347e+00 
9.849234e-01 3.817299e+00 
9.899539e-01 3.917355e+00 
9.948733e-01 4.017463e+00 
9.995743e-01 4.117546e+00 
1.004107e+00 4.217568e+00 
1.008595e+00 4.317575e+00 
1.013067e+00 4.417572e+00 
1.017545e+00 4.517559e+00 
1.022050e+00 4.617533e+00 
1.026607e+00 4.717493e+00 
1.031242e+00 4.817442e+00 
1.035978e+00 4.917364e+00 
1.040871e+00 5.017274e+00 
1.045946e+00 5.117241e+00 
1.051084e+00 5.217150e+00 
1.056408e+00 5.317106e+00 
1.061827e+00 5.417168e+00 
1.067115e+00 5.517119e+00 
1.072501e+00 5.617079e+00 
1.077967e+00 5.717030e+00 
1.083532e+00 5.816972e+00 
1.089213e+00 5.916904e+00 
1.095029e+00 6.016827e+00 
1.101000e+00 6.116741e+00 
1.107143e+00 6.216645e+00 
1.113477e+00 6.316541e+00 
1.120021e+00 6.416428e+00 
1.126791e+00 6.516315e+00 
1.133791e+00 6.616216e+00 
1.140991e+00 6.716130e+00 
1.148364e+00 6.816061e+00 
1.155878e+00 6.916008e+00 
1.163501e+00 7.015972e+00 
1.171199e+00 7.115963e+00 
1.178916e+00 7.215973e+00 
1.186609e+00 7.315935e+00 
1.194372e+00 7.415827e+00 
1.202352e+00 7.515689e+00 
1.210607e+00 7.615533e+00 
1.219179e+00 7.715393e+00 
1.228035e+00 7.815267e+00 
1.237147e+00 7.915155e+00 
1.246487e+00 8.015057e+00 
1.256028e+00 8.114972e+00 
1.265742e+00 8.214901e+00 
1.166225e+00 8.224718e+00 
1.156497e+00 8.124647e+00 
1.146940e+00 8.024562e+00 
1.137581e+00 7.924464e+00 
1.128448e+00 7.824352e+00 
1.119570e+00 7.724226e+00 
1.110974e+00 7.624086e+00 
1.102692e+00 7.523930e+00 
1.094690e+00 7.423792e+00 
1.086909e+00 7.323684e+00 
1.079211e+00 7.223646e+00 
1.071495e+00 7.123656e+00 
1.063796e+00 7.023647e+00 
1.056167e+00 6.923611e+00 
1.048646e+00 6.823558e+00 
1.041262e+00 6.723489e+00 
1.034049e+00 6.623403e+00 
1.027035e+00 6.523304e+00 
1.020250e+00 6.423191e+00 
1.013691e+00 6.323078e+00 
1.007344e+00 6.222974e+00 
1.001189e+00 6.122878e+00 
9.952075e-01 6.022792e+00 
9.893818e-01 5.922715e+00 
9.836928e-01 5.822647e+00 
9.781219e-01 5.722589e+00 
9.726504e-01 5.622540e+00 
9.672598e-01 5.522500e+00 
9.619665e-01 5.422451e+00 
9.565545e-01 5.322513e+00 
9.512259e-01 5.222469e+00 
9.460780e-01 5.122378e+00 
9.409996e-01 5.022345e+00 
9.360979e-01 4.922255e+00 
9.313545e-01 4.822177e+00 
9.267141e-01 4.722126e+00 
9.221542e-01 4.622086e+00 
9.176467e-01 4.522060e+00 
9.131673e-01 4.422047e+00 
9.086947e-01 4.322044e+00 
9.042076e-01 4.222051e+00 
8.996768e-01 4.122073e+00 
8.949835e-01 4.022155e+00 
8.900745e-01 3.922264e+00 
8.850496e-01 3.822320e+00 
8.801154e-01 3.722272e+00 
8.754411e-01 3.622141e+00 
8.710336e-01 3.522008e+00 
8.668629e-01 3.421890e+00 
8.628916e-01 3.321792e+00 
8.590556e-01 3.221725e+00 
8.553142e-01 3.121678e+00 
8.516339e-01 3.021648e+00 
8.479811e-01 2.921634e+00 
8.443219e-01 2.821638e+00 
8.406219e-01 2.721659e+00 
8.368472e-01 2.621696e+00 
8.330128e-01 2.521726e+00 
8.292811e-01 2.421673e+00 
8.257075e-01 2.321594e+00 
8.221176e-01 2.221603e+00 
8.183602e-01 2.121688e+00 
8.144651e-01 2.021757e+00 
8.105131e-01 1.921785e+00 
8.065875e-01 1.821770e+00 
8.027721e-01 1.721715e+00 
7.991506e-01 1.621617e+00 
7.957810e-01 1.521491e+00 
7.927134e-01 1.421340e+00 
7.898047e-01 1.321262e+00 
7.869394e-01 1.221241e+00 
7.841451e-01 1.121206e+00 
7.814130e-01 1.021175e+00 
7.787055e-01 9.211625e-01 
7.759826e-01 8.211705e-01 
7.732042e-01 7.211985e-01 
7.703304e-01 6.212464e-01 
7.673213e-01 5.213144e-01 
7.641587e-01 4.213912e-01 
7.610534e-01 3.213609e-01 
7.583448e-01 2.211604e-01 
7.561724e-01 1.208921e-01 
7.541288e-01 2.083041e-02 
7.541184e-01 -1.980948e-02 
7.561711e-01 -1.208304e-01 
7.583383e-01 -2.208921e-01 
7.610476e-01 -3.211604e-01 
7.641577e-01 -4.213609e-01 
7.673236e-01 -5.213912e-01 
7.703324e-01 -6.213144e-01 
7.732056e-01 -7.212464e-01 
7.759834e-01 -8.211985e-01 
7.787057e-01 -9.211705e-01 
7.814126e-01 -1.021163e+00 
7.841443e-01 -1.121175e+00 
7.869384e-01 -1.221206e+00 
7.898041e-01 -1.321241e+00 
7.927110e-01 -1.421262e+00 
7.957762e-01 -1.521340e+00 
7.991462e-01 -1.621491e+00 
8.027685e-01 -1.721617e+00 
8.065854e-01 -1.821715e+00 
8.105125e-01 -1.921770e+00 
8.144662e-01 -2.021785e+00 
8.183628e-01 -2.121757e+00 
8.221207e-01 -2.221688e+00 
8.257079e-01 -2.321603e+00 
8.292782e-01 -2.421594e+00 
8.330108e-01 -2.521673e+00 
8.368484e-01 -2.621726e+00 
8.406233e-01 -2.721696e+00 
8.443227e-01 -2.821659e+00 
8.479812e-01 -2.921638e+00 
8.516334e-01 -3.021634e+00 
8.553130e-01 -3.121648e+00 
8.590538e-01 -3.221678e+00 
8.628890e-01 -3.321725e+00 
8.668589e-01 -3.421792e+00 
8.710285e-01 -3.521890e+00 
8.754351e-01 -3.622008e+00 
8.801090e-01 -3.722141e+00 
8.850472e-01 -3.822272e+00 
8.900773e-01 -3.922320e+00 
8.949887e-01 -4.022264e+00 
8.996806e-01 -4.122155e+00 
9.042086e-01 -4.222073e+00 
9.086950e-01 -4.322051e+00 
9.131672e-01 -4.422044e+00 
9.176460e-01 -4.522047e+00 
9.221530e-01 -4.622060e+00 
9.267123e-01 -4.722086e+00 
9.313521e-01 -4.822126e+00 
9.360941e-01 -4.922177e+00 
9.409951e-01 -5.022255e+00 
9.460763e-01 -5.122345e+00 
9.512211e-01 -5.222378e+00 
9.565521e-01 -5.322469e+00 
9.619699e-01 -5.422513e+00 
9.672572e-01 -5.522451e+00 
9.726482e-01 -5.622500e+00 
9.781191e-01 -5.722540e+00 
9.836895e-01 -5.822589e+00 
9.893779e-01 -5.922647e+00 
9.952030e-01 -6.022715e+00 
1.001183e+00 -6.122792e+00 
1.007338e+00 -6.222878e+00 
1.013684e+00 -6.322974e+00 
1.020242e+00 -6.423078e+00 
1.027028e+00 -6.523191e+00 
1.034042e+00 -6.623304e+00 
1.041256e+00 -6.723403e+00 
1.048641e+00 -6.823489e+00 
1.056163e+00 -6.923558e+00 
1.063793e+00 -7.023611e+00 
1.071495e+00 -7.123647e+00 
1.079212e+00 -7.223656e+00 
1.086906e+00 -7.323646e+00 
1.094682e+00 -7.423684e+00 
1.102681e+00 -7.523792e+00 
1.110961e+00 -7.623930e+00 
1.119558e+00 -7.724086e+00 
1.128437e+00 -7.824226e+00 
1.137571e+00 -7.924352e+00 
1.146930e+00 -8.024464e+00 
1.156489e+00 -8.124562e+00 
1.166218e+00 -8.224647e+00 
1.176090e+00 -8.324718e+00 
1.186078e+00 -8.424776e+00 
1.196148e+00 -8.524817e+00 
1.206250e+00 -8.624834e+00 
1.216351e+00 -8.724834e+00 
1.226462e+00 -8.824839e+00 
1.236716e+00 -8.924906e+00 
1.247268e+00 -9.025049e+00 
1.258422e+00 -9.125337e+00 
1.270182e+00 -9.225633e+00 
1.282572e+00 -9.325939e+00 
1.295617e+00 -9.426258e+00 
1.309349e+00 -9.526590e+00 
1.323780e+00 -9.626928e+00 
1.338768e+00 -9.727201e+00 
1.353960e+00 -9.827312e+00 
1.369335e+00 -9.927401e+00 
1.384921e+00 -1.002750e+01 
1.400745e+00 -1.012762e+01 
1.416894e+00 -1.022777e+01 
1.433602e+00 -1.032803e+01 
1.451073e+00 -1.042839e+01 
1.469324e+00 -1.052876e+01 
1.488391e+00 -1.062914e+01 
1.508303e+00 -1.072954e+01 
1.528972e+00 -1.082990e+01 
1.550169e+00 -1.093015e+01 
1.571750e+00 -1.103034e+01 
1.593724e+00 -1.113052e+01 
1.616089e+00 -1.123070e+01 
1.638909e+00 -1.133091e+01 
1.662426e+00 -1.143122e+01 
1.686596e+00 -1.153152e+01 
1.711435e+00 -1.163183e+01 
1.736955e+00 -1.173214e+01 
1.763155e+00 -1.183245e+01 
1.790033e+00 -1.193275e+01 
1.817595e+00 -1.203306e+01 
1.845847e+00 -1.213337e+01 
1.874868e+00 -1.223370e+01 
1.904755e+00 -1.233408e+01 
1.935403e+00 -1.243442e+01 
1.966113e+00 -1.253448e+01 
1.997124e+00 -1.263460e+01 
2.028676e+00 -1.273482e+01 
2.061023e+00 -1.283515e+01 
2.094213e+00 -1.293551e+01 
2.128281e+00 -1.303588e+01 
2.163288e+00 -1.313627e+01 
2.199327e+00 -1.323670e+01 
2.236445e+00 -1.333714e+01 
2.274746e+00 -1.343762e+01 
2.314338e+00 -1.353814e+01 
2.355319e+00 -1.363868e+01 
2.397791e+00 -1.373926e+01 
2.441851e+00 -1.383987e+01 
2.487427e+00 -1.394045e+01 
2.534263e+00 -1.404093e+01 
2.583599e+00 -1.414178e+01 
2.635589e+00 -1.424271e+01 
2.690112e+00 -1.434359e+01 
2.747088e+00 -1.444441e+01 
2.806442e+00 -1.454519e+01 
2.868166e+00 -1.464593e+01 
2.932431e+00 -1.474670e+01 
2.998736e+00 -1.484732e+01 
3.067291e+00 -1.494796e+01 
3.138289e+00 -1.504863e+01 
3.211933e+00 -1.514933e+01 
3.288453e+00 -1.525006e+01 
3.368143e+00 -1.535083e+01 
3.451308e+00 -1.545163e+01 
3.538904e+00 -1.555258e+01 
3.632216e+00 -1.565372e+01 
3.731783e+00 -1.575489e+01 
3.832661e+00 -1.585243e+01 
3.933184e+00 -1.594684e+01 
4.033633e+00 -1.603890e+01 
4.134100e+00 -1.612866e+01 
4.234602e+00 -1.621607e+01 
4.335184e+00 -1.630088e+01 
4.435803e+00 -1.638299e+01 
4.536461e+00 -1.646234e+01 
4.637160e+00 -1.653888e+01 
4.737871e+00 -1.661264e+01 
4.838597e+00 -1.668369e+01 
4.939335e+00 -1.675206e+01 
5.040086e+00 -1.681783e+01 
5.140848e+00 -1.688103e+01 
5.241622e+00 -1.694172e+01 
5.342404e+00 -1.699994e+01 
5.443153e+00 -1.705585e+01 
5.543809e+00 -1.710976e+01 
5.644461e+00 -1.716177e+01 
5.745095e+00 -1.721198e+01 
5.845576e+00 -1.726076e+01 
5.945983e+00 -1.730839e+01 
6.046393e+00 -1.735492e+01 
6.146812e+00 -1.740033e+01 
6.247239e+00 -1.744462e+01 
6.347685e+00 -1.748775e+01 
6.448146e+00 -1.752971e+01 
6.548648e+00 -1.757040e+01 
6.649173e+00 -1.760979e+01 
6.749716e+00 -1.764784e+01 
6.850273e+00 -1.768454e+01 
6.950840e+00 -1.771988e+01 
7.051419e+00 -1.775384e+01 
7.152010e+00 -1.778641e+01 
7.252612e+00 -1.781759e+01 
7.353224e+00 -1.784737e+01 
7.453850e+00 -1.787574e+01 
7.554485e+00 -1.790268e+01 
7.655131e+00 -1.792819e+01 
7.755788e+00 -1.795225e+01 
7.856457e+00 -1.797487e+01 
7.957136e+00 -1.799602e+01 
8.057757e+00 -1.801582e+01 
8.158266e+00 -1.803453e+01 
8.258735e+00 -1.805224e+01 
8.359211e+00 -1.806895e+01 
8.459692e+00 -1.808466e+01 
8.560179e+00 -1.809935e+01 
8.660671e+00 -1.811303e+01 
8.761168e+00 -1.812568e+01 
8.861668e+00 -1.813731e+01 
8.962173e+00 -1.814790e+01 
9.062681e+00 -1.815746e+01 
9.163174e+00 -1.816601e+01 
9.263607e+00 -1.817368e+01 
9.364014e+00 -1.818053e+01 
9.464426e+00 -1.818654e+01 
9.564845e+00 -1.819171e+01 
9.665272e+00 -1.819601e+01 
9.765707e+00 -1.819944e+01 
9.866150e+00 -1.820198e+01 
9.966600e+00 -1.820362e+01 
1.006706e+01 -1.820434e+01 
1.016752e+01 -1.820412e+01 
1.026800e+01 -1.820295e+01 
1.036848e+01 -1.820081e+01 
1.046897e+01 -1.819769e+01 
1.056946e+01 -1.819357e+01 
1.066996e+01 -1.818844e+01 
1.077047e+01 -1.818228e+01 
1.087099e+01 -1.817507e+01 
1.097152e+01 -1.816680e+01 
1.107205e+01 -1.815744e+01 
1.117259e+01 -1.814698e+01 
1.127308e+01 -1.813552e+01 
1.137345e+01 -1.812332e+01 
1.147377e+01 -1.811046e+01 
1.157410e+01 -1.809692e+01 
1.167443e+01 -1.808270e+01 
1.177477e+01 -1.806779e+01 
1.187511e+01 -1.805216e+01 
1.197545e+01 -1.803582e+01 
1.207580e+01 -1.801874e+01 
1.217616e+01 -1.800091e+01 
1.227652e+01 -1.798233e+01 
1.237688e+01 -1.796297e+01 
1.247725e+01 -1.794283e+01 
1.257762e+01 -1.792189e+01 
1.267800e+01 -1.790015e+01 
1.277838e+01 -1.787757e+01 
1.287877e+01 -1.785417e+01 
1.297916e+01 -1.782991e+01 
1.307955e+01 -1.780479e+01 
1.317995e+01 -1.777879e+01 
1.328035e+01 -1.775190e+01 
1.338075e+01 -1.772411e+01 
1.348116e+01 -1.769539e+01 
1.358157e+01 -1.766575e+01 
1.368199e+01 -1.763516e+01 
1.378240e+01 -1.760360e+01 
1.388282e+01 -1.757107e+01 
1.398324e+01 -1.753756e+01 
1.408367e+01 -1.750303e+01 
1.418410e+01 -1.746749e+01 
1.428452e+01 -1.743091e+01 
1.438495e+01 -1.739329e+01 
1.448538e+01 -1.735463e+01 
1.458579e+01 -1.731497e+01 
1.468619e+01 -1.727429e+01 
1.478659e+01 -1.723259e+01 
1.488699e+01 -1.718987e+01 
1.498739e+01 -1.714610e+01 
1.508780e+01 -1.710127e+01 
1.518820e+01 -1.705538e+01 
1.528857e+01 -1.700851e+01 
1.538893e+01 -1.696067e+01 
1.548929e+01 -1.691184e+01 
1.558964e+01 -1.686203e+01 
1.568994e+01 -1.681140e+01 
1.579022e+01 -1.676001e+01 
1.589050e+01 -1.670782e+01 
1.599078e+01 -1.665482e+01 
1.609106e+01 -1.660101e+01 
1.619134e+01 -1.654635e+01 
1.629163e+01 -1.649085e+01 
1.639191e+01 -1.643447e+01 
1.649220e+01 -1.637722e+01 
1.659250e+01 -1.631906e+01 
1.669279e+01 -1.625999e+01 
1.679308e+01 -1.619998e+01 
1.689338e+01 -1.613902e+01 
1.699368e+01 -1.607709e+01 
1.709399e+01 -1.601416e+01 
1.719429e+01 -1.595022e+01 
1.729460e+01 -1.588525e+01 
1.739490e+01 -1.581923e+01 
1.749521e+01 -1.575212e+01 
1.759553e+01 -1.568392e+01 
1.769584e+01 -1.561459e+01 
1.779616e+01 -1.554411e+01 
1.789648e+01 -1.547245e+01 
1.799680e+01 -1.539959e+01 
1.809712e+01 -1.532550e+01 
1.819744e+01 -1.525014e+01 
1.829777e+01 -1.517349e+01 
1.839810e+01 -1.509551e+01 
1.849843e+01 -1.501617e+01 
1.859876e+01 -1.493544e+01 
1.869909e+01 -1.485328e+01 
1.879943e+01 -1.476961e+01 
1.889978e+01 -1.468437e+01 
1.900014e+01 -1.459746e+01 
1.910051e+01 -1.450882e+01 
1.920090e+01 -1.441830e+01 
1.930129e+01 -1.432580e+01 
1.940169e+01 -1.423125e+01 
1.950210e+01 -1.413455e+01 
1.960251e+01 -1.403562e+01 
1.970209e+01 -1.393521e+01 
1.979962e+01 -1.383485e+01 
1.989534e+01 -1.373451e+01 
1.998960e+01 -1.363425e+01 
2.008251e+01 -1.353398e+01 
2.017410e+01 -1.343372e+01 
2.026440e+01 -1.333346e+01 
2.035342e+01 -1.323320e+01 
2.044116e+01 -1.313293e+01 
2.052760e+01 -1.303265e+01 
2.061277e+01 -1.293237e+01 
2.069667e+01 -1.283208e+01 
2.077933e+01 -1.273180e+01 
2.086078e+01 -1.263152e+01 
2.094102e+01 -1.253124e+01 
2.102009e+01 -1.243096e+01 
2.109801e+01 -1.233068e+01 
2.117479e+01 -1.223039e+01 
2.125044e+01 -1.213011e+01 
2.132500e+01 -1.202983e+01 
2.139847e+01 -1.192955e+01 
2.147087e+01 -1.182927e+01 
2.154222e+01 -1.172899e+01 
2.161253e+01 -1.162870e+01 
2.168182e+01 -1.152842e+01 
2.175010e+01 -1.142814e+01 
2.181738e+01 -1.132786e+01 
2.188369e+01 -1.122758e+01 
2.194903e+01 -1.112729e+01 
2.201341e+01 -1.102701e+01 
2.207685e+01 -1.092673e+01 
2.213935e+01 -1.082645e+01 
2.220094e+01 -1.072617e+01 
2.226161e+01 -1.062588e+01 
2.232139e+01 -1.052560e+01 
2.238027e+01 -1.042532e+01 
2.243828e+01 -1.032503e+01 
2.249541e+01 -1.022475e+01 
2.255169e+01 -1.012447e+01 
2.260711e+01 -1.002418e+01 
2.266169e+01 -9.923901e+00 
2.271543e+01 -9.823617e+00 
2.276835e+01 -9.723333e+00 
2.282044e+01 -9.623049e+00 
2.287173e+01 -9.522765e+00 
2.292220e+01 -9.422480e+00 
2.297195e+01 -9.322222e+00 
2.302107e+01 -9.222006e+00 
2.306960e+01 -9.121794e+00 
2.311755e+01 -9.021582e+00 
2.316493e+01 -8.921369e+00 
2.321172e+01 -8.821155e+00 
2.325794e+01 -8.720941e+00 
2.330359e+01 -8.620726e+00 
2.334867e+01 -8.520511e+00 
2.339318e+01 -8.420295e+00 
2.343713e+01 -8.320080e+00 
2.348051e+01 -8.219864e+00 
2.352334e+01 -8.119647e+00 
2.356561e+01 -8.019431e+00 
2.360732e+01 -7.919215e+00 
2.364849e+01 -7.818998e+00 
2.368911e+01 -7.718781e+00 
2.372918e+01 -7.618564e+00 
2.376871e+01 -7.518347e+00 
2.380771e+01 -7.418130e+00 
2.384616e+01 -7.317913e+00 
2.388409e+01 -7.217696e+00 
2.392148e+01 -7.117479e+00 
2.395834e+01 -7.017262e+00 
2.399469e+01 -6.917045e+00 
2.403049e+01 -6.816824e+00 
2.406575e+01 -6.716590e+00 
2.410041e+01 -6.616335e+00 
2.413444e+01 -6.516070e+00 
2.416785e+01 -6.415805e+00 
2.420063e+01 -6.315541e+00 
2.423281e+01 -6.215276e+00 
2.426436e+01 -6.115011e+00 
2.429531e+01 -6.014746e+00 
2.432565e+01 -5.914482e+00 
2.435539e+01 -5.814217e+00 
2.438453e+01 -5.713953e+00 
2.441307e+01 -5.613689e+00 
2.444102e+01 -5.513425e+00 
2.446837e+01 -5.413161e+00 
2.449514e+01 -5.312897e+00 
2.452133e+01 -5.212634e+00 
2.454693e+01 -5.112371e+00 
2.457196e+01 -5.012109e+00 
2.459641e+01 -4.911847e+00 
2.462030e+01 -4.811585e+00 
2.464361e+01 -4.711324e+00 
2.466636e+01 -4.611063e+00 
2.468855e+01 -4.510803e+00 
2.471018e+01 -4.410544e+00 
2.473125e+01 -4.310285e+00 
2.475177e+01 -4.210026e+00 
2.477174e+01 -4.109768e+00 
2.479117e+01 -4.009511e+00 
2.481005e+01 -3.909254e+00 
2.482839e+01 -3.808998e+00 
2.484622e+01 -3.708754e+00 
2.486352e+01 -3.608503e+00 
2.488030e+01 -3.508251e+00 
2.489654e+01 -3.407998e+00 
2.491226e+01 -3.307744e+00 
2.492745e+01 -3.207490e+00 
2.494211e+01 -3.107235e+00 
2.495624e+01 -3.006979e+00 
2.496985e+01 -2.906722e+00 
2.498292e+01 -2.806465e+00 
2.499546e+01 -2.706207e+00 
2.500748e+01 -2.605948e+00 
2.501896e+01 -2.505689e+00 
2.502991e+01 -2.405429e+00 
2.504033e+01 -2.305168e+00 
2.505022e+01 -2.204906e+00 
2.505957e+01 -2.104644e+00 
2.506839e+01 -2.004381e+00 
2.507667e+01 -1.904117e+00 
2.508442e+01 -1.803853e+00 
2.509164e+01 -1.703593e+00 
2.509839e+01 -1.603357e+00 
2.510472e+01 -1.503154e+00 
2.511065e+01 -1.402950e+00 
2.511616e+01 -1.302746e+00 
2.512126e+01 -1.202541e+00 
2.512595e+01 -1.102336e+00 
2.513022e+01 -1.002130e+00 
2.513408e+01 -9.019236e-01 
2.513752e+01 -8.017167e-01 
2.514055e+01 -7.015092e-01 
2.514316e+01 -6.013013e-01 
2.504319e+01 -5.986987e-01 
