-1.824927e+01 -3.992710e-01 
-1.824782e+01 -4.990159e-01 
-1.824586e+01 -5.987606e-01 
-1.824339e+01 -6.985054e-01 
-1.824040e+01 -7.982501e-01 
-1.823691e+01 -8.979948e-01 
-1.823291e+01 -9.977395e-01 
-1.822839e+01 -1.097475e+00 
-1.822335e+01 -1.197207e+00 
-1.821777e+01 -1.296938e+00 
-1.821166e+01 -1.396669e+00 
-1.820500e+01 -1.496399e+00 
-1.819780e+01 -1.596128e+00 
-1.819005e+01 -1.695857e+00 
-1.818176e+01 -1.795585e+00 
-1.817292e+01 -1.895313e+00 
-1.816353e+01 -1.995039e+00 
-1.815359e+01 -2.094766e+00 
-1.814309e+01 -2.194492e+00 
-1.813204e+01 -2.294217e+00 
-1.812043e+01 -2.393942e+00 
-1.810826e+01 -2.493667e+00 
-1.809552e+01 -2.593393e+00 
-1.808223e+01 -2.693128e+00 
-1.806839e+01 -2.792874e+00 
-1.805403e+01 -2.892629e+00 
-1.803916e+01 -2.992384e+00 
-1.802379e+01 -3.092139e+00 
-1.800791e+01 -3.191895e+00 
-1.799152e+01 -3.291650e+00 
-1.797462e+01 -3.391406e+00 
-1.795722e+01 -3.491161e+00 
-1.793930e+01 -3.590917e+00 
-1.792088e+01 -3.690673e+00 
-1.790194e+01 -3.790430e+00 
-1.788248e+01 -3.890186e+00 
-1.786252e+01 -3.989943e+00 
-1.784203e+01 -4.089700e+00 
-1.782103e+01 -4.189457e+00 
-1.779952e+01 -4.289214e+00 
-1.777748e+01 -4.388972e+00 
-1.775492e+01 -4.488730e+00 
-1.773184e+01 -4.588488e+00 
-1.770824e+01 -4.688247e+00 
-1.768412e+01 -4.788005e+00 
-1.765947e+01 -4.887764e+00 
-1.763429e+01 -4.987524e+00 
-1.760858e+01 -5.087280e+00 
-1.758234e+01 -5.187034e+00 
-1.755556e+01 -5.286783e+00 
-1.752822e+01 -5.386529e+00 
-1.750032e+01 -5.486275e+00 
-1.747185e+01 -5.586020e+00 
-1.744280e+01 -5.685765e+00 
-1.741318e+01 -5.785509e+00 
-1.738297e+01 -5.885252e+00 
-1.735218e+01 -5.984995e+00 
-1.732081e+01 -6.084738e+00 
-1.728884e+01 -6.184480e+00 
-1.725627e+01 -6.284222e+00 
-1.722310e+01 -6.383963e+00 
-1.718932e+01 -6.483704e+00 
-1.715494e+01 -6.583444e+00 
-1.711994e+01 -6.683184e+00 
-1.708432e+01 -6.782924e+00 
-1.704808e+01 -6.882656e+00 
-1.701121e+01 -6.982367e+00 
-1.697363e+01 -7.082064e+00 
-1.693533e+01 -7.181745e+00 
-1.689624e+01 -7.281420e+00 
-1.685635e+01 -7.381095e+00 
-1.681564e+01 -7.480769e+00 
-1.677411e+01 -7.580444e+00 
-1.673175e+01 -7.680119e+00 
-1.668856e+01 -7.779794e+00 
-1.664452e+01 -7.879469e+00 
-1.659964e+01 -7.979145e+00 
-1.655389e+01 -8.078822e+00 
-1.650729e+01 -8.178499e+00 
-1.645981e+01 -8.278177e+00 
-1.641146e+01 -8.377855e+00 
-1.636222e+01 -8.477535e+00 
-1.631209e+01 -8.577216e+00 
-1.626106e+01 -8.676897e+00 
-1.620913e+01 -8.776580e+00 
-1.615628e+01 -8.876264e+00 
-1.610251e+01 -8.975950e+00 
-1.604782e+01 -9.075637e+00 
-1.599220e+01 -9.175326e+00 
-1.593564e+01 -9.275015e+00 
-1.587816e+01 -9.374660e+00 
-1.581959e+01 -9.474288e+00 
-1.575986e+01 -9.573916e+00 
-1.569894e+01 -9.673543e+00 
-1.563682e+01 -9.773171e+00 
-1.557347e+01 -9.872799e+00 
-1.550888e+01 -9.972428e+00 
-1.544302e+01 -1.007206e+01 
-1.537588e+01 -1.017169e+01 
-1.530743e+01 -1.027132e+01 
-1.523765e+01 -1.037095e+01 
-1.516652e+01 -1.047058e+01 
-1.509402e+01 -1.057021e+01 
-1.502011e+01 -1.066985e+01 
-1.494479e+01 -1.076948e+01 
-1.486801e+01 -1.086912e+01 
-1.478975e+01 -1.096875e+01 
-1.471000e+01 -1.106839e+01 
-1.462871e+01 -1.116803e+01 
-1.454587e+01 -1.126768e+01 
-1.446144e+01 -1.136732e+01 
-1.437540e+01 -1.146697e+01 
-1.428771e+01 -1.156662e+01 
-1.419834e+01 -1.166627e+01 
-1.410727e+01 -1.176592e+01 
-1.401445e+01 -1.186558e+01 
-1.391987e+01 -1.196523e+01 
-1.382348e+01 -1.206484e+01 
-1.372501e+01 -1.216442e+01 
-1.362544e+01 -1.226273e+01 
-1.352586e+01 -1.235873e+01 
-1.342629e+01 -1.245250e+01 
-1.332675e+01 -1.254407e+01 
-1.322722e+01 -1.263335e+01 
-1.312769e+01 -1.272039e+01 
-1.302817e+01 -1.280526e+01 
-1.292865e+01 -1.288802e+01 
-1.282913e+01 -1.296870e+01 
-1.272962e+01 -1.304735e+01 
-1.263011e+01 -1.312402e+01 
-1.253059e+01 -1.319877e+01 
-1.243107e+01 -1.327166e+01 
-1.233155e+01 -1.334277e+01 
-1.223202e+01 -1.341215e+01 
-1.213249e+01 -1.347984e+01 
-1.203295e+01 -1.354590e+01 
-1.193342e+01 -1.361038e+01 
-1.183388e+01 -1.367332e+01 
-1.173433e+01 -1.373476e+01 
-1.163478e+01 -1.379474e+01 
-1.153523e+01 -1.385331e+01 
-1.143568e+01 -1.391050e+01 
-1.133612e+01 -1.396634e+01 
-1.123656e+01 -1.402087e+01 
-1.113699e+01 -1.407412e+01 
-1.103742e+01 -1.412612e+01 
-1.093785e+01 -1.417690e+01 
-1.083827e+01 -1.422649e+01 
-1.073869e+01 -1.427491e+01 
-1.063910e+01 -1.432220e+01 
-1.053952e+01 -1.436838e+01 
-1.043999e+01 -1.441344e+01 
-1.034051e+01 -1.445724e+01 
-1.024110e+01 -1.449966e+01 
-1.014173e+01 -1.454059e+01 
-1.004236e+01 -1.457993e+01 
-9.942978e+00 -1.461775e+01 
-9.843588e+00 -1.465406e+01 
-9.744190e+00 -1.468893e+01 
-9.644783e+00 -1.472239e+01 
-9.545367e+00 -1.475447e+01 
-9.445943e+00 -1.478521e+01 
-9.346510e+00 -1.481465e+01 
-9.247068e+00 -1.484283e+01 
-9.147617e+00 -1.486976e+01 
-9.048157e+00 -1.489549e+01 
-8.948688e+00 -1.492004e+01 
-8.849213e+00 -1.494344e+01 
-8.749780e+00 -1.496570e+01 
-8.650421e+00 -1.498674e+01 
-8.551076e+00 -1.500643e+01 
-8.451725e+00 -1.502474e+01 
-8.352368e+00 -1.504170e+01 
-8.253004e+00 -1.505733e+01 
-8.153632e+00 -1.507166e+01 
-8.054253e+00 -1.508470e+01 
-7.954868e+00 -1.509648e+01 
-7.855474e+00 -1.510702e+01 
-7.756074e+00 -1.511633e+01 
-7.656665e+00 -1.512444e+01 
-7.557257e+00 -1.513136e+01 
-7.457860e+00 -1.513710e+01 
-7.358547e+00 -1.514163e+01 
-7.259366e+00 -1.514479e+01 
-7.160184e+00 -1.514633e+01 
-7.060982e+00 -1.514624e+01 
-6.961759e+00 -1.514457e+01 
-6.862515e+00 -1.514135e+01 
-6.763250e+00 -1.513663e+01 
-6.663964e+00 -1.513044e+01 
-6.564657e+00 -1.512282e+01 
-6.465354e+00 -1.511381e+01 
-6.366136e+00 -1.510341e+01 
-6.267083e+00 -1.509145e+01 
-6.168114e+00 -1.507757e+01 
-6.069109e+00 -1.506158e+01 
-5.970071e+00 -1.504353e+01 
-5.871000e+00 -1.502345e+01 
-5.771896e+00 -1.500140e+01 
-5.672760e+00 -1.497742e+01 
-5.573592e+00 -1.495156e+01 
-5.474513e+00 -1.492388e+01 
-5.375597e+00 -1.489420e+01 
-5.276732e+00 -1.486207e+01 
-5.177837e+00 -1.482729e+01 
-5.078909e+00 -1.478986e+01 
-4.979943e+00 -1.474978e+01 
-4.880966e+00 -1.470710e+01 
-4.782202e+00 -1.466186e+01 
-4.683597e+00 -1.461340e+01 
-4.584957e+00 -1.456101e+01 
-4.486301e+00 -1.450463e+01 
-4.387615e+00 -1.444405e+01 
-4.288910e+00 -1.437916e+01 
-4.190185e+00 -1.430972e+01 
-4.091514e+00 -1.423556e+01 
-3.992911e+00 -1.415613e+01 
-3.894370e+00 -1.407065e+01 
-3.795810e+00 -1.397813e+01 
-3.699231e+00 -1.387987e+01 
-3.611447e+00 -1.378157e+01 
-3.531009e+00 -1.368292e+01 
-3.456012e+00 -1.358421e+01 
-3.385867e+00 -1.348548e+01 
-3.320189e+00 -1.338672e+01 
-3.258587e+00 -1.328790e+01 
-3.200708e+00 -1.318905e+01 
-3.146262e+00 -1.309017e+01 
-3.095019e+00 -1.299126e+01 
-3.046746e+00 -1.289220e+01 
-3.000939e+00 -1.279303e+01 
-2.957316e+00 -1.269386e+01 
-2.915790e+00 -1.259466e+01 
-2.876282e+00 -1.249547e+01 
-2.838736e+00 -1.239626e+01 
-2.803086e+00 -1.229702e+01 
-2.769122e+00 -1.219747e+01 
-2.736257e+00 -1.209807e+01 
-2.704790e+00 -1.199873e+01 
-2.674796e+00 -1.189927e+01 
-2.645998e+00 -1.179970e+01 
-2.618102e+00 -1.169994e+01 
-2.590725e+00 -1.160012e+01 
-2.563761e+00 -1.150029e+01 
-2.537199e+00 -1.140056e+01 
-2.511238e+00 -1.130087e+01 
-2.485951e+00 -1.120119e+01 
-2.461377e+00 -1.110154e+01 
-2.437572e+00 -1.100194e+01 
-2.414634e+00 -1.090230e+01 
-2.392453e+00 -1.080260e+01 
-2.370896e+00 -1.070284e+01 
-2.349831e+00 -1.060301e+01 
-2.329130e+00 -1.050314e+01 
-2.308701e+00 -1.040328e+01 
-2.288585e+00 -1.030346e+01 
-2.268855e+00 -1.020368e+01 
-2.249585e+00 -1.010393e+01 
-2.230845e+00 -1.000420e+01 
-2.212682e+00 -9.904456e+00 
-2.195049e+00 -9.804728e+00 
-2.177986e+00 -9.705020e+00 
-2.161532e+00 -9.605329e+00 
-2.145690e+00 -9.505439e+00 
-2.130070e+00 -9.405515e+00 
-2.114607e+00 -9.305599e+00 
-2.099321e+00 -9.205696e+00 
-2.084241e+00 -9.105821e+00 
-2.069425e+00 -9.005993e+00 
-2.054972e+00 -8.906226e+00 
-2.041002e+00 -8.806498e+00 
-2.027588e+00 -8.706748e+00 
-2.014682e+00 -8.606968e+00 
-2.002222e+00 -8.507155e+00 
-1.990141e+00 -8.407311e+00 
-1.978373e+00 -8.307435e+00 
-1.966855e+00 -8.207528e+00 
-1.955526e+00 -8.107612e+00 
-1.944363e+00 -8.007647e+00 
-1.933277e+00 -7.907741e+00 
-1.922389e+00 -7.807899e+00 
-1.911821e+00 -7.708051e+00 
-1.901561e+00 -7.608198e+00 
-1.891599e+00 -7.508342e+00 
-1.881927e+00 -7.408481e+00 
-1.872537e+00 -7.308616e+00 
-1.863419e+00 -7.208746e+00 
-1.854564e+00 -7.108871e+00 
-1.845962e+00 -7.008990e+00 
-1.837595e+00 -6.909060e+00 
-1.829361e+00 -6.809018e+00 
-1.821043e+00 -6.708998e+00 
-1.812685e+00 -6.608971e+00 
-1.804284e+00 -6.509078e+00 
-1.796101e+00 -6.409225e+00 
-1.788216e+00 -6.309376e+00 
-1.780635e+00 -6.209525e+00 
-1.773352e+00 -6.109649e+00 
-1.766316e+00 -6.009738e+00 
-1.759455e+00 -5.909757e+00 
-1.752631e+00 -5.809765e+00 
-1.745823e+00 -5.709773e+00 
-1.739031e+00 -5.609781e+00 
-1.732255e+00 -5.509788e+00 
-1.725493e+00 -5.409796e+00 
-1.718749e+00 -5.309841e+00 
-1.712100e+00 -5.209926e+00 
-1.705620e+00 -5.110009e+00 
-1.699306e+00 -5.010082e+00 
-1.693140e+00 -4.910145e+00 
-1.687100e+00 -4.810198e+00 
-1.681166e+00 -4.710241e+00 
-1.675316e+00 -4.610273e+00 
-1.669531e+00 -4.510294e+00 
-1.663787e+00 -4.410305e+00 
-1.658065e+00 -4.310309e+00 
-1.652349e+00 -4.210300e+00 
-1.646626e+00 -4.110464e+00 
-1.641233e+00 -4.010642e+00 
-1.636183e+00 -3.910548e+00 
-1.630948e+00 -3.810546e+00 
-1.625711e+00 -3.710581e+00 
-1.620545e+00 -3.610605e+00 
-1.615425e+00 -3.510595e+00 
-1.610285e+00 -3.410598e+00 
-1.605152e+00 -3.310624e+00 
-1.600073e+00 -3.210673e+00 
-1.595094e+00 -3.110746e+00 
-1.590262e+00 -3.010842e+00 
-1.585621e+00 -2.910930e+00 
-1.581156e+00 -2.810972e+00 
-1.576772e+00 -2.710966e+00 
-1.572382e+00 -2.611094e+00 
-1.568247e+00 -2.511206e+00 
-1.564335e+00 -2.411263e+00 
-1.560537e+00 -2.311292e+00 
-1.556795e+00 -2.211310e+00 
-1.553091e+00 -2.111328e+00 
-1.549421e+00 -2.011347e+00 
-1.545790e+00 -1.911367e+00 
-1.542200e+00 -1.811424e+00 
-1.538726e+00 -1.711508e+00 
-1.535415e+00 -1.611439e+00 
-1.531965e+00 -1.511355e+00 
-1.528347e+00 -1.411270e+00 
-1.524562e+00 -1.311256e+00 
-1.520750e+00 -1.211291e+00 
-1.517007e+00 -1.111312e+00 
-1.513304e+00 -1.011302e+00 
-1.509582e+00 -9.112950e-01 
-1.505852e+00 -8.114488e-01 
-1.502430e+00 -7.115971e-01 
-1.499304e+00 -6.117476e-01 
-1.496479e+00 -5.119096e-01 
-1.493978e+00 -4.120292e-01 
-1.491712e+00 -3.120283e-01 
-1.489445e+00 -2.119913e-01 
-1.487102e+00 -1.119373e-01 
-1.484668e+00 -1.316149e-02 
-1.484653e+00 1.193732e-02 
-1.487104e+00 1.119913e-01 
-1.489445e+00 2.120283e-01 
-1.491712e+00 3.120292e-01 
-1.493975e+00 4.119096e-01 
-1.496475e+00 5.117476e-01 
-1.499300e+00 6.115971e-01 
-1.502425e+00 7.114488e-01 
-1.505847e+00 8.112950e-01 
-1.509583e+00 9.113023e-01 
-1.513304e+00 1.011312e+00 
-1.517006e+00 1.111291e+00 
-1.520749e+00 1.211256e+00 
-1.524562e+00 1.311270e+00 
-1.528350e+00 1.411355e+00 
-1.531968e+00 1.511439e+00 
-1.535418e+00 1.611508e+00 
-1.538723e+00 1.711424e+00 
-1.542198e+00 1.811367e+00 
-1.545789e+00 1.911347e+00 
-1.549421e+00 2.011328e+00 
-1.553090e+00 2.111310e+00 
-1.556795e+00 2.211292e+00 
-1.560536e+00 2.311263e+00 
-1.564333e+00 2.411206e+00 
-1.568243e+00 2.511094e+00 
-1.572376e+00 2.610966e+00 
-1.576772e+00 2.710972e+00 
-1.581154e+00 2.810930e+00 
-1.585617e+00 2.910842e+00 
-1.590257e+00 3.010746e+00 
-1.595090e+00 3.110673e+00 
-1.600070e+00 3.210624e+00 
-1.605151e+00 3.310598e+00 
-1.610285e+00 3.410595e+00 
-1.615426e+00 3.510605e+00 
-1.620544e+00 3.610581e+00 
-1.625710e+00 3.710546e+00 
-1.630949e+00 3.810548e+00 
-1.636188e+00 3.910642e+00 
-1.641224e+00 4.010464e+00 
-1.646617e+00 4.110300e+00 
-1.652350e+00 4.210309e+00 
-1.658065e+00 4.310305e+00 
-1.663787e+00 4.410294e+00 
-1.669530e+00 4.510273e+00 
-1.675315e+00 4.610241e+00 
-1.681163e+00 4.710198e+00 
-1.687097e+00 4.810145e+00 
-1.693136e+00 4.910082e+00 
-1.699302e+00 5.010009e+00 
-1.705615e+00 5.109926e+00 
-1.712094e+00 5.209841e+00 
-1.612315e+00 5.216482e+00 
-1.605825e+00 5.116397e+00 
-1.599501e+00 5.016314e+00 
-1.593326e+00 4.916241e+00 
-1.587279e+00 4.816178e+00 
-1.581339e+00 4.716125e+00 
-1.575485e+00 4.616082e+00 
-1.569697e+00 4.516050e+00 
-1.563951e+00 4.416029e+00 
-1.558228e+00 4.316018e+00 
-1.552513e+00 4.216014e+00 
-1.546781e+00 4.116023e+00 
-1.541369e+00 4.015859e+00 
-1.536315e+00 3.915681e+00 
-1.531085e+00 3.815775e+00 
-1.525846e+00 3.715777e+00 
-1.520677e+00 3.615742e+00 
-1.515557e+00 3.515718e+00 
-1.510417e+00 3.415728e+00 
-1.505282e+00 3.315725e+00 
-1.500199e+00 3.215699e+00 
-1.495214e+00 3.115650e+00 
-1.490374e+00 3.015577e+00 
-1.485724e+00 2.915481e+00 
-1.481254e+00 2.815393e+00 
-1.476868e+00 2.715351e+00 
-1.472473e+00 2.615357e+00 
-1.468328e+00 2.515229e+00 
-1.464410e+00 2.415117e+00 
-1.460608e+00 2.315060e+00 
-1.456865e+00 2.215031e+00 
-1.453159e+00 2.115013e+00 
-1.449488e+00 2.014995e+00 
-1.445855e+00 1.914976e+00 
-1.442263e+00 1.814956e+00 
-1.438784e+00 1.714899e+00 
-1.435472e+00 1.614815e+00 
-1.432027e+00 1.514884e+00 
-1.428416e+00 1.414968e+00 
-1.424634e+00 1.315053e+00 
-1.420821e+00 1.215067e+00 
-1.417076e+00 1.115032e+00 
-1.413372e+00 1.015011e+00 
-1.409652e+00 9.150207e-01 
-1.405917e+00 8.150280e-01 
-1.402484e+00 7.148742e-01 
-1.399349e+00 6.147259e-01 
-1.396515e+00 5.145754e-01 
-1.394006e+00 4.144134e-01 
-1.391738e+00 3.142938e-01 
-1.389471e+00 2.142947e-01 
-1.387131e+00 1.143317e-01 
-1.384683e+00 1.438567e-02 
-1.384668e+00 -1.316149e-02 
-1.387132e+00 -1.143857e-01 
-1.389472e+00 -2.143317e-01 
-1.391738e+00 -3.142947e-01 
-1.394003e+00 -4.142938e-01 
-1.396511e+00 -5.144134e-01 
-1.399344e+00 -6.145754e-01 
-1.402479e+00 -7.147259e-01 
-1.405911e+00 -8.148742e-01 
-1.409652e+00 -9.150280e-01 
-1.413373e+00 -1.015021e+00 
-1.417075e+00 -1.115011e+00 
-1.420820e+00 -1.215032e+00 
-1.424634e+00 -1.315067e+00 
-1.428419e+00 -1.415053e+00 
-1.432030e+00 -1.514968e+00 
-1.435475e+00 -1.614884e+00 
-1.438781e+00 -1.714815e+00 
-1.442261e+00 -1.814899e+00 
-1.445854e+00 -1.914956e+00 
-1.449487e+00 -2.014976e+00 
-1.453158e+00 -2.114995e+00 
-1.456864e+00 -2.215013e+00 
-1.460607e+00 -2.315031e+00 
-1.464407e+00 -2.415060e+00 
-1.468324e+00 -2.515117e+00 
-1.472467e+00 -2.615229e+00 
-1.476868e+00 -2.715357e+00 
-1.481252e+00 -2.815351e+00 
-1.485720e+00 -2.915393e+00 
-1.490369e+00 -3.015481e+00 
-1.495211e+00 -3.115577e+00 
-1.500197e+00 -3.215650e+00 
-1.505281e+00 -3.315699e+00 
-1.510416e+00 -3.415725e+00 
-1.515557e+00 -3.515728e+00 
-1.520676e+00 -3.615718e+00 
-1.525845e+00 -3.715742e+00 
-1.531085e+00 -3.815777e+00 
-1.536320e+00 -3.915775e+00 
-1.541360e+00 -4.015681e+00 
-1.546772e+00 -4.115859e+00 
-1.552513e+00 -4.216023e+00 
-1.558228e+00 -4.316014e+00 
-1.563951e+00 -4.416018e+00 
-1.569695e+00 -4.516029e+00 
-1.575484e+00 -4.616050e+00 
-1.581336e+00 -4.716082e+00 
-1.587276e+00 -4.816125e+00 
-1.593322e+00 -4.916178e+00 
-1.599496e+00 -5.016241e+00 
-1.605819e+00 -5.116314e+00 
-1.612309e+00 -5.216397e+00 
-1.618970e+00 -5.316482e+00 
-1.625720e+00 -5.416527e+00 
-1.632482e+00 -5.516535e+00 
-1.639260e+00 -5.616542e+00 
-1.646053e+00 -5.716550e+00 
-1.652862e+00 -5.816558e+00 
-1.659687e+00 -5.916566e+00 
-1.666550e+00 -6.016584e+00 
-1.673599e+00 -6.116674e+00 
-1.680900e+00 -6.216798e+00 
-1.688503e+00 -6.316947e+00 
-1.696412e+00 -6.417098e+00 
-1.704618e+00 -6.517245e+00 
-1.713037e+00 -6.617352e+00 
-1.721391e+00 -6.717325e+00 
-1.729705e+00 -6.817305e+00 
-1.737932e+00 -6.917263e+00 
-1.746310e+00 -7.017333e+00 
-1.754933e+00 -7.117452e+00 
-1.763810e+00 -7.217577e+00 
-1.772951e+00 -7.317707e+00 
-1.782367e+00 -7.417842e+00 
-1.792065e+00 -7.517981e+00 
-1.802055e+00 -7.618125e+00 
-1.812345e+00 -7.718272e+00 
-1.822944e+00 -7.818424e+00 
-1.833867e+00 -7.918582e+00 
-1.844973e+00 -8.018676e+00 
-1.856144e+00 -8.118711e+00 
-1.867492e+00 -8.218795e+00 
-1.879031e+00 -8.318888e+00 
-1.890828e+00 -8.419012e+00 
-1.902946e+00 -8.519168e+00 
-1.915453e+00 -8.619355e+00 
-1.928414e+00 -8.719575e+00 
-1.941894e+00 -8.819825e+00 
-1.955939e+00 -8.920097e+00 
-1.970458e+00 -9.020330e+00 
-1.985324e+00 -9.120502e+00 
-2.000442e+00 -9.220626e+00 
-2.015757e+00 -9.320724e+00 
-2.031246e+00 -9.420808e+00 
-2.046889e+00 -9.520884e+00 
-2.062767e+00 -9.620994e+00 
-2.079321e+00 -9.721303e+00 
-2.096481e+00 -9.821595e+00 
-2.114210e+00 -9.921867e+00 
-2.132462e+00 -1.002212e+01 
-2.151305e+00 -1.012240e+01 
-2.170670e+00 -1.022264e+01 
-2.190484e+00 -1.032286e+01 
-2.210672e+00 -1.042304e+01 
-2.231160e+00 -1.052318e+01 
-2.251913e+00 -1.062331e+01 
-2.273051e+00 -1.072349e+01 
-2.294709e+00 -1.082372e+01 
-2.317020e+00 -1.092402e+01 
-2.340121e+00 -1.102438e+01 
-2.364117e+00 -1.112478e+01 
-2.388859e+00 -1.122513e+01 
-2.414308e+00 -1.132546e+01 
-2.440426e+00 -1.142576e+01 
-2.467129e+00 -1.152603e+01 
-2.494185e+00 -1.162620e+01 
-2.521664e+00 -1.172639e+01 
-2.549693e+00 -1.182663e+01 
-2.578733e+00 -1.192705e+01 
-2.609048e+00 -1.202760e+01 
-2.640924e+00 -1.212826e+01 
-2.674175e+00 -1.222886e+01 
-2.708443e+00 -1.232931e+01 
-2.744621e+00 -1.243006e+01 
-2.782755e+00 -1.253086e+01 
-2.822885e+00 -1.263166e+01 
-2.865070e+00 -1.273247e+01 
-2.909400e+00 -1.283329e+01 
-2.955961e+00 -1.293413e+01 
-3.005119e+00 -1.303506e+01 
-3.057466e+00 -1.313616e+01 
-3.113102e+00 -1.323727e+01 
-3.172283e+00 -1.333842e+01 
-3.235321e+00 -1.343961e+01 
-3.302587e+00 -1.354084e+01 
-3.374482e+00 -1.364211e+01 
-3.451371e+00 -1.374340e+01 
-3.533930e+00 -1.384475e+01 
-3.624620e+00 -1.394645e+01 
-3.724464e+00 -1.404820e+01 
-3.825904e+00 -1.414354e+01 
-3.927363e+00 -1.423165e+01 
-4.028760e+00 -1.431342e+01 
-4.130088e+00 -1.438964e+01 
-4.231363e+00 -1.446094e+01 
-4.332659e+00 -1.452760e+01 
-4.433973e+00 -1.458984e+01 
-4.535316e+00 -1.464782e+01 
-4.636677e+00 -1.470170e+01 
-4.738072e+00 -1.475160e+01 
-4.839307e+00 -1.479801e+01 
-4.940331e+00 -1.484160e+01 
-5.041365e+00 -1.488254e+01 
-5.142436e+00 -1.492081e+01 
-5.243541e+00 -1.495640e+01 
-5.344677e+00 -1.498930e+01 
-5.445760e+00 -1.501966e+01 
-5.546682e+00 -1.504787e+01 
-5.647514e+00 -1.507418e+01 
-5.748378e+00 -1.509860e+01 
-5.849274e+00 -1.512106e+01 
-5.950203e+00 -1.514153e+01 
-6.051164e+00 -1.515996e+01 
-6.152160e+00 -1.517629e+01 
-6.253190e+00 -1.519048e+01 
-6.354137e+00 -1.520269e+01 
-6.454919e+00 -1.521327e+01 
-6.555616e+00 -1.522241e+01 
-6.656309e+00 -1.523015e+01 
-6.757023e+00 -1.523644e+01 
-6.857758e+00 -1.524124e+01 
-6.958514e+00 -1.524452e+01 
-7.059292e+00 -1.524623e+01 
-7.160089e+00 -1.524633e+01 
-7.260907e+00 -1.524478e+01 
-7.361726e+00 -1.524158e+01 
-7.462413e+00 -1.523700e+01 
-7.563016e+00 -1.523120e+01 
-7.663608e+00 -1.522420e+01 
-7.764200e+00 -1.521600e+01 
-7.864799e+00 -1.520659e+01 
-7.965406e+00 -1.519593e+01 
-8.066020e+00 -1.518401e+01 
-8.166641e+00 -1.517081e+01 
-8.267270e+00 -1.515631e+01 
-8.367906e+00 -1.514049e+01 
-8.468548e+00 -1.512331e+01 
-8.569197e+00 -1.510477e+01 
-8.669853e+00 -1.508484e+01 
-8.770493e+00 -1.506353e+01 
-8.871061e+00 -1.504102e+01 
-8.971585e+00 -1.501738e+01 
-9.072116e+00 -1.499257e+01 
-9.172657e+00 -1.496657e+01 
-9.273206e+00 -1.493935e+01 
-9.373764e+00 -1.491087e+01 
-9.474331e+00 -1.488110e+01 
-9.574906e+00 -1.485001e+01 
-9.675491e+00 -1.481755e+01 
-9.776084e+00 -1.478371e+01 
-9.876685e+00 -1.474843e+01 
-9.977296e+00 -1.471167e+01 
-1.007791e+01 -1.467340e+01 
-1.017854e+01 -1.463357e+01 
-1.027918e+01 -1.459213e+01 
-1.037976e+01 -1.454922e+01 
-1.048029e+01 -1.450496e+01 
-1.058076e+01 -1.445948e+01 
-1.068117e+01 -1.441292e+01 
-1.078158e+01 -1.436525e+01 
-1.088200e+01 -1.431642e+01 
-1.098242e+01 -1.426641e+01 
-1.108285e+01 -1.421520e+01 
-1.118328e+01 -1.416276e+01 
-1.128372e+01 -1.410905e+01 
-1.138415e+01 -1.405405e+01 
-1.148460e+01 -1.399772e+01 
-1.158504e+01 -1.394002e+01 
-1.168549e+01 -1.388093e+01 
-1.178594e+01 -1.382041e+01 
-1.188640e+01 -1.375841e+01 
-1.198686e+01 -1.369490e+01 
-1.208732e+01 -1.362983e+01 
-1.218779e+01 -1.356316e+01 
-1.228825e+01 -1.349484e+01 
-1.238873e+01 -1.342481e+01 
-1.248920e+01 -1.335303e+01 
-1.258968e+01 -1.327944e+01 
-1.269016e+01 -1.320397e+01 
-1.279065e+01 -1.312657e+01 
-1.289114e+01 -1.304716e+01 
-1.299163e+01 -1.296569e+01 
-1.309210e+01 -1.288215e+01 
-1.319258e+01 -1.279648e+01 
-1.329305e+01 -1.270862e+01 
-1.339352e+01 -1.261851e+01 
-1.349399e+01 -1.252610e+01 
-1.359442e+01 -1.243153e+01 
-1.369484e+01 -1.233473e+01 
-1.379527e+01 -1.223558e+01 
-1.389458e+01 -1.213516e+01 
-1.399173e+01 -1.203477e+01 
-1.408698e+01 -1.193442e+01 
-1.418044e+01 -1.183408e+01 
-1.427216e+01 -1.173373e+01 
-1.436216e+01 -1.163338e+01 
-1.445047e+01 -1.153303e+01 
-1.453713e+01 -1.143268e+01 
-1.462217e+01 -1.133232e+01 
-1.470561e+01 -1.123197e+01 
-1.478748e+01 -1.113161e+01 
-1.486782e+01 -1.103125e+01 
-1.494665e+01 -1.093088e+01 
-1.502399e+01 -1.083052e+01 
-1.509988e+01 -1.073015e+01 
-1.517433e+01 -1.062979e+01 
-1.524738e+01 -1.052942e+01 
-1.531904e+01 -1.042905e+01 
-1.538934e+01 -1.032868e+01 
-1.545830e+01 -1.022831e+01 
-1.552595e+01 -1.012794e+01 
-1.559230e+01 -1.002757e+01 
-1.565738e+01 -9.927201e+00 
-1.572120e+01 -9.826829e+00 
-1.578379e+01 -9.726457e+00 
-1.584517e+01 -9.626084e+00 
-1.590536e+01 -9.525712e+00 
-1.596437e+01 -9.425340e+00 
-1.602226e+01 -9.324985e+00 
-1.607918e+01 -9.224674e+00 
-1.613515e+01 -9.124363e+00 
-1.619019e+01 -9.024050e+00 
-1.624429e+01 -8.923736e+00 
-1.629748e+01 -8.823420e+00 
-1.634975e+01 -8.723103e+00 
-1.640110e+01 -8.622784e+00 
-1.645156e+01 -8.522465e+00 
-1.650111e+01 -8.422145e+00 
-1.654978e+01 -8.321823e+00 
-1.659757e+01 -8.221501e+00 
-1.664448e+01 -8.121178e+00 
-1.669052e+01 -8.020855e+00 
-1.673570e+01 -7.920531e+00 
-1.678003e+01 -7.820206e+00 
-1.682351e+01 -7.719881e+00 
-1.686614e+01 -7.619556e+00 
-1.690795e+01 -7.519231e+00 
-1.694892e+01 -7.418905e+00 
-1.698908e+01 -7.318580e+00 
-1.702843e+01 -7.218255e+00 
-1.706698e+01 -7.117936e+00 
-1.710478e+01 -7.017633e+00 
-1.714187e+01 -6.917344e+00 
-1.717831e+01 -6.817076e+00 
-1.721411e+01 -6.716816e+00 
-1.724930e+01 -6.616556e+00 
-1.728386e+01 -6.516296e+00 
-1.731781e+01 -6.416037e+00 
-1.735116e+01 -6.315778e+00 
-1.738390e+01 -6.215520e+00 
-1.741603e+01 -6.115262e+00 
-1.744757e+01 -6.015005e+00 
-1.747852e+01 -5.914748e+00 
-1.750888e+01 -5.814491e+00 
-1.753866e+01 -5.714235e+00 
-1.756786e+01 -5.613980e+00 
-1.759648e+01 -5.513725e+00 
-1.762453e+01 -5.413471e+00 
-1.765200e+01 -5.313217e+00 
-1.767892e+01 -5.212966e+00 
-1.770529e+01 -5.112720e+00 
-1.773112e+01 -5.012476e+00 
-1.775642e+01 -4.912236e+00 
-1.778120e+01 -4.811995e+00 
-1.780544e+01 -4.711753e+00 
-1.782916e+01 -4.611512e+00 
-1.785235e+01 -4.511270e+00 
-1.787502e+01 -4.411028e+00 
-1.789716e+01 -4.310786e+00 
-1.791879e+01 -4.210543e+00 
-1.793989e+01 -4.110300e+00 
-1.796047e+01 -4.010057e+00 
-1.798054e+01 -3.909814e+00 
-1.800009e+01 -3.809570e+00 
-1.801912e+01 -3.709327e+00 
-1.803764e+01 -3.609083e+00 
-1.805564e+01 -3.508839e+00 
-1.807314e+01 -3.408594e+00 
-1.809012e+01 -3.308350e+00 
-1.810658e+01 -3.208105e+00 
-1.812254e+01 -3.107861e+00 
-1.813799e+01 -3.007616e+00 
-1.815294e+01 -2.907371e+00 
-1.816737e+01 -2.807126e+00 
-1.818128e+01 -2.706872e+00 
-1.819465e+01 -2.606607e+00 
-1.820745e+01 -2.506333e+00 
-1.821969e+01 -2.406058e+00 
-1.823137e+01 -2.305783e+00 
-1.824248e+01 -2.205508e+00 
-1.825304e+01 -2.105234e+00 
-1.826304e+01 -2.004961e+00 
-1.827248e+01 -1.904687e+00 
-1.828137e+01 -1.804415e+00 
-1.828971e+01 -1.704143e+00 
-1.829750e+01 -1.603872e+00 
-1.830474e+01 -1.503601e+00 
-1.831143e+01 -1.403331e+00 
-1.831759e+01 -1.303062e+00 
-1.832320e+01 -1.202793e+00 
-1.832827e+01 -1.102525e+00 
-1.833281e+01 -1.002261e+00 
-1.833683e+01 -9.020052e-01 
-1.834034e+01 -8.017499e-01 
-1.834334e+01 -7.014946e-01 
-1.834583e+01 -6.012394e-01 
-1.834780e+01 -5.009841e-01 
-1.834926e+01 -4.007290e-01 
-1.824927e+01 -3.992710e-01 
