-3.180576e+00 1.738305e+00 
-3.185181e+00 1.838195e+00 
-3.190005e+00 1.938089e+00 
-3.195045e+00 2.038039e+00 
-3.200187e+00 2.138012e+00 
-3.205382e+00 2.237981e+00 
-3.210640e+00 2.337944e+00 
-3.215972e+00 2.437902e+00 
-3.221388e+00 2.537855e+00 
-3.226898e+00 2.637803e+00 
-3.232513e+00 2.737745e+00 
-3.238242e+00 2.837664e+00 
-3.244134e+00 2.937572e+00 
-3.250215e+00 3.037541e+00 
-3.256355e+00 3.137496e+00 
-3.262584e+00 3.237391e+00 
-3.269024e+00 3.337306e+00 
-3.275637e+00 3.437250e+00 
-3.282365e+00 3.537213e+00 
-3.289161e+00 3.637093e+00 
-3.296189e+00 3.736857e+00 
-3.303702e+00 3.836731e+00 
-3.311477e+00 3.936717e+00 
-3.319280e+00 4.036701e+00 
-3.327116e+00 4.136676e+00 
-3.335000e+00 4.236641e+00 
-3.342953e+00 4.336598e+00 
-3.350994e+00 4.436543e+00 
-3.359143e+00 4.536479e+00 
-3.367419e+00 4.636378e+00 
-3.375893e+00 4.736216e+00 
-3.384689e+00 4.835986e+00 
-3.393944e+00 4.935692e+00 
-3.403800e+00 5.035468e+00 
-3.414120e+00 5.135350e+00 
-3.424680e+00 5.235243e+00 
-3.435461e+00 5.335159e+00 
-3.446413e+00 5.435078e+00 
-3.457530e+00 5.534986e+00 
-3.468831e+00 5.634878e+00 
-3.480351e+00 5.734751e+00 
-3.492127e+00 5.834616e+00 
-3.504176e+00 5.934438e+00 
-3.516575e+00 6.034160e+00 
-3.529540e+00 6.133872e+00 
-3.543100e+00 6.233627e+00 
-3.557157e+00 6.333336e+00 
-3.571816e+00 6.433073e+00 
-3.587022e+00 6.532840e+00 
-3.602715e+00 6.632639e+00 
-3.618829e+00 6.732458e+00 
-3.635311e+00 6.832234e+00 
-3.652248e+00 6.931946e+00 
-3.669783e+00 7.031647e+00 
-3.687935e+00 7.131306e+00 
-3.706794e+00 7.230920e+00 
-3.726455e+00 7.330487e+00 
-3.747023e+00 7.430021e+00 
-3.768575e+00 7.529518e+00 
-3.791179e+00 7.628924e+00 
-3.815047e+00 7.728258e+00 
-3.840395e+00 7.827718e+00 
-3.866921e+00 7.927155e+00 
-3.894690e+00 8.026574e+00 
-3.923757e+00 8.125994e+00 
-3.954106e+00 8.225320e+00 
-3.985915e+00 8.324404e+00 
-4.019780e+00 8.423306e+00 
-4.056183e+00 8.522066e+00 
-4.095556e+00 8.620732e+00 
-4.138270e+00 8.719385e+00 
-4.184412e+00 8.817884e+00 
-4.234520e+00 8.916182e+00 
-4.289331e+00 9.014195e+00 
-4.349992e+00 9.111853e+00 
-4.418122e+00 9.208994e+00 
-4.496439e+00 9.305343e+00 
-4.591572e+00 9.401452e+00 
-4.685899e+00 9.476966e+00 
-4.780547e+00 9.533271e+00 
-4.875801e+00 9.575297e+00 
-4.971202e+00 9.606252e+00 
-5.066751e+00 9.627444e+00 
-5.162483e+00 9.639735e+00 
-5.258408e+00 9.643753e+00 
-5.354568e+00 9.639918e+00 
-5.450991e+00 9.628574e+00 
-5.547559e+00 9.610040e+00 
-5.644411e+00 9.584250e+00 
-5.742084e+00 9.551173e+00 
-5.840277e+00 9.512368e+00 
-5.938580e+00 9.468990e+00 
-6.036932e+00 9.421117e+00 
-6.135339e+00 9.368624e+00 
-6.233800e+00 9.311395e+00 
-6.332321e+00 9.249281e+00 
-6.430902e+00 9.182139e+00 
-6.529543e+00 9.109809e+00 
-6.628248e+00 9.032116e+00 
-6.727018e+00 8.948879e+00 
-6.825854e+00 8.859908e+00 
-6.924750e+00 8.765020e+00 
-7.021839e+00 8.665878e+00 
-7.114594e+00 8.566545e+00 
-7.204113e+00 8.467126e+00 
-7.290874e+00 8.367708e+00 
-7.374978e+00 8.268294e+00 
-7.456512e+00 8.168882e+00 
-7.535560e+00 8.069473e+00 
-7.612202e+00 7.970064e+00 
-7.686516e+00 7.870656e+00 
-7.758579e+00 7.771245e+00 
-7.828472e+00 7.671832e+00 
-7.896266e+00 7.572416e+00 
-7.962010e+00 7.473029e+00 
-8.025687e+00 7.373641e+00 
-8.087351e+00 7.274253e+00 
-8.147060e+00 7.174863e+00 
-8.204867e+00 7.075475e+00 
-8.260814e+00 6.976086e+00 
-8.314954e+00 6.876684e+00 
-8.367422e+00 6.777158e+00 
-8.418544e+00 6.677623e+00 
-8.468391e+00 6.578026e+00 
-8.517127e+00 6.478417e+00 
-8.564795e+00 6.378808e+00 
-8.611410e+00 6.279199e+00 
-8.656983e+00 6.179589e+00 
-8.701529e+00 6.079979e+00 
-8.745060e+00 5.980368e+00 
-8.787588e+00 5.880757e+00 
-8.829126e+00 5.781145e+00 
-8.869687e+00 5.681532e+00 
-8.909283e+00 5.581917e+00 
-8.947927e+00 5.482302e+00 
-8.985630e+00 5.382685e+00 
-9.022406e+00 5.283066e+00 
-9.058265e+00 5.183446e+00 
-9.093221e+00 5.083824e+00 
-9.127285e+00 4.984200e+00 
-9.160469e+00 4.884574e+00 
-9.192783e+00 4.784951e+00 
-9.224227e+00 4.685330e+00 
-9.254803e+00 4.585712e+00 
-9.284509e+00 4.486101e+00 
-9.313335e+00 4.386496e+00 
-9.341274e+00 4.286898e+00 
-9.368319e+00 4.187304e+00 
-9.394465e+00 4.087716e+00 
-9.419706e+00 3.988133e+00 
-9.444047e+00 3.888517e+00 
-9.467559e+00 3.788886e+00 
-9.490276e+00 3.689252e+00 
-9.512208e+00 3.589616e+00 
-9.533364e+00 3.489977e+00 
-9.553755e+00 3.390334e+00 
-9.573390e+00 3.290689e+00 
-9.592279e+00 3.191040e+00 
-9.610432e+00 3.091388e+00 
-9.627858e+00 2.991732e+00 
-9.644569e+00 2.892064e+00 
-9.660592e+00 2.792394e+00 
-9.675935e+00 2.692718e+00 
-9.690609e+00 2.593036e+00 
-9.704632e+00 2.493346e+00 
-9.718018e+00 2.393657e+00 
-9.730768e+00 2.293968e+00 
-9.742884e+00 2.194279e+00 
-9.754368e+00 2.094589e+00 
-9.765220e+00 1.994899e+00 
-9.775444e+00 1.895210e+00 
-9.785040e+00 1.795519e+00 
-9.794011e+00 1.695829e+00 
-9.802358e+00 1.596138e+00 
-9.810082e+00 1.496446e+00 
-9.817187e+00 1.396754e+00 
-9.823673e+00 1.297062e+00 
-9.829542e+00 1.197368e+00 
-9.834798e+00 1.097675e+00 
-9.839439e+00 9.980041e-01 
-9.843422e+00 8.983437e-01 
-9.943367e+00 9.016563e-01 
-9.939360e+00 1.001996e+00 
-9.934689e+00 1.102325e+00 
-9.929404e+00 1.202632e+00 
-9.923500e+00 1.302938e+00 
-9.916976e+00 1.403246e+00 
-9.909829e+00 1.503554e+00 
-9.902059e+00 1.603862e+00 
-9.893662e+00 1.704171e+00 
-9.884638e+00 1.804481e+00 
-9.874984e+00 1.904790e+00 
-9.864699e+00 2.005101e+00 
-9.853780e+00 2.105411e+00 
-9.842227e+00 2.205721e+00 
-9.830038e+00 2.306032e+00 
-9.817210e+00 2.406343e+00 
-9.803743e+00 2.506654e+00 
-9.789634e+00 2.606964e+00 
-9.774868e+00 2.707282e+00 
-9.759429e+00 2.807606e+00 
-9.743302e+00 2.907936e+00 
-9.726482e+00 3.008268e+00 
-9.708937e+00 3.108612e+00 
-9.690660e+00 3.208960e+00 
-9.671640e+00 3.309311e+00 
-9.651868e+00 3.409666e+00 
-9.631334e+00 3.510023e+00 
-9.610027e+00 3.610384e+00 
-9.587938e+00 3.710748e+00 
-9.565057e+00 3.811114e+00 
-9.541373e+00 3.911483e+00 
-9.516848e+00 4.011867e+00 
-9.491400e+00 4.112284e+00 
-9.465042e+00 4.212696e+00 
-9.437780e+00 4.313102e+00 
-9.409619e+00 4.413504e+00 
-9.380567e+00 4.513899e+00 
-9.350633e+00 4.614288e+00 
-9.319826e+00 4.714670e+00 
-9.288146e+00 4.815049e+00 
-9.255591e+00 4.915426e+00 
-9.222161e+00 5.015800e+00 
-9.187843e+00 5.116176e+00 
-9.152626e+00 5.216554e+00 
-9.116496e+00 5.316934e+00 
-9.079443e+00 5.417315e+00 
-9.041453e+00 5.517698e+00 
-9.002515e+00 5.618083e+00 
-8.962615e+00 5.718468e+00 
-8.921743e+00 5.818855e+00 
-8.879885e+00 5.919243e+00 
-8.837029e+00 6.019632e+00 
-8.793162e+00 6.120021e+00 
-8.748272e+00 6.220411e+00 
-8.702345e+00 6.320801e+00 
-8.655369e+00 6.421192e+00 
-8.607331e+00 6.521583e+00 
-8.558217e+00 6.621974e+00 
-8.507970e+00 6.722377e+00 
-8.456377e+00 6.822842e+00 
-8.403416e+00 6.923316e+00 
-8.348635e+00 7.023914e+00 
-8.292012e+00 7.124525e+00 
-8.233505e+00 7.225137e+00 
-8.173074e+00 7.325747e+00 
-8.110663e+00 7.426359e+00 
-8.046214e+00 7.526971e+00 
-7.979671e+00 7.627584e+00 
-7.911093e+00 7.728168e+00 
-7.840388e+00 7.828755e+00 
-7.767483e+00 7.929344e+00 
-7.692298e+00 8.029936e+00 
-7.614758e+00 8.130527e+00 
-7.534786e+00 8.231118e+00 
-7.452302e+00 8.331706e+00 
-7.367221e+00 8.432292e+00 
-7.279459e+00 8.532874e+00 
-7.188911e+00 8.633455e+00 
-7.094932e+00 8.734122e+00 
-6.996204e+00 8.834980e+00 
-6.895100e+00 8.932054e+00 
-6.793936e+00 9.023189e+00 
-6.692706e+00 9.108570e+00 
-6.591411e+00 9.188373e+00 
-6.490053e+00 9.262768e+00 
-6.388634e+00 9.331917e+00 
-6.287155e+00 9.395972e+00 
-6.185615e+00 9.455066e+00 
-6.084023e+00 9.509335e+00 
-5.982375e+00 9.558890e+00 
-5.880678e+00 9.603843e+00 
-5.778871e+00 9.644161e+00 
-5.676543e+00 9.678947e+00 
-5.573395e+00 9.706645e+00 
-5.469964e+00 9.726758e+00 
-5.366386e+00 9.739217e+00 
-5.262547e+00 9.743667e+00 
-5.158471e+00 9.739655e+00 
-5.054204e+00 9.726654e+00 
-4.949753e+00 9.703925e+00 
-4.845153e+00 9.670485e+00 
-4.740408e+00 9.624862e+00 
-4.635055e+00 9.563075e+00 
-4.529383e+00 9.479762e+00 
-4.425546e+00 9.375871e+00 
-4.340646e+00 9.272220e+00 
-4.268183e+00 9.169362e+00 
-4.204421e+00 9.067019e+00 
-4.147264e+00 8.965032e+00 
-4.095335e+00 8.863330e+00 
-4.047725e+00 8.761829e+00 
-4.003796e+00 8.660483e+00 
-3.963313e+00 8.559148e+00 
-3.925957e+00 8.457908e+00 
-3.891312e+00 8.356810e+00 
-3.858895e+00 8.255895e+00 
-3.828123e+00 8.155220e+00 
-3.798709e+00 8.054640e+00 
-3.770608e+00 7.954060e+00 
-3.743775e+00 7.853496e+00 
-3.718145e+00 7.752957e+00 
-3.693948e+00 7.652291e+00 
-3.671065e+00 7.551696e+00 
-3.649290e+00 7.451193e+00 
-3.628524e+00 7.350727e+00 
-3.608689e+00 7.250294e+00 
-3.589681e+00 7.149909e+00 
-3.571402e+00 7.049568e+00 
-3.553760e+00 6.949268e+00 
-3.536723e+00 6.848981e+00 
-3.520166e+00 6.748757e+00 
-3.503993e+00 6.648576e+00 
-3.488235e+00 6.548374e+00 
-3.472957e+00 6.448141e+00 
-3.458220e+00 6.347878e+00 
-3.444080e+00 6.247587e+00 
-3.430451e+00 6.147342e+00 
-3.417410e+00 6.047055e+00 
-3.404940e+00 5.946777e+00 
-3.392848e+00 5.846599e+00 
-3.381039e+00 5.746463e+00 
-3.369490e+00 5.646336e+00 
-3.358164e+00 5.546228e+00 
-3.347027e+00 5.446137e+00 
-3.336056e+00 5.346055e+00 
-3.325257e+00 5.245971e+00 
-3.314674e+00 5.145864e+00 
-3.304329e+00 5.045746e+00 
-3.294428e+00 4.945523e+00 
-3.285117e+00 4.845229e+00 
-3.276279e+00 4.744999e+00 
-3.267777e+00 4.644836e+00 
-3.259485e+00 4.544735e+00 
-3.251325e+00 4.444671e+00 
-3.243276e+00 4.344617e+00 
-3.235315e+00 4.244573e+00 
-3.227425e+00 4.144539e+00 
-3.219586e+00 4.044514e+00 
-3.211780e+00 3.944498e+00 
-3.204003e+00 3.844483e+00 
-3.196471e+00 3.744358e+00 
-3.189408e+00 3.644121e+00 
-3.182595e+00 3.544002e+00 
-3.175863e+00 3.443965e+00 
-3.169242e+00 3.343909e+00 
-3.162791e+00 3.243824e+00 
-3.156549e+00 3.143719e+00 
-3.150403e+00 3.043673e+00 
-3.144319e+00 2.943643e+00 
-3.138416e+00 2.843551e+00 
-3.132677e+00 2.743469e+00 
-3.127056e+00 2.643412e+00 
-3.121540e+00 2.543360e+00 
-3.116119e+00 2.443313e+00 
-3.110782e+00 2.343271e+00 
-3.105520e+00 2.243234e+00 
-3.100321e+00 2.143202e+00 
-3.095177e+00 2.043175e+00 
-3.090132e+00 1.943125e+00 
-3.085297e+00 1.843019e+00 
-3.080682e+00 1.742910e+00 
-3.180576e+00 1.738305e+00 
