-2.364315e+01 -5.987737e-01 
-2.364070e+01 -6.985871e-01 
-2.363788e+01 -7.984005e-01 
-2.363468e+01 -8.982139e-01 
-2.363111e+01 -9.980274e-01 
-2.362717e+01 -1.097841e+00 
-2.362286e+01 -1.197654e+00 
-2.361817e+01 -1.297468e+00 
-2.361311e+01 -1.397282e+00 
-2.360768e+01 -1.497095e+00 
-2.360187e+01 -1.596909e+00 
-2.359569e+01 -1.696722e+00 
-2.358913e+01 -1.796535e+00 
-2.358220e+01 -1.896349e+00 
-2.357489e+01 -1.996162e+00 
-2.356720e+01 -2.095975e+00 
-2.355914e+01 -2.195788e+00 
-2.355071e+01 -2.295602e+00 
-2.354189e+01 -2.395415e+00 
-2.353270e+01 -2.495227e+00 
-2.352313e+01 -2.595040e+00 
-2.351318e+01 -2.694853e+00 
-2.350285e+01 -2.794665e+00 
-2.349214e+01 -2.894477e+00 
-2.348105e+01 -2.994290e+00 
-2.346957e+01 -3.094102e+00 
-2.345772e+01 -3.193913e+00 
-2.344548e+01 -3.293725e+00 
-2.343285e+01 -3.393536e+00 
-2.341984e+01 -3.493348e+00 
-2.340644e+01 -3.593159e+00 
-2.339265e+01 -3.692969e+00 
-2.337848e+01 -3.792780e+00 
-2.336391e+01 -3.892590e+00 
-2.334896e+01 -3.992400e+00 
-2.333361e+01 -4.092210e+00 
-2.331787e+01 -4.192020e+00 
-2.330173e+01 -4.291829e+00 
-2.328520e+01 -4.391637e+00 
-2.326827e+01 -4.491445e+00 
-2.325094e+01 -4.591255e+00 
-2.323321e+01 -4.691060e+00 
-2.321507e+01 -4.790866e+00 
-2.319652e+01 -4.890672e+00 
-2.317757e+01 -4.990475e+00 
-2.315821e+01 -5.090251e+00 
-2.313837e+01 -5.190041e+00 
-2.311810e+01 -5.289806e+00 
-2.309732e+01 -5.389590e+00 
-2.307607e+01 -5.489386e+00 
-2.305440e+01 -5.589181e+00 
-2.303228e+01 -5.688975e+00 
-2.300972e+01 -5.788767e+00 
-2.298671e+01 -5.888558e+00 
-2.296326e+01 -5.988348e+00 
-2.293934e+01 -6.088137e+00 
-2.291497e+01 -6.187924e+00 
-2.289014e+01 -6.287710e+00 
-2.286483e+01 -6.387494e+00 
-2.283906e+01 -6.487277e+00 
-2.281281e+01 -6.587059e+00 
-2.278607e+01 -6.686839e+00 
-2.275885e+01 -6.786618e+00 
-2.273113e+01 -6.886396e+00 
-2.270292e+01 -6.986172e+00 
-2.267421e+01 -7.085947e+00 
-2.264499e+01 -7.185720e+00 
-2.261526e+01 -7.285492e+00 
-2.258501e+01 -7.385263e+00 
-2.255424e+01 -7.485032e+00 
-2.252294e+01 -7.584800e+00 
-2.249110e+01 -7.684566e+00 
-2.245872e+01 -7.784331e+00 
-2.242580e+01 -7.884095e+00 
-2.239233e+01 -7.983857e+00 
-2.235830e+01 -8.083618e+00 
-2.232371e+01 -8.183377e+00 
-2.228854e+01 -8.283135e+00 
-2.225280e+01 -8.382892e+00 
-2.221648e+01 -8.482647e+00 
-2.217956e+01 -8.582401e+00 
-2.214205e+01 -8.682153e+00 
-2.210394e+01 -8.781904e+00 
-2.206521e+01 -8.881654e+00 
-2.202587e+01 -8.981402e+00 
-2.198590e+01 -9.081150e+00 
-2.194530e+01 -9.180895e+00 
-2.190406e+01 -9.280640e+00 
-2.186217e+01 -9.380383e+00 
-2.181963e+01 -9.480124e+00 
-2.177642e+01 -9.579865e+00 
-2.173254e+01 -9.679604e+00 
-2.168798e+01 -9.779342e+00 
-2.164274e+01 -9.879079e+00 
-2.159679e+01 -9.978819e+00 
-2.155014e+01 -1.007856e+01 
-2.150281e+01 -1.017830e+01 
-2.145477e+01 -1.027805e+01 
-2.140602e+01 -1.037779e+01 
-2.135656e+01 -1.047752e+01 
-2.130637e+01 -1.057726e+01 
-2.125545e+01 -1.067700e+01 
-2.120378e+01 -1.077674e+01 
-2.115136e+01 -1.087647e+01 
-2.109817e+01 -1.097621e+01 
-2.104421e+01 -1.107594e+01 
-2.098947e+01 -1.117567e+01 
-2.093393e+01 -1.127540e+01 
-2.087758e+01 -1.137513e+01 
-2.082041e+01 -1.147486e+01 
-2.076242e+01 -1.157459e+01 
-2.070358e+01 -1.167432e+01 
-2.064389e+01 -1.177405e+01 
-2.058334e+01 -1.187378e+01 
-2.052191e+01 -1.197350e+01 
-2.045958e+01 -1.207323e+01 
-2.039635e+01 -1.217295e+01 
-2.033220e+01 -1.227267e+01 
-2.026713e+01 -1.237239e+01 
-2.020109e+01 -1.247208e+01 
-2.013398e+01 -1.257177e+01 
-2.006579e+01 -1.267146e+01 
-1.999648e+01 -1.277114e+01 
-1.992603e+01 -1.287083e+01 
-1.985442e+01 -1.297051e+01 
-1.978162e+01 -1.307019e+01 
-1.970760e+01 -1.316987e+01 
-1.963234e+01 -1.326955e+01 
-1.955581e+01 -1.336923e+01 
-1.947798e+01 -1.346890e+01 
-1.939882e+01 -1.356858e+01 
-1.931829e+01 -1.366825e+01 
-1.923637e+01 -1.376792e+01 
-1.915301e+01 -1.386759e+01 
-1.906818e+01 -1.396726e+01 
-1.898186e+01 -1.406693e+01 
-1.889398e+01 -1.416660e+01 
-1.880453e+01 -1.426627e+01 
-1.871345e+01 -1.436594e+01 
-1.862070e+01 -1.446560e+01 
-1.852625e+01 -1.456527e+01 
-1.843002e+01 -1.466492e+01 
-1.833192e+01 -1.476455e+01 
-1.823232e+01 -1.486361e+01 
-1.813271e+01 -1.496052e+01 
-1.803309e+01 -1.505536e+01 
-1.793348e+01 -1.514819e+01 
-1.783390e+01 -1.523907e+01 
-1.773433e+01 -1.532789e+01 
-1.763476e+01 -1.541467e+01 
-1.753520e+01 -1.549947e+01 
-1.743562e+01 -1.558235e+01 
-1.733605e+01 -1.566339e+01 
-1.723642e+01 -1.574267e+01 
-1.713679e+01 -1.582042e+01 
-1.703717e+01 -1.589667e+01 
-1.693754e+01 -1.597146e+01 
-1.683791e+01 -1.604481e+01 
-1.673828e+01 -1.611675e+01 
-1.663865e+01 -1.618732e+01 
-1.653902e+01 -1.625655e+01 
-1.643939e+01 -1.632445e+01 
-1.633976e+01 -1.639105e+01 
-1.624013e+01 -1.645639e+01 
-1.614050e+01 -1.652048e+01 
-1.604087e+01 -1.658335e+01 
-1.594123e+01 -1.664502e+01 
-1.584160e+01 -1.670551e+01 
-1.574196e+01 -1.676484e+01 
-1.564233e+01 -1.682304e+01 
-1.554269e+01 -1.688013e+01 
-1.544305e+01 -1.693612e+01 
-1.534341e+01 -1.699104e+01 
-1.524376e+01 -1.704490e+01 
-1.514412e+01 -1.709772e+01 
-1.504447e+01 -1.714953e+01 
-1.494482e+01 -1.720033e+01 
-1.484517e+01 -1.725015e+01 
-1.474552e+01 -1.729900e+01 
-1.464587e+01 -1.734690e+01 
-1.454621e+01 -1.739387e+01 
-1.444657e+01 -1.743991e+01 
-1.434697e+01 -1.748498e+01 
-1.424745e+01 -1.752896e+01 
-1.414794e+01 -1.757171e+01 
-1.404843e+01 -1.761319e+01 
-1.394892e+01 -1.765344e+01 
-1.384941e+01 -1.769248e+01 
-1.374989e+01 -1.773032e+01 
-1.365037e+01 -1.776700e+01 
-1.355085e+01 -1.780253e+01 
-1.345133e+01 -1.783692e+01 
-1.335180e+01 -1.787021e+01 
-1.325226e+01 -1.790240e+01 
-1.315273e+01 -1.793351e+01 
-1.305319e+01 -1.796357e+01 
-1.295365e+01 -1.799259e+01 
-1.285410e+01 -1.802058e+01 
-1.275455e+01 -1.804756e+01 
-1.265500e+01 -1.807355e+01 
-1.255544e+01 -1.809857e+01 
-1.245588e+01 -1.812261e+01 
-1.235632e+01 -1.814571e+01 
-1.225675e+01 -1.816788e+01 
-1.215718e+01 -1.818913e+01 
-1.205760e+01 -1.820946e+01 
-1.195802e+01 -1.822891e+01 
-1.185843e+01 -1.824747e+01 
-1.175885e+01 -1.826517e+01 
-1.165925e+01 -1.828201e+01 
-1.155965e+01 -1.829801e+01 
-1.146005e+01 -1.831318e+01 
-1.136043e+01 -1.832754e+01 
-1.126081e+01 -1.834111e+01 
-1.116118e+01 -1.835391e+01 
-1.106154e+01 -1.836597e+01 
-1.096190e+01 -1.837728e+01 
-1.086226e+01 -1.838786e+01 
-1.076265e+01 -1.839771e+01 
-1.066309e+01 -1.840678e+01 
-1.056360e+01 -1.841494e+01 
-1.046418e+01 -1.842208e+01 
-1.036475e+01 -1.842806e+01 
-1.026531e+01 -1.843291e+01 
-1.016587e+01 -1.843664e+01 
-1.006642e+01 -1.843925e+01 
-9.966980e+00 -1.844076e+01 
-9.867531e+00 -1.844117e+01 
-9.768076e+00 -1.844047e+01 
-9.668614e+00 -1.843870e+01 
-9.569146e+00 -1.843585e+01 
-9.469671e+00 -1.843194e+01 
-9.370190e+00 -1.842698e+01 
-9.270701e+00 -1.842099e+01 
-9.171207e+00 -1.841397e+01 
-9.071705e+00 -1.840594e+01 
-8.972197e+00 -1.839690e+01 
-8.872682e+00 -1.838687e+01 
-8.773160e+00 -1.837586e+01 
-8.673631e+00 -1.836387e+01 
-8.574095e+00 -1.835093e+01 
-8.474552e+00 -1.833703e+01 
-8.375001e+00 -1.832220e+01 
-8.275444e+00 -1.830644e+01 
-8.175879e+00 -1.828976e+01 
-8.076340e+00 -1.827218e+01 
-7.976876e+00 -1.825365e+01 
-7.877435e+00 -1.823399e+01 
-7.777985e+00 -1.821316e+01 
-7.678526e+00 -1.819115e+01 
-7.579059e+00 -1.816798e+01 
-7.479582e+00 -1.814366e+01 
-7.380096e+00 -1.811819e+01 
-7.280602e+00 -1.809159e+01 
-7.181098e+00 -1.806387e+01 
-7.081586e+00 -1.803504e+01 
-6.982065e+00 -1.800510e+01 
-6.882573e+00 -1.797408e+01 
-6.783196e+00 -1.794194e+01 
-6.683890e+00 -1.790837e+01 
-6.584580e+00 -1.787316e+01 
-6.485236e+00 -1.783629e+01 
-6.385860e+00 -1.779782e+01 
-6.286452e+00 -1.775779e+01 
-6.187012e+00 -1.771626e+01 
-6.087543e+00 -1.767328e+01 
-5.988044e+00 -1.762892e+01 
-5.888519e+00 -1.758323e+01 
-5.789068e+00 -1.753631e+01 
-5.689786e+00 -1.748798e+01 
-5.590497e+00 -1.743766e+01 
-5.491199e+00 -1.738533e+01 
-5.391891e+00 -1.733095e+01 
-5.292571e+00 -1.727449e+01 
-5.193239e+00 -1.721595e+01 
-5.093894e+00 -1.715530e+01 
-4.994533e+00 -1.709251e+01 
-4.895158e+00 -1.702757e+01 
-4.795768e+00 -1.696048e+01 
-4.696367e+00 -1.689122e+01 
-4.596998e+00 -1.681979e+01 
-4.497696e+00 -1.674603e+01 
-4.398394e+00 -1.666954e+01 
-4.299055e+00 -1.659017e+01 
-4.199715e+00 -1.650799e+01 
-4.100472e+00 -1.642296e+01 
-4.001279e+00 -1.633446e+01 
-3.902060e+00 -1.624196e+01 
-3.802805e+00 -1.614535e+01 
-3.705015e+00 -1.604607e+01 
-3.611060e+00 -1.594676e+01 
-3.520568e+00 -1.584742e+01 
-3.433254e+00 -1.574809e+01 
-3.349197e+00 -1.564900e+01 
-3.269078e+00 -1.554993e+01 
-3.192745e+00 -1.545081e+01 
-3.119822e+00 -1.535166e+01 
-3.050001e+00 -1.525246e+01 
-2.983023e+00 -1.515323e+01 
-2.918663e+00 -1.505398e+01 
-2.856741e+00 -1.495469e+01 
-2.797056e+00 -1.485534e+01 
-2.739392e+00 -1.475595e+01 
-2.683517e+00 -1.465646e+01 
-2.629188e+00 -1.455702e+01 
-2.576502e+00 -1.445761e+01 
-2.525490e+00 -1.435820e+01 
-2.476137e+00 -1.425880e+01 
-2.428436e+00 -1.415941e+01 
-2.382387e+00 -1.406004e+01 
-2.337989e+00 -1.396068e+01 
-2.295248e+00 -1.386133e+01 
-2.254159e+00 -1.376198e+01 
-2.214639e+00 -1.366248e+01 
-2.176240e+00 -1.356267e+01 
-2.138277e+00 -1.346278e+01 
-2.100586e+00 -1.336293e+01 
-2.063293e+00 -1.326314e+01 
-2.026553e+00 -1.316346e+01 
-1.990653e+00 -1.306399e+01 
-1.955976e+00 -1.296442e+01 
-1.922253e+00 -1.286469e+01 
-1.889186e+00 -1.276499e+01 
-1.856822e+00 -1.266532e+01 
-1.825243e+00 -1.256574e+01 
-1.794623e+00 -1.246614e+01 
-1.764873e+00 -1.236645e+01 
-1.735808e+00 -1.226669e+01 
-1.707280e+00 -1.216693e+01 
-1.679299e+00 -1.206720e+01 
-1.651925e+00 -1.196750e+01 
-1.625237e+00 -1.186787e+01 
-1.599379e+00 -1.176828e+01 
-1.574418e+00 -1.166867e+01 
-1.550309e+00 -1.156912e+01 
-1.527192e+00 -1.146963e+01 
-1.505146e+00 -1.136998e+01 
-1.483795e+00 -1.127016e+01 
-1.462830e+00 -1.117034e+01 
-1.442260e+00 -1.107053e+01 
-1.422097e+00 -1.097073e+01 
-1.402349e+00 -1.087093e+01 
-1.383025e+00 -1.077113e+01 
-1.364136e+00 -1.067135e+01 
-1.345704e+00 -1.057160e+01 
-1.327829e+00 -1.047201e+01 
-1.310809e+00 -1.037239e+01 
-1.294529e+00 -1.027254e+01 
-1.278571e+00 -1.017272e+01 
-1.263003e+00 -1.007297e+01 
-1.247942e+00 -9.973245e+00 
-1.233456e+00 -9.873536e+00 
-1.219569e+00 -9.773832e+00 
-1.206290e+00 -9.674135e+00 
-1.193630e+00 -9.574435e+00 
-1.181575e+00 -9.474682e+00 
-1.170015e+00 -9.374860e+00 
-1.158817e+00 -9.275024e+00 
-1.147952e+00 -9.175192e+00 
-1.137436e+00 -9.075427e+00 
-1.127392e+00 -8.975622e+00 
-1.117728e+00 -8.875648e+00 
-1.108107e+00 -8.775593e+00 
-1.098377e+00 -8.675558e+00 
-1.088585e+00 -8.575600e+00 
-1.078891e+00 -8.475779e+00 
-1.069562e+00 -8.376006e+00 
-1.060696e+00 -8.276270e+00 
-1.052364e+00 -8.176567e+00 
-1.044624e+00 -8.076768e+00 
-1.037280e+00 -7.976872e+00 
-1.030141e+00 -7.876882e+00 
-1.023015e+00 -7.776809e+00 
-1.015741e+00 -7.676726e+00 
-1.008301e+00 -7.576659e+00 
-1.000722e+00 -7.476543e+00 
-9.929129e-01 -7.376477e+00 
-9.849737e-01 -7.276454e+00 
-9.769930e-01 -7.176494e+00 
-9.690972e-01 -7.076585e+00 
-9.613931e-01 -6.976778e+00 
-9.540796e-01 -6.877010e+00 
-9.472329e-01 -6.777245e+00 
-9.408543e-01 -6.677410e+00 
-9.347970e-01 -6.577429e+00 
-9.287764e-01 -6.477425e+00 
-9.227482e-01 -6.377401e+00 
-9.166705e-01 -6.277369e+00 
-9.105302e-01 -6.177351e+00 
-9.043551e-01 -6.077364e+00 
-8.982091e-01 -5.977431e+00 
-8.921991e-01 -5.877527e+00 
-8.863832e-01 -5.777625e+00 
-8.807632e-01 -5.677724e+00 
-8.753407e-01 -5.577814e+00 
-8.700987e-01 -5.477875e+00 
-8.649803e-01 -5.377961e+00 
-8.600341e-01 -5.278056e+00 
-8.552780e-01 -5.178147e+00 
-8.507054e-01 -5.078265e+00 
-8.463701e-01 -4.978369e+00 
-8.422377e-01 -4.878363e+00 
-8.380926e-01 -4.778332e+00 
-8.338841e-01 -4.678289e+00 
-8.295897e-01 -4.578235e+00 
-8.251868e-01 -4.478173e+00 
-8.206589e-01 -4.378133e+00 
-8.160550e-01 -4.278187e+00 
-8.115614e-01 -4.178263e+00 
-8.072196e-01 -4.078338e+00 
-8.030297e-01 -3.978425e+00 
-7.990133e-01 -3.878522e+00 
-7.951927e-01 -3.778628e+00 
-7.915833e-01 -3.678711e+00 
-7.881358e-01 -3.578705e+00 
-7.846768e-01 -3.478688e+00 
-7.811843e-01 -3.378682e+00 
-7.776796e-01 -3.278693e+00 
-7.741976e-01 -3.178706e+00 
-7.707406e-01 -3.078721e+00 
-7.673155e-01 -2.978746e+00 
-7.639395e-01 -2.878779e+00 
-7.606298e-01 -2.778820e+00 
-7.574033e-01 -2.678869e+00 
-7.542747e-01 -2.578913e+00 
-7.512312e-01 -2.478889e+00 
-7.481364e-01 -2.378744e+00 
-7.447542e-01 -2.278699e+00 
-7.412852e-01 -2.178760e+00 
-7.379370e-01 -2.078758e+00 
-7.345845e-01 -1.978771e+00 
-7.312600e-01 -1.878807e+00 
-7.280064e-01 -1.778857e+00 
-7.248543e-01 -1.678900e+00 
-7.217884e-01 -1.578939e+00 
-7.187998e-01 -1.479004e+00 
-7.159409e-01 -1.379062e+00 
-7.131976e-01 -1.279106e+00 
-7.105429e-01 -1.179135e+00 
-7.079462e-01 -1.079156e+00 
-7.053913e-01 -9.791731e-01 
-7.028699e-01 -8.791659e-01 
-7.003329e-01 -7.791132e-01 
-6.976904e-01 -6.790612e-01 
-6.949438e-01 -5.790069e-01 
-6.920887e-01 -4.789672e-01 
-6.891546e-01 -3.789446e-01 
-6.861765e-01 -2.789623e-01 
-6.832357e-01 -1.790515e-01 
-6.804903e-01 -8.043328e-02 
-6.804712e-01 7.905151e-02 
-6.832332e-01 1.789623e-01 
-6.861760e-01 2.789446e-01 
-6.891553e-01 3.789672e-01 
-6.920898e-01 4.790069e-01 
-6.949453e-01 5.790612e-01 
-6.976918e-01 6.791132e-01 
-7.003343e-01 7.791659e-01 
-7.028701e-01 8.791731e-01 
-7.053909e-01 9.791560e-01 
-7.079457e-01 1.079135e+00 
-7.105421e-01 1.179106e+00 
-7.131964e-01 1.279062e+00 
-7.159392e-01 1.379004e+00 
-7.187979e-01 1.478939e+00 
-7.217872e-01 1.578900e+00 
-7.248529e-01 1.678857e+00 
-7.280048e-01 1.778807e+00 
-7.312589e-01 1.878771e+00 
-7.345840e-01 1.978758e+00 
-7.379371e-01 2.078760e+00 
-7.412831e-01 2.178699e+00 
-7.447557e-01 2.278744e+00 
-7.481411e-01 2.378889e+00 
-7.512319e-01 2.478913e+00 
-7.542733e-01 2.578869e+00 
-7.574018e-01 2.678820e+00 
-7.606285e-01 2.778779e+00 
-7.639384e-01 2.878746e+00 
-7.673147e-01 2.978721e+00 
-7.707401e-01 3.078706e+00 
-7.741971e-01 3.178693e+00 
-7.776792e-01 3.278682e+00 
-7.811845e-01 3.378688e+00 
-7.846774e-01 3.478705e+00 
-7.881360e-01 3.578711e+00 
-7.915804e-01 3.678628e+00 
-7.951888e-01 3.778522e+00 
-7.990094e-01 3.878425e+00 
-8.030261e-01 3.978338e+00 
-8.072164e-01 4.078263e+00 
-8.115580e-01 4.178187e+00 
-8.160525e-01 4.278133e+00 
-8.206607e-01 4.378173e+00 
-8.251896e-01 4.478235e+00 
-8.295920e-01 4.578289e+00 
-8.338860e-01 4.678332e+00 
-8.380939e-01 4.778363e+00 
-8.422380e-01 4.878369e+00 
-8.463657e-01 4.978265e+00 
-8.507001e-01 5.078147e+00 
-8.552737e-01 5.178056e+00 
-8.600295e-01 5.277961e+00 
-8.649760e-01 5.377875e+00 
-8.700956e-01 5.477814e+00 
-8.753359e-01 5.577724e+00 
-8.807577e-01 5.677625e+00 
-8.863776e-01 5.777527e+00 
-8.921934e-01 5.877431e+00 
-8.982050e-01 5.977364e+00 
-9.043543e-01 6.077351e+00 
-9.105313e-01 6.177369e+00 
-9.166724e-01 6.277401e+00 
-9.227497e-01 6.377425e+00 
-9.287766e-01 6.477429e+00 
-9.347959e-01 6.577410e+00 
-9.408441e-01 6.677245e+00 
-9.472174e-01 6.777010e+00 
-9.540631e-01 6.876778e+00 
-9.613786e-01 6.976585e+00 
-9.690900e-01 7.076494e+00 
-8.694009e-01 7.084372e+00 
-8.616751e-01 6.984281e+00 
-8.543307e-01 6.884088e+00 
-8.474520e-01 6.783856e+00 
-8.410476e-01 6.683621e+00 
-8.349789e-01 6.583457e+00 
-8.289573e-01 6.483438e+00 
-8.229308e-01 6.383441e+00 
-8.168565e-01 6.283466e+00 
-8.107192e-01 6.183497e+00 
-8.045444e-01 6.083515e+00 
-7.983936e-01 5.983502e+00 
-7.923739e-01 5.883436e+00 
-7.865466e-01 5.783339e+00 
-7.809156e-01 5.683242e+00 
-7.754829e-01 5.583143e+00 
-7.702329e-01 5.483052e+00 
-7.651069e-01 5.382991e+00 
-7.601518e-01 5.282906e+00 
-7.553868e-01 5.182811e+00 
-7.508047e-01 5.082720e+00 
-7.464597e-01 4.982601e+00 
-7.423232e-01 4.882498e+00 
-7.381796e-01 4.782503e+00 
-7.339743e-01 4.682535e+00 
-7.296840e-01 4.582577e+00 
-7.252862e-01 4.482631e+00 
-7.207630e-01 4.382694e+00 
-7.161584e-01 4.282734e+00 
-7.116590e-01 4.182680e+00 
-7.073107e-01 4.082604e+00 
-7.031139e-01 3.982528e+00 
-6.990902e-01 3.882442e+00 
-6.952618e-01 3.782344e+00 
-6.916455e-01 3.682238e+00 
-6.881953e-01 3.582156e+00 
-6.847371e-01 3.482161e+00 
-6.812454e-01 3.382178e+00 
-6.777406e-01 3.282185e+00 
-6.742577e-01 3.182173e+00 
-6.707998e-01 3.082161e+00 
-6.673733e-01 2.982145e+00 
-6.639954e-01 2.882121e+00 
-6.606832e-01 2.782088e+00 
-6.574539e-01 2.682046e+00 
-6.543223e-01 2.581998e+00 
-6.512782e-01 2.481954e+00 
-6.481888e-01 2.381978e+00 
-6.448128e-01 2.282123e+00 
-6.413433e-01 2.182168e+00 
-6.379931e-01 2.082106e+00 
-6.346402e-01 1.982109e+00 
-6.313141e-01 1.882095e+00 
-6.280577e-01 1.782060e+00 
-6.249026e-01 1.682009e+00 
-6.218342e-01 1.581966e+00 
-6.188426e-01 1.481928e+00 
-6.159801e-01 1.381863e+00 
-6.132340e-01 1.281805e+00 
-6.105773e-01 1.181761e+00 
-6.079794e-01 1.081731e+00 
-6.054235e-01 9.817106e-01 
-6.029018e-01 8.816935e-01 
-6.003664e-01 7.817007e-01 
-5.977266e-01 6.817534e-01 
-5.949829e-01 5.818053e-01 
-5.921305e-01 4.818596e-01 
-5.891983e-01 3.818994e-01 
-5.862203e-01 2.819219e-01 
-5.832765e-01 1.819043e-01 
-5.805094e-01 8.181504e-02 
-5.804903e-01 -8.043328e-02 
-5.832739e-01 -1.818150e-01 
-5.862198e-01 -2.819043e-01 
-5.891990e-01 -3.819219e-01 
-5.921317e-01 -4.818994e-01 
-5.949845e-01 -5.818596e-01 
-5.977280e-01 -6.818053e-01 
-6.003678e-01 -7.817534e-01 
-6.029020e-01 -8.817007e-01 
-6.054231e-01 -9.816935e-01 
-6.079789e-01 -1.081711e+00 
-6.105766e-01 -1.181731e+00 
-6.132328e-01 -1.281761e+00 
-6.159785e-01 -1.381805e+00 
-6.188407e-01 -1.481863e+00 
-6.218331e-01 -1.581928e+00 
-6.249013e-01 -1.681966e+00 
-6.280561e-01 -1.782009e+00 
-6.313130e-01 -1.882060e+00 
-6.346397e-01 -1.982095e+00 
-6.379932e-01 -2.082109e+00 
-6.413412e-01 -2.182106e+00 
-6.448144e-01 -2.282168e+00 
-6.481935e-01 -2.382123e+00 
-6.512789e-01 -2.481978e+00 
-6.543209e-01 -2.581954e+00 
-6.574523e-01 -2.681998e+00 
-6.606819e-01 -2.782046e+00 
-6.639943e-01 -2.882088e+00 
-6.673725e-01 -2.982121e+00 
-6.707992e-01 -3.082145e+00 
-6.742573e-01 -3.182161e+00 
-6.777402e-01 -3.282173e+00 
-6.812457e-01 -3.382185e+00 
-6.847377e-01 -3.482178e+00 
-6.881955e-01 -3.582161e+00 
-6.916426e-01 -3.682156e+00 
-6.952579e-01 -3.782238e+00 
-6.990863e-01 -3.882344e+00 
-7.031104e-01 -3.982442e+00 
-7.073075e-01 -4.082528e+00 
-7.116556e-01 -4.182604e+00 
-7.161560e-01 -4.282680e+00 
-7.207648e-01 -4.382734e+00 
-7.252890e-01 -4.482694e+00 
-7.296863e-01 -4.582631e+00 
-7.339761e-01 -4.682577e+00 
-7.381809e-01 -4.782535e+00 
-7.423235e-01 -4.882503e+00 
-7.464554e-01 -4.982498e+00 
-7.507994e-01 -5.082601e+00 
-7.553826e-01 -5.182720e+00 
-7.601472e-01 -5.282811e+00 
-7.651026e-01 -5.382906e+00 
-7.702297e-01 -5.482991e+00 
-7.754780e-01 -5.583052e+00 
-7.809101e-01 -5.683143e+00 
-7.865410e-01 -5.783242e+00 
-7.923682e-01 -5.883339e+00 
-7.983895e-01 -5.983436e+00 
-8.045436e-01 -6.083502e+00 
-8.107204e-01 -6.183515e+00 
-8.168584e-01 -6.283497e+00 
-8.229323e-01 -6.383466e+00 
-8.289575e-01 -6.483441e+00 
-8.349777e-01 -6.583438e+00 
-8.410374e-01 -6.683457e+00 
-8.474364e-01 -6.783621e+00 
-8.543142e-01 -6.883856e+00 
-8.616606e-01 -6.984088e+00 
-8.693937e-01 -7.084281e+00 
-8.773039e-01 -7.184372e+00 
-8.852908e-01 -7.284413e+00 
-8.932264e-01 -7.384390e+00 
-9.010246e-01 -7.484323e+00 
-9.085863e-01 -7.584208e+00 
-9.160167e-01 -7.684141e+00 
-9.232783e-01 -7.784058e+00 
-9.303935e-01 -7.883985e+00 
-9.375344e-01 -7.983994e+00 
-9.448931e-01 -8.084099e+00 
-9.526630e-01 -8.184299e+00 
-9.610429e-01 -8.284597e+00 
-9.699550e-01 -8.384861e+00 
-9.793249e-01 -8.485088e+00 
-9.890530e-01 -8.585266e+00 
-9.988536e-01 -8.685308e+00 
-1.008577e+00 -8.785274e+00 
-1.018187e+00 -8.885219e+00 
-1.027856e+00 -8.985244e+00 
-1.037939e+00 -9.085440e+00 
-1.048503e+00 -9.185674e+00 
-1.059404e+00 -9.285843e+00 
-1.070639e+00 -9.386007e+00 
-1.082239e+00 -9.486185e+00 
-1.094352e+00 -9.586431e+00 
-1.107087e+00 -9.686731e+00 
-1.120444e+00 -9.787034e+00 
-1.134412e+00 -9.887330e+00 
-1.148981e+00 -9.987622e+00 
-1.164124e+00 -1.008790e+01 
-1.179766e+00 -1.018814e+01 
-1.195783e+00 -1.028833e+01 
-1.212113e+00 -1.038848e+01 
-1.229256e+00 -1.048885e+01 
-1.247277e+00 -1.058927e+01 
-1.265800e+00 -1.068952e+01 
-1.284770e+00 -1.078973e+01 
-1.304173e+00 -1.088994e+01 
-1.323999e+00 -1.099014e+01 
-1.344241e+00 -1.109033e+01 
-1.364888e+00 -1.119053e+01 
-1.385930e+00 -1.129071e+01 
-1.407358e+00 -1.139089e+01 
-1.429552e+00 -1.149123e+01 
-1.452904e+00 -1.159175e+01 
-1.477227e+00 -1.169220e+01 
-1.502377e+00 -1.179259e+01 
-1.528446e+00 -1.189300e+01 
-1.555330e+00 -1.199337e+01 
-1.582868e+00 -1.209367e+01 
-1.610997e+00 -1.219394e+01 
-1.639662e+00 -1.229418e+01 
-1.668865e+00 -1.239442e+01 
-1.698799e+00 -1.249473e+01 
-1.729657e+00 -1.259512e+01 
-1.761499e+00 -1.269555e+01 
-1.794074e+00 -1.279587e+01 
-1.827337e+00 -1.289617e+01 
-1.861246e+00 -1.299645e+01 
-1.896216e+00 -1.309688e+01 
-1.932491e+00 -1.319741e+01 
-1.969463e+00 -1.329772e+01 
-2.006914e+00 -1.339794e+01 
-2.044720e+00 -1.349809e+01 
-2.082762e+00 -1.359820e+01 
-2.121308e+00 -1.369839e+01 
-2.161220e+00 -1.379889e+01 
-2.202838e+00 -1.389954e+01 
-2.246127e+00 -1.400019e+01 
-2.291085e+00 -1.410083e+01 
-2.337702e+00 -1.420145e+01 
-2.385982e+00 -1.430207e+01 
-2.435920e+00 -1.440267e+01 
-2.487530e+00 -1.450326e+01 
-2.540827e+00 -1.460385e+01 
-2.595758e+00 -1.470440e+01 
-2.652201e+00 -1.480492e+01 
-2.710556e+00 -1.490552e+01 
-2.771020e+00 -1.500618e+01 
-2.833808e+00 -1.510689e+01 
-2.899115e+00 -1.520763e+01 
-2.967111e+00 -1.530840e+01 
-3.038044e+00 -1.540921e+01 
-3.112180e+00 -1.551005e+01 
-3.189844e+00 -1.561094e+01 
-3.271436e+00 -1.571187e+01 
-3.356986e+00 -1.581277e+01 
-3.445456e+00 -1.591344e+01 
-3.537130e+00 -1.601410e+01 
-3.632368e+00 -1.611479e+01 
-3.731558e+00 -1.621552e+01 
-3.832303e+00 -1.631361e+01 
-3.933084e+00 -1.640760e+01 
-4.033891e+00 -1.649757e+01 
-4.134648e+00 -1.658392e+01 
-4.235308e+00 -1.666722e+01 
-4.335969e+00 -1.674766e+01 
-4.436667e+00 -1.682525e+01 
-4.537365e+00 -1.690006e+01 
-4.637996e+00 -1.697241e+01 
-4.738595e+00 -1.704252e+01 
-4.839205e+00 -1.711045e+01 
-4.939830e+00 -1.717622e+01 
-5.040469e+00 -1.723983e+01 
-5.141124e+00 -1.730130e+01 
-5.241792e+00 -1.736064e+01 
-5.342472e+00 -1.741788e+01 
-5.443164e+00 -1.747303e+01 
-5.543866e+00 -1.752613e+01 
-5.644577e+00 -1.757718e+01 
-5.745295e+00 -1.762622e+01 
-5.845844e+00 -1.767367e+01 
-5.946319e+00 -1.771980e+01 
-6.046820e+00 -1.776462e+01 
-6.147351e+00 -1.780805e+01 
-6.247911e+00 -1.785006e+01 
-6.348503e+00 -1.789058e+01 
-6.449126e+00 -1.792954e+01 
-6.549783e+00 -1.796691e+01 
-6.650473e+00 -1.800262e+01 
-6.751167e+00 -1.803667e+01 
-6.851790e+00 -1.806923e+01 
-6.952298e+00 -1.810057e+01 
-7.052777e+00 -1.813080e+01 
-7.153265e+00 -1.815992e+01 
-7.253761e+00 -1.818793e+01 
-7.354267e+00 -1.821480e+01 
-7.454780e+00 -1.824054e+01 
-7.555304e+00 -1.826512e+01 
-7.655837e+00 -1.828855e+01 
-7.756378e+00 -1.831080e+01 
-7.856928e+00 -1.833187e+01 
-7.957487e+00 -1.835175e+01 
-8.058023e+00 -1.837048e+01 
-8.158484e+00 -1.838823e+01 
-8.258919e+00 -1.840506e+01 
-8.359362e+00 -1.842097e+01 
-8.459811e+00 -1.843594e+01 
-8.560268e+00 -1.844997e+01 
-8.660732e+00 -1.846304e+01 
-8.761203e+00 -1.847514e+01 
-8.861681e+00 -1.848626e+01 
-8.962166e+00 -1.849639e+01 
-9.062658e+00 -1.850553e+01 
-9.163156e+00 -1.851365e+01 
-9.263661e+00 -1.852074e+01 
-9.364173e+00 -1.852680e+01 
-9.464692e+00 -1.853182e+01 
-9.565217e+00 -1.853577e+01 
-9.665749e+00 -1.853866e+01 
-9.766287e+00 -1.854046e+01 
-9.866832e+00 -1.854116e+01 
-9.967383e+00 -1.854076e+01 
-1.006794e+01 -1.853924e+01 
-1.016849e+01 -1.853660e+01 
-1.026905e+01 -1.853284e+01 
-1.036961e+01 -1.852794e+01 
-1.047018e+01 -1.852190e+01 
-1.057076e+01 -1.851469e+01 
-1.067127e+01 -1.850645e+01 
-1.077172e+01 -1.849730e+01 
-1.087210e+01 -1.848738e+01 
-1.097246e+01 -1.847672e+01 
-1.107282e+01 -1.846533e+01 
-1.117319e+01 -1.845319e+01 
-1.127355e+01 -1.844029e+01 
-1.137393e+01 -1.842662e+01 
-1.147431e+01 -1.841216e+01 
-1.157471e+01 -1.839687e+01 
-1.167511e+01 -1.838075e+01 
-1.177552e+01 -1.836377e+01 
-1.187593e+01 -1.834593e+01 
-1.197634e+01 -1.832722e+01 
-1.207676e+01 -1.830761e+01 
-1.217719e+01 -1.828710e+01 
-1.227761e+01 -1.826568e+01 
-1.237805e+01 -1.824333e+01 
-1.247848e+01 -1.822003e+01 
-1.257892e+01 -1.819577e+01 
-1.267936e+01 -1.817054e+01 
-1.277981e+01 -1.814432e+01 
-1.288026e+01 -1.811710e+01 
-1.298072e+01 -1.808885e+01 
-1.308117e+01 -1.805958e+01 
-1.318163e+01 -1.802924e+01 
-1.328210e+01 -1.799784e+01 
-1.338257e+01 -1.796535e+01 
-1.348304e+01 -1.793176e+01 
-1.358351e+01 -1.789704e+01 
-1.368399e+01 -1.786118e+01 
-1.378447e+01 -1.782416e+01 
-1.388495e+01 -1.778595e+01 
-1.398544e+01 -1.774654e+01 
-1.408593e+01 -1.770590e+01 
-1.418642e+01 -1.766401e+01 
-1.428692e+01 -1.762084e+01 
-1.438739e+01 -1.757645e+01 
-1.448780e+01 -1.753101e+01 
-1.458815e+01 -1.748464e+01 
-1.468850e+01 -1.743736e+01 
-1.478884e+01 -1.738913e+01 
-1.488919e+01 -1.733994e+01 
-1.498954e+01 -1.728977e+01 
-1.508989e+01 -1.723862e+01 
-1.519024e+01 -1.718645e+01 
-1.529060e+01 -1.713325e+01 
-1.539096e+01 -1.707901e+01 
-1.549132e+01 -1.702370e+01 
-1.559168e+01 -1.696731e+01 
-1.569204e+01 -1.690981e+01 
-1.579240e+01 -1.685119e+01 
-1.589276e+01 -1.679143e+01 
-1.599313e+01 -1.673050e+01 
-1.609350e+01 -1.666838e+01 
-1.619386e+01 -1.660505e+01 
-1.629423e+01 -1.654049e+01 
-1.639460e+01 -1.647468e+01 
-1.649497e+01 -1.640758e+01 
-1.659534e+01 -1.633918e+01 
-1.669571e+01 -1.626945e+01 
-1.679608e+01 -1.619836e+01 
-1.689645e+01 -1.612588e+01 
-1.699682e+01 -1.605199e+01 
-1.709720e+01 -1.597665e+01 
-1.719757e+01 -1.589984e+01 
-1.729794e+01 -1.582150e+01 
-1.739832e+01 -1.574163e+01 
-1.749874e+01 -1.565991e+01 
-1.759917e+01 -1.557633e+01 
-1.769960e+01 -1.549080e+01 
-1.780003e+01 -1.540328e+01 
-1.790047e+01 -1.531369e+01 
-1.800089e+01 -1.522205e+01 
-1.810127e+01 -1.512851e+01 
-1.820166e+01 -1.503295e+01 
-1.830205e+01 -1.493529e+01 
-1.840244e+01 -1.483545e+01 
-1.850128e+01 -1.473508e+01 
-1.859818e+01 -1.463473e+01 
-1.869328e+01 -1.453440e+01 
-1.878666e+01 -1.443406e+01 
-1.887835e+01 -1.433373e+01 
-1.896840e+01 -1.423340e+01 
-1.905687e+01 -1.413307e+01 
-1.914377e+01 -1.403274e+01 
-1.922916e+01 -1.393241e+01 
-1.931307e+01 -1.383208e+01 
-1.939554e+01 -1.373175e+01 
-1.947660e+01 -1.363142e+01 
-1.955629e+01 -1.353110e+01 
-1.963463e+01 -1.343077e+01 
-1.971166e+01 -1.333045e+01 
-1.978741e+01 -1.323013e+01 
-1.986190e+01 -1.312981e+01 
-1.993517e+01 -1.302949e+01 
-2.000724e+01 -1.292917e+01 
-2.007814e+01 -1.282886e+01 
-2.014789e+01 -1.272854e+01 
-2.021652e+01 -1.262823e+01 
-2.028404e+01 -1.252792e+01 
-2.035049e+01 -1.242761e+01 
-2.041595e+01 -1.232733e+01 
-2.048045e+01 -1.222705e+01 
-2.054404e+01 -1.212677e+01 
-2.060671e+01 -1.202650e+01 
-2.066848e+01 -1.192622e+01 
-2.072937e+01 -1.182595e+01 
-2.078939e+01 -1.172568e+01 
-2.084855e+01 -1.162541e+01 
-2.090686e+01 -1.152514e+01 
-2.096434e+01 -1.142487e+01 
-2.102099e+01 -1.132460e+01 
-2.107683e+01 -1.122433e+01 
-2.113187e+01 -1.112406e+01 
-2.118612e+01 -1.102379e+01 
-2.123960e+01 -1.092353e+01 
-2.129230e+01 -1.082326e+01 
-2.134424e+01 -1.072300e+01 
-2.139544e+01 -1.062274e+01 
-2.144589e+01 -1.052248e+01 
-2.149561e+01 -1.042221e+01 
-2.154461e+01 -1.032195e+01 
-2.159290e+01 -1.022170e+01 
-2.164048e+01 -1.012144e+01 
-2.168737e+01 -1.002118e+01 
-2.173356e+01 -9.920921e+00 
-2.177905e+01 -9.820658e+00 
-2.182384e+01 -9.720396e+00 
-2.186796e+01 -9.620135e+00 
-2.191139e+01 -9.519876e+00 
-2.195415e+01 -9.419617e+00 
-2.199626e+01 -9.319360e+00 
-2.203771e+01 -9.219105e+00 
-2.207852e+01 -9.118850e+00 
-2.211869e+01 -9.018598e+00 
-2.215824e+01 -8.918346e+00 
-2.219716e+01 -8.818096e+00 
-2.223546e+01 -8.717847e+00 
-2.227316e+01 -8.617599e+00 
-2.231026e+01 -8.517353e+00 
-2.234677e+01 -8.417108e+00 
-2.238268e+01 -8.316865e+00 
-2.241802e+01 -8.216623e+00 
-2.245278e+01 -8.116382e+00 
-2.248698e+01 -8.016143e+00 
-2.252061e+01 -7.915905e+00 
-2.255369e+01 -7.815669e+00 
-2.258622e+01 -7.715434e+00 
-2.261820e+01 -7.615200e+00 
-2.264965e+01 -7.514968e+00 
-2.268057e+01 -7.414737e+00 
-2.271096e+01 -7.314508e+00 
-2.274082e+01 -7.214280e+00 
-2.277018e+01 -7.114053e+00 
-2.279902e+01 -7.013828e+00 
-2.282736e+01 -6.913604e+00 
-2.285520e+01 -6.813382e+00 
-2.288254e+01 -6.713161e+00 
-2.290940e+01 -6.612941e+00 
-2.293577e+01 -6.512723e+00 
-2.296166e+01 -6.412506e+00 
-2.298707e+01 -6.312290e+00 
-2.301201e+01 -6.212076e+00 
-2.303649e+01 -6.111863e+00 
-2.306050e+01 -6.011652e+00 
-2.308406e+01 -5.911442e+00 
-2.310716e+01 -5.811233e+00 
-2.312982e+01 -5.711025e+00 
-2.315203e+01 -5.610819e+00 
-2.317379e+01 -5.510614e+00 
-2.319513e+01 -5.410410e+00 
-2.321600e+01 -5.310194e+00 
-2.323637e+01 -5.209959e+00 
-2.325629e+01 -5.109749e+00 
-2.327574e+01 -5.009525e+00 
-2.329477e+01 -4.909328e+00 
-2.331339e+01 -4.809134e+00 
-2.333159e+01 -4.708940e+00 
-2.334939e+01 -4.608745e+00 
-2.336679e+01 -4.508555e+00 
-2.338379e+01 -4.408363e+00 
-2.340039e+01 -4.308171e+00 
-2.341659e+01 -4.207980e+00 
-2.343239e+01 -4.107790e+00 
-2.344780e+01 -4.007600e+00 
-2.346281e+01 -3.907410e+00 
-2.347743e+01 -3.807220e+00 
-2.349166e+01 -3.707031e+00 
-2.350550e+01 -3.606841e+00 
-2.351895e+01 -3.506652e+00 
-2.353201e+01 -3.406464e+00 
-2.354468e+01 -3.306275e+00 
-2.355697e+01 -3.206087e+00 
-2.356888e+01 -3.105898e+00 
-2.358039e+01 -3.005710e+00 
-2.359153e+01 -2.905523e+00 
-2.360228e+01 -2.805335e+00 
-2.361265e+01 -2.705147e+00 
-2.362264e+01 -2.604960e+00 
-2.363224e+01 -2.504773e+00 
-2.364147e+01 -2.404585e+00 
-2.365032e+01 -2.304398e+00 
-2.365879e+01 -2.204212e+00 
-2.366688e+01 -2.104025e+00 
-2.367459e+01 -2.003838e+00 
-2.368193e+01 -1.903651e+00 
-2.368889e+01 -1.803465e+00 
-2.369547e+01 -1.703278e+00 
-2.370168e+01 -1.603091e+00 
-2.370751e+01 -1.502905e+00 
-2.371296e+01 -1.402718e+00 
-2.371804e+01 -1.302532e+00 
-2.372275e+01 -1.202346e+00 
-2.372708e+01 -1.102159e+00 
-2.373104e+01 -1.001973e+00 
-2.373462e+01 -9.017861e-01 
-2.373782e+01 -8.015995e-01 
-2.374066e+01 -7.014129e-01 
-2.374311e+01 -6.012263e-01 
-2.364315e+01 -5.987737e-01 
