2.103759e+01 -5.980799e-01 
2.103375e+01 -6.978293e-01 
2.102942e+01 -7.975794e-01 
2.102459e+01 -8.973301e-01 
2.101925e+01 -9.970814e-01 
2.101342e+01 -1.096833e+00 
2.100709e+01 -1.196586e+00 
2.100026e+01 -1.296339e+00 
2.099294e+01 -1.396093e+00 
2.098512e+01 -1.495848e+00 
2.097681e+01 -1.595603e+00 
2.096801e+01 -1.695359e+00 
2.095871e+01 -1.795116e+00 
2.094892e+01 -1.894873e+00 
2.093863e+01 -1.994631e+00 
2.092786e+01 -2.094390e+00 
2.091659e+01 -2.194149e+00 
2.090484e+01 -2.293909e+00 
2.089260e+01 -2.393669e+00 
2.087986e+01 -2.493431e+00 
2.086664e+01 -2.593193e+00 
2.085293e+01 -2.692955e+00 
2.083873e+01 -2.792718e+00 
2.082405e+01 -2.892482e+00 
2.080888e+01 -2.992247e+00 
2.079322e+01 -3.092012e+00 
2.077707e+01 -3.191778e+00 
2.076044e+01 -3.291545e+00 
2.074333e+01 -3.391310e+00 
2.072573e+01 -3.491019e+00 
2.070753e+01 -3.590711e+00 
2.068868e+01 -3.690409e+00 
2.066919e+01 -3.790148e+00 
2.064914e+01 -3.889903e+00 
2.062857e+01 -3.989656e+00 
2.060748e+01 -4.089409e+00 
2.058586e+01 -4.189160e+00 
2.056371e+01 -4.288910e+00 
2.054102e+01 -4.388659e+00 
2.051779e+01 -4.488406e+00 
2.049401e+01 -4.588153e+00 
2.046969e+01 -4.687898e+00 
2.044481e+01 -4.787643e+00 
2.041937e+01 -4.887386e+00 
2.039336e+01 -4.987128e+00 
2.036679e+01 -5.086870e+00 
2.033965e+01 -5.186610e+00 
2.031192e+01 -5.286349e+00 
2.028362e+01 -5.386088e+00 
2.025473e+01 -5.485825e+00 
2.022524e+01 -5.585562e+00 
2.019516e+01 -5.685298e+00 
2.016448e+01 -5.785033e+00 
2.013320e+01 -5.884768e+00 
2.010130e+01 -5.984501e+00 
2.006878e+01 -6.084234e+00 
2.003564e+01 -6.183966e+00 
2.000188e+01 -6.283698e+00 
1.996748e+01 -6.383429e+00 
1.993245e+01 -6.483160e+00 
1.989678e+01 -6.582890e+00 
1.986046e+01 -6.682619e+00 
1.982349e+01 -6.782348e+00 
1.978586e+01 -6.882077e+00 
1.974756e+01 -6.981805e+00 
1.970860e+01 -7.081533e+00 
1.966897e+01 -7.181260e+00 
1.962866e+01 -7.280962e+00 
1.958761e+01 -7.380661e+00 
1.954580e+01 -7.480358e+00 
1.950321e+01 -7.580053e+00 
1.945984e+01 -7.679746e+00 
1.941567e+01 -7.779437e+00 
1.937070e+01 -7.879126e+00 
1.932490e+01 -7.978813e+00 
1.927827e+01 -8.078499e+00 
1.923079e+01 -8.178183e+00 
1.918245e+01 -8.277865e+00 
1.913324e+01 -8.377545e+00 
1.908313e+01 -8.477224e+00 
1.903213e+01 -8.576901e+00 
1.898021e+01 -8.676577e+00 
1.892736e+01 -8.776251e+00 
1.887357e+01 -8.875924e+00 
1.881881e+01 -8.975596e+00 
1.876307e+01 -9.075267e+00 
1.870634e+01 -9.174942e+00 
1.864859e+01 -9.274669e+00 
1.858998e+01 -9.374406e+00 
1.853055e+01 -9.474145e+00 
1.847030e+01 -9.573884e+00 
1.840920e+01 -9.673623e+00 
1.834727e+01 -9.773363e+00 
1.828448e+01 -9.873103e+00 
1.822084e+01 -9.972844e+00 
1.815632e+01 -1.007259e+01 
1.809093e+01 -1.017233e+01 
1.802466e+01 -1.027207e+01 
1.795748e+01 -1.037181e+01 
1.788941e+01 -1.047156e+01 
1.782043e+01 -1.057128e+01 
1.775051e+01 -1.067092e+01 
1.767929e+01 -1.077055e+01 
1.760668e+01 -1.087018e+01 
1.753265e+01 -1.096981e+01 
1.745720e+01 -1.106945e+01 
1.738031e+01 -1.116909e+01 
1.730196e+01 -1.126874e+01 
1.722213e+01 -1.136839e+01 
1.714080e+01 -1.146804e+01 
1.705796e+01 -1.156769e+01 
1.697359e+01 -1.166735e+01 
1.688766e+01 -1.176701e+01 
1.680016e+01 -1.186667e+01 
1.671106e+01 -1.196634e+01 
1.662033e+01 -1.206601e+01 
1.652796e+01 -1.216569e+01 
1.643392e+01 -1.226536e+01 
1.633819e+01 -1.236505e+01 
1.624073e+01 -1.246473e+01 
1.614152e+01 -1.256441e+01 
1.604188e+01 -1.266277e+01 
1.594223e+01 -1.275919e+01 
1.584258e+01 -1.285376e+01 
1.574292e+01 -1.294653e+01 
1.564327e+01 -1.303757e+01 
1.554361e+01 -1.312693e+01 
1.544394e+01 -1.321468e+01 
1.534428e+01 -1.330084e+01 
1.524463e+01 -1.338545e+01 
1.514499e+01 -1.346850e+01 
1.504534e+01 -1.355002e+01 
1.494570e+01 -1.363002e+01 
1.484606e+01 -1.370853e+01 
1.474643e+01 -1.378557e+01 
1.464679e+01 -1.386115e+01 
1.454716e+01 -1.393531e+01 
1.444753e+01 -1.400807e+01 
1.434790e+01 -1.407943e+01 
1.424827e+01 -1.414944e+01 
1.414865e+01 -1.421809e+01 
1.404902e+01 -1.428542e+01 
1.394940e+01 -1.435145e+01 
1.384978e+01 -1.441619e+01 
1.375016e+01 -1.447967e+01 
1.365053e+01 -1.454190e+01 
1.355091e+01 -1.460290e+01 
1.345130e+01 -1.466270e+01 
1.335177e+01 -1.472123e+01 
1.325228e+01 -1.477830e+01 
1.315279e+01 -1.483382e+01 
1.305330e+01 -1.488783e+01 
1.295380e+01 -1.494037e+01 
1.285431e+01 -1.499147e+01 
1.275481e+01 -1.504116e+01 
1.265530e+01 -1.508948e+01 
1.255580e+01 -1.513645e+01 
1.245628e+01 -1.518211e+01 
1.235677e+01 -1.522648e+01 
1.225725e+01 -1.526960e+01 
1.215773e+01 -1.531149e+01 
1.205820e+01 -1.535217e+01 
1.195867e+01 -1.539168e+01 
1.185913e+01 -1.543004e+01 
1.175959e+01 -1.546728e+01 
1.166004e+01 -1.550341e+01 
1.156049e+01 -1.553847e+01 
1.146093e+01 -1.557247e+01 
1.136136e+01 -1.560545e+01 
1.126179e+01 -1.563741e+01 
1.116222e+01 -1.566839e+01 
1.106264e+01 -1.569840e+01 
1.096305e+01 -1.572747e+01 
1.086346e+01 -1.575561e+01 
1.076386e+01 -1.578285e+01 
1.066428e+01 -1.580919e+01 
1.056473e+01 -1.583461e+01 
1.046520e+01 -1.585903e+01 
1.036577e+01 -1.588240e+01 
1.026637e+01 -1.590456e+01 
1.016696e+01 -1.592545e+01 
1.006754e+01 -1.594509e+01 
9.968128e+00 -1.596349e+01 
9.868707e+00 -1.598068e+01 
9.769282e+00 -1.599667e+01 
9.669852e+00 -1.601148e+01 
9.570417e+00 -1.602512e+01 
9.470977e+00 -1.603761e+01 
9.371531e+00 -1.604896e+01 
9.272080e+00 -1.605919e+01 
9.172623e+00 -1.606831e+01 
9.073159e+00 -1.607634e+01 
8.973690e+00 -1.608330e+01 
8.874214e+00 -1.608919e+01 
8.774732e+00 -1.609404e+01 
8.675243e+00 -1.609785e+01 
8.575747e+00 -1.610064e+01 
8.476245e+00 -1.610243e+01 
8.376736e+00 -1.610323e+01 
8.277220e+00 -1.610305e+01 
8.177698e+00 -1.610191e+01 
8.078168e+00 -1.609982e+01 
7.978632e+00 -1.609679e+01 
7.879092e+00 -1.609283e+01 
7.779570e+00 -1.608796e+01 
7.680080e+00 -1.608213e+01 
7.580599e+00 -1.607528e+01 
7.481135e+00 -1.606739e+01 
7.381725e+00 -1.605844e+01 
7.282455e+00 -1.604830e+01 
7.183202e+00 -1.603670e+01 
7.083938e+00 -1.602357e+01 
6.984663e+00 -1.600894e+01 
6.885378e+00 -1.599282e+01 
6.786083e+00 -1.597521e+01 
6.686779e+00 -1.595613e+01 
6.587466e+00 -1.593558e+01 
6.488144e+00 -1.591357e+01 
6.388814e+00 -1.589010e+01 
6.289476e+00 -1.586518e+01 
6.190131e+00 -1.583881e+01 
6.090777e+00 -1.581098e+01 
5.991417e+00 -1.578171e+01 
5.892050e+00 -1.575099e+01 
5.792682e+00 -1.571881e+01 
5.693413e+00 -1.568520e+01 
5.594392e+00 -1.564997e+01 
5.495346e+00 -1.561237e+01 
5.396273e+00 -1.557243e+01 
5.297174e+00 -1.553014e+01 
5.198049e+00 -1.548552e+01 
5.098899e+00 -1.543857e+01 
4.999725e+00 -1.538929e+01 
4.900527e+00 -1.533768e+01 
4.801305e+00 -1.528374e+01 
4.702060e+00 -1.522749e+01 
4.602816e+00 -1.516892e+01 
4.503813e+00 -1.510812e+01 
4.404971e+00 -1.504417e+01 
4.306127e+00 -1.497624e+01 
4.207265e+00 -1.490409e+01 
4.108383e+00 -1.482752e+01 
4.009520e+00 -1.474633e+01 
3.910801e+00 -1.466023e+01 
3.812041e+00 -1.456789e+01 
3.713396e+00 -1.446906e+01 
3.620884e+00 -1.437014e+01 
3.533893e+00 -1.427154e+01 
3.453241e+00 -1.417304e+01 
3.378547e+00 -1.407435e+01 
3.308630e+00 -1.397545e+01 
3.242585e+00 -1.387650e+01 
3.180034e+00 -1.377753e+01 
3.120806e+00 -1.367857e+01 
3.064799e+00 -1.357968e+01 
3.011999e+00 -1.348066e+01 
2.961914e+00 -1.338153e+01 
2.914165e+00 -1.328230e+01 
2.868441e+00 -1.318298e+01 
2.824493e+00 -1.308362e+01 
2.782177e+00 -1.298425e+01 
2.741440e+00 -1.288485e+01 
2.702163e+00 -1.278535e+01 
2.664104e+00 -1.268583e+01 
2.627217e+00 -1.258630e+01 
2.591446e+00 -1.248673e+01 
2.556649e+00 -1.238701e+01 
2.522595e+00 -1.228753e+01 
2.489751e+00 -1.218804e+01 
2.458071e+00 -1.208852e+01 
2.427474e+00 -1.198896e+01 
2.397871e+00 -1.188937e+01 
2.369175e+00 -1.178974e+01 
2.341300e+00 -1.169008e+01 
2.314191e+00 -1.159041e+01 
2.287796e+00 -1.149071e+01 
2.262065e+00 -1.139099e+01 
2.236921e+00 -1.129122e+01 
2.212314e+00 -1.119154e+01 
2.188390e+00 -1.109183e+01 
2.165101e+00 -1.099212e+01 
2.142422e+00 -1.089240e+01 
2.120356e+00 -1.079269e+01 
2.098904e+00 -1.069298e+01 
2.078068e+00 -1.059327e+01 
2.057826e+00 -1.049343e+01 
2.037924e+00 -1.039359e+01 
2.018377e+00 -1.029383e+01 
1.999333e+00 -1.019407e+01 
1.980785e+00 -1.009430e+01 
1.962718e+00 -9.994519e+00 
1.945114e+00 -9.894735e+00 
1.927961e+00 -9.794950e+00 
1.911255e+00 -9.695155e+00 
1.894972e+00 -9.595350e+00 
1.879093e+00 -9.495542e+00 
1.863637e+00 -9.395898e+00 
1.848934e+00 -9.296392e+00 
1.835214e+00 -9.196657e+00 
1.822025e+00 -9.096821e+00 
1.809160e+00 -8.996899e+00 
1.796456e+00 -8.896980e+00 
1.783920e+00 -8.797070e+00 
1.771568e+00 -8.697169e+00 
1.759420e+00 -8.597277e+00 
1.747492e+00 -8.497393e+00 
1.735803e+00 -8.397518e+00 
1.724369e+00 -8.297650e+00 
1.713203e+00 -8.197773e+00 
1.702287e+00 -8.097898e+00 
1.691626e+00 -7.998035e+00 
1.681245e+00 -7.898185e+00 
1.671170e+00 -7.798349e+00 
1.661426e+00 -7.698519e+00 
1.652023e+00 -7.598638e+00 
1.642857e+00 -7.498725e+00 
1.633867e+00 -7.398812e+00 
1.625053e+00 -7.298887e+00 
1.616384e+00 -7.198887e+00 
1.607715e+00 -7.098895e+00 
1.599063e+00 -6.998915e+00 
1.590456e+00 -6.898980e+00 
1.581982e+00 -6.799078e+00 
1.573705e+00 -6.699150e+00 
1.565572e+00 -6.599199e+00 
1.557537e+00 -6.499259e+00 
1.549626e+00 -6.399348e+00 
1.541896e+00 -6.299472e+00 
1.534417e+00 -6.199589e+00 
1.527173e+00 -6.099690e+00 
1.520129e+00 -5.999740e+00 
1.513185e+00 -5.899792e+00 
1.506347e+00 -5.799881e+00 
1.499688e+00 -5.699954e+00 
1.493173e+00 -5.599986e+00 
1.486724e+00 -5.500022e+00 
1.480346e+00 -5.400065e+00 
1.474056e+00 -5.300120e+00 
1.467876e+00 -5.200174e+00 
1.461805e+00 -5.100231e+00 
1.455853e+00 -5.000359e+00 
1.450157e+00 -4.900454e+00 
1.444648e+00 -4.800501e+00 
1.439234e+00 -4.700536e+00 
1.433889e+00 -4.600559e+00 
1.428590e+00 -4.500571e+00 
1.423314e+00 -4.400572e+00 
1.418039e+00 -4.300566e+00 
1.412754e+00 -4.200589e+00 
1.407514e+00 -4.100600e+00 
1.402296e+00 -4.000597e+00 
1.397072e+00 -3.900581e+00 
1.391813e+00 -3.800550e+00 
1.386495e+00 -3.700580e+00 
1.381243e+00 -3.600686e+00 
1.376209e+00 -3.500908e+00 
1.371615e+00 -3.401051e+00 
1.367306e+00 -3.301173e+00 
1.363241e+00 -3.201275e+00 
1.359381e+00 -3.101347e+00 
1.355663e+00 -3.001378e+00 
1.352004e+00 -2.901374e+00 
1.348338e+00 -2.801348e+00 
1.344620e+00 -2.701302e+00 
1.340807e+00 -2.601235e+00 
1.336864e+00 -2.501243e+00 
1.332936e+00 -2.401257e+00 
1.329037e+00 -2.301289e+00 
1.325204e+00 -2.201372e+00 
1.321532e+00 -2.101298e+00 
1.317712e+00 -2.001248e+00 
1.313794e+00 -1.901229e+00 
1.309839e+00 -1.801239e+00 
1.305905e+00 -1.701279e+00 
1.302052e+00 -1.601348e+00 
1.298337e+00 -1.501444e+00 
1.294816e+00 -1.401534e+00 
1.291475e+00 -1.301640e+00 
1.288346e+00 -1.201741e+00 
1.285419e+00 -1.101823e+00 
1.282655e+00 -1.001886e+00 
1.280017e+00 -9.019303e-01 
1.277467e+00 -8.019549e-01 
1.274965e+00 -7.019601e-01 
1.272473e+00 -6.019456e-01 
1.269952e+00 -5.019109e-01 
1.267360e+00 -4.018577e-01 
1.264662e+00 -3.017975e-01 
1.261845e+00 -2.017982e-01 
1.259030e+00 -1.018363e-01 
1.256310e+00 -3.205482e-03 
1.256291e+00 1.836277e-03 
1.259029e+00 1.017982e-01 
1.261845e+00 2.017975e-01 
1.264664e+00 3.018577e-01 
1.267362e+00 4.019109e-01 
1.269953e+00 5.019456e-01 
1.272474e+00 6.019601e-01 
1.274965e+00 7.019549e-01 
1.277466e+00 8.019303e-01 
1.280016e+00 9.018864e-01 
1.282654e+00 1.001823e+00 
1.285417e+00 1.101741e+00 
1.288343e+00 1.201640e+00 
1.291472e+00 1.301534e+00 
1.294813e+00 1.401444e+00 
1.298334e+00 1.501348e+00 
1.302049e+00 1.601279e+00 
1.305904e+00 1.701239e+00 
1.309838e+00 1.801229e+00 
1.313795e+00 1.901248e+00 
1.317714e+00 2.001298e+00 
1.321535e+00 2.101372e+00 
1.325201e+00 2.201289e+00 
1.329036e+00 2.301257e+00 
1.332936e+00 2.401243e+00 
1.336864e+00 2.501235e+00 
1.340810e+00 2.601302e+00 
1.344621e+00 2.701348e+00 
1.348339e+00 2.801374e+00 
1.352004e+00 2.901378e+00 
1.355662e+00 3.001347e+00 
1.359378e+00 3.101275e+00 
1.363237e+00 3.201173e+00 
1.367301e+00 3.301051e+00 
1.371608e+00 3.400908e+00 
1.376198e+00 3.500686e+00 
1.381238e+00 3.600580e+00 
1.386494e+00 3.700550e+00 
1.391815e+00 3.800581e+00 
1.397072e+00 3.900597e+00 
1.402296e+00 4.000600e+00 
1.407513e+00 4.100589e+00 
1.412753e+00 4.200566e+00 
1.418040e+00 4.300572e+00 
1.423314e+00 4.400571e+00 
1.428589e+00 4.500559e+00 
1.433888e+00 4.600536e+00 
1.439232e+00 4.700501e+00 
1.444646e+00 4.800454e+00 
1.450152e+00 4.900359e+00 
1.455846e+00 5.000231e+00 
1.461802e+00 5.100174e+00 
1.467872e+00 5.200120e+00 
1.474052e+00 5.300065e+00 
1.480343e+00 5.400022e+00 
1.486722e+00 5.499986e+00 
1.493171e+00 5.599954e+00 
1.499683e+00 5.699881e+00 
1.506341e+00 5.799792e+00 
1.513181e+00 5.899740e+00 
1.520125e+00 5.999690e+00 
1.527165e+00 6.099589e+00 
1.534408e+00 6.199472e+00 
1.541887e+00 6.299348e+00 
1.549619e+00 6.399259e+00 
1.557532e+00 6.499199e+00 
1.565568e+00 6.599150e+00 
1.573700e+00 6.699078e+00 
1.581974e+00 6.798980e+00 
1.590451e+00 6.898915e+00 
1.599061e+00 6.998895e+00 
1.499434e+00 7.007516e+00 
1.490819e+00 6.907496e+00 
1.482332e+00 6.807431e+00 
1.474041e+00 6.707333e+00 
1.465897e+00 6.607261e+00 
1.457854e+00 6.507212e+00 
1.449931e+00 6.407152e+00 
1.442185e+00 6.307063e+00 
1.434688e+00 6.206939e+00 
1.427427e+00 6.106822e+00 
1.420373e+00 6.006720e+00 
1.413422e+00 5.906671e+00 
1.406575e+00 5.806619e+00 
1.399905e+00 5.706530e+00 
1.393383e+00 5.606457e+00 
1.386929e+00 5.506424e+00 
1.380546e+00 5.406389e+00 
1.374250e+00 5.306346e+00 
1.368063e+00 5.206291e+00 
1.361986e+00 5.106237e+00 
1.356023e+00 5.006180e+00 
1.350314e+00 4.906051e+00 
1.344797e+00 4.805957e+00 
1.339379e+00 4.705909e+00 
1.334031e+00 4.605875e+00 
1.328730e+00 4.505852e+00 
1.323453e+00 4.405840e+00 
1.318178e+00 4.305839e+00 
1.312892e+00 4.205845e+00 
1.307650e+00 4.105822e+00 
1.302432e+00 4.005811e+00 
1.297209e+00 3.905814e+00 
1.291953e+00 3.805830e+00 
1.286635e+00 3.705861e+00 
1.281376e+00 3.605831e+00 
1.276325e+00 3.505725e+00 
1.271714e+00 3.405503e+00 
1.267394e+00 3.305360e+00 
1.263320e+00 3.205238e+00 
1.259453e+00 3.105136e+00 
1.255731e+00 3.005064e+00 
1.252071e+00 2.905033e+00 
1.248406e+00 2.805037e+00 
1.244690e+00 2.705063e+00 
1.240882e+00 2.605109e+00 
1.236941e+00 2.505176e+00 
1.233013e+00 2.405168e+00 
1.229112e+00 2.305154e+00 
1.225274e+00 2.205122e+00 
1.221602e+00 2.105039e+00 
1.217787e+00 2.005113e+00 
1.213872e+00 1.905162e+00 
1.209917e+00 1.805182e+00 
1.205981e+00 1.705172e+00 
1.202124e+00 1.605132e+00 
1.198403e+00 1.505063e+00 
1.194875e+00 1.404966e+00 
1.191527e+00 1.304877e+00 
1.188392e+00 1.204771e+00 
1.185459e+00 1.104670e+00 
1.182692e+00 1.004588e+00 
1.180051e+00 9.045246e-01 
1.177499e+00 8.044807e-01 
1.174996e+00 7.044561e-01 
1.172505e+00 6.044509e-01 
1.169984e+00 5.044654e-01 
1.167395e+00 4.045001e-01 
1.164700e+00 3.045533e-01 
1.161884e+00 2.046135e-01 
1.159069e+00 1.046128e-01 
1.156328e+00 4.574687e-03 
1.156310e+00 -3.205482e-03 
1.159068e+00 -1.045747e-01 
1.161884e+00 -2.046128e-01 
1.164702e+00 -3.046135e-01 
1.167397e+00 -4.045533e-01 
1.169985e+00 -5.045001e-01 
1.172505e+00 -6.044654e-01 
1.174996e+00 -7.044509e-01 
1.177498e+00 -8.044561e-01 
1.180050e+00 -9.044807e-01 
1.182690e+00 -1.004525e+00 
1.185457e+00 -1.104588e+00 
1.188389e+00 -1.204670e+00 
1.191524e+00 -1.304771e+00 
1.194872e+00 -1.404877e+00 
1.198399e+00 -1.504966e+00 
1.202121e+00 -1.605063e+00 
1.205979e+00 -1.705132e+00 
1.209916e+00 -1.805172e+00 
1.213873e+00 -1.905182e+00 
1.217789e+00 -2.005162e+00 
1.221605e+00 -2.105113e+00 
1.225271e+00 -2.205039e+00 
1.229111e+00 -2.305122e+00 
1.233012e+00 -2.405154e+00 
1.236941e+00 -2.505168e+00 
1.240885e+00 -2.605176e+00 
1.244692e+00 -2.705109e+00 
1.248407e+00 -2.805063e+00 
1.252071e+00 -2.905037e+00 
1.255730e+00 -3.005033e+00 
1.259450e+00 -3.105064e+00 
1.263316e+00 -3.205136e+00 
1.267389e+00 -3.305238e+00 
1.271708e+00 -3.405360e+00 
1.276315e+00 -3.505503e+00 
1.281370e+00 -3.605725e+00 
1.286633e+00 -3.705831e+00 
1.291954e+00 -3.805861e+00 
1.297209e+00 -3.905830e+00 
1.302432e+00 -4.005814e+00 
1.307650e+00 -4.105811e+00 
1.312891e+00 -4.205822e+00 
1.318179e+00 -4.305845e+00 
1.323453e+00 -4.405839e+00 
1.328729e+00 -4.505840e+00 
1.334029e+00 -4.605852e+00 
1.339377e+00 -4.705875e+00 
1.344795e+00 -4.805909e+00 
1.350309e+00 -4.905957e+00 
1.356015e+00 -5.006051e+00 
1.361982e+00 -5.106180e+00 
1.368060e+00 -5.206237e+00 
1.374246e+00 -5.306291e+00 
1.380543e+00 -5.406346e+00 
1.386927e+00 -5.506389e+00 
1.393380e+00 -5.606424e+00 
1.399900e+00 -5.706457e+00 
1.406569e+00 -5.806530e+00 
1.413418e+00 -5.906619e+00 
1.420369e+00 -6.006671e+00 
1.427420e+00 -6.106720e+00 
1.434679e+00 -6.206822e+00 
1.442176e+00 -6.306939e+00 
1.449924e+00 -6.407063e+00 
1.457849e+00 -6.507152e+00 
1.465894e+00 -6.607212e+00 
1.474035e+00 -6.707261e+00 
1.482323e+00 -6.807333e+00 
1.490814e+00 -6.907431e+00 
1.499432e+00 -7.007496e+00 
1.508087e+00 -7.107516e+00 
1.516758e+00 -7.207524e+00 
1.525427e+00 -7.307524e+00 
1.534254e+00 -7.407599e+00 
1.543259e+00 -7.507686e+00 
1.552441e+00 -7.607773e+00 
1.561867e+00 -7.707892e+00 
1.571642e+00 -7.808062e+00 
1.581750e+00 -7.908226e+00 
1.592162e+00 -8.008376e+00 
1.602852e+00 -8.108513e+00 
1.613795e+00 -8.208638e+00 
1.624988e+00 -8.308760e+00 
1.636452e+00 -8.408893e+00 
1.648170e+00 -8.509018e+00 
1.660125e+00 -8.609134e+00 
1.672300e+00 -8.709242e+00 
1.684676e+00 -8.809341e+00 
1.697234e+00 -8.909431e+00 
1.709959e+00 -9.009512e+00 
1.722844e+00 -9.109590e+00 
1.736076e+00 -9.209754e+00 
1.749867e+00 -9.310019e+00 
1.764711e+00 -9.410513e+00 
1.780274e+00 -9.510869e+00 
1.796214e+00 -9.611061e+00 
1.812559e+00 -9.711256e+00 
1.829334e+00 -9.811461e+00 
1.846560e+00 -9.911676e+00 
1.864238e+00 -1.001189e+01 
1.882385e+00 -1.011211e+01 
1.901018e+00 -1.021234e+01 
1.920151e+00 -1.031258e+01 
1.939790e+00 -1.041282e+01 
1.959755e+00 -1.051298e+01 
1.980062e+00 -1.061314e+01 
2.001018e+00 -1.071343e+01 
2.022593e+00 -1.081372e+01 
2.044784e+00 -1.091401e+01 
2.067591e+00 -1.101429e+01 
2.091011e+00 -1.111458e+01 
2.115073e+00 -1.121487e+01 
2.139836e+00 -1.131519e+01 
2.165097e+00 -1.141542e+01 
2.190967e+00 -1.151570e+01 
2.217521e+00 -1.161600e+01 
2.244805e+00 -1.171633e+01 
2.272872e+00 -1.181667e+01 
2.301777e+00 -1.191704e+01 
2.331618e+00 -1.201745e+01 
2.362483e+00 -1.211789e+01 
2.394462e+00 -1.221837e+01 
2.427635e+00 -1.231888e+01 
2.462037e+00 -1.241940e+01 
2.497029e+00 -1.251968e+01 
2.533106e+00 -1.262011e+01 
2.570335e+00 -1.272058e+01 
2.608760e+00 -1.282107e+01 
2.648423e+00 -1.292156e+01 
2.689645e+00 -1.302217e+01 
2.732485e+00 -1.312279e+01 
2.776985e+00 -1.322343e+01 
2.823327e+00 -1.332411e+01 
2.871801e+00 -1.342488e+01 
2.922739e+00 -1.352575e+01 
2.976554e+00 -1.362673e+01 
3.033786e+00 -1.372784e+01 
3.094221e+00 -1.382888e+01 
3.158048e+00 -1.392991e+01 
3.225445e+00 -1.403096e+01 
3.296884e+00 -1.413206e+01 
3.373490e+00 -1.423337e+01 
3.456503e+00 -1.433487e+01 
3.545881e+00 -1.443628e+01 
3.640347e+00 -1.453735e+01 
3.741250e+00 -1.463852e+01 
3.842489e+00 -1.473326e+01 
3.943771e+00 -1.482168e+01 
4.044907e+00 -1.490479e+01 
4.146025e+00 -1.498315e+01 
4.247164e+00 -1.505701e+01 
4.348319e+00 -1.512657e+01 
4.449477e+00 -1.519207e+01 
4.550475e+00 -1.525413e+01 
4.651231e+00 -1.531361e+01 
4.751986e+00 -1.537074e+01 
4.852764e+00 -1.542553e+01 
4.953566e+00 -1.547799e+01 
5.054391e+00 -1.552812e+01 
5.155242e+00 -1.557590e+01 
5.256117e+00 -1.562133e+01 
5.357018e+00 -1.566440e+01 
5.457945e+00 -1.570512e+01 
5.558898e+00 -1.574346e+01 
5.659877e+00 -1.577941e+01 
5.760608e+00 -1.581353e+01 
5.861241e+00 -1.584612e+01 
5.961874e+00 -1.587725e+01 
6.062513e+00 -1.590691e+01 
6.163160e+00 -1.593510e+01 
6.263814e+00 -1.596183e+01 
6.364477e+00 -1.598709e+01 
6.465147e+00 -1.601089e+01 
6.565825e+00 -1.603321e+01 
6.666511e+00 -1.605405e+01 
6.767207e+00 -1.607341e+01 
6.867913e+00 -1.609128e+01 
6.968628e+00 -1.610765e+01 
7.069353e+00 -1.612250e+01 
7.170088e+00 -1.613583e+01 
7.270836e+00 -1.614763e+01 
7.371565e+00 -1.615792e+01 
7.472156e+00 -1.616699e+01 
7.572691e+00 -1.617497e+01 
7.673210e+00 -1.618189e+01 
7.773720e+00 -1.618779e+01 
7.874198e+00 -1.619271e+01 
7.974659e+00 -1.619671e+01 
8.075122e+00 -1.619977e+01 
8.175593e+00 -1.620189e+01 
8.276070e+00 -1.620305e+01 
8.376554e+00 -1.620323e+01 
8.477046e+00 -1.620243e+01 
8.577543e+00 -1.620063e+01 
8.678048e+00 -1.619781e+01 
8.778559e+00 -1.619396e+01 
8.879077e+00 -1.618907e+01 
8.979601e+00 -1.618312e+01 
9.080131e+00 -1.617610e+01 
9.180668e+00 -1.616799e+01 
9.281211e+00 -1.615877e+01 
9.381759e+00 -1.614843e+01 
9.482314e+00 -1.613696e+01 
9.582873e+00 -1.612434e+01 
9.683438e+00 -1.611056e+01 
9.784008e+00 -1.609558e+01 
9.884583e+00 -1.607942e+01 
9.985163e+00 -1.606203e+01 
1.008575e+01 -1.604342e+01 
1.018633e+01 -1.602355e+01 
1.028693e+01 -1.600242e+01 
1.038752e+01 -1.598001e+01 
1.048809e+01 -1.595637e+01 
1.058856e+01 -1.593172e+01 
1.068901e+01 -1.590609e+01 
1.078943e+01 -1.587953e+01 
1.088983e+01 -1.585207e+01 
1.099024e+01 -1.582370e+01 
1.109065e+01 -1.579440e+01 
1.119107e+01 -1.576414e+01 
1.129150e+01 -1.573290e+01 
1.139193e+01 -1.570066e+01 
1.149236e+01 -1.566740e+01 
1.159281e+01 -1.563310e+01 
1.169325e+01 -1.559773e+01 
1.179370e+01 -1.556128e+01 
1.189416e+01 -1.552370e+01 
1.199462e+01 -1.548499e+01 
1.209509e+01 -1.544512e+01 
1.219556e+01 -1.540405e+01 
1.229604e+01 -1.536177e+01 
1.239652e+01 -1.531824e+01 
1.249701e+01 -1.527344e+01 
1.259750e+01 -1.522734e+01 
1.269799e+01 -1.517991e+01 
1.279848e+01 -1.513112e+01 
1.289898e+01 -1.508093e+01 
1.299949e+01 -1.502932e+01 
1.309999e+01 -1.497626e+01 
1.320050e+01 -1.492170e+01 
1.330101e+01 -1.486562e+01 
1.340152e+01 -1.480798e+01 
1.350199e+01 -1.474890e+01 
1.360238e+01 -1.468864e+01 
1.370276e+01 -1.462718e+01 
1.380313e+01 -1.456448e+01 
1.390351e+01 -1.450053e+01 
1.400389e+01 -1.443530e+01 
1.410427e+01 -1.436878e+01 
1.420464e+01 -1.430094e+01 
1.430502e+01 -1.423178e+01 
1.440539e+01 -1.416126e+01 
1.450576e+01 -1.408936e+01 
1.460613e+01 -1.401608e+01 
1.470650e+01 -1.394137e+01 
1.480686e+01 -1.386523e+01 
1.490723e+01 -1.378764e+01 
1.500759e+01 -1.370857e+01 
1.510795e+01 -1.362800e+01 
1.520830e+01 -1.354590e+01 
1.530866e+01 -1.346227e+01 
1.540901e+01 -1.337708e+01 
1.550935e+01 -1.329032e+01 
1.560968e+01 -1.320199e+01 
1.571002e+01 -1.311202e+01 
1.581037e+01 -1.302036e+01 
1.591071e+01 -1.292695e+01 
1.601106e+01 -1.283173e+01 
1.611141e+01 -1.273463e+01 
1.621177e+01 -1.263559e+01 
1.631161e+01 -1.253527e+01 
1.640969e+01 -1.243495e+01 
1.650605e+01 -1.233464e+01 
1.660070e+01 -1.223431e+01 
1.669368e+01 -1.213399e+01 
1.678501e+01 -1.203366e+01 
1.687471e+01 -1.193333e+01 
1.696281e+01 -1.183299e+01 
1.704933e+01 -1.173265e+01 
1.713428e+01 -1.163231e+01 
1.721770e+01 -1.153196e+01 
1.729960e+01 -1.143161e+01 
1.738000e+01 -1.133126e+01 
1.745892e+01 -1.123091e+01 
1.753637e+01 -1.113055e+01 
1.761237e+01 -1.103019e+01 
1.768695e+01 -1.092982e+01 
1.776010e+01 -1.082945e+01 
1.783186e+01 -1.072908e+01 
1.790229e+01 -1.062872e+01 
1.797165e+01 -1.052844e+01 
1.804008e+01 -1.042819e+01 
1.810760e+01 -1.032793e+01 
1.817422e+01 -1.022767e+01 
1.823995e+01 -1.012741e+01 
1.830480e+01 -1.002716e+01 
1.836878e+01 -9.926897e+00 
1.843190e+01 -9.826637e+00 
1.849416e+01 -9.726377e+00 
1.855557e+01 -9.626116e+00 
1.861614e+01 -9.525855e+00 
1.867589e+01 -9.425594e+00 
1.873480e+01 -9.325331e+00 
1.879288e+01 -9.225058e+00 
1.884998e+01 -9.124733e+00 
1.890609e+01 -9.024404e+00 
1.896121e+01 -8.924076e+00 
1.901536e+01 -8.823749e+00 
1.906856e+01 -8.723423e+00 
1.912082e+01 -8.623099e+00 
1.917216e+01 -8.522776e+00 
1.922258e+01 -8.422455e+00 
1.927212e+01 -8.322135e+00 
1.932077e+01 -8.221817e+00 
1.936855e+01 -8.121501e+00 
1.941548e+01 -8.021187e+00 
1.946157e+01 -7.920874e+00 
1.950683e+01 -7.820563e+00 
1.955127e+01 -7.720254e+00 
1.959491e+01 -7.619947e+00 
1.963776e+01 -7.519642e+00 
1.967983e+01 -7.419339e+00 
1.972113e+01 -7.319038e+00 
1.976168e+01 -7.218740e+00 
1.980153e+01 -7.118467e+00 
1.984071e+01 -7.018195e+00 
1.987921e+01 -6.917923e+00 
1.991705e+01 -6.817652e+00 
1.995422e+01 -6.717381e+00 
1.999074e+01 -6.617110e+00 
2.002661e+01 -6.516840e+00 
2.006183e+01 -6.416571e+00 
2.009642e+01 -6.316302e+00 
2.013036e+01 -6.216034e+00 
2.016368e+01 -6.115766e+00 
2.019637e+01 -6.015499e+00 
2.022844e+01 -5.915232e+00 
2.025990e+01 -5.814967e+00 
2.029074e+01 -5.714702e+00 
2.032098e+01 -5.614438e+00 
2.035063e+01 -5.514175e+00 
2.037967e+01 -5.413912e+00 
2.040812e+01 -5.313651e+00 
2.043599e+01 -5.213390e+00 
2.046328e+01 -5.113130e+00 
2.048999e+01 -5.012872e+00 
2.051613e+01 -4.912614e+00 
2.054170e+01 -4.812357e+00 
2.056671e+01 -4.712102e+00 
2.059116e+01 -4.611847e+00 
2.061506e+01 -4.511594e+00 
2.063841e+01 -4.411341e+00 
2.066122e+01 -4.311090e+00 
2.068348e+01 -4.210840e+00 
2.070521e+01 -4.110591e+00 
2.072641e+01 -4.010344e+00 
2.074708e+01 -3.910097e+00 
2.076723e+01 -3.809852e+00 
2.078682e+01 -3.709591e+00 
2.080579e+01 -3.609289e+00 
2.082410e+01 -3.508981e+00 
2.084180e+01 -3.408690e+00 
2.085900e+01 -3.308455e+00 
2.087571e+01 -3.208222e+00 
2.089194e+01 -3.107988e+00 
2.090767e+01 -3.007753e+00 
2.092291e+01 -2.907518e+00 
2.093767e+01 -2.807282e+00 
2.095193e+01 -2.707045e+00 
2.096571e+01 -2.606807e+00 
2.097900e+01 -2.506569e+00 
2.099179e+01 -2.406331e+00 
2.100410e+01 -2.306091e+00 
2.101591e+01 -2.205851e+00 
2.102723e+01 -2.105610e+00 
2.103806e+01 -2.005369e+00 
2.104839e+01 -1.905127e+00 
2.105823e+01 -1.804884e+00 
2.106757e+01 -1.704641e+00 
2.107642e+01 -1.604397e+00 
2.108478e+01 -1.504152e+00 
2.109264e+01 -1.403907e+00 
2.109999e+01 -1.303661e+00 
2.110686e+01 -1.203414e+00 
2.111322e+01 -1.103167e+00 
2.111908e+01 -1.002919e+00 
2.112444e+01 -9.026699e-01 
2.112930e+01 -8.024206e-01 
2.113366e+01 -7.021707e-01 
2.113751e+01 -6.019201e-01 
2.103759e+01 -5.980799e-01 
