-2.926227e+00 2.301802e+00 
-2.931094e+00 2.401765e+00 
-2.936034e+00 2.501727e+00 
-2.941050e+00 2.601688e+00 
-2.946145e+00 2.701648e+00 
-2.951321e+00 2.801605e+00 
-2.956582e+00 2.901557e+00 
-2.961934e+00 3.001414e+00 
-2.967576e+00 3.101319e+00 
-2.973414e+00 3.201301e+00 
-2.979288e+00 3.301294e+00 
-2.985177e+00 3.401296e+00 
-2.991061e+00 3.501303e+00 
-2.996929e+00 3.601271e+00 
-3.002862e+00 3.701220e+00 
-3.008883e+00 3.800953e+00 
-3.015458e+00 3.900953e+00 
-3.022034e+00 4.000983e+00 
-3.028551e+00 4.101004e+00 
-3.035023e+00 4.201007e+00 
-3.041486e+00 4.300947e+00 
-3.048065e+00 4.400825e+00 
-3.054888e+00 4.500701e+00 
-3.061961e+00 4.600575e+00 
-3.069288e+00 4.700444e+00 
-3.076877e+00 4.800310e+00 
-3.084737e+00 4.900177e+00 
-3.092865e+00 5.000045e+00 
-3.101262e+00 5.099954e+00 
-3.109845e+00 5.199858e+00 
-3.118620e+00 5.299759e+00 
-3.127595e+00 5.399656e+00 
-3.136779e+00 5.499549e+00 
-3.146179e+00 5.599437e+00 
-3.155806e+00 5.699320e+00 
-3.165668e+00 5.799210e+00 
-3.175754e+00 5.899090e+00 
-3.186071e+00 5.998863e+00 
-3.196871e+00 6.098833e+00 
-3.207718e+00 6.198667e+00 
-3.218897e+00 6.298456e+00 
-3.230507e+00 6.398264e+00 
-3.242514e+00 6.498109e+00 
-3.254839e+00 6.597973e+00 
-3.267443e+00 6.697857e+00 
-3.280286e+00 6.797747e+00 
-3.293342e+00 6.897548e+00 
-3.306813e+00 6.997390e+00 
-3.320611e+00 7.097259e+00 
-3.334680e+00 7.197143e+00 
-3.348990e+00 7.297038e+00 
-3.363512e+00 7.396911e+00 
-3.378277e+00 7.496661e+00 
-3.393577e+00 7.596515e+00 
-3.409152e+00 7.696201e+00 
-3.425370e+00 7.795854e+00 
-3.442303e+00 7.895474e+00 
-3.460022e+00 7.995069e+00 
-3.478589e+00 8.094656e+00 
-3.498024e+00 8.194253e+00 
-3.518314e+00 8.293861e+00 
-3.539450e+00 8.393542e+00 
-3.561242e+00 8.493107e+00 
-3.583961e+00 8.592656e+00 
-3.607642e+00 8.692165e+00 
-3.632377e+00 8.791623e+00 
-3.658280e+00 8.891023e+00 
-3.685486e+00 8.990356e+00 
-3.714155e+00 9.089608e+00 
-3.744488e+00 9.188800e+00 
-3.776659e+00 9.287961e+00 
-3.810756e+00 9.387054e+00 
-3.846950e+00 9.486019e+00 
-3.885587e+00 9.584837e+00 
-3.927114e+00 9.683554e+00 
-3.971885e+00 9.782166e+00 
-4.020318e+00 9.880702e+00 
-4.072737e+00 9.979055e+00 
-4.129873e+00 1.007718e+01 
-4.192733e+00 1.017499e+01 
-4.262807e+00 1.027236e+01 
-4.342163e+00 1.036866e+01 
-4.438054e+00 1.046379e+01 
-4.534382e+00 1.054028e+01 
-4.630922e+00 1.060357e+01 
-4.727385e+00 1.065622e+01 
-4.823724e+00 1.069934e+01 
-4.919978e+00 1.073360e+01 
-5.016182e+00 1.075956e+01 
-5.112354e+00 1.077762e+01 
-5.208550e+00 1.078807e+01 
-5.304932e+00 1.079114e+01 
-5.401583e+00 1.078720e+01 
-5.498961e+00 1.077660e+01 
-5.596521e+00 1.076071e+01 
-5.694242e+00 1.073977e+01 
-5.792501e+00 1.071381e+01 
-5.891183e+00 1.068387e+01 
-5.989951e+00 1.065089e+01 
-6.088724e+00 1.061501e+01 
-6.187476e+00 1.057619e+01 
-6.286208e+00 1.053426e+01 
-6.384948e+00 1.048906e+01 
-6.483701e+00 1.044048e+01 
-6.582485e+00 1.038839e+01 
-6.681302e+00 1.033274e+01 
-6.780152e+00 1.027345e+01 
-6.879034e+00 1.021044e+01 
-6.977951e+00 1.014362e+01 
-7.076902e+00 1.007291e+01 
-7.175888e+00 9.998206e+00 
-7.274908e+00 9.919405e+00 
-7.373965e+00 9.836394e+00 
-7.473163e+00 9.748970e+00 
-7.572535e+00 9.657501e+00 
-7.671957e+00 9.562768e+00 
-7.771387e+00 9.464933e+00 
-7.869222e+00 9.365506e+00 
-7.963979e+00 9.266082e+00 
-8.055783e+00 9.166660e+00 
-8.144748e+00 9.067240e+00 
-8.230982e+00 8.967822e+00 
-8.314582e+00 8.868405e+00 
-8.395643e+00 8.768990e+00 
-8.474250e+00 8.669576e+00 
-8.550485e+00 8.570162e+00 
-8.624426e+00 8.470749e+00 
-8.696145e+00 8.371335e+00 
-8.765709e+00 8.271922e+00 
-8.833186e+00 8.172507e+00 
-8.898653e+00 8.073070e+00 
-8.962292e+00 7.973524e+00 
-9.024443e+00 7.873964e+00 
-9.085201e+00 7.774356e+00 
-9.144720e+00 7.674736e+00 
-9.203052e+00 7.575114e+00 
-9.260218e+00 7.475497e+00 
-9.316223e+00 7.375881e+00 
-9.371081e+00 7.276267e+00 
-9.424804e+00 7.176653e+00 
-9.477405e+00 7.077041e+00 
-9.528895e+00 6.977430e+00 
-9.579288e+00 6.877819e+00 
-9.628596e+00 6.778209e+00 
-9.676832e+00 6.678599e+00 
-9.724008e+00 6.578990e+00 
-9.770136e+00 6.479380e+00 
-9.815229e+00 6.379771e+00 
-9.859299e+00 6.280161e+00 
-9.902358e+00 6.180551e+00 
-9.944419e+00 6.080940e+00 
-9.985493e+00 5.981329e+00 
-1.002559e+01 5.881717e+00 
-1.006473e+01 5.782104e+00 
-1.010291e+01 5.682490e+00 
-1.014016e+01 5.582874e+00 
-1.017648e+01 5.483257e+00 
-1.021188e+01 5.383639e+00 
-1.024638e+01 5.284019e+00 
-1.027999e+01 5.184397e+00 
-1.031271e+01 5.084773e+00 
-1.034457e+01 4.985148e+00 
-1.037556e+01 4.885520e+00 
-1.040571e+01 4.785890e+00 
-1.043501e+01 4.686258e+00 
-1.046350e+01 4.586623e+00 
-1.049116e+01 4.486986e+00 
-1.051802e+01 4.387347e+00 
-1.054409e+01 4.287699e+00 
-1.056939e+01 4.188024e+00 
-1.059399e+01 4.088332e+00 
-1.061792e+01 3.988629e+00 
-1.064120e+01 3.888925e+00 
-1.066385e+01 3.789224e+00 
-1.068585e+01 3.689527e+00 
-1.070721e+01 3.589835e+00 
-1.072791e+01 3.490143e+00 
-1.074796e+01 3.390452e+00 
-1.076735e+01 3.290761e+00 
-1.078610e+01 3.191071e+00 
-1.080419e+01 3.091382e+00 
-1.082164e+01 2.991693e+00 
-1.083843e+01 2.892004e+00 
-1.085459e+01 2.792316e+00 
-1.087009e+01 2.692628e+00 
-1.088495e+01 2.592940e+00 
-1.089917e+01 2.493252e+00 
-1.091275e+01 2.393564e+00 
-1.092569e+01 2.293877e+00 
-1.093799e+01 2.194189e+00 
-1.094966e+01 2.094501e+00 
-1.096069e+01 1.994813e+00 
-1.097109e+01 1.895124e+00 
-1.098086e+01 1.795436e+00 
-1.099000e+01 1.695747e+00 
-1.099851e+01 1.596057e+00 
-1.100640e+01 1.496367e+00 
-1.101366e+01 1.396676e+00 
-1.102030e+01 1.296985e+00 
-1.102633e+01 1.197292e+00 
-1.103174e+01 1.097600e+00 
-1.103653e+01 9.979058e-01 
-1.104071e+01 8.982153e-01 
-1.114064e+01 9.017847e-01 
-1.113644e+01 1.002094e+00 
-1.113162e+01 1.102400e+00 
-1.112618e+01 1.202708e+00 
-1.112012e+01 1.303015e+00 
-1.111344e+01 1.403324e+00 
-1.110613e+01 1.503633e+00 
-1.109820e+01 1.603943e+00 
-1.108963e+01 1.704253e+00 
-1.108044e+01 1.804564e+00 
-1.107061e+01 1.904876e+00 
-1.106015e+01 2.005187e+00 
-1.104905e+01 2.105499e+00 
-1.103732e+01 2.205811e+00 
-1.102494e+01 2.306123e+00 
-1.101192e+01 2.406436e+00 
-1.099826e+01 2.506748e+00 
-1.098395e+01 2.607060e+00 
-1.096900e+01 2.707372e+00 
-1.095340e+01 2.807684e+00 
-1.093715e+01 2.907996e+00 
-1.092025e+01 3.008307e+00 
-1.090270e+01 3.108618e+00 
-1.088449e+01 3.208929e+00 
-1.086563e+01 3.309239e+00 
-1.084612e+01 3.409548e+00 
-1.082595e+01 3.509857e+00 
-1.080512e+01 3.610165e+00 
-1.078364e+01 3.710473e+00 
-1.076150e+01 3.810776e+00 
-1.073872e+01 3.911075e+00 
-1.071530e+01 4.011371e+00 
-1.069123e+01 4.111668e+00 
-1.066648e+01 4.211976e+00 
-1.064102e+01 4.312301e+00 
-1.061477e+01 4.412653e+00 
-1.058772e+01 4.513014e+00 
-1.055985e+01 4.613377e+00 
-1.053116e+01 4.713742e+00 
-1.050164e+01 4.814110e+00 
-1.047128e+01 4.914480e+00 
-1.044005e+01 5.014852e+00 
-1.040796e+01 5.115227e+00 
-1.037499e+01 5.215603e+00 
-1.034114e+01 5.315981e+00 
-1.030638e+01 5.416361e+00 
-1.027071e+01 5.516743e+00 
-1.023411e+01 5.617126e+00 
-1.019658e+01 5.717510e+00 
-1.015810e+01 5.817896e+00 
-1.011867e+01 5.918283e+00 
-1.007826e+01 6.018671e+00 
-1.003687e+01 6.119060e+00 
-9.994483e+00 6.219449e+00 
-9.951090e+00 6.319839e+00 
-9.906679e+00 6.420229e+00 
-9.861237e+00 6.520620e+00 
-9.814751e+00 6.621010e+00 
-9.767209e+00 6.721401e+00 
-9.718600e+00 6.821791e+00 
-9.668910e+00 6.922181e+00 
-9.618127e+00 7.022570e+00 
-9.566239e+00 7.122959e+00 
-9.513234e+00 7.223347e+00 
-9.459098e+00 7.323733e+00 
-9.403819e+00 7.424119e+00 
-9.347388e+00 7.524503e+00 
-9.289786e+00 7.624886e+00 
-9.231016e+00 7.725264e+00 
-9.171047e+00 7.825644e+00 
-9.109815e+00 7.926036e+00 
-9.047121e+00 8.026476e+00 
-8.982908e+00 8.126930e+00 
-8.916711e+00 8.227493e+00 
-8.848453e+00 8.328078e+00 
-8.778080e+00 8.428665e+00 
-8.705527e+00 8.529251e+00 
-8.630727e+00 8.629838e+00 
-8.553606e+00 8.730424e+00 
-8.474087e+00 8.831010e+00 
-8.392087e+00 8.931595e+00 
-8.307521e+00 9.032178e+00 
-8.220293e+00 9.132760e+00 
-8.130306e+00 9.233340e+00 
-8.037452e+00 9.333918e+00 
-7.941615e+00 9.434494e+00 
-7.842669e+00 9.535067e+00 
-7.742098e+00 9.634045e+00 
-7.641521e+00 9.729895e+00 
-7.540892e+00 9.822542e+00 
-7.440090e+00 9.911411e+00 
-7.339147e+00 9.996043e+00 
-7.238167e+00 1.007644e+01 
-7.137153e+00 1.015272e+01 
-7.036104e+00 1.022498e+01 
-6.935021e+00 1.029330e+01 
-6.833904e+00 1.035778e+01 
-6.732754e+00 1.041849e+01 
-6.631570e+00 1.047552e+01 
-6.530354e+00 1.052893e+01 
-6.429107e+00 1.057878e+01 
-6.327847e+00 1.062518e+01 
-6.226579e+00 1.066822e+01 
-6.125331e+00 1.070807e+01 
-6.024104e+00 1.074487e+01 
-5.922872e+00 1.077871e+01 
-5.821554e+00 1.080950e+01 
-5.719813e+00 1.083644e+01 
-5.617534e+00 1.085848e+01 
-5.515094e+00 1.087529e+01 
-5.412473e+00 1.088660e+01 
-5.309123e+00 1.089105e+01 
-5.205506e+00 1.088803e+01 
-5.101701e+00 1.087705e+01 
-4.997873e+00 1.085787e+01 
-4.894077e+00 1.083019e+01 
-4.790331e+00 1.079360e+01 
-4.686670e+00 1.074756e+01 
-4.583133e+00 1.069141e+01 
-4.479674e+00 1.062399e+01 
-4.376001e+00 1.054221e+01 
-4.271892e+00 1.043981e+01 
-4.185762e+00 1.033611e+01 
-4.111621e+00 1.023348e+01 
-4.045780e+00 1.013129e+01 
-3.986342e+00 1.002941e+01 
-3.932084e+00 9.927765e+00 
-3.882151e+00 9.826300e+00 
-3.836068e+00 9.724913e+00 
-3.793418e+00 9.623630e+00 
-3.753822e+00 9.522448e+00 
-3.716844e+00 9.421413e+00 
-3.682103e+00 9.320506e+00 
-3.649371e+00 9.219667e+00 
-3.618528e+00 9.118858e+00 
-3.589415e+00 9.018111e+00 
-3.561833e+00 8.917444e+00 
-3.535609e+00 8.816844e+00 
-3.510599e+00 8.716302e+00 
-3.486678e+00 8.615810e+00 
-3.463749e+00 8.515359e+00 
-3.441763e+00 8.414924e+00 
-3.420489e+00 8.314605e+00 
-3.400036e+00 8.214214e+00 
-3.380441e+00 8.113810e+00 
-3.361717e+00 8.013398e+00 
-3.343849e+00 7.912993e+00 
-3.326784e+00 7.812613e+00 
-3.310451e+00 7.712265e+00 
-3.294776e+00 7.611952e+00 
-3.279431e+00 7.511806e+00 
-3.264590e+00 7.411555e+00 
-3.250030e+00 7.311428e+00 
-3.235691e+00 7.211323e+00 
-3.221588e+00 7.111207e+00 
-3.207754e+00 7.011076e+00 
-3.194240e+00 6.910919e+00 
-3.181131e+00 6.810719e+00 
-3.168260e+00 6.710609e+00 
-3.155625e+00 6.610493e+00 
-3.143267e+00 6.510358e+00 
-3.131223e+00 6.410203e+00 
-3.119566e+00 6.310011e+00 
-3.108339e+00 6.209800e+00 
-3.097456e+00 6.109634e+00 
-3.086650e+00 6.009604e+00 
-3.076284e+00 5.909377e+00 
-3.066174e+00 5.809257e+00 
-3.056290e+00 5.709146e+00 
-3.046640e+00 5.609030e+00 
-3.037219e+00 5.508918e+00 
-3.028015e+00 5.408811e+00 
-3.019021e+00 5.308708e+00 
-3.010228e+00 5.208608e+00 
-3.001629e+00 5.108513e+00 
-2.993216e+00 5.008421e+00 
-2.985066e+00 4.908289e+00 
-2.977185e+00 4.808157e+00 
-2.969575e+00 4.708022e+00 
-2.962229e+00 4.607892e+00 
-2.955138e+00 4.507765e+00 
-2.948298e+00 4.407641e+00 
-2.941703e+00 4.307520e+00 
-2.935232e+00 4.207460e+00 
-2.928760e+00 4.107463e+00 
-2.922246e+00 4.007484e+00 
-2.915674e+00 3.907513e+00 
-2.909098e+00 3.807514e+00 
-2.903044e+00 3.707247e+00 
-2.897105e+00 3.607196e+00 
-2.891233e+00 3.507163e+00 
-2.885349e+00 3.407170e+00 
-2.879460e+00 3.307173e+00 
-2.873586e+00 3.207165e+00 
-2.867746e+00 3.107148e+00 
-2.862093e+00 3.007053e+00 
-2.856725e+00 2.906909e+00 
-2.851460e+00 2.806861e+00 
-2.846279e+00 2.706819e+00 
-2.841180e+00 2.606778e+00 
-2.836160e+00 2.506739e+00 
-2.831216e+00 2.406701e+00 
-2.826345e+00 2.306665e+00 
-2.926227e+00 2.301802e+00 
