1.984114e+01 -5.985559e-01 
1.983826e+01 -6.983565e-01 
1.983498e+01 -7.981575e-01 
1.983130e+01 -8.979588e-01 
1.982722e+01 -9.977600e-01 
1.982274e+01 -1.097561e+00 
1.981787e+01 -1.197361e+00 
1.981260e+01 -1.297162e+00 
1.980692e+01 -1.396962e+00 
1.980085e+01 -1.496763e+00 
1.979437e+01 -1.596563e+00 
1.978750e+01 -1.696364e+00 
1.978022e+01 -1.796142e+00 
1.977250e+01 -1.895898e+00 
1.976429e+01 -1.995651e+00 
1.975558e+01 -2.095403e+00 
1.974637e+01 -2.195156e+00 
1.973666e+01 -2.294909e+00 
1.972645e+01 -2.394661e+00 
1.971574e+01 -2.494414e+00 
1.970453e+01 -2.594167e+00 
1.969281e+01 -2.693921e+00 
1.968060e+01 -2.793674e+00 
1.966787e+01 -2.893427e+00 
1.965465e+01 -2.993181e+00 
1.964091e+01 -3.092935e+00 
1.962668e+01 -3.192689e+00 
1.961193e+01 -3.292443e+00 
1.959668e+01 -3.392197e+00 
1.958092e+01 -3.491951e+00 
1.956465e+01 -3.591706e+00 
1.954787e+01 -3.691461e+00 
1.953058e+01 -3.791216e+00 
1.951278e+01 -3.890972e+00 
1.949447e+01 -3.990727e+00 
1.947564e+01 -4.090483e+00 
1.945630e+01 -4.190239e+00 
1.943645e+01 -4.289995e+00 
1.941607e+01 -4.389752e+00 
1.939518e+01 -4.489509e+00 
1.937378e+01 -4.589266e+00 
1.935185e+01 -4.689024e+00 
1.932940e+01 -4.788781e+00 
1.930644e+01 -4.888539e+00 
1.928295e+01 -4.988298e+00 
1.925893e+01 -5.088054e+00 
1.923439e+01 -5.187810e+00 
1.920932e+01 -5.287553e+00 
1.918368e+01 -5.387295e+00 
1.915748e+01 -5.487036e+00 
1.913070e+01 -5.586776e+00 
1.910335e+01 -5.686515e+00 
1.907541e+01 -5.786254e+00 
1.904689e+01 -5.885992e+00 
1.901779e+01 -5.985729e+00 
1.898808e+01 -6.085466e+00 
1.895779e+01 -6.185202e+00 
1.892688e+01 -6.284938e+00 
1.889538e+01 -6.384672e+00 
1.886326e+01 -6.484407e+00 
1.883052e+01 -6.584141e+00 
1.879717e+01 -6.683874e+00 
1.876319e+01 -6.783606e+00 
1.872857e+01 -6.883338e+00 
1.869333e+01 -6.983070e+00 
1.865744e+01 -7.082801e+00 
1.862090e+01 -7.182532e+00 
1.858372e+01 -7.282262e+00 
1.854588e+01 -7.381991e+00 
1.850738e+01 -7.481721e+00 
1.846821e+01 -7.581449e+00 
1.842836e+01 -7.681178e+00 
1.838784e+01 -7.780906e+00 
1.834663e+01 -7.880634e+00 
1.830474e+01 -7.980361e+00 
1.826214e+01 -8.080088e+00 
1.821885e+01 -8.179815e+00 
1.817484e+01 -8.279541e+00 
1.813012e+01 -8.379268e+00 
1.808468e+01 -8.478994e+00 
1.803851e+01 -8.578720e+00 
1.799161e+01 -8.678445e+00 
1.794397e+01 -8.778171e+00 
1.789557e+01 -8.877897e+00 
1.784643e+01 -8.977622e+00 
1.779652e+01 -9.077347e+00 
1.774585e+01 -9.177051e+00 
1.769435e+01 -9.276728e+00 
1.764195e+01 -9.376390e+00 
1.758857e+01 -9.476043e+00 
1.753417e+01 -9.575697e+00 
1.747875e+01 -9.675353e+00 
1.742229e+01 -9.775010e+00 
1.736478e+01 -9.874671e+00 
1.730623e+01 -9.974327e+00 
1.724663e+01 -1.007394e+01 
1.718580e+01 -1.017355e+01 
1.712371e+01 -1.027316e+01 
1.706034e+01 -1.037277e+01 
1.699568e+01 -1.047239e+01 
1.692969e+01 -1.057200e+01 
1.686235e+01 -1.067161e+01 
1.679364e+01 -1.077122e+01 
1.672352e+01 -1.087083e+01 
1.665198e+01 -1.097044e+01 
1.657898e+01 -1.107006e+01 
1.650450e+01 -1.116967e+01 
1.642850e+01 -1.126930e+01 
1.635098e+01 -1.136894e+01 
1.627199e+01 -1.146859e+01 
1.619152e+01 -1.156824e+01 
1.610957e+01 -1.166791e+01 
1.602614e+01 -1.176757e+01 
1.594121e+01 -1.186723e+01 
1.585474e+01 -1.196690e+01 
1.576670e+01 -1.206656e+01 
1.567706e+01 -1.216623e+01 
1.558578e+01 -1.226590e+01 
1.549282e+01 -1.236557e+01 
1.539816e+01 -1.246524e+01 
1.530174e+01 -1.256491e+01 
1.520354e+01 -1.266458e+01 
1.510387e+01 -1.276389e+01 
1.500419e+01 -1.286139e+01 
1.490452e+01 -1.295714e+01 
1.480484e+01 -1.305118e+01 
1.470516e+01 -1.314357e+01 
1.460551e+01 -1.323434e+01 
1.450588e+01 -1.332340e+01 
1.440627e+01 -1.341066e+01 
1.430666e+01 -1.349612e+01 
1.420705e+01 -1.357985e+01 
1.410744e+01 -1.366188e+01 
1.400785e+01 -1.374221e+01 
1.390830e+01 -1.382079e+01 
1.380877e+01 -1.389752e+01 
1.370924e+01 -1.397239e+01 
1.360971e+01 -1.404546e+01 
1.351018e+01 -1.411677e+01 
1.341065e+01 -1.418636e+01 
1.331112e+01 -1.425428e+01 
1.321158e+01 -1.432057e+01 
1.311205e+01 -1.438527e+01 
1.301251e+01 -1.444841e+01 
1.291298e+01 -1.451002e+01 
1.281344e+01 -1.457015e+01 
1.271391e+01 -1.462881e+01 
1.261437e+01 -1.468606e+01 
1.251483e+01 -1.474190e+01 
1.241529e+01 -1.479637e+01 
1.231575e+01 -1.484950e+01 
1.221620e+01 -1.490131e+01 
1.211666e+01 -1.495184e+01 
1.201711e+01 -1.500109e+01 
1.191756e+01 -1.504909e+01 
1.181802e+01 -1.509588e+01 
1.171846e+01 -1.514146e+01 
1.161891e+01 -1.518586e+01 
1.151936e+01 -1.522910e+01 
1.141980e+01 -1.527120e+01 
1.132024e+01 -1.531218e+01 
1.122068e+01 -1.535205e+01 
1.112113e+01 -1.539083e+01 
1.102159e+01 -1.542850e+01 
1.092204e+01 -1.546507e+01 
1.082253e+01 -1.550054e+01 
1.072306e+01 -1.553484e+01 
1.062368e+01 -1.556787e+01 
1.052434e+01 -1.559945e+01 
1.042500e+01 -1.562953e+01 
1.032565e+01 -1.565814e+01 
1.022629e+01 -1.568530e+01 
1.012693e+01 -1.571104e+01 
1.002756e+01 -1.573540e+01 
9.928188e+00 -1.575839e+01 
9.828807e+00 -1.578004e+01 
9.729410e+00 -1.580038e+01 
9.630002e+00 -1.581946e+01 
9.530586e+00 -1.583729e+01 
9.431148e+00 -1.585392e+01 
9.331660e+00 -1.586939e+01 
9.232164e+00 -1.588381e+01 
9.132651e+00 -1.589720e+01 
9.033121e+00 -1.590960e+01 
8.933579e+00 -1.592104e+01 
8.834023e+00 -1.593156e+01 
8.734458e+00 -1.594118e+01 
8.634884e+00 -1.594992e+01 
8.535301e+00 -1.595781e+01 
8.435709e+00 -1.596485e+01 
8.336136e+00 -1.597108e+01 
8.236659e+00 -1.597646e+01 
8.137236e+00 -1.598078e+01 
8.037808e+00 -1.598395e+01 
7.938378e+00 -1.598599e+01 
7.838954e+00 -1.598689e+01 
7.739672e+00 -1.598665e+01 
7.640516e+00 -1.598499e+01 
7.541370e+00 -1.598165e+01 
7.442198e+00 -1.597662e+01 
7.343001e+00 -1.596993e+01 
7.243778e+00 -1.596163e+01 
7.144530e+00 -1.595176e+01 
7.045256e+00 -1.594038e+01 
6.945957e+00 -1.592751e+01 
6.846633e+00 -1.591321e+01 
6.747284e+00 -1.589752e+01 
6.647910e+00 -1.588048e+01 
6.548513e+00 -1.586213e+01 
6.449093e+00 -1.584251e+01 
6.349650e+00 -1.582165e+01 
6.250185e+00 -1.579961e+01 
6.150730e+00 -1.577642e+01 
6.051375e+00 -1.575208e+01 
5.952146e+00 -1.572637e+01 
5.852935e+00 -1.569896e+01 
5.753705e+00 -1.566979e+01 
5.654692e+00 -1.563895e+01 
5.555809e+00 -1.560589e+01 
5.456904e+00 -1.557020e+01 
5.357961e+00 -1.553185e+01 
5.258979e+00 -1.549087e+01 
5.159957e+00 -1.544729e+01 
5.060899e+00 -1.540112e+01 
4.961800e+00 -1.535238e+01 
4.862666e+00 -1.530112e+01 
4.763494e+00 -1.524735e+01 
4.664289e+00 -1.519111e+01 
4.565057e+00 -1.513241e+01 
4.465981e+00 -1.507138e+01 
4.367017e+00 -1.500740e+01 
4.268195e+00 -1.493998e+01 
4.169496e+00 -1.486840e+01 
4.070838e+00 -1.479183e+01 
3.972101e+00 -1.470959e+01 
3.873297e+00 -1.462155e+01 
3.774440e+00 -1.452751e+01 
3.676954e+00 -1.442865e+01 
3.585372e+00 -1.432975e+01 
3.499233e+00 -1.423102e+01 
3.418883e+00 -1.413252e+01 
3.344468e+00 -1.403382e+01 
3.274773e+00 -1.393490e+01 
3.208875e+00 -1.383595e+01 
3.146463e+00 -1.373697e+01 
3.087280e+00 -1.363795e+01 
3.031115e+00 -1.353892e+01 
2.977834e+00 -1.343991e+01 
2.927396e+00 -1.334095e+01 
2.879784e+00 -1.324194e+01 
2.834747e+00 -1.314278e+01 
2.791858e+00 -1.304353e+01 
2.750854e+00 -1.294426e+01 
2.711656e+00 -1.284495e+01 
2.674122e+00 -1.274557e+01 
2.638052e+00 -1.264608e+01 
2.603133e+00 -1.254643e+01 
2.569024e+00 -1.244675e+01 
2.535690e+00 -1.234712e+01 
2.503281e+00 -1.224768e+01 
2.472181e+00 -1.214831e+01 
2.442469e+00 -1.204880e+01 
2.413800e+00 -1.194907e+01 
2.385732e+00 -1.184929e+01 
2.358128e+00 -1.174945e+01 
2.330869e+00 -1.164957e+01 
2.303900e+00 -1.154974e+01 
2.277323e+00 -1.144997e+01 
2.251261e+00 -1.135024e+01 
2.225799e+00 -1.125054e+01 
2.200987e+00 -1.115085e+01 
2.176875e+00 -1.105121e+01 
2.153525e+00 -1.095156e+01 
2.130932e+00 -1.085188e+01 
2.109025e+00 -1.075217e+01 
2.087716e+00 -1.065240e+01 
2.066897e+00 -1.055259e+01 
2.046479e+00 -1.045278e+01 
2.026471e+00 -1.035303e+01 
2.006995e+00 -1.025331e+01 
1.988116e+00 -1.015360e+01 
1.969833e+00 -1.005384e+01 
1.952046e+00 -9.954058e+00 
1.934714e+00 -9.854259e+00 
1.917804e+00 -9.754485e+00 
1.901371e+00 -9.654744e+00 
1.885475e+00 -9.555012e+00 
1.870119e+00 -9.455173e+00 
1.855073e+00 -9.355190e+00 
1.840081e+00 -9.255328e+00 
1.825386e+00 -9.155548e+00 
1.811136e+00 -9.055707e+00 
1.797208e+00 -8.955844e+00 
1.783560e+00 -8.855968e+00 
1.770169e+00 -8.756107e+00 
1.757070e+00 -8.656298e+00 
1.744367e+00 -8.556538e+00 
1.732151e+00 -8.456743e+00 
1.720349e+00 -8.356912e+00 
1.708888e+00 -8.257047e+00 
1.697697e+00 -8.157145e+00 
1.686710e+00 -8.057295e+00 
1.676043e+00 -7.957577e+00 
1.665940e+00 -7.857774e+00 
1.656225e+00 -7.757877e+00 
1.646719e+00 -7.657976e+00 
1.637418e+00 -7.558113e+00 
1.628393e+00 -7.458246e+00 
1.619635e+00 -7.358373e+00 
1.611134e+00 -7.258487e+00 
1.602857e+00 -7.158539e+00 
1.594678e+00 -7.058504e+00 
1.586428e+00 -6.958464e+00 
1.578102e+00 -6.858476e+00 
1.569804e+00 -6.758527e+00 
1.561609e+00 -6.658583e+00 
1.553528e+00 -6.558656e+00 
1.545598e+00 -6.458768e+00 
1.537893e+00 -6.358881e+00 
1.530416e+00 -6.258994e+00 
1.523167e+00 -6.159109e+00 
1.516149e+00 -6.059224e+00 
1.509362e+00 -5.959330e+00 
1.502786e+00 -5.859412e+00 
1.496375e+00 -5.759461e+00 
1.490058e+00 -5.659470e+00 
1.483759e+00 -5.559455e+00 
1.477429e+00 -5.459448e+00 
1.471089e+00 -5.359501e+00 
1.464859e+00 -5.259597e+00 
1.458821e+00 -5.159681e+00 
1.452950e+00 -5.059754e+00 
1.447226e+00 -4.959817e+00 
1.441628e+00 -4.859870e+00 
1.436137e+00 -4.759913e+00 
1.430730e+00 -4.659944e+00 
1.425385e+00 -4.559964e+00 
1.420079e+00 -4.459971e+00 
1.414786e+00 -4.359964e+00 
1.409479e+00 -4.259943e+00 
1.404130e+00 -4.159912e+00 
1.398721e+00 -4.059919e+00 
1.393329e+00 -3.960013e+00 
1.388125e+00 -3.860090e+00 
1.383072e+00 -3.760081e+00 
1.378000e+00 -3.660041e+00 
1.372847e+00 -3.560020e+00 
1.367655e+00 -3.460025e+00 
1.362473e+00 -3.360055e+00 
1.357352e+00 -3.260109e+00 
1.352340e+00 -3.160188e+00 
1.347488e+00 -3.060292e+00 
1.342847e+00 -2.960421e+00 
1.338466e+00 -2.860573e+00 
1.334386e+00 -2.760690e+00 
1.330537e+00 -2.660692e+00 
1.326690e+00 -2.560656e+00 
1.322774e+00 -2.460666e+00 
1.318877e+00 -2.360678e+00 
1.315004e+00 -2.260699e+00 
1.311174e+00 -2.160730e+00 
1.307407e+00 -2.060762e+00 
1.303703e+00 -1.960797e+00 
1.300070e+00 -1.860866e+00 
1.296578e+00 -1.760979e+00 
1.293310e+00 -1.661025e+00 
1.290131e+00 -1.561002e+00 
1.286906e+00 -1.460981e+00 
1.283638e+00 -1.360947e+00 
1.280303e+00 -1.260903e+00 
1.276878e+00 -1.160857e+00 
1.273364e+00 -1.060841e+00 
1.269819e+00 -9.608864e-01 
1.266366e+00 -8.609816e-01 
1.263103e+00 -7.610603e-01 
1.259998e+00 -6.611102e-01 
1.256992e+00 -5.611720e-01 
1.254110e+00 -4.612458e-01 
1.251377e+00 -3.613316e-01 
1.248814e+00 -2.613926e-01 
1.246372e+00 -1.613764e-01 
1.243913e+00 -6.261323e-02 
1.243897e+00 6.137645e-02 
1.246372e+00 1.613926e-01 
1.248813e+00 2.613316e-01 
1.251374e+00 3.612458e-01 
1.254108e+00 4.611720e-01 
1.256990e+00 5.611102e-01 
1.259996e+00 6.610603e-01 
1.263101e+00 7.609816e-01 
1.266363e+00 8.608864e-01 
1.269817e+00 9.608409e-01 
1.273364e+00 1.060857e+00 
1.276880e+00 1.160903e+00 
1.280304e+00 1.260947e+00 
1.283639e+00 1.360981e+00 
1.286907e+00 1.461002e+00 
1.290132e+00 1.561025e+00 
1.293308e+00 1.660979e+00 
1.296574e+00 1.760866e+00 
1.300068e+00 1.860797e+00 
1.303702e+00 1.960762e+00 
1.307405e+00 2.060730e+00 
1.311173e+00 2.160699e+00 
1.315004e+00 2.260678e+00 
1.318876e+00 2.360666e+00 
1.322773e+00 2.460656e+00 
1.326692e+00 2.560692e+00 
1.330537e+00 2.660690e+00 
1.334382e+00 2.760573e+00 
1.338459e+00 2.860421e+00 
1.342841e+00 2.960292e+00 
1.347483e+00 3.060188e+00 
1.352336e+00 3.160109e+00 
1.357349e+00 3.260055e+00 
1.362472e+00 3.360025e+00 
1.367654e+00 3.460020e+00 
1.372848e+00 3.560041e+00 
1.378002e+00 3.660081e+00 
1.383073e+00 3.760090e+00 
1.388121e+00 3.860013e+00 
1.393324e+00 3.959919e+00 
1.398720e+00 4.059912e+00 
1.404132e+00 4.159943e+00 
1.409480e+00 4.259964e+00 
1.414786e+00 4.359971e+00 
1.420078e+00 4.459964e+00 
1.425384e+00 4.559944e+00 
1.430728e+00 4.659913e+00 
1.436134e+00 4.759870e+00 
1.441625e+00 4.859817e+00 
1.447223e+00 4.959754e+00 
1.452946e+00 5.059681e+00 
1.458816e+00 5.159597e+00 
1.464853e+00 5.259501e+00 
1.471086e+00 5.359448e+00 
1.477430e+00 5.459455e+00 
1.483760e+00 5.559470e+00 
1.490058e+00 5.659461e+00 
1.496372e+00 5.759412e+00 
1.502781e+00 5.859330e+00 
1.402997e+00 5.865897e+00 
1.396577e+00 5.765814e+00 
1.390257e+00 5.665765e+00 
1.383957e+00 5.565756e+00 
1.377629e+00 5.465771e+00 
1.371286e+00 5.365779e+00 
1.365047e+00 5.265725e+00 
1.358998e+00 5.165629e+00 
1.353118e+00 5.065546e+00 
1.347386e+00 4.965472e+00 
1.341782e+00 4.865409e+00 
1.336285e+00 4.765356e+00 
1.330874e+00 4.665314e+00 
1.325527e+00 4.565282e+00 
1.320219e+00 4.465263e+00 
1.314926e+00 4.365256e+00 
1.309621e+00 4.265262e+00 
1.304275e+00 4.165283e+00 
1.298866e+00 4.065314e+00 
1.293470e+00 3.965307e+00 
1.288257e+00 3.865214e+00 
1.283200e+00 3.765136e+00 
1.278130e+00 3.665145e+00 
1.272980e+00 3.565186e+00 
1.267789e+00 3.465206e+00 
1.262606e+00 3.365201e+00 
1.257480e+00 3.265172e+00 
1.252462e+00 3.165118e+00 
1.247601e+00 3.065039e+00 
1.242949e+00 2.964934e+00 
1.238555e+00 2.864805e+00 
1.234465e+00 2.764654e+00 
1.230611e+00 2.664536e+00 
1.226766e+00 2.564535e+00 
1.222850e+00 2.464570e+00 
1.218952e+00 2.364561e+00 
1.215078e+00 2.264548e+00 
1.211246e+00 2.164528e+00 
1.207476e+00 2.064496e+00 
1.203771e+00 1.964464e+00 
1.200134e+00 1.864430e+00 
1.196635e+00 1.764360e+00 
1.193362e+00 1.664247e+00 
1.190182e+00 1.564201e+00 
1.186959e+00 1.464225e+00 
1.183693e+00 1.364246e+00 
1.180360e+00 1.264279e+00 
1.176938e+00 1.164324e+00 
1.173426e+00 1.064369e+00 
1.169880e+00 9.643855e-01 
1.166422e+00 8.643401e-01 
1.163154e+00 7.642449e-01 
1.160044e+00 6.641662e-01 
1.157035e+00 5.641162e-01 
1.154150e+00 4.640545e-01 
1.151412e+00 3.639807e-01 
1.148845e+00 2.638948e-01 
1.146402e+00 1.638338e-01 
1.143928e+00 6.385001e-02 
1.143913e+00 -6.261323e-02 
1.146402e+00 -1.638500e-01 
1.148844e+00 -2.638338e-01 
1.151409e+00 -3.638948e-01 
1.154148e+00 -4.639807e-01 
1.157034e+00 -5.640545e-01 
1.160043e+00 -6.641162e-01 
1.163152e+00 -7.641662e-01 
1.166419e+00 -8.642449e-01 
1.169878e+00 -9.643401e-01 
1.173427e+00 -1.064386e+00 
1.176940e+00 -1.164369e+00 
1.180362e+00 -1.264324e+00 
1.183694e+00 -1.364279e+00 
1.186960e+00 -1.464246e+00 
1.190183e+00 -1.564225e+00 
1.193360e+00 -1.664201e+00 
1.196632e+00 -1.764247e+00 
1.200131e+00 -1.864360e+00 
1.203769e+00 -1.964430e+00 
1.207475e+00 -2.064464e+00 
1.211245e+00 -2.164496e+00 
1.215078e+00 -2.264528e+00 
1.218951e+00 -2.364548e+00 
1.222850e+00 -2.464561e+00 
1.226767e+00 -2.564570e+00 
1.230611e+00 -2.664535e+00 
1.234460e+00 -2.764536e+00 
1.238549e+00 -2.864654e+00 
1.242943e+00 -2.964805e+00 
1.247596e+00 -3.064934e+00 
1.252458e+00 -3.165039e+00 
1.257477e+00 -3.265118e+00 
1.262604e+00 -3.365172e+00 
1.267789e+00 -3.465201e+00 
1.272981e+00 -3.565206e+00 
1.278133e+00 -3.665186e+00 
1.283201e+00 -3.765145e+00 
1.288253e+00 -3.865136e+00 
1.293465e+00 -3.965214e+00 
1.298866e+00 -4.065307e+00 
1.304276e+00 -4.165314e+00 
1.309622e+00 -4.265283e+00 
1.314926e+00 -4.365262e+00 
1.320219e+00 -4.465256e+00 
1.325526e+00 -4.565263e+00 
1.330872e+00 -4.665282e+00 
1.336282e+00 -4.765314e+00 
1.341779e+00 -4.865356e+00 
1.347383e+00 -4.965409e+00 
1.353114e+00 -5.065472e+00 
1.358993e+00 -5.165546e+00 
1.365041e+00 -5.265629e+00 
1.371283e+00 -5.365725e+00 
1.377630e+00 -5.465779e+00 
1.383958e+00 -5.565771e+00 
1.390256e+00 -5.665756e+00 
1.396574e+00 -5.765765e+00 
1.402992e+00 -5.865814e+00 
1.409578e+00 -5.965897e+00 
1.416379e+00 -6.066002e+00 
1.423413e+00 -6.166118e+00 
1.430678e+00 -6.266232e+00 
1.438172e+00 -6.366346e+00 
1.445894e+00 -6.466458e+00 
1.453842e+00 -6.566570e+00 
1.461934e+00 -6.666643e+00 
1.470139e+00 -6.766700e+00 
1.478445e+00 -6.866750e+00 
1.486773e+00 -6.966762e+00 
1.495016e+00 -7.066723e+00 
1.503189e+00 -7.166688e+00 
1.511475e+00 -7.266740e+00 
1.519995e+00 -7.366853e+00 
1.528775e+00 -7.466981e+00 
1.537824e+00 -7.567113e+00 
1.547150e+00 -7.667250e+00 
1.556674e+00 -7.767349e+00 
1.566409e+00 -7.867453e+00 
1.576552e+00 -7.967649e+00 
1.587277e+00 -8.067931e+00 
1.598297e+00 -8.168082e+00 
1.609509e+00 -8.268179e+00 
1.621001e+00 -8.368314e+00 
1.632842e+00 -8.468483e+00 
1.645108e+00 -8.568689e+00 
1.657871e+00 -8.668928e+00 
1.671019e+00 -8.769119e+00 
1.684447e+00 -8.869258e+00 
1.698129e+00 -8.969383e+00 
1.712094e+00 -9.069520e+00 
1.726390e+00 -9.169678e+00 
1.741148e+00 -9.269898e+00 
1.756181e+00 -9.370036e+00 
1.771232e+00 -9.470054e+00 
1.786638e+00 -9.570214e+00 
1.802617e+00 -9.670483e+00 
1.819135e+00 -9.770741e+00 
1.836119e+00 -9.870968e+00 
1.853521e+00 -9.971169e+00 
1.871384e+00 -1.007139e+01 
1.889755e+00 -1.017163e+01 
1.908740e+00 -1.027191e+01 
1.928325e+00 -1.037220e+01 
1.948432e+00 -1.047245e+01 
1.968926e+00 -1.057263e+01 
1.989823e+00 -1.067282e+01 
2.011231e+00 -1.077306e+01 
2.033261e+00 -1.087334e+01 
2.055999e+00 -1.097367e+01 
2.079512e+00 -1.107402e+01 
2.103792e+00 -1.117437e+01 
2.128760e+00 -1.127469e+01 
2.154370e+00 -1.137498e+01 
2.180572e+00 -1.147525e+01 
2.207270e+00 -1.157548e+01 
2.234329e+00 -1.167565e+01 
2.261656e+00 -1.177578e+01 
2.289348e+00 -1.187594e+01 
2.317535e+00 -1.197615e+01 
2.346361e+00 -1.207643e+01 
2.376360e+00 -1.217692e+01 
2.407844e+00 -1.227755e+01 
2.440611e+00 -1.237811e+01 
2.474191e+00 -1.247848e+01 
2.508519e+00 -1.257880e+01 
2.543677e+00 -1.267915e+01 
2.580108e+00 -1.277965e+01 
2.618105e+00 -1.288028e+01 
2.657836e+00 -1.298097e+01 
2.699430e+00 -1.308170e+01 
2.742948e+00 -1.318244e+01 
2.788732e+00 -1.328329e+01 
2.837270e+00 -1.338428e+01 
2.888733e+00 -1.348531e+01 
2.943051e+00 -1.358630e+01 
3.000292e+00 -1.368728e+01 
3.060621e+00 -1.378826e+01 
3.124280e+00 -1.388928e+01 
3.191532e+00 -1.399032e+01 
3.262714e+00 -1.409141e+01 
3.339021e+00 -1.419271e+01 
3.421728e+00 -1.429421e+01 
3.510005e+00 -1.439548e+01 
3.603570e+00 -1.449658e+01 
3.703221e+00 -1.459771e+01 
3.804363e+00 -1.469399e+01 
3.905559e+00 -1.478423e+01 
4.006822e+00 -1.486865e+01 
4.108165e+00 -1.494738e+01 
4.209465e+00 -1.502092e+01 
4.310644e+00 -1.509000e+01 
4.411679e+00 -1.515536e+01 
4.512603e+00 -1.521755e+01 
4.613372e+00 -1.527717e+01 
4.714167e+00 -1.533434e+01 
4.814994e+00 -1.538903e+01 
4.915861e+00 -1.544121e+01 
5.016762e+00 -1.549085e+01 
5.117703e+00 -1.553792e+01 
5.218681e+00 -1.558239e+01 
5.319700e+00 -1.562424e+01 
5.420757e+00 -1.566343e+01 
5.521851e+00 -1.569995e+01 
5.622969e+00 -1.573379e+01 
5.723955e+00 -1.576527e+01 
5.824725e+00 -1.579490e+01 
5.925514e+00 -1.582276e+01 
6.026286e+00 -1.584888e+01 
6.126930e+00 -1.587355e+01 
6.227475e+00 -1.589700e+01 
6.328010e+00 -1.591928e+01 
6.428568e+00 -1.594038e+01 
6.529147e+00 -1.596023e+01 
6.629750e+00 -1.597882e+01 
6.730377e+00 -1.599608e+01 
6.831028e+00 -1.601199e+01 
6.931703e+00 -1.602649e+01 
7.032404e+00 -1.603955e+01 
7.133130e+00 -1.605111e+01 
7.233882e+00 -1.606114e+01 
7.334659e+00 -1.606958e+01 
7.435462e+00 -1.607639e+01 
7.536291e+00 -1.608152e+01 
7.637145e+00 -1.608493e+01 
7.737988e+00 -1.608664e+01 
7.838706e+00 -1.608689e+01 
7.939283e+00 -1.608599e+01 
8.039853e+00 -1.608393e+01 
8.140424e+00 -1.608073e+01 
8.241001e+00 -1.607636e+01 
8.341525e+00 -1.607094e+01 
8.441951e+00 -1.606466e+01 
8.542359e+00 -1.605756e+01 
8.642777e+00 -1.604961e+01 
8.743203e+00 -1.604079e+01 
8.843638e+00 -1.603109e+01 
8.944082e+00 -1.602049e+01 
9.044539e+00 -1.600894e+01 
9.145010e+00 -1.599643e+01 
9.245496e+00 -1.598292e+01 
9.346000e+00 -1.596836e+01 
9.446513e+00 -1.595273e+01 
9.547075e+00 -1.593592e+01 
9.647658e+00 -1.591788e+01 
9.748250e+00 -1.589859e+01 
9.848853e+00 -1.587801e+01 
9.949472e+00 -1.585610e+01 
1.005010e+01 -1.583283e+01 
1.015073e+01 -1.580817e+01 
1.025137e+01 -1.578210e+01 
1.035201e+01 -1.575460e+01 
1.045266e+01 -1.572563e+01 
1.055332e+01 -1.569516e+01 
1.065398e+01 -1.566317e+01 
1.075460e+01 -1.562974e+01 
1.085513e+01 -1.559508e+01 
1.095562e+01 -1.555927e+01 
1.105607e+01 -1.552237e+01 
1.115653e+01 -1.548436e+01 
1.125698e+01 -1.544523e+01 
1.135742e+01 -1.540501e+01 
1.145786e+01 -1.536367e+01 
1.155830e+01 -1.532121e+01 
1.165875e+01 -1.527758e+01 
1.175920e+01 -1.523279e+01 
1.185964e+01 -1.518680e+01 
1.196010e+01 -1.513960e+01 
1.206055e+01 -1.509116e+01 
1.216100e+01 -1.504147e+01 
1.226146e+01 -1.499049e+01 
1.236191e+01 -1.493821e+01 
1.246237e+01 -1.488459e+01 
1.256283e+01 -1.482962e+01 
1.266329e+01 -1.477327e+01 
1.276375e+01 -1.471550e+01 
1.286422e+01 -1.465630e+01 
1.296468e+01 -1.459562e+01 
1.306515e+01 -1.453343e+01 
1.316561e+01 -1.446971e+01 
1.326608e+01 -1.440442e+01 
1.336654e+01 -1.433752e+01 
1.346701e+01 -1.426896e+01 
1.356748e+01 -1.419872e+01 
1.366795e+01 -1.412675e+01 
1.376842e+01 -1.405300e+01 
1.386889e+01 -1.397743e+01 
1.396936e+01 -1.389999e+01 
1.406981e+01 -1.382071e+01 
1.417022e+01 -1.373972e+01 
1.427062e+01 -1.365705e+01 
1.437100e+01 -1.357268e+01 
1.447139e+01 -1.348655e+01 
1.457178e+01 -1.339862e+01 
1.467215e+01 -1.330889e+01 
1.477250e+01 -1.321750e+01 
1.487282e+01 -1.312452e+01 
1.497314e+01 -1.302987e+01 
1.507347e+01 -1.293351e+01 
1.517379e+01 -1.283538e+01 
1.527412e+01 -1.273542e+01 
1.537298e+01 -1.263509e+01 
1.547003e+01 -1.253476e+01 
1.556533e+01 -1.243443e+01 
1.565891e+01 -1.233410e+01 
1.575080e+01 -1.223377e+01 
1.584105e+01 -1.213344e+01 
1.592968e+01 -1.203310e+01 
1.601674e+01 -1.193277e+01 
1.610225e+01 -1.183243e+01 
1.618625e+01 -1.173209e+01 
1.626876e+01 -1.163176e+01 
1.634979e+01 -1.153141e+01 
1.642935e+01 -1.143106e+01 
1.650742e+01 -1.133070e+01 
1.658400e+01 -1.123033e+01 
1.665907e+01 -1.112994e+01 
1.673264e+01 -1.102956e+01 
1.680474e+01 -1.092917e+01 
1.687541e+01 -1.082878e+01 
1.694466e+01 -1.072839e+01 
1.701253e+01 -1.062800e+01 
1.707904e+01 -1.052761e+01 
1.714422e+01 -1.042723e+01 
1.720808e+01 -1.032684e+01 
1.727066e+01 -1.022645e+01 
1.733197e+01 -1.012606e+01 
1.739204e+01 -1.002567e+01 
1.745100e+01 -9.925329e+00 
1.750890e+01 -9.824990e+00 
1.756575e+01 -9.724647e+00 
1.762156e+01 -9.624303e+00 
1.767634e+01 -9.523957e+00 
1.773010e+01 -9.423610e+00 
1.778286e+01 -9.323272e+00 
1.783469e+01 -9.222949e+00 
1.788566e+01 -9.122653e+00 
1.793585e+01 -9.022378e+00 
1.798527e+01 -8.922103e+00 
1.803393e+01 -8.821829e+00 
1.808184e+01 -8.721555e+00 
1.812900e+01 -8.621280e+00 
1.817543e+01 -8.521006e+00 
1.822112e+01 -8.420732e+00 
1.826609e+01 -8.320459e+00 
1.831034e+01 -8.220185e+00 
1.835387e+01 -8.119912e+00 
1.839670e+01 -8.019639e+00 
1.843883e+01 -7.919366e+00 
1.848026e+01 -7.819094e+00 
1.852101e+01 -7.718822e+00 
1.856107e+01 -7.618551e+00 
1.860045e+01 -7.518279e+00 
1.863917e+01 -7.418009e+00 
1.867722e+01 -7.317738e+00 
1.871460e+01 -7.217468e+00 
1.875134e+01 -7.117199e+00 
1.878742e+01 -7.016930e+00 
1.882286e+01 -6.916662e+00 
1.885766e+01 -6.816394e+00 
1.889182e+01 -6.716126e+00 
1.892536e+01 -6.615859e+00 
1.895827e+01 -6.515593e+00 
1.899056e+01 -6.415328e+00 
1.902224e+01 -6.315062e+00 
1.905331e+01 -6.214798e+00 
1.908377e+01 -6.114534e+00 
1.911363e+01 -6.014271e+00 
1.914289e+01 -5.914008e+00 
1.917156e+01 -5.813746e+00 
1.919964e+01 -5.713485e+00 
1.922714e+01 -5.613224e+00 
1.925406e+01 -5.512964e+00 
1.928040e+01 -5.412705e+00 
1.930617e+01 -5.312447e+00 
1.933137e+01 -5.212190e+00 
1.935604e+01 -5.111946e+00 
1.938017e+01 -5.011702e+00 
1.940377e+01 -4.911461e+00 
1.942686e+01 -4.811219e+00 
1.944941e+01 -4.710976e+00 
1.947145e+01 -4.610734e+00 
1.949296e+01 -4.510491e+00 
1.951395e+01 -4.410248e+00 
1.953442e+01 -4.310005e+00 
1.955438e+01 -4.209761e+00 
1.957381e+01 -4.109517e+00 
1.959273e+01 -4.009273e+00 
1.961114e+01 -3.909028e+00 
1.962903e+01 -3.808784e+00 
1.964640e+01 -3.708539e+00 
1.966327e+01 -3.608294e+00 
1.967962e+01 -3.508049e+00 
1.969545e+01 -3.407803e+00 
1.971078e+01 -3.307557e+00 
1.972560e+01 -3.207311e+00 
1.973991e+01 -3.107065e+00 
1.975371e+01 -3.006819e+00 
1.976701e+01 -2.906573e+00 
1.977979e+01 -2.806326e+00 
1.979207e+01 -2.706079e+00 
1.980385e+01 -2.605833e+00 
1.981512e+01 -2.505586e+00 
1.982588e+01 -2.405339e+00 
1.983614e+01 -2.305091e+00 
1.984590e+01 -2.204844e+00 
1.985516e+01 -2.104597e+00 
1.986391e+01 -2.004349e+00 
1.987217e+01 -1.904102e+00 
1.987993e+01 -1.803858e+00 
1.988723e+01 -1.703636e+00 
1.989414e+01 -1.603437e+00 
1.990064e+01 -1.503237e+00 
1.990674e+01 -1.403038e+00 
1.991243e+01 -1.302838e+00 
1.991773e+01 -1.202639e+00 
1.992263e+01 -1.102439e+00 
1.992712e+01 -1.002240e+00 
1.993121e+01 -9.020412e-01 
1.993491e+01 -8.018425e-01 
1.993820e+01 -7.016435e-01 
1.994110e+01 -6.014441e-01 
1.984114e+01 -5.985559e-01 
