1.180752e+00 8.979618e+00 
1.191227e+00 9.079395e+00 
1.202155e+00 9.179163e+00 
1.213553e+00 9.278921e+00 
1.225442e+00 9.378669e+00 
1.237845e+00 9.478404e+00 
1.250786e+00 9.578129e+00 
1.264296e+00 9.677897e+00 
1.278305e+00 9.777819e+00 
1.292480e+00 9.877775e+00 
1.306743e+00 9.977709e+00 
1.321125e+00 1.007754e+01 
1.335845e+00 1.017725e+01 
1.351144e+00 1.027695e+01 
1.367077e+00 1.037663e+01 
1.383669e+00 1.047629e+01 
1.400953e+00 1.057594e+01 
1.418963e+00 1.067558e+01 
1.437741e+00 1.077520e+01 
1.457332e+00 1.087486e+01 
1.477651e+00 1.097466e+01 
1.498425e+00 1.107451e+01 
1.519501e+00 1.117438e+01 
1.540822e+00 1.127407e+01 
1.562797e+00 1.137374e+01 
1.585487e+00 1.147340e+01 
1.608908e+00 1.157305e+01 
1.633080e+00 1.167270e+01 
1.658016e+00 1.177235e+01 
1.683720e+00 1.187199e+01 
1.710206e+00 1.197164e+01 
1.737482e+00 1.207127e+01 
1.765594e+00 1.217095e+01 
1.794394e+00 1.227059e+01 
1.824047e+00 1.237029e+01 
1.854401e+00 1.247010e+01 
1.885217e+00 1.256996e+01 
1.916342e+00 1.266980e+01 
1.947804e+00 1.276953e+01 
1.979875e+00 1.286925e+01 
2.012587e+00 1.296896e+01 
2.045962e+00 1.306864e+01 
2.080099e+00 1.316829e+01 
2.115037e+00 1.326793e+01 
2.150810e+00 1.336752e+01 
2.187545e+00 1.346698e+01 
2.225549e+00 1.356640e+01 
2.264965e+00 1.366579e+01 
2.305939e+00 1.376522e+01 
2.348418e+00 1.386478e+01 
2.392042e+00 1.396436e+01 
2.436757e+00 1.406394e+01 
2.482556e+00 1.416350e+01 
2.529401e+00 1.426275e+01 
2.578252e+00 1.436196e+01 
2.629337e+00 1.446123e+01 
2.682552e+00 1.456056e+01 
2.737708e+00 1.465986e+01 
2.795020e+00 1.475924e+01 
2.854277e+00 1.485865e+01 
2.915383e+00 1.495804e+01 
2.978455e+00 1.505742e+01 
3.043610e+00 1.515676e+01 
3.111017e+00 1.525607e+01 
3.180842e+00 1.535536e+01 
3.253275e+00 1.545461e+01 
3.328555e+00 1.555383e+01 
3.406974e+00 1.565304e+01 
3.488667e+00 1.575220e+01 
3.574026e+00 1.585131e+01 
3.663809e+00 1.595062e+01 
3.757131e+00 1.605005e+01 
3.853404e+00 1.614947e+01 
3.952814e+00 1.624882e+01 
4.052208e+00 1.634492e+01 
4.151588e+00 1.643784e+01 
4.250952e+00 1.652766e+01 
4.350302e+00 1.661443e+01 
4.449638e+00 1.669824e+01 
4.548961e+00 1.677915e+01 
4.648271e+00 1.685723e+01 
4.747570e+00 1.693253e+01 
4.846858e+00 1.700512e+01 
4.946176e+00 1.707510e+01 
5.045591e+00 1.714270e+01 
5.145019e+00 1.720829e+01 
5.244433e+00 1.727194e+01 
5.343833e+00 1.733365e+01 
5.443220e+00 1.739344e+01 
5.542592e+00 1.745130e+01 
5.641958e+00 1.750725e+01 
5.741385e+00 1.756136e+01 
5.840987e+00 1.761388e+01 
5.940596e+00 1.766528e+01 
6.040196e+00 1.771557e+01 
6.139787e+00 1.776474e+01 
6.239370e+00 1.781278e+01 
6.338944e+00 1.785969e+01 
6.438510e+00 1.790546e+01 
6.538067e+00 1.795008e+01 
6.637616e+00 1.799355e+01 
6.737158e+00 1.803585e+01 
6.836692e+00 1.807698e+01 
6.936219e+00 1.811695e+01 
7.035738e+00 1.815574e+01 
7.135248e+00 1.819335e+01 
7.234745e+00 1.822977e+01 
7.334196e+00 1.826498e+01 
7.433628e+00 1.829888e+01 
7.533030e+00 1.833145e+01 
7.632423e+00 1.836264e+01 
7.731808e+00 1.839244e+01 
7.831185e+00 1.842087e+01 
7.930552e+00 1.844790e+01 
8.029916e+00 1.847354e+01 
8.129318e+00 1.849780e+01 
8.228837e+00 1.852080e+01 
8.328371e+00 1.854277e+01 
8.427898e+00 1.856374e+01 
8.527420e+00 1.858371e+01 
8.626942e+00 1.860268e+01 
8.726507e+00 1.862065e+01 
8.826155e+00 1.863773e+01 
8.925801e+00 1.865408e+01 
9.025438e+00 1.866969e+01 
9.125067e+00 1.868455e+01 
9.224687e+00 1.869865e+01 
9.324300e+00 1.871197e+01 
9.423903e+00 1.872449e+01 
9.523499e+00 1.873621e+01 
9.623085e+00 1.874711e+01 
9.722663e+00 1.875716e+01 
9.822233e+00 1.876637e+01 
9.921794e+00 1.877471e+01 
1.002135e+01 1.878216e+01 
1.012089e+01 1.878872e+01 
1.022042e+01 1.879436e+01 
1.031995e+01 1.879907e+01 
1.041947e+01 1.880284e+01 
1.051898e+01 1.880564e+01 
1.061848e+01 1.880747e+01 
1.071797e+01 1.880831e+01 
1.081746e+01 1.880813e+01 
1.091693e+01 1.880694e+01 
1.101640e+01 1.880470e+01 
1.111586e+01 1.880140e+01 
1.121532e+01 1.879703e+01 
1.131477e+01 1.879157e+01 
1.141426e+01 1.878500e+01 
1.151391e+01 1.877741e+01 
1.161357e+01 1.876909e+01 
1.171323e+01 1.876011e+01 
1.181289e+01 1.875045e+01 
1.191254e+01 1.874008e+01 
1.201218e+01 1.872901e+01 
1.211182e+01 1.871722e+01 
1.221145e+01 1.870469e+01 
1.231108e+01 1.869141e+01 
1.241071e+01 1.867737e+01 
1.251032e+01 1.866255e+01 
1.260993e+01 1.864695e+01 
1.270954e+01 1.863054e+01 
1.280914e+01 1.861332e+01 
1.290874e+01 1.859527e+01 
1.300833e+01 1.857637e+01 
1.310792e+01 1.855662e+01 
1.320751e+01 1.853601e+01 
1.330710e+01 1.851450e+01 
1.340670e+01 1.849212e+01 
1.350632e+01 1.846888e+01 
1.360593e+01 1.844481e+01 
1.370555e+01 1.841990e+01 
1.380516e+01 1.839416e+01 
1.390478e+01 1.836757e+01 
1.400439e+01 1.834012e+01 
1.410400e+01 1.831180e+01 
1.420361e+01 1.828261e+01 
1.430322e+01 1.825254e+01 
1.440283e+01 1.822158e+01 
1.450243e+01 1.818971e+01 
1.460204e+01 1.815694e+01 
1.470164e+01 1.812324e+01 
1.480124e+01 1.808860e+01 
1.490084e+01 1.805303e+01 
1.500045e+01 1.801650e+01 
1.510005e+01 1.797901e+01 
1.519968e+01 1.794054e+01 
1.529934e+01 1.790115e+01 
1.539900e+01 1.786091e+01 
1.549865e+01 1.781981e+01 
1.559830e+01 1.777783e+01 
1.569795e+01 1.773497e+01 
1.579760e+01 1.769119e+01 
1.589724e+01 1.764650e+01 
1.599688e+01 1.760086e+01 
1.609652e+01 1.755427e+01 
1.619616e+01 1.750671e+01 
1.629579e+01 1.745815e+01 
1.639544e+01 1.740858e+01 
1.649515e+01 1.735800e+01 
1.659487e+01 1.730660e+01 
1.669458e+01 1.725439e+01 
1.679429e+01 1.720135e+01 
1.689400e+01 1.714746e+01 
1.699370e+01 1.709272e+01 
1.709341e+01 1.703710e+01 
1.719311e+01 1.698059e+01 
1.729281e+01 1.692317e+01 
1.739250e+01 1.686482e+01 
1.749220e+01 1.680553e+01 
1.759189e+01 1.674528e+01 
1.769158e+01 1.668404e+01 
1.779127e+01 1.662179e+01 
1.789095e+01 1.655852e+01 
1.799064e+01 1.649421e+01 
1.809032e+01 1.642882e+01 
1.819000e+01 1.636233e+01 
1.828967e+01 1.629473e+01 
1.838935e+01 1.622598e+01 
1.848902e+01 1.615605e+01 
1.858869e+01 1.608493e+01 
1.868836e+01 1.601258e+01 
1.878802e+01 1.593897e+01 
1.888768e+01 1.586407e+01 
1.898735e+01 1.578784e+01 
1.908701e+01 1.571025e+01 
1.918666e+01 1.563127e+01 
1.928632e+01 1.555086e+01 
1.938597e+01 1.546898e+01 
1.948562e+01 1.538558e+01 
1.958527e+01 1.530063e+01 
1.968492e+01 1.521407e+01 
1.978457e+01 1.512587e+01 
1.988422e+01 1.503596e+01 
1.998390e+01 1.494428e+01 
2.008365e+01 1.485096e+01 
2.018341e+01 1.475635e+01 
2.028316e+01 1.466046e+01 
2.038292e+01 1.456324e+01 
2.048267e+01 1.446468e+01 
2.058224e+01 1.436492e+01 
2.068043e+01 1.426517e+01 
2.077727e+01 1.416542e+01 
2.087278e+01 1.406567e+01 
2.096696e+01 1.396595e+01 
2.105970e+01 1.386623e+01 
2.115100e+01 1.376652e+01 
2.124092e+01 1.366680e+01 
2.132946e+01 1.356708e+01 
2.141667e+01 1.346737e+01 
2.150256e+01 1.336765e+01 
2.158717e+01 1.326794e+01 
2.167051e+01 1.316822e+01 
2.175261e+01 1.306850e+01 
2.183349e+01 1.296879e+01 
2.191317e+01 1.286907e+01 
2.199169e+01 1.276935e+01 
2.206904e+01 1.266964e+01 
2.214526e+01 1.256992e+01 
2.222037e+01 1.247020e+01 
2.229437e+01 1.237049e+01 
2.236729e+01 1.227077e+01 
2.243915e+01 1.217105e+01 
2.250996e+01 1.207133e+01 
2.257974e+01 1.197162e+01 
2.264850e+01 1.187190e+01 
2.271626e+01 1.177218e+01 
2.278303e+01 1.167246e+01 
2.284882e+01 1.157275e+01 
2.291365e+01 1.147303e+01 
2.297753e+01 1.137331e+01 
2.304047e+01 1.127359e+01 
2.310249e+01 1.117388e+01 
2.316359e+01 1.107416e+01 
2.322378e+01 1.097444e+01 
2.328309e+01 1.087473e+01 
2.334150e+01 1.077501e+01 
2.339905e+01 1.067529e+01 
2.345573e+01 1.057558e+01 
2.351155e+01 1.047586e+01 
2.356653e+01 1.037614e+01 
2.362068e+01 1.027640e+01 
2.367409e+01 1.017662e+01 
2.372688e+01 1.007683e+01 
2.377906e+01 9.977043e+00 
2.383064e+01 9.877256e+00 
2.388161e+01 9.777469e+00 
2.393198e+01 9.677684e+00 
2.398175e+01 9.577898e+00 
2.403092e+01 9.478114e+00 
2.407950e+01 9.378330e+00 
2.412749e+01 9.278546e+00 
2.417489e+01 9.178763e+00 
2.422170e+01 9.078981e+00 
2.426793e+01 8.979200e+00 
2.431358e+01 8.879419e+00 
2.435865e+01 8.779639e+00 
2.440314e+01 8.679859e+00 
2.444705e+01 8.580080e+00 
2.449039e+01 8.480304e+00 
2.453315e+01 8.380528e+00 
2.457534e+01 8.280753e+00 
2.461695e+01 8.180978e+00 
2.465800e+01 8.081203e+00 
2.469848e+01 7.981429e+00 
2.473839e+01 7.881654e+00 
2.477775e+01 7.781880e+00 
2.481654e+01 7.682106e+00 
2.485478e+01 7.582331e+00 
2.489247e+01 7.482557e+00 
2.492962e+01 7.382783e+00 
2.496621e+01 7.283008e+00 
2.500227e+01 7.183234e+00 
2.503778e+01 7.083459e+00 
2.507276e+01 6.983685e+00 
2.510720e+01 6.883910e+00 
2.514111e+01 6.784135e+00 
2.517449e+01 6.684361e+00 
2.520735e+01 6.584585e+00 
2.523969e+01 6.484810e+00 
2.527150e+01 6.385035e+00 
2.530280e+01 6.285259e+00 
2.533358e+01 6.185483e+00 
2.536386e+01 6.085707e+00 
2.539362e+01 5.985930e+00 
2.542288e+01 5.886154e+00 
2.545164e+01 5.786376e+00 
2.547989e+01 5.686599e+00 
2.550765e+01 5.586821e+00 
2.553492e+01 5.487043e+00 
2.556169e+01 5.387264e+00 
2.558797e+01 5.287485e+00 
2.561376e+01 5.187710e+00 
2.563906e+01 5.087953e+00 
2.566382e+01 4.988222e+00 
2.568800e+01 4.888496e+00 
2.571157e+01 4.788770e+00 
2.573456e+01 4.689043e+00 
2.575696e+01 4.589315e+00 
2.577878e+01 4.489587e+00 
2.580001e+01 4.389858e+00 
2.582067e+01 4.290129e+00 
2.584076e+01 4.190398e+00 
2.586027e+01 4.090668e+00 
2.587922e+01 3.990936e+00 
2.589761e+01 3.891196e+00 
2.591545e+01 3.791450e+00 
2.593276e+01 3.691708e+00 
2.594954e+01 3.591967e+00 
2.596577e+01 3.492227e+00 
2.598147e+01 3.392488e+00 
2.599663e+01 3.292750e+00 
2.601124e+01 3.193012e+00 
2.602532e+01 3.093275e+00 
2.603886e+01 2.993531e+00 
2.605188e+01 2.893728e+00 
2.606450e+01 2.793927e+00 
2.607671e+01 2.694126e+00 
2.608852e+01 2.594326e+00 
2.609992e+01 2.494526e+00 
2.611091e+01 2.394727e+00 
2.612150e+01 2.294929e+00 
2.613167e+01 2.195132e+00 
2.614143e+01 2.095335e+00 
2.615079e+01 1.995539e+00 
2.615973e+01 1.895743e+00 
2.616826e+01 1.795949e+00 
2.617637e+01 1.696155e+00 
2.618407e+01 1.596361e+00 
2.619135e+01 1.496569e+00 
2.619821e+01 1.396777e+00 
2.620466e+01 1.296985e+00 
2.621069e+01 1.197194e+00 
2.621630e+01 1.097404e+00 
2.622149e+01 9.976149e-01 
2.622625e+01 8.978260e-01 
2.623060e+01 7.980378e-01 
2.623452e+01 6.982502e-01 
2.623801e+01 5.984632e-01 
2.633796e+01 6.015368e-01 
2.633445e+01 7.017498e-01 
2.633052e+01 8.019622e-01 
2.632616e+01 9.021740e-01 
2.632137e+01 1.002385e+00 
2.631616e+01 1.102596e+00 
2.631053e+01 1.202806e+00 
2.630448e+01 1.303015e+00 
2.629801e+01 1.403223e+00 
2.629111e+01 1.503431e+00 
2.628380e+01 1.603639e+00 
2.627607e+01 1.703845e+00 
2.626793e+01 1.804051e+00 
2.625936e+01 1.904257e+00 
2.625039e+01 2.004461e+00 
2.624100e+01 2.104665e+00 
2.623120e+01 2.204868e+00 
2.622098e+01 2.305071e+00 
2.621036e+01 2.405273e+00 
2.619932e+01 2.505474e+00 
2.618787e+01 2.605674e+00 
2.617602e+01 2.705874e+00 
2.616376e+01 2.806073e+00 
2.615109e+01 2.906272e+00 
2.613802e+01 3.006469e+00 
2.612441e+01 3.106725e+00 
2.611026e+01 3.206988e+00 
2.609557e+01 3.307250e+00 
2.608033e+01 3.407512e+00 
2.606456e+01 3.507773e+00 
2.604824e+01 3.608033e+00 
2.603138e+01 3.708292e+00 
2.601398e+01 3.808550e+00 
2.599605e+01 3.908804e+00 
2.597757e+01 4.009064e+00 
2.595852e+01 4.109332e+00 
2.593890e+01 4.209602e+00 
2.591871e+01 4.309871e+00 
2.589794e+01 4.410142e+00 
2.587659e+01 4.510413e+00 
2.585465e+01 4.610685e+00 
2.583213e+01 4.710957e+00 
2.580902e+01 4.811230e+00 
2.578531e+01 4.911504e+00 
2.576101e+01 5.011778e+00 
2.573612e+01 5.112047e+00 
2.571070e+01 5.212290e+00 
2.568479e+01 5.312515e+00 
2.565839e+01 5.412736e+00 
2.563150e+01 5.512957e+00 
2.560412e+01 5.613179e+00 
2.557624e+01 5.713401e+00 
2.554785e+01 5.813624e+00 
2.551897e+01 5.913846e+00 
2.548958e+01 6.014070e+00 
2.545968e+01 6.114293e+00 
2.542928e+01 6.214517e+00 
2.539836e+01 6.314741e+00 
2.536692e+01 6.414965e+00 
2.533496e+01 6.515190e+00 
2.530248e+01 6.615415e+00 
2.526947e+01 6.715639e+00 
2.523594e+01 6.815865e+00 
2.520188e+01 6.916090e+00 
2.516728e+01 7.016315e+00 
2.513215e+01 7.116541e+00 
2.509648e+01 7.216766e+00 
2.506026e+01 7.316992e+00 
2.502350e+01 7.417217e+00 
2.498619e+01 7.517443e+00 
2.494833e+01 7.617669e+00 
2.490992e+01 7.717894e+00 
2.487095e+01 7.818120e+00 
2.483142e+01 7.918346e+00 
2.479132e+01 8.018571e+00 
2.475066e+01 8.118797e+00 
2.470944e+01 8.219022e+00 
2.466763e+01 8.319247e+00 
2.462526e+01 8.419472e+00 
2.458230e+01 8.519696e+00 
2.453877e+01 8.619920e+00 
2.449467e+01 8.720141e+00 
2.444998e+01 8.820361e+00 
2.440472e+01 8.920581e+00 
2.435887e+01 9.020800e+00 
2.431244e+01 9.121019e+00 
2.426542e+01 9.221237e+00 
2.421782e+01 9.321454e+00 
2.416962e+01 9.421670e+00 
2.412083e+01 9.521886e+00 
2.407145e+01 9.622102e+00 
2.402146e+01 9.722316e+00 
2.397088e+01 9.822531e+00 
2.391969e+01 9.922744e+00 
2.386790e+01 1.002296e+01 
2.381550e+01 1.012317e+01 
2.376249e+01 1.022338e+01 
2.370885e+01 1.032360e+01 
2.365441e+01 1.042386e+01 
2.359913e+01 1.052414e+01 
2.354299e+01 1.062442e+01 
2.348599e+01 1.072471e+01 
2.342812e+01 1.082499e+01 
2.336937e+01 1.092527e+01 
2.330973e+01 1.102556e+01 
2.324920e+01 1.112584e+01 
2.318776e+01 1.122612e+01 
2.312539e+01 1.132641e+01 
2.306210e+01 1.142669e+01 
2.299786e+01 1.152697e+01 
2.293266e+01 1.162725e+01 
2.286650e+01 1.172754e+01 
2.279935e+01 1.182782e+01 
2.273122e+01 1.192810e+01 
2.266207e+01 1.202838e+01 
2.259190e+01 1.212867e+01 
2.252069e+01 1.222895e+01 
2.244842e+01 1.232923e+01 
2.237509e+01 1.242951e+01 
2.230067e+01 1.252980e+01 
2.222514e+01 1.263008e+01 
2.214849e+01 1.273036e+01 
2.207070e+01 1.283065e+01 
2.199174e+01 1.293093e+01 
2.191161e+01 1.303121e+01 
2.183027e+01 1.313150e+01 
2.174771e+01 1.323178e+01 
2.166390e+01 1.333206e+01 
2.157882e+01 1.343235e+01 
2.149244e+01 1.353263e+01 
2.140474e+01 1.363292e+01 
2.131569e+01 1.373320e+01 
2.122527e+01 1.383348e+01 
2.113345e+01 1.393377e+01 
2.104019e+01 1.403405e+01 
2.094549e+01 1.413433e+01 
2.084950e+01 1.423458e+01 
2.075218e+01 1.433483e+01 
2.065350e+01 1.443508e+01 
2.055345e+01 1.453532e+01 
2.045320e+01 1.463438e+01 
2.035296e+01 1.473207e+01 
2.025271e+01 1.482844e+01 
2.015247e+01 1.492352e+01 
2.005222e+01 1.501731e+01 
1.995191e+01 1.510956e+01 
1.985156e+01 1.520011e+01 
1.975120e+01 1.528895e+01 
1.965085e+01 1.537612e+01 
1.955050e+01 1.546168e+01 
1.945015e+01 1.554567e+01 
1.934981e+01 1.562812e+01 
1.924946e+01 1.570910e+01 
1.914912e+01 1.578863e+01 
1.904878e+01 1.586675e+01 
1.894844e+01 1.594350e+01 
1.884810e+01 1.601891e+01 
1.874777e+01 1.609302e+01 
1.864744e+01 1.616586e+01 
1.854711e+01 1.623745e+01 
1.844678e+01 1.630784e+01 
1.834645e+01 1.637704e+01 
1.824613e+01 1.644509e+01 
1.814581e+01 1.651201e+01 
1.804549e+01 1.657782e+01 
1.794517e+01 1.664255e+01 
1.784486e+01 1.670622e+01 
1.774454e+01 1.676886e+01 
1.764423e+01 1.683049e+01 
1.754393e+01 1.689112e+01 
1.744362e+01 1.695077e+01 
1.734332e+01 1.700948e+01 
1.724302e+01 1.706724e+01 
1.714272e+01 1.712410e+01 
1.704242e+01 1.718005e+01 
1.694213e+01 1.723512e+01 
1.684183e+01 1.728932e+01 
1.674154e+01 1.734267e+01 
1.664126e+01 1.739519e+01 
1.654097e+01 1.744689e+01 
1.644068e+01 1.749776e+01 
1.634033e+01 1.754769e+01 
1.623997e+01 1.759660e+01 
1.613960e+01 1.764452e+01 
1.603924e+01 1.769145e+01 
1.593888e+01 1.773741e+01 
1.583853e+01 1.778243e+01 
1.573817e+01 1.782652e+01 
1.563782e+01 1.786969e+01 
1.553747e+01 1.791197e+01 
1.543713e+01 1.795336e+01 
1.533678e+01 1.799387e+01 
1.523644e+01 1.803354e+01 
1.513607e+01 1.807229e+01 
1.503568e+01 1.811009e+01 
1.493528e+01 1.814692e+01 
1.483488e+01 1.818278e+01 
1.473448e+01 1.821769e+01 
1.463409e+01 1.825166e+01 
1.453369e+01 1.828470e+01 
1.443330e+01 1.831682e+01 
1.433290e+01 1.834804e+01 
1.423251e+01 1.837835e+01 
1.413212e+01 1.840777e+01 
1.403173e+01 1.843631e+01 
1.393134e+01 1.846397e+01 
1.383096e+01 1.849077e+01 
1.373057e+01 1.851672e+01 
1.363019e+01 1.854182e+01 
1.352981e+01 1.856608e+01 
1.342942e+01 1.858951e+01 
1.332902e+01 1.861207e+01 
1.322861e+01 1.863375e+01 
1.312820e+01 1.865455e+01 
1.302779e+01 1.867446e+01 
1.292738e+01 1.869351e+01 
1.282698e+01 1.871171e+01 
1.272658e+01 1.872908e+01 
1.262619e+01 1.874562e+01 
1.252580e+01 1.876135e+01 
1.242542e+01 1.877628e+01 
1.232504e+01 1.879043e+01 
1.222467e+01 1.880381e+01 
1.212430e+01 1.881644e+01 
1.202394e+01 1.882832e+01 
1.192358e+01 1.883947e+01 
1.182323e+01 1.884991e+01 
1.172289e+01 1.885965e+01 
1.162255e+01 1.886869e+01 
1.152222e+01 1.887706e+01 
1.142186e+01 1.888471e+01 
1.132136e+01 1.889135e+01 
1.122081e+01 1.889688e+01 
1.112026e+01 1.890130e+01 
1.101972e+01 1.890464e+01 
1.091919e+01 1.890691e+01 
1.081866e+01 1.890813e+01 
1.071815e+01 1.890831e+01 
1.061764e+01 1.890747e+01 
1.051714e+01 1.890562e+01 
1.041665e+01 1.890280e+01 
1.031617e+01 1.889900e+01 
1.021570e+01 1.889425e+01 
1.011523e+01 1.888856e+01 
1.001478e+01 1.888194e+01 
9.914329e+00 1.887443e+01 
9.813890e+00 1.886602e+01 
9.713460e+00 1.885674e+01 
9.613038e+00 1.884660e+01 
9.512624e+00 1.883562e+01 
9.412220e+00 1.882381e+01 
9.311823e+00 1.881118e+01 
9.211436e+00 1.879776e+01 
9.111056e+00 1.878356e+01 
9.010685e+00 1.876859e+01 
8.910322e+00 1.875287e+01 
8.809968e+00 1.873641e+01 
8.709616e+00 1.871921e+01 
8.609181e+00 1.870109e+01 
8.508703e+00 1.868195e+01 
8.408225e+00 1.866179e+01 
8.307752e+00 1.864062e+01 
8.207286e+00 1.861845e+01 
8.106805e+00 1.859523e+01 
8.006207e+00 1.857069e+01 
7.905571e+00 1.854473e+01 
7.804938e+00 1.851736e+01 
7.704315e+00 1.848859e+01 
7.603700e+00 1.845843e+01 
7.503093e+00 1.842686e+01 
7.402495e+00 1.839391e+01 
7.301927e+00 1.835963e+01 
7.201378e+00 1.832404e+01 
7.100875e+00 1.828726e+01 
7.000385e+00 1.824928e+01 
6.899904e+00 1.821012e+01 
6.799431e+00 1.816978e+01 
6.698965e+00 1.812827e+01 
6.598507e+00 1.808558e+01 
6.498056e+00 1.804173e+01 
6.397613e+00 1.799672e+01 
6.297179e+00 1.795055e+01 
6.196753e+00 1.790325e+01 
6.096336e+00 1.785480e+01 
5.995927e+00 1.780523e+01 
5.895527e+00 1.775455e+01 
5.795136e+00 1.770275e+01 
5.694739e+00 1.764981e+01 
5.594165e+00 1.759509e+01 
5.493531e+00 1.753844e+01 
5.392903e+00 1.747985e+01 
5.292290e+00 1.741934e+01 
5.191690e+00 1.735690e+01 
5.091104e+00 1.729251e+01 
4.990532e+00 1.722618e+01 
4.889947e+00 1.715779e+01 
4.789265e+00 1.708687e+01 
4.688553e+00 1.701326e+01 
4.587852e+00 1.693691e+01 
4.487162e+00 1.685777e+01 
4.386485e+00 1.677578e+01 
4.285821e+00 1.669087e+01 
4.185171e+00 1.660297e+01 
4.084536e+00 1.651203e+01 
3.983915e+00 1.641797e+01 
3.883309e+00 1.632072e+01 
3.782719e+00 1.622021e+01 
3.685297e+00 1.611962e+01 
3.590896e+00 1.601906e+01 
3.499850e+00 1.591837e+01 
3.412905e+00 1.581747e+01 
3.329799e+00 1.571664e+01 
3.250108e+00 1.561585e+01 
3.173615e+00 1.551506e+01 
3.100070e+00 1.541432e+01 
3.029223e+00 1.531360e+01 
2.960871e+00 1.521292e+01 
2.894838e+00 1.511226e+01 
2.830956e+00 1.501163e+01 
2.769091e+00 1.491103e+01 
2.709124e+00 1.481044e+01 
2.651083e+00 1.470982e+01 
2.595135e+00 1.460912e+01 
2.541192e+00 1.450845e+01 
2.489338e+00 1.440772e+01 
2.439690e+00 1.430693e+01 
2.392125e+00 1.420618e+01 
2.345910e+00 1.410574e+01 
2.300817e+00 1.400532e+01 
2.256822e+00 1.390490e+01 
2.213962e+00 1.380446e+01 
2.172509e+00 1.370389e+01 
2.132594e+00 1.360327e+01 
2.094138e+00 1.350269e+01 
2.057004e+00 1.340216e+01 
2.020926e+00 1.330174e+01 
1.985732e+00 1.320138e+01 
1.951359e+00 1.310104e+01 
1.917762e+00 1.300072e+01 
1.884858e+00 1.290043e+01 
1.852606e+00 1.280015e+01 
1.820974e+00 1.269988e+01 
1.789749e+00 1.259972e+01 
1.758847e+00 1.249958e+01 
1.728374e+00 1.239939e+01 
1.698543e+00 1.229909e+01 
1.669528e+00 1.219872e+01 
1.641236e+00 1.209841e+01 
1.613755e+00 1.199804e+01 
1.587076e+00 1.189768e+01 
1.561186e+00 1.179733e+01 
1.536071e+00 1.169698e+01 
1.511727e+00 1.159663e+01 
1.488140e+00 1.149628e+01 
1.465293e+00 1.139594e+01 
1.443168e+00 1.129561e+01 
1.421713e+00 1.119530e+01 
1.400581e+00 1.109516e+01 
1.379748e+00 1.099502e+01 
1.359343e+00 1.089482e+01 
1.339619e+00 1.079448e+01 
1.320694e+00 1.069410e+01 
1.302548e+00 1.059373e+01 
1.285141e+00 1.049338e+01 
1.268434e+00 1.039305e+01 
1.252398e+00 1.029273e+01 
1.237002e+00 1.019242e+01 
1.222197e+00 1.009214e+01 
1.207765e+00 9.991969e+00 
1.193483e+00 9.891903e+00 
1.179295e+00 9.791860e+00 
1.165264e+00 9.691781e+00 
1.151690e+00 9.591549e+00 
1.138676e+00 9.491274e+00 
1.126207e+00 9.391010e+00 
1.114256e+00 9.290757e+00 
1.102801e+00 9.190515e+00 
1.091821e+00 9.090283e+00 
1.081298e+00 8.990060e+00 
1.180752e+00 8.979618e+00 
