2.294603e+01 -4.988301e-01 
2.294370e+01 -5.985737e-01 
2.294085e+01 -6.983178e-01 
2.293749e+01 -7.980623e-01 
2.293362e+01 -8.978072e-01 
2.292925e+01 -9.975525e-01 
2.292436e+01 -1.097298e+00 
2.291896e+01 -1.197044e+00 
2.291306e+01 -1.296791e+00 
2.290664e+01 -1.396538e+00 
2.289972e+01 -1.496286e+00 
2.289229e+01 -1.596034e+00 
2.288435e+01 -1.695783e+00 
2.287591e+01 -1.795532e+00 
2.286696e+01 -1.895281e+00 
2.285751e+01 -1.995031e+00 
2.284755e+01 -2.094782e+00 
2.283708e+01 -2.194533e+00 
2.282611e+01 -2.294285e+00 
2.281463e+01 -2.394037e+00 
2.280265e+01 -2.493790e+00 
2.279017e+01 -2.593543e+00 
2.277718e+01 -2.693297e+00 
2.276368e+01 -2.793052e+00 
2.274969e+01 -2.892807e+00 
2.273518e+01 -2.992563e+00 
2.272018e+01 -3.092319e+00 
2.270467e+01 -3.192076e+00 
2.268866e+01 -3.291833e+00 
2.267214e+01 -3.391591e+00 
2.265513e+01 -3.491350e+00 
2.263760e+01 -3.591109e+00 
2.261958e+01 -3.690878e+00 
2.260107e+01 -3.790641e+00 
2.258206e+01 -3.890403e+00 
2.256255e+01 -3.990165e+00 
2.254253e+01 -4.089926e+00 
2.252201e+01 -4.189687e+00 
2.250098e+01 -4.289447e+00 
2.247944e+01 -4.389207e+00 
2.245739e+01 -4.488966e+00 
2.243482e+01 -4.588725e+00 
2.241173e+01 -4.688484e+00 
2.238812e+01 -4.788242e+00 
2.236398e+01 -4.888000e+00 
2.233932e+01 -4.987757e+00 
2.231413e+01 -5.087514e+00 
2.228840e+01 -5.187271e+00 
2.226214e+01 -5.287028e+00 
2.223535e+01 -5.386784e+00 
2.220801e+01 -5.486540e+00 
2.218013e+01 -5.586296e+00 
2.215170e+01 -5.686052e+00 
2.212272e+01 -5.785808e+00 
2.209319e+01 -5.885563e+00 
2.206311e+01 -5.985318e+00 
2.203246e+01 -6.085074e+00 
2.200126e+01 -6.184829e+00 
2.196950e+01 -6.284584e+00 
2.193717e+01 -6.384339e+00 
2.190427e+01 -6.484095e+00 
2.187080e+01 -6.583850e+00 
2.183675e+01 -6.683605e+00 
2.180213e+01 -6.783358e+00 
2.176692e+01 -6.883106e+00 
2.173112e+01 -6.982826e+00 
2.169466e+01 -7.082537e+00 
2.165749e+01 -7.182249e+00 
2.161963e+01 -7.281960e+00 
2.158105e+01 -7.381670e+00 
2.154177e+01 -7.481380e+00 
2.150176e+01 -7.581089e+00 
2.146102e+01 -7.680798e+00 
2.141955e+01 -7.780507e+00 
2.137734e+01 -7.880215e+00 
2.133438e+01 -7.979923e+00 
2.129067e+01 -8.079627e+00 
2.124619e+01 -8.179316e+00 
2.120089e+01 -8.279001e+00 
2.115476e+01 -8.378685e+00 
2.110779e+01 -8.478366e+00 
2.105995e+01 -8.578045e+00 
2.101124e+01 -8.677721e+00 
2.096161e+01 -8.777423e+00 
2.091115e+01 -8.877147e+00 
2.085990e+01 -8.976871e+00 
2.080787e+01 -9.076596e+00 
2.075505e+01 -9.176321e+00 
2.070143e+01 -9.276047e+00 
2.064700e+01 -9.375773e+00 
2.059177e+01 -9.475500e+00 
2.053571e+01 -9.575227e+00 
2.047883e+01 -9.674955e+00 
2.042111e+01 -9.774683e+00 
2.036255e+01 -9.874412e+00 
2.030315e+01 -9.974141e+00 
2.024288e+01 -1.007387e+01 
2.018175e+01 -1.017360e+01 
2.011975e+01 -1.027333e+01 
2.005687e+01 -1.037306e+01 
1.999309e+01 -1.047279e+01 
1.992841e+01 -1.057253e+01 
1.986282e+01 -1.067226e+01 
1.979631e+01 -1.077199e+01 
1.972887e+01 -1.087173e+01 
1.966049e+01 -1.097146e+01 
1.959116e+01 -1.107119e+01 
1.952086e+01 -1.117093e+01 
1.944960e+01 -1.127067e+01 
1.937734e+01 -1.137040e+01 
1.930409e+01 -1.147014e+01 
1.922983e+01 -1.156988e+01 
1.915455e+01 -1.166962e+01 
1.907824e+01 -1.176936e+01 
1.900087e+01 -1.186909e+01 
1.892245e+01 -1.196884e+01 
1.884295e+01 -1.206857e+01 
1.876240e+01 -1.216826e+01 
1.868053e+01 -1.226789e+01 
1.859705e+01 -1.236752e+01 
1.851193e+01 -1.246716e+01 
1.842515e+01 -1.256681e+01 
1.833670e+01 -1.266645e+01 
1.824654e+01 -1.276611e+01 
1.815465e+01 -1.286576e+01 
1.806100e+01 -1.296542e+01 
1.796557e+01 -1.306508e+01 
1.786833e+01 -1.316475e+01 
1.776929e+01 -1.326438e+01 
1.766967e+01 -1.336254e+01 
1.757004e+01 -1.345864e+01 
1.747042e+01 -1.355277e+01 
1.737079e+01 -1.364500e+01 
1.727115e+01 -1.373539e+01 
1.717151e+01 -1.382403e+01 
1.707187e+01 -1.391096e+01 
1.697223e+01 -1.399624e+01 
1.687258e+01 -1.407992e+01 
1.677293e+01 -1.416207e+01 
1.667327e+01 -1.424272e+01 
1.657362e+01 -1.432192e+01 
1.647395e+01 -1.439972e+01 
1.637429e+01 -1.447616e+01 
1.627462e+01 -1.455127e+01 
1.617495e+01 -1.462510e+01 
1.607528e+01 -1.469768e+01 
1.597560e+01 -1.476904e+01 
1.587592e+01 -1.483921e+01 
1.577623e+01 -1.490824e+01 
1.567655e+01 -1.497614e+01 
1.557686e+01 -1.504295e+01 
1.547716e+01 -1.510869e+01 
1.537747e+01 -1.517339e+01 
1.527777e+01 -1.523707e+01 
1.517811e+01 -1.529974e+01 
1.507848e+01 -1.536126e+01 
1.497885e+01 -1.542161e+01 
1.487922e+01 -1.548078e+01 
1.477959e+01 -1.553880e+01 
1.467997e+01 -1.559567e+01 
1.458034e+01 -1.565141e+01 
1.448073e+01 -1.570603e+01 
1.438119e+01 -1.575948e+01 
1.428174e+01 -1.581154e+01 
1.418229e+01 -1.586206e+01 
1.408283e+01 -1.591105e+01 
1.398337e+01 -1.595857e+01 
1.388391e+01 -1.600464e+01 
1.378444e+01 -1.604928e+01 
1.368497e+01 -1.609255e+01 
1.358550e+01 -1.613445e+01 
1.348602e+01 -1.617503e+01 
1.338654e+01 -1.621431e+01 
1.328704e+01 -1.625233e+01 
1.318748e+01 -1.628914e+01 
1.308790e+01 -1.632490e+01 
1.298831e+01 -1.635967e+01 
1.288870e+01 -1.639348e+01 
1.278908e+01 -1.642640e+01 
1.268946e+01 -1.645843e+01 
1.258983e+01 -1.648958e+01 
1.249021e+01 -1.651988e+01 
1.239058e+01 -1.654933e+01 
1.229094e+01 -1.657796e+01 
1.219130e+01 -1.660576e+01 
1.209166e+01 -1.663276e+01 
1.199202e+01 -1.665897e+01 
1.189237e+01 -1.668441e+01 
1.179271e+01 -1.670907e+01 
1.169306e+01 -1.673299e+01 
1.159340e+01 -1.675616e+01 
1.149373e+01 -1.677861e+01 
1.139406e+01 -1.680034e+01 
1.129439e+01 -1.682136e+01 
1.119471e+01 -1.684170e+01 
1.109503e+01 -1.686135e+01 
1.099534e+01 -1.688033e+01 
1.089568e+01 -1.689864e+01 
1.079619e+01 -1.691622e+01 
1.069672e+01 -1.693274e+01 
1.059724e+01 -1.694818e+01 
1.049775e+01 -1.696255e+01 
1.039826e+01 -1.697586e+01 
1.029876e+01 -1.698814e+01 
1.019925e+01 -1.699941e+01 
1.009974e+01 -1.700967e+01 
1.000022e+01 -1.701895e+01 
9.900720e+00 -1.702726e+01 
9.801256e+00 -1.703456e+01 
9.701799e+00 -1.704079e+01 
9.602342e+00 -1.704594e+01 
9.502883e+00 -1.705001e+01 
9.403423e+00 -1.705299e+01 
9.303961e+00 -1.705490e+01 
9.204497e+00 -1.705574e+01 
9.105031e+00 -1.705551e+01 
9.005561e+00 -1.705423e+01 
8.906089e+00 -1.705188e+01 
8.806612e+00 -1.704849e+01 
8.707132e+00 -1.704405e+01 
8.607647e+00 -1.703857e+01 
8.508157e+00 -1.703206e+01 
8.408663e+00 -1.702453e+01 
8.309163e+00 -1.701598e+01 
8.209657e+00 -1.700642e+01 
8.110146e+00 -1.699587e+01 
8.010628e+00 -1.698432e+01 
7.911104e+00 -1.697179e+01 
7.811668e+00 -1.695831e+01 
7.712407e+00 -1.694369e+01 
7.613140e+00 -1.692755e+01 
7.513857e+00 -1.690989e+01 
7.414561e+00 -1.689073e+01 
7.315251e+00 -1.687009e+01 
7.215926e+00 -1.684797e+01 
7.116587e+00 -1.682440e+01 
7.017234e+00 -1.679940e+01 
6.917868e+00 -1.677297e+01 
6.818488e+00 -1.674514e+01 
6.719084e+00 -1.671591e+01 
6.619646e+00 -1.668532e+01 
6.520170e+00 -1.665344e+01 
6.420639e+00 -1.662032e+01 
6.321112e+00 -1.658610e+01 
6.221588e+00 -1.655076e+01 
6.122064e+00 -1.651429e+01 
6.022543e+00 -1.647666e+01 
5.923022e+00 -1.643787e+01 
5.823541e+00 -1.639790e+01 
5.724327e+00 -1.635675e+01 
5.625194e+00 -1.631364e+01 
5.526040e+00 -1.626825e+01 
5.426863e+00 -1.622060e+01 
5.327665e+00 -1.617067e+01 
5.228446e+00 -1.611847e+01 
5.129206e+00 -1.606399e+01 
5.029945e+00 -1.600723e+01 
4.930664e+00 -1.594817e+01 
4.831362e+00 -1.588682e+01 
4.732039e+00 -1.582318e+01 
4.632697e+00 -1.575722e+01 
4.533334e+00 -1.568896e+01 
4.433951e+00 -1.561838e+01 
4.334549e+00 -1.554549e+01 
4.235193e+00 -1.547033e+01 
4.136154e+00 -1.539285e+01 
4.037157e+00 -1.531141e+01 
3.938145e+00 -1.522548e+01 
3.839346e+00 -1.513507e+01 
3.740578e+00 -1.503849e+01 
3.646353e+00 -1.493965e+01 
3.557821e+00 -1.484070e+01 
3.474064e+00 -1.474166e+01 
3.394388e+00 -1.464255e+01 
3.318262e+00 -1.454335e+01 
3.245314e+00 -1.444424e+01 
3.175698e+00 -1.434518e+01 
3.109379e+00 -1.424609e+01 
3.046176e+00 -1.414706e+01 
2.986135e+00 -1.404809e+01 
2.929302e+00 -1.394914e+01 
2.875599e+00 -1.385020e+01 
2.824918e+00 -1.375123e+01 
2.777003e+00 -1.365210e+01 
2.731357e+00 -1.355285e+01 
2.687660e+00 -1.345353e+01 
2.645684e+00 -1.335416e+01 
2.605227e+00 -1.325464e+01 
2.565985e+00 -1.315515e+01 
2.527976e+00 -1.305562e+01 
2.491079e+00 -1.295601e+01 
2.455109e+00 -1.285636e+01 
2.419962e+00 -1.275669e+01 
2.385587e+00 -1.265700e+01 
2.351955e+00 -1.255731e+01 
2.319002e+00 -1.245753e+01 
2.286587e+00 -1.235778e+01 
2.254803e+00 -1.225824e+01 
2.224073e+00 -1.215867e+01 
2.194305e+00 -1.205907e+01 
2.165431e+00 -1.195945e+01 
2.137396e+00 -1.185980e+01 
2.110140e+00 -1.176012e+01 
2.083590e+00 -1.166041e+01 
2.057678e+00 -1.156068e+01 
2.032340e+00 -1.146093e+01 
2.007546e+00 -1.136118e+01 
1.983304e+00 -1.126143e+01 
1.959613e+00 -1.116167e+01 
1.936431e+00 -1.106191e+01 
1.913763e+00 -1.096215e+01 
1.891617e+00 -1.086239e+01 
1.869995e+00 -1.076264e+01 
1.848903e+00 -1.066289e+01 
1.828358e+00 -1.056321e+01 
1.808500e+00 -1.046360e+01 
1.789445e+00 -1.036394e+01 
1.771082e+00 -1.026415e+01 
1.753172e+00 -1.016435e+01 
1.735673e+00 -1.006454e+01 
1.718568e+00 -9.964720e+00 
1.701834e+00 -9.864887e+00 
1.685444e+00 -9.765042e+00 
1.669374e+00 -9.665189e+00 
1.653619e+00 -9.565390e+00 
1.638304e+00 -9.465766e+00 
1.623773e+00 -9.366193e+00 
1.610114e+00 -9.266605e+00 
1.597293e+00 -9.166979e+00 
1.585223e+00 -9.067249e+00 
1.573685e+00 -8.967359e+00 
1.562365e+00 -8.867411e+00 
1.551151e+00 -8.767450e+00 
1.540015e+00 -8.667498e+00 
1.528978e+00 -8.567555e+00 
1.518059e+00 -8.467623e+00 
1.507279e+00 -8.367700e+00 
1.496656e+00 -8.267785e+00 
1.486207e+00 -8.167882e+00 
1.475957e+00 -8.067993e+00 
1.465933e+00 -7.968117e+00 
1.456162e+00 -7.868255e+00 
1.446672e+00 -7.768407e+00 
1.437488e+00 -7.668566e+00 
1.428624e+00 -7.568704e+00 
1.420036e+00 -7.468796e+00 
1.411630e+00 -7.368847e+00 
1.403324e+00 -7.268859e+00 
1.395046e+00 -7.168901e+00 
1.386854e+00 -7.068964e+00 
1.378786e+00 -6.969001e+00 
1.370792e+00 -6.869024e+00 
1.362846e+00 -6.769069e+00 
1.354992e+00 -6.669132e+00 
1.347268e+00 -6.569212e+00 
1.339704e+00 -6.469312e+00 
1.332346e+00 -6.369434e+00 
1.325232e+00 -6.269548e+00 
1.318346e+00 -6.169652e+00 
1.311669e+00 -6.069747e+00 
1.305182e+00 -5.969832e+00 
1.298866e+00 -5.869906e+00 
1.292699e+00 -5.769960e+00 
1.286638e+00 -5.669990e+00 
1.280636e+00 -5.569999e+00 
1.274652e+00 -5.470009e+00 
1.268690e+00 -5.370049e+00 
1.262808e+00 -5.270106e+00 
1.257047e+00 -5.170238e+00 
1.251547e+00 -5.070322e+00 
1.246214e+00 -4.970388e+00 
1.241014e+00 -4.870443e+00 
1.235924e+00 -4.770486e+00 
1.230919e+00 -4.670517e+00 
1.225975e+00 -4.570537e+00 
1.221071e+00 -4.470546e+00 
1.216184e+00 -4.370543e+00 
1.211293e+00 -4.270530e+00 
1.206372e+00 -4.170499e+00 
1.201389e+00 -4.070451e+00 
1.196309e+00 -3.970389e+00 
1.191105e+00 -3.870333e+00 
1.185793e+00 -3.770352e+00 
1.180525e+00 -3.670471e+00 
1.175498e+00 -3.570668e+00 
1.170864e+00 -3.470835e+00 
1.166563e+00 -3.370951e+00 
1.162493e+00 -3.271037e+00 
1.158595e+00 -3.171106e+00 
1.154834e+00 -3.071158e+00 
1.151177e+00 -2.971193e+00 
1.147589e+00 -2.871210e+00 
1.144034e+00 -2.771209e+00 
1.140477e+00 -2.671182e+00 
1.136863e+00 -2.571112e+00 
1.133111e+00 -2.471077e+00 
1.129292e+00 -2.371105e+00 
1.125524e+00 -2.271007e+00 
1.121561e+00 -2.170946e+00 
1.117476e+00 -2.070918e+00 
1.113337e+00 -1.970918e+00 
1.109198e+00 -1.870949e+00 
1.105123e+00 -1.771011e+00 
1.101173e+00 -1.671102e+00 
1.097406e+00 -1.571221e+00 
1.093879e+00 -1.471358e+00 
1.090626e+00 -1.371485e+00 
1.087626e+00 -1.271605e+00 
1.084867e+00 -1.171706e+00 
1.082307e+00 -1.071786e+00 
1.079908e+00 -9.718442e-01 
1.077624e+00 -8.718643e-01 
1.075379e+00 -7.718409e-01 
1.073087e+00 -6.717944e-01 
1.070701e+00 -5.717242e-01 
1.068174e+00 -4.716285e-01 
1.065456e+00 -3.715524e-01 
1.062589e+00 -2.716300e-01 
1.059880e+00 -1.717706e-01 
1.057463e+00 -7.298610e-02 
1.057448e+00 7.177064e-02 
1.059876e+00 1.716300e-01 
1.062587e+00 2.715524e-01 
1.065458e+00 3.716285e-01 
1.068177e+00 4.717242e-01 
1.070703e+00 5.717944e-01 
1.073088e+00 6.718409e-01 
1.075380e+00 7.718643e-01 
1.077624e+00 8.718442e-01 
1.079907e+00 9.717864e-01 
1.082305e+00 1.071706e+00 
1.084864e+00 1.171605e+00 
1.087623e+00 1.271485e+00 
1.090622e+00 1.371358e+00 
1.093875e+00 1.471221e+00 
1.097402e+00 1.571102e+00 
1.101170e+00 1.671011e+00 
1.105121e+00 1.770949e+00 
1.109197e+00 1.870918e+00 
1.113337e+00 1.970918e+00 
1.117478e+00 2.070946e+00 
1.121563e+00 2.171007e+00 
1.125528e+00 2.271105e+00 
1.129291e+00 2.371077e+00 
1.133113e+00 2.471112e+00 
1.136865e+00 2.571182e+00 
1.140478e+00 2.671209e+00 
1.144034e+00 2.771210e+00 
1.147588e+00 2.871193e+00 
1.151176e+00 2.971158e+00 
1.154832e+00 3.071106e+00 
1.158592e+00 3.171037e+00 
1.162490e+00 3.270951e+00 
1.166558e+00 3.370835e+00 
1.170856e+00 3.470668e+00 
1.175489e+00 3.570471e+00 
1.180518e+00 3.670352e+00 
1.185792e+00 3.770333e+00 
1.191108e+00 3.870389e+00 
1.196312e+00 3.970451e+00 
1.201392e+00 4.070499e+00 
1.206373e+00 4.170530e+00 
1.211293e+00 4.270543e+00 
1.216184e+00 4.370546e+00 
1.221071e+00 4.470537e+00 
1.225974e+00 4.570517e+00 
1.230917e+00 4.670486e+00 
1.235922e+00 4.770443e+00 
1.241012e+00 4.870388e+00 
1.246210e+00 4.970322e+00 
1.251542e+00 5.070238e+00 
1.257039e+00 5.170106e+00 
1.262805e+00 5.270049e+00 
1.268687e+00 5.370009e+00 
1.274651e+00 5.469999e+00 
1.280635e+00 5.569990e+00 
1.286636e+00 5.669960e+00 
1.292695e+00 5.769906e+00 
1.298862e+00 5.869832e+00 
1.305176e+00 5.969747e+00 
1.311662e+00 6.069652e+00 
1.318339e+00 6.169548e+00 
1.325224e+00 6.269434e+00 
1.332337e+00 6.369312e+00 
1.339697e+00 6.469212e+00 
1.347261e+00 6.569132e+00 
1.354987e+00 6.669069e+00 
1.362842e+00 6.769024e+00 
1.370790e+00 6.869001e+00 
1.378783e+00 6.968964e+00 
1.386849e+00 7.068901e+00 
1.395042e+00 7.168859e+00 
1.403323e+00 7.268847e+00 
1.411626e+00 7.368796e+00 
1.420029e+00 7.468704e+00 
1.428612e+00 7.568566e+00 
1.437474e+00 7.668407e+00 
1.337894e+00 7.677566e+00 
1.329004e+00 7.577407e+00 
1.320396e+00 7.477268e+00 
1.311978e+00 7.377177e+00 
1.303666e+00 7.277125e+00 
1.295384e+00 7.177113e+00 
1.287183e+00 7.077071e+00 
1.279108e+00 6.977008e+00 
1.271108e+00 6.876972e+00 
1.263157e+00 6.776948e+00 
1.255294e+00 6.676903e+00 
1.247559e+00 6.576840e+00 
1.239982e+00 6.476761e+00 
1.232607e+00 6.376660e+00 
1.225477e+00 6.276538e+00 
1.218576e+00 6.176425e+00 
1.211885e+00 6.076320e+00 
1.205386e+00 5.976226e+00 
1.199061e+00 5.876140e+00 
1.192885e+00 5.776066e+00 
1.186819e+00 5.676012e+00 
1.180815e+00 5.575982e+00 
1.174830e+00 5.475973e+00 
1.168865e+00 5.375963e+00 
1.162978e+00 5.275923e+00 
1.157205e+00 5.175866e+00 
1.151693e+00 5.075734e+00 
1.146353e+00 4.975651e+00 
1.141147e+00 4.875584e+00 
1.136051e+00 4.775529e+00 
1.131042e+00 4.675486e+00 
1.126096e+00 4.575455e+00 
1.121191e+00 4.475435e+00 
1.116304e+00 4.375427e+00 
1.111413e+00 4.275429e+00 
1.106494e+00 4.175443e+00 
1.101516e+00 4.075473e+00 
1.096441e+00 3.975521e+00 
1.091243e+00 3.875583e+00 
1.085933e+00 3.775639e+00 
1.080657e+00 3.675620e+00 
1.075615e+00 3.575501e+00 
1.070964e+00 3.475305e+00 
1.066651e+00 3.375137e+00 
1.062572e+00 3.275021e+00 
1.058668e+00 3.174935e+00 
1.054903e+00 3.074866e+00 
1.051243e+00 2.974814e+00 
1.047652e+00 2.874779e+00 
1.044097e+00 2.774762e+00 
1.040541e+00 2.674763e+00 
1.036931e+00 2.574791e+00 
1.033183e+00 2.474860e+00 
1.029364e+00 2.374895e+00 
1.025599e+00 2.274867e+00 
1.021642e+00 2.174965e+00 
1.017561e+00 2.075026e+00 
1.013422e+00 1.975054e+00 
1.009282e+00 1.875054e+00 
1.005204e+00 1.775023e+00 
1.001248e+00 1.674961e+00 
9.974730e-01 1.574870e+00 
9.939370e-01 1.474751e+00 
9.906747e-01 1.374614e+00 
9.876680e-01 1.274487e+00 
9.849020e-01 1.174367e+00 
9.823375e-01 1.074267e+00 
9.799354e-01 9.741858e-01 
9.776497e-01 8.741280e-01 
9.754050e-01 7.741079e-01 
9.731146e-01 6.741313e-01 
9.707315e-01 5.741778e-01 
9.682085e-01 4.742480e-01 
9.654948e-01 3.743437e-01 
9.626284e-01 2.744198e-01 
9.599130e-01 1.743422e-01 
9.574777e-01 7.420156e-02 
9.574630e-01 -7.298610e-02 
9.599094e-01 -1.742016e-01 
9.626262e-01 -2.743422e-01 
9.654969e-01 -3.744198e-01 
9.682110e-01 -4.743437e-01 
9.707332e-01 -5.742480e-01 
9.731157e-01 -6.741778e-01 
9.754055e-01 -7.741313e-01 
9.776492e-01 -8.741079e-01 
9.799341e-01 -9.741280e-01 
9.823355e-01 -1.074186e+00 
9.848993e-01 -1.174267e+00 
9.876646e-01 -1.274367e+00 
9.906707e-01 -1.374487e+00 
9.939323e-01 -1.474614e+00 
9.974686e-01 -1.574751e+00 
1.001244e+00 -1.674870e+00 
1.005201e+00 -1.774961e+00 
1.009281e+00 -1.875023e+00 
1.013422e+00 -1.975054e+00 
1.017562e+00 -2.075054e+00 
1.021644e+00 -2.175026e+00 
1.025602e+00 -2.274965e+00 
1.029363e+00 -2.374867e+00 
1.033184e+00 -2.474895e+00 
1.036933e+00 -2.574860e+00 
1.040542e+00 -2.674791e+00 
1.044097e+00 -2.774763e+00 
1.047652e+00 -2.874762e+00 
1.051241e+00 -2.974779e+00 
1.054901e+00 -3.074814e+00 
1.058665e+00 -3.174866e+00 
1.062569e+00 -3.274935e+00 
1.066646e+00 -3.375021e+00 
1.070956e+00 -3.475137e+00 
1.075606e+00 -3.575305e+00 
1.080651e+00 -3.675501e+00 
1.085932e+00 -3.775620e+00 
1.091246e+00 -3.875639e+00 
1.096444e+00 -3.975583e+00 
1.101518e+00 -4.075521e+00 
1.106496e+00 -4.175473e+00 
1.111413e+00 -4.275443e+00 
1.116304e+00 -4.375429e+00 
1.121190e+00 -4.475427e+00 
1.126095e+00 -4.575435e+00 
1.131041e+00 -4.675455e+00 
1.136049e+00 -4.775486e+00 
1.141144e+00 -4.875529e+00 
1.146349e+00 -4.975584e+00 
1.151689e+00 -5.075651e+00 
1.157198e+00 -5.175734e+00 
1.162974e+00 -5.275866e+00 
1.168862e+00 -5.375923e+00 
1.174829e+00 -5.475963e+00 
1.180815e+00 -5.575973e+00 
1.186817e+00 -5.675982e+00 
1.192882e+00 -5.776012e+00 
1.199056e+00 -5.876066e+00 
1.205381e+00 -5.976140e+00 
1.211879e+00 -6.076226e+00 
1.218569e+00 -6.176320e+00 
1.225469e+00 -6.276425e+00 
1.232598e+00 -6.376538e+00 
1.239975e+00 -6.476660e+00 
1.247553e+00 -6.576761e+00 
1.255290e+00 -6.676840e+00 
1.263153e+00 -6.776903e+00 
1.271106e+00 -6.876948e+00 
1.279105e+00 -6.976972e+00 
1.287178e+00 -7.077008e+00 
1.295380e+00 -7.177071e+00 
1.303665e+00 -7.277113e+00 
1.311973e+00 -7.377125e+00 
1.320388e+00 -7.477177e+00 
1.328992e+00 -7.577268e+00 
1.337880e+00 -7.677407e+00 
1.347092e+00 -7.777566e+00 
1.356611e+00 -7.877717e+00 
1.366408e+00 -7.977855e+00 
1.376457e+00 -8.077979e+00 
1.386729e+00 -8.178090e+00 
1.397198e+00 -8.278187e+00 
1.407839e+00 -8.378272e+00 
1.418636e+00 -8.478349e+00 
1.429569e+00 -8.578417e+00 
1.440619e+00 -8.678475e+00 
1.451765e+00 -8.778522e+00 
1.462989e+00 -8.878561e+00 
1.474320e+00 -8.978613e+00 
1.485884e+00 -9.078723e+00 
1.498018e+00 -9.178993e+00 
1.510932e+00 -9.279367e+00 
1.524700e+00 -9.379779e+00 
1.539352e+00 -9.480206e+00 
1.554780e+00 -9.580582e+00 
1.570598e+00 -9.680783e+00 
1.586714e+00 -9.780930e+00 
1.603154e+00 -9.881085e+00 
1.619944e+00 -9.981252e+00 
1.637109e+00 -1.008143e+01 
1.654675e+00 -1.018162e+01 
1.672654e+00 -1.028182e+01 
1.691096e+00 -1.038204e+01 
1.710279e+00 -1.048238e+01 
1.730287e+00 -1.058276e+01 
1.750961e+00 -1.068308e+01 
1.772158e+00 -1.078333e+01 
1.793887e+00 -1.088358e+01 
1.816140e+00 -1.098382e+01 
1.838917e+00 -1.108406e+01 
1.862208e+00 -1.118430e+01 
1.886009e+00 -1.128454e+01 
1.910375e+00 -1.138479e+01 
1.935293e+00 -1.148505e+01 
1.960756e+00 -1.158530e+01 
1.986803e+00 -1.168556e+01 
2.013506e+00 -1.178585e+01 
2.040936e+00 -1.188617e+01 
2.069168e+00 -1.198653e+01 
2.098257e+00 -1.208690e+01 
2.128260e+00 -1.218730e+01 
2.159250e+00 -1.228773e+01 
2.191325e+00 -1.238819e+01 
2.223897e+00 -1.248844e+01 
2.257000e+00 -1.258867e+01 
2.290833e+00 -1.268897e+01 
2.325424e+00 -1.278929e+01 
2.360800e+00 -1.288961e+01 
2.397018e+00 -1.298996e+01 
2.434202e+00 -1.309035e+01 
2.472564e+00 -1.319082e+01 
2.512200e+00 -1.329133e+01 
2.553045e+00 -1.339182e+01 
2.595540e+00 -1.349244e+01 
2.639822e+00 -1.359312e+01 
2.686149e+00 -1.369388e+01 
2.734880e+00 -1.379474e+01 
2.786584e+00 -1.389577e+01 
2.841409e+00 -1.399683e+01 
2.899414e+00 -1.409788e+01 
2.960673e+00 -1.419892e+01 
3.025077e+00 -1.429988e+01 
3.092588e+00 -1.440079e+01 
3.163491e+00 -1.450173e+01 
3.237720e+00 -1.460262e+01 
3.315051e+00 -1.470342e+01 
3.396119e+00 -1.480431e+01 
3.481456e+00 -1.490527e+01 
3.571819e+00 -1.500632e+01 
3.668185e+00 -1.510748e+01 
3.769417e+00 -1.520655e+01 
3.870619e+00 -1.529924e+01 
3.971606e+00 -1.538692e+01 
4.072609e+00 -1.547007e+01 
4.173570e+00 -1.554908e+01 
4.274215e+00 -1.562524e+01 
4.374812e+00 -1.569902e+01 
4.475430e+00 -1.577049e+01 
4.576066e+00 -1.583964e+01 
4.676724e+00 -1.590648e+01 
4.777402e+00 -1.597102e+01 
4.878100e+00 -1.603324e+01 
4.978818e+00 -1.609317e+01 
5.079557e+00 -1.615080e+01 
5.180318e+00 -1.620613e+01 
5.281098e+00 -1.625917e+01 
5.381900e+00 -1.630992e+01 
5.482723e+00 -1.635839e+01 
5.583569e+00 -1.640456e+01 
5.684436e+00 -1.644845e+01 
5.785223e+00 -1.649027e+01 
5.885741e+00 -1.653066e+01 
5.986221e+00 -1.656983e+01 
6.086699e+00 -1.660782e+01 
6.187175e+00 -1.664465e+01 
6.287651e+00 -1.668033e+01 
6.388124e+00 -1.671488e+01 
6.488593e+00 -1.674832e+01 
6.589118e+00 -1.678055e+01 
6.689679e+00 -1.681149e+01 
6.790275e+00 -1.684108e+01 
6.890895e+00 -1.686927e+01 
6.991529e+00 -1.689604e+01 
7.092176e+00 -1.692138e+01 
7.192837e+00 -1.694527e+01 
7.293513e+00 -1.696770e+01 
7.394202e+00 -1.698864e+01 
7.494906e+00 -1.700808e+01 
7.595624e+00 -1.702601e+01 
7.696356e+00 -1.704239e+01 
7.797095e+00 -1.705724e+01 
7.897660e+00 -1.707088e+01 
7.998136e+00 -1.708354e+01 
8.098618e+00 -1.709520e+01 
8.199106e+00 -1.710587e+01 
8.299601e+00 -1.711552e+01 
8.400101e+00 -1.712416e+01 
8.500606e+00 -1.713178e+01 
8.601116e+00 -1.713836e+01 
8.701632e+00 -1.714390e+01 
8.802151e+00 -1.714839e+01 
8.902675e+00 -1.715182e+01 
9.003202e+00 -1.715420e+01 
9.103733e+00 -1.715551e+01 
9.204266e+00 -1.715574e+01 
9.304802e+00 -1.715490e+01 
9.405341e+00 -1.715297e+01 
9.505880e+00 -1.714996e+01 
9.606422e+00 -1.714586e+01 
9.706964e+00 -1.714066e+01 
9.807507e+00 -1.713437e+01 
9.908043e+00 -1.712699e+01 
1.000854e+01 -1.711860e+01 
1.010902e+01 -1.710924e+01 
1.020951e+01 -1.709888e+01 
1.031000e+01 -1.708751e+01 
1.041051e+01 -1.707511e+01 
1.051101e+01 -1.706166e+01 
1.061153e+01 -1.704716e+01 
1.071205e+01 -1.703156e+01 
1.081257e+01 -1.701487e+01 
1.091308e+01 -1.699712e+01 
1.101342e+01 -1.697868e+01 
1.111373e+01 -1.695958e+01 
1.121405e+01 -1.693981e+01 
1.131437e+01 -1.691935e+01 
1.141470e+01 -1.689818e+01 
1.151503e+01 -1.687631e+01 
1.161537e+01 -1.685372e+01 
1.171571e+01 -1.683039e+01 
1.181605e+01 -1.680631e+01 
1.191640e+01 -1.678148e+01 
1.201675e+01 -1.675587e+01 
1.211710e+01 -1.672947e+01 
1.221746e+01 -1.670228e+01 
1.231782e+01 -1.667428e+01 
1.241819e+01 -1.664545e+01 
1.251856e+01 -1.661578e+01 
1.261893e+01 -1.658526e+01 
1.271930e+01 -1.655387e+01 
1.281968e+01 -1.652160e+01 
1.292007e+01 -1.648844e+01 
1.302045e+01 -1.645436e+01 
1.312086e+01 -1.641932e+01 
1.322128e+01 -1.638325e+01 
1.332172e+01 -1.634613e+01 
1.342223e+01 -1.630773e+01 
1.352274e+01 -1.626804e+01 
1.362327e+01 -1.622704e+01 
1.372379e+01 -1.618470e+01 
1.382432e+01 -1.614099e+01 
1.392486e+01 -1.609587e+01 
1.402539e+01 -1.604931e+01 
1.412593e+01 -1.600129e+01 
1.422648e+01 -1.595176e+01 
1.432702e+01 -1.590070e+01 
1.442757e+01 -1.584808e+01 
1.452804e+01 -1.579413e+01 
1.462842e+01 -1.573909e+01 
1.472879e+01 -1.568294e+01 
1.482917e+01 -1.562564e+01 
1.492954e+01 -1.556720e+01 
1.502991e+01 -1.550759e+01 
1.513028e+01 -1.544680e+01 
1.523065e+01 -1.538482e+01 
1.533100e+01 -1.532173e+01 
1.543130e+01 -1.525766e+01 
1.553160e+01 -1.519257e+01 
1.563191e+01 -1.512643e+01 
1.573222e+01 -1.505921e+01 
1.583253e+01 -1.499089e+01 
1.593285e+01 -1.492143e+01 
1.603316e+01 -1.485081e+01 
1.613349e+01 -1.477899e+01 
1.623381e+01 -1.470594e+01 
1.633414e+01 -1.463163e+01 
1.643447e+01 -1.455602e+01 
1.653481e+01 -1.447907e+01 
1.663515e+01 -1.440075e+01 
1.673549e+01 -1.432101e+01 
1.683584e+01 -1.423980e+01 
1.693618e+01 -1.415709e+01 
1.703654e+01 -1.407281e+01 
1.713689e+01 -1.398693e+01 
1.723725e+01 -1.389938e+01 
1.733761e+01 -1.381011e+01 
1.743798e+01 -1.371906e+01 
1.753835e+01 -1.362615e+01 
1.763872e+01 -1.353133e+01 
1.773909e+01 -1.343451e+01 
1.783947e+01 -1.333562e+01 
1.793925e+01 -1.323525e+01 
1.803715e+01 -1.313492e+01 
1.813323e+01 -1.303458e+01 
1.822752e+01 -1.293424e+01 
1.832005e+01 -1.283389e+01 
1.841085e+01 -1.273355e+01 
1.849994e+01 -1.263319e+01 
1.858734e+01 -1.253284e+01 
1.867308e+01 -1.243248e+01 
1.875718e+01 -1.233211e+01 
1.883966e+01 -1.223174e+01 
1.892073e+01 -1.213143e+01 
1.900065e+01 -1.203116e+01 
1.907948e+01 -1.193091e+01 
1.915725e+01 -1.183064e+01 
1.923397e+01 -1.173038e+01 
1.930965e+01 -1.163012e+01 
1.938430e+01 -1.152986e+01 
1.945794e+01 -1.142960e+01 
1.953058e+01 -1.132933e+01 
1.960223e+01 -1.122907e+01 
1.967290e+01 -1.112881e+01 
1.974260e+01 -1.102854e+01 
1.981135e+01 -1.092827e+01 
1.987915e+01 -1.082801e+01 
1.994602e+01 -1.072774e+01 
2.001196e+01 -1.062747e+01 
2.007699e+01 -1.052721e+01 
2.014111e+01 -1.042694e+01 
2.020434e+01 -1.032667e+01 
2.026668e+01 -1.022640e+01 
2.032814e+01 -1.012613e+01 
2.038873e+01 -1.002586e+01 
2.044847e+01 -9.925588e+00 
2.050734e+01 -9.825317e+00 
2.056538e+01 -9.725045e+00 
2.062257e+01 -9.624773e+00 
2.067894e+01 -9.524500e+00 
2.073448e+01 -9.424227e+00 
2.078921e+01 -9.323953e+00 
2.084312e+01 -9.223679e+00 
2.089624e+01 -9.123404e+00 
2.094856e+01 -9.023129e+00 
2.100009e+01 -8.922853e+00 
2.105084e+01 -8.822577e+00 
2.110076e+01 -8.722279e+00 
2.114979e+01 -8.621955e+00 
2.119794e+01 -8.521634e+00 
2.124522e+01 -8.421315e+00 
2.129165e+01 -8.320999e+00 
2.133723e+01 -8.220684e+00 
2.138199e+01 -8.120373e+00 
2.142596e+01 -8.020077e+00 
2.146917e+01 -7.919785e+00 
2.151164e+01 -7.819493e+00 
2.155335e+01 -7.719202e+00 
2.159433e+01 -7.618911e+00 
2.163457e+01 -7.518620e+00 
2.167409e+01 -7.418330e+00 
2.171289e+01 -7.318040e+00 
2.175098e+01 -7.217751e+00 
2.178836e+01 -7.117463e+00 
2.182504e+01 -7.017174e+00 
2.186104e+01 -6.916894e+00 
2.189643e+01 -6.816642e+00 
2.193122e+01 -6.716395e+00 
2.196544e+01 -6.616150e+00 
2.199907e+01 -6.515905e+00 
2.203213e+01 -6.415661e+00 
2.206463e+01 -6.315416e+00 
2.209655e+01 -6.215171e+00 
2.212790e+01 -6.114926e+00 
2.215870e+01 -6.014682e+00 
2.218893e+01 -5.914437e+00 
2.221861e+01 -5.814192e+00 
2.224773e+01 -5.713948e+00 
2.227630e+01 -5.613704e+00 
2.230432e+01 -5.513460e+00 
2.233179e+01 -5.413216e+00 
2.235872e+01 -5.312972e+00 
2.238511e+01 -5.212729e+00 
2.241096e+01 -5.112486e+00 
2.243628e+01 -5.012243e+00 
2.246106e+01 -4.912000e+00 
2.248532e+01 -4.811758e+00 
2.250904e+01 -4.711516e+00 
2.253224e+01 -4.611275e+00 
2.255493e+01 -4.511034e+00 
2.257709e+01 -4.410793e+00 
2.259873e+01 -4.310553e+00 
2.261986e+01 -4.210313e+00 
2.264048e+01 -4.110074e+00 
2.266059e+01 -4.009835e+00 
2.268020e+01 -3.909597e+00 
2.269930e+01 -3.809359e+00 
2.271790e+01 -3.709122e+00 
2.273601e+01 -3.608891e+00 
2.275362e+01 -3.508650e+00 
2.277072e+01 -3.408409e+00 
2.278732e+01 -3.308167e+00 
2.280341e+01 -3.207924e+00 
2.281899e+01 -3.107681e+00 
2.283407e+01 -3.007437e+00 
2.284865e+01 -2.907193e+00 
2.286271e+01 -2.806948e+00 
2.287627e+01 -2.706703e+00 
2.288933e+01 -2.606457e+00 
2.290188e+01 -2.506210e+00 
2.291392e+01 -2.405963e+00 
2.292545e+01 -2.305715e+00 
2.293648e+01 -2.205467e+00 
2.294700e+01 -2.105218e+00 
2.295701e+01 -2.004969e+00 
2.296652e+01 -1.904719e+00 
2.297551e+01 -1.804468e+00 
2.298400e+01 -1.704217e+00 
2.299198e+01 -1.603966e+00 
2.299944e+01 -1.503714e+00 
2.300640e+01 -1.403462e+00 
2.301285e+01 -1.303209e+00 
2.301879e+01 -1.202956e+00 
2.302421e+01 -1.102702e+00 
2.302913e+01 -1.002447e+00 
2.303353e+01 -9.021928e-01 
2.303742e+01 -8.019377e-01 
2.304079e+01 -7.016822e-01 
2.304365e+01 -6.014263e-01 
2.304600e+01 -5.011699e-01 
2.294603e+01 -4.988301e-01 
