4.555188e-01 2.502021e+01 
7.038926e-01 2.501919e+01 
9.517798e-01 2.501281e+01 
1.203436e+00 2.499922e+01 
1.454585e+00 2.499121e+01 
1.704608e+00 2.498705e+01 
1.953930e+00 2.498299e+01 
2.203683e+00 2.497666e+01 
2.453550e+00 2.496950e+01 
2.703319e+00 2.496191e+01 
2.952749e+00 2.495355e+01 
3.201438e+00 2.494334e+01 
3.449291e+00 2.492883e+01 
3.698566e+00 2.490702e+01 
3.951091e+00 2.488248e+01 
4.201136e+00 2.486665e+01 
4.449148e+00 2.485112e+01 
4.697916e+00 2.482888e+01 
4.947338e+00 2.480241e+01 
5.197303e+00 2.477392e+01 
5.447703e+00 2.474527e+01 
5.698660e+00 2.471792e+01 
5.951484e+00 2.469369e+01 
6.199641e+00 2.467930e+01 
6.448540e+00 2.465870e+01 
6.698483e+00 2.463429e+01 
6.948230e+00 2.460971e+01 
7.197787e+00 2.458429e+01 
7.447122e+00 2.455740e+01 
7.696155e+00 2.452829e+01 
7.944700e+00 2.449597e+01 
8.193358e+00 2.445867e+01 
8.444658e+00 2.441630e+01 
8.694632e+00 2.437864e+01 
8.943164e+00 2.434113e+01 
9.190748e+00 2.429874e+01 
9.439973e+00 2.424758e+01 
9.690202e+00 2.419345e+01 
9.939378e+00 2.414037e+01 
1.018809e+01 2.408446e+01 
1.043729e+01 2.402380e+01 
1.068808e+01 2.395984e+01 
1.093861e+01 2.389883e+01 
1.118765e+01 2.384007e+01 
1.143594e+01 2.377806e+01 
1.168422e+01 2.370980e+01 
1.193250e+01 2.363512e+01 
1.218075e+01 2.355389e+01 
1.242897e+01 2.346584e+01 
1.267711e+01 2.337066e+01 
1.292513e+01 2.326788e+01 
1.317278e+01 2.315681e+01 
1.342112e+01 2.303494e+01 
1.366980e+01 2.290515e+01 
1.391828e+01 2.276908e+01 
1.416654e+01 2.262552e+01 
1.441457e+01 2.247300e+01 
1.466237e+01 2.230981e+01 
1.490995e+01 2.213386e+01 
1.515702e+01 2.194291e+01 
1.540420e+01 2.173120e+01 
1.565205e+01 2.149603e+01 
1.589298e+01 2.124830e+01 
1.611475e+01 2.100056e+01 
1.631936e+01 2.075280e+01 
1.650856e+01 2.050500e+01 
1.668392e+01 2.025714e+01 
1.684680e+01 2.000921e+01 
1.699831e+01 1.976126e+01 
1.713926e+01 1.951323e+01 
1.727043e+01 1.926543e+01 
1.739141e+01 1.901752e+01 
1.750313e+01 1.876948e+01 
1.760651e+01 1.852130e+01 
1.770236e+01 1.827301e+01 
1.779137e+01 1.802461e+01 
1.787415e+01 1.777611e+01 
1.795118e+01 1.752765e+01 
1.802228e+01 1.727964e+01 
1.808609e+01 1.703140e+01 
1.814359e+01 1.678295e+01 
1.819563e+01 1.653429e+01 
1.824298e+01 1.628542e+01 
1.828643e+01 1.603645e+01 
1.832630e+01 1.578759e+01 
1.836219e+01 1.553921e+01 
1.839257e+01 1.529070e+01 
1.841795e+01 1.504204e+01 
1.843882e+01 1.479326e+01 
1.845561e+01 1.454437e+01 
1.846873e+01 1.429536e+01 
1.847856e+01 1.404612e+01 
1.848582e+01 1.379724e+01 
1.848937e+01 1.354882e+01 
1.848769e+01 1.330042e+01 
1.848070e+01 1.305205e+01 
1.846831e+01 1.280370e+01 
1.845043e+01 1.255536e+01 
1.842696e+01 1.230663e+01 
1.839921e+01 1.205791e+01 
1.836728e+01 1.181031e+01 
1.832722e+01 1.156296e+01 
1.827806e+01 1.131583e+01 
1.821864e+01 1.106829e+01 
1.815020e+01 1.082047e+01 
1.807357e+01 1.057265e+01 
1.798892e+01 1.032571e+01 
1.789206e+01 1.007869e+01 
1.778262e+01 9.831529e+00 
1.766050e+01 9.584201e+00 
1.752571e+01 9.336763e+00 
1.737851e+01 9.090062e+00 
1.721316e+01 8.843160e+00 
1.702892e+01 8.596068e+00 
1.682506e+01 8.349061e+00 
1.659805e+01 8.101908e+00 
1.635084e+01 7.859804e+00 
1.610416e+01 7.641584e+00 
1.585716e+01 7.447302e+00 
1.560981e+01 7.272052e+00 
1.536214e+01 7.111963e+00 
1.511421e+01 6.964284e+00 
1.486641e+01 6.827164e+00 
1.461856e+01 6.700613e+00 
1.437152e+01 6.584236e+00 
1.412407e+01 6.480464e+00 
1.387543e+01 6.386774e+00 
1.362675e+01 6.298514e+00 
1.337802e+01 6.215440e+00 
1.313014e+01 6.137503e+00 
1.288372e+01 6.067869e+00 
1.263740e+01 6.011194e+00 
1.239098e+01 5.967369e+00 
1.214403e+01 5.935672e+00 
1.189523e+01 5.914103e+00 
1.164576e+01 5.896495e+00 
1.139607e+01 5.880637e+00 
1.114478e+01 5.865730e+00 
1.089443e+01 5.846550e+00 
1.064462e+01 5.826244e+00 
1.039488e+01 5.806568e+00 
1.014513e+01 5.787760e+00 
9.895765e+00 5.769820e+00 
9.645688e+00 5.753970e+00 
9.395973e+00 5.737886e+00 
9.145941e+00 5.722739e+00 
8.896190e+00 5.707501e+00 
8.646782e+00 5.693115e+00 
8.396381e+00 5.680658e+00 
8.147292e+00 5.666924e+00 
7.897420e+00 5.656198e+00 
7.647399e+00 5.645893e+00 
7.397632e+00 5.635527e+00 
7.148008e+00 5.625945e+00 
6.898209e+00 5.617612e+00 
6.648702e+00 5.609955e+00 
6.398709e+00 5.603932e+00 
6.148519e+00 5.597927e+00 
5.900025e+00 5.591317e+00 
5.650203e+00 5.589705e+00 
5.399123e+00 5.588675e+00 
5.149262e+00 5.584058e+00 
4.900088e+00 5.579912e+00 
4.649708e+00 5.578506e+00 
4.399565e+00 5.575834e+00 
4.150507e+00 5.572695e+00 
3.900146e+00 5.572688e+00 
3.650229e+00 5.571480e+00 
3.400246e+00 5.570548e+00 
3.150295e+00 5.569673e+00 
2.900490e+00 5.568961e+00 
2.650075e+00 5.568898e+00 
2.399949e+00 5.567451e+00 
2.151099e+00 5.565585e+00 
1.900684e+00 5.567554e+00 
1.650722e+00 5.568139e+00 
1.401001e+00 5.568851e+00 
1.150778e+00 5.570492e+00 
9.013010e-01 5.571386e+00 
6.515151e-01 5.574025e+00 
4.015361e-01 5.577380e+00 
1.510777e-01 5.580810e+00 
-9.952000e-02 5.582708e+00 
-3.489508e-01 5.582611e+00 
-5.989916e-01 5.584413e+00 
-8.489277e-01 5.586078e+00 
-1.098529e+00 5.587953e+00 
-1.348821e+00 5.591163e+00 
-1.598647e+00 5.593396e+00 
-1.848775e+00 5.596212e+00 
-2.099016e+00 5.598603e+00 
-2.348523e+00 5.600181e+00 
-2.598445e+00 5.603408e+00 
-2.848814e+00 5.606899e+00 
-3.098295e+00 5.609148e+00 
-3.348852e+00 5.613142e+00 
-3.598584e+00 5.615271e+00 
-3.848602e+00 5.618295e+00 
-4.097623e+00 5.621240e+00 
-4.347952e+00 5.627478e+00 
-4.351031e+00 5.477510e+00 
-4.101360e+00 5.471287e+00 
-3.850380e+00 5.468306e+00 
-3.600398e+00 5.465282e+00 
-3.350131e+00 5.463148e+00 
-3.100687e+00 5.459168e+00 
-2.850168e+00 5.456905e+00 
-2.600537e+00 5.453422e+00 
-2.350459e+00 5.450194e+00 
-2.099966e+00 5.448606e+00 
-1.850208e+00 5.446219e+00 
-1.600336e+00 5.443406e+00 
-1.350162e+00 5.441169e+00 
-1.100453e+00 5.437965e+00 
-8.500549e-01 5.436082e+00 
-5.999910e-01 5.434416e+00 
-3.500318e-01 5.432615e+00 
-9.946259e-02 5.432708e+00 
1.499397e-01 5.430814e+00 
3.994813e-01 5.427394e+00 
6.495023e-01 5.424039e+00 
8.997164e-01 5.421395e+00 
1.150239e+00 5.420493e+00 
1.400017e+00 5.418854e+00 
1.650295e+00 5.418140e+00 
1.900333e+00 5.417555e+00 
2.149918e+00 5.415589e+00 
2.401068e+00 5.417455e+00 
2.650943e+00 5.418900e+00 
2.900527e+00 5.418961e+00 
3.150722e+00 5.419673e+00 
3.400771e+00 5.420549e+00 
3.650788e+00 5.421481e+00 
3.900871e+00 5.422690e+00 
4.150510e+00 5.422695e+00 
4.401452e+00 5.425846e+00 
4.651310e+00 5.428514e+00 
4.900930e+00 5.429915e+00 
5.151755e+00 5.434079e+00 
5.401894e+00 5.438701e+00 
5.650814e+00 5.439706e+00 
5.900993e+00 5.441320e+00 
6.152498e+00 5.447980e+00 
6.402308e+00 5.453975e+00 
6.652315e+00 5.459998e+00 
6.902809e+00 5.467683e+00 
7.153009e+00 5.476028e+00 
7.403385e+00 5.485638e+00 
7.653619e+00 5.496022e+00 
7.903597e+00 5.506325e+00 
8.153725e+00 5.517062e+00 
8.404636e+00 5.530885e+00 
8.654235e+00 5.543300e+00 
8.904827e+00 5.557750e+00 
9.155076e+00 5.573017e+00 
9.405044e+00 5.588161e+00 
9.655329e+00 5.604280e+00 
9.905253e+00 5.620121e+00 
1.015589e+01 5.638147e+00 
1.040614e+01 5.656992e+00 
1.065640e+01 5.676708e+00 
1.090658e+01 5.697043e+00 
1.115624e+01 5.716168e+00 
1.140495e+01 5.730900e+00 
1.165526e+01 5.746796e+00 
1.190579e+01 5.764475e+00 
1.215698e+01 5.786232e+00 
1.241004e+01 5.818584e+00 
1.266362e+01 5.863503e+00 
1.291730e+01 5.921676e+00 
1.317088e+01 5.993141e+00 
1.342299e+01 6.072340e+00 
1.367426e+01 6.156237e+00 
1.392559e+01 6.245411e+00 
1.417695e+01 6.340095e+00 
1.442950e+01 6.445897e+00 
1.468245e+01 6.564899e+00 
1.493461e+01 6.693562e+00 
1.518681e+01 6.833028e+00 
1.543888e+01 6.983082e+00 
1.569121e+01 7.146064e+00 
1.594385e+01 7.324888e+00 
1.619686e+01 7.523659e+00 
1.645018e+01 7.747418e+00 
1.670297e+01 7.994711e+00 
1.693550e+01 8.247558e+00 
1.714457e+01 8.500551e+00 
1.733338e+01 8.753459e+00 
1.750311e+01 9.006557e+00 
1.765449e+01 9.259856e+00 
1.779221e+01 9.512418e+00 
1.791711e+01 9.765090e+00 
1.802920e+01 1.001793e+01 
1.812855e+01 1.027091e+01 
1.821545e+01 1.052397e+01 
1.829350e+01 1.077614e+01 
1.836322e+01 1.102833e+01 
1.842391e+01 1.128079e+01 
1.847433e+01 1.153366e+01 
1.851534e+01 1.178631e+01 
1.854797e+01 1.203870e+01 
1.857603e+01 1.228999e+01 
1.859977e+01 1.254126e+01 
1.861792e+01 1.279292e+01 
1.863051e+01 1.304457e+01 
1.863763e+01 1.329619e+01 
1.863936e+01 1.354780e+01 
1.863581e+01 1.379937e+01 
1.862849e+01 1.405050e+01 
1.861861e+01 1.430126e+01 
1.860540e+01 1.455225e+01 
1.858848e+01 1.480335e+01 
1.856743e+01 1.505458e+01 
1.854179e+01 1.530592e+01 
1.851108e+01 1.555740e+01 
1.847476e+01 1.580903e+01 
1.843454e+01 1.606017e+01 
1.839075e+01 1.631120e+01 
1.834299e+01 1.656232e+01 
1.829041e+01 1.681367e+01 
1.823223e+01 1.706521e+01 
1.816756e+01 1.731698e+01 
1.809537e+01 1.756897e+01 
1.801743e+01 1.782051e+01 
1.793369e+01 1.807201e+01 
1.784357e+01 1.832360e+01 
1.774645e+01 1.857531e+01 
1.764160e+01 1.882714e+01 
1.752819e+01 1.907910e+01 
1.740524e+01 1.933119e+01 
1.727184e+01 1.958339e+01 
1.712874e+01 1.983536e+01 
1.697481e+01 2.008741e+01 
1.680930e+01 2.033948e+01 
1.663103e+01 2.059162e+01 
1.643859e+01 2.084381e+01 
1.623043e+01 2.109606e+01 
1.600476e+01 2.134832e+01 
1.575961e+01 2.160059e+01 
1.550746e+01 2.183999e+01 
1.525464e+01 2.205680e+01 
1.500171e+01 2.225252e+01 
1.474929e+01 2.243206e+01 
1.449709e+01 2.259826e+01 
1.424512e+01 2.275328e+01 
1.399338e+01 2.289892e+01 
1.374186e+01 2.303671e+01 
1.349054e+01 2.316792e+01 
1.323888e+01 2.329147e+01 
1.298653e+01 2.340474e+01 
1.273455e+01 2.350923e+01 
1.248269e+01 2.360588e+01 
1.223091e+01 2.369525e+01 
1.197916e+01 2.377768e+01 
1.172744e+01 2.385344e+01 
1.147572e+01 2.392269e+01 
1.122401e+01 2.398560e+01 
1.097305e+01 2.404482e+01 
1.072358e+01 2.410558e+01 
1.047437e+01 2.416915e+01 
1.022357e+01 2.423021e+01 
9.972282e+00 2.428672e+01 
9.721459e+00 2.434016e+01 
9.471688e+00 2.439419e+01 
9.220913e+00 2.444568e+01 
8.968497e+00 2.448897e+01 
8.717029e+00 2.452696e+01 
8.467003e+00 2.456462e+01 
8.218303e+00 2.460658e+01 
7.966961e+00 2.464431e+01 
7.715506e+00 2.467704e+01 
7.464539e+00 2.470638e+01 
7.213873e+00 2.473342e+01 
6.963431e+00 2.475894e+01 
6.713178e+00 2.478357e+01 
6.463121e+00 2.480799e+01 
6.212020e+00 2.482879e+01 
5.960176e+00 2.484343e+01 
5.713001e+00 2.486723e+01 
5.463958e+00 2.489438e+01 
5.214358e+00 2.492295e+01 
4.964322e+00 2.495145e+01 
4.713745e+00 2.497804e+01 
4.462513e+00 2.500052e+01 
4.210525e+00 2.501636e+01 
3.960570e+00 2.503218e+01 
3.713095e+00 2.505631e+01 
3.462369e+00 2.507826e+01 
3.210223e+00 2.509308e+01 
2.958911e+00 2.510343e+01 
2.708342e+00 2.511182e+01 
2.458111e+00 2.511944e+01 
2.207978e+00 2.512660e+01 
1.957730e+00 2.513294e+01 
1.707053e+00 2.513703e+01 
1.457076e+00 2.514119e+01 
1.208225e+00 2.514914e+01 
9.598809e-01 2.516260e+01 
7.077682e-01 2.516914e+01 
4.561419e-01 2.517020e+01 
4.555188e-01 2.502021e+01 
