-7.785013e-05 1.475000e+00 
-1.497409e-01 1.474844e+00 
-2.993754e-01 1.475360e+00 
-4.497802e-01 1.476611e+00 
-6.002237e-01 1.477051e+00 
-7.502621e-01 1.476603e+00 
-8.999675e-01 1.476080e+00 
-1.049664e+00 1.476144e+00 
-1.200404e+00 1.476816e+00 
-1.350372e+00 1.476007e+00 
-1.500304e+00 1.475264e+00 
-1.650479e+00 1.474655e+00 
-1.800300e+00 1.473698e+00 
-1.950351e+00 1.473098e+00 
-2.101489e+00 1.472382e+00 
-2.251396e+00 1.469405e+00 
-2.401299e+00 1.466614e+00 
-2.551241e+00 1.464018e+00 
-2.701389e+00 1.461533e+00 
-2.851571e+00 1.458751e+00 
-3.001770e+00 1.455604e+00 
-3.151937e+00 1.452058e+00 
-3.302111e+00 1.448179e+00 
-3.451785e+00 1.443963e+00 
-3.602009e+00 1.440386e+00 
-3.752935e+00 1.436336e+00 
-3.902872e+00 1.430464e+00 
-4.052755e+00 1.424720e+00 
-4.203128e+00 1.419192e+00 
-4.352587e+00 1.412950e+00 
-4.502808e+00 1.407765e+00 
-4.653631e+00 1.402110e+00 
-4.803778e+00 1.394831e+00 
-4.953693e+00 1.387269e+00 
-5.103876e+00 1.379865e+00 
-5.253967e+00 1.372097e+00 
-5.403933e+00 1.364153e+00 
-5.554473e+00 1.356245e+00 
-5.704934e+00 1.347254e+00 
-5.855144e+00 1.337351e+00 
-6.005168e+00 1.327038e+00 
-6.155061e+00 1.316684e+00 
-6.305262e+00 1.306525e+00 
-6.455775e+00 1.295938e+00 
-6.606524e+00 1.284292e+00 
-6.756737e+00 1.271175e+00 
-6.907029e+00 1.257619e+00 
-7.057447e+00 1.243458e+00 
-7.207810e+00 1.228454e+00 
-7.357970e+00 1.212732e+00 
-7.508281e+00 1.196668e+00 
-7.659373e+00 1.179875e+00 
-7.809313e+00 1.160988e+00 
-7.959700e+00 1.142167e+00 
-8.110637e+00 1.122474e+00 
-8.261413e+00 1.100868e+00 
-8.412370e+00 1.077619e+00 
-8.563462e+00 1.052344e+00 
-8.714860e+00 1.024706e+00 
-8.866319e+00 9.940744e-01 
-9.017125e+00 9.604510e-01 
-9.169180e+00 9.247583e-01 
-9.321659e+00 8.843777e-01 
-9.474643e+00 8.381632e-01 
-9.628296e+00 7.846014e-01 
-9.783864e+00 7.209547e-01 
-9.941470e+00 6.406208e-01 
-1.009901e+01 5.353574e-01 
-1.026036e+01 3.935942e-01 
-1.038163e+01 2.231998e-01 
-1.043652e+01 5.149426e-02 
-1.044001e+01 -1.152189e-01 
-1.040885e+01 -2.732614e-01 
-1.035988e+01 -4.292578e-01 
-1.029643e+01 -5.842202e-01 
-1.021961e+01 -7.388230e-01 
-1.012903e+01 -8.931430e-01 
-1.002385e+01 -1.047241e+00 
-9.902758e+00 -1.201151e+00 
-9.764873e+00 -1.353885e+00 
-9.613690e+00 -1.505407e+00 
-9.462159e+00 -1.648690e+00 
-9.310626e+00 -1.784214e+00 
-9.159071e+00 -1.912538e+00 
-9.007493e+00 -2.034046e+00 
-8.855887e+00 -2.149066e+00 
-8.704254e+00 -2.257872e+00 
-8.552597e+00 -2.360710e+00 
-8.400937e+00 -2.457790e+00 
-8.249695e+00 -2.549150e+00 
-8.098708e+00 -2.636441e+00 
-7.947742e+00 -2.720698e+00 
-7.796753e+00 -2.802083e+00 
-7.645771e+00 -2.880581e+00 
-7.494795e+00 -2.956275e+00 
-7.343827e+00 -3.029246e+00 
-7.192866e+00 -3.099569e+00 
-7.041915e+00 -3.167319e+00 
-6.890972e+00 -3.232565e+00 
-6.740039e+00 -3.295377e+00 
-6.589116e+00 -3.355818e+00 
-6.438202e+00 -3.413951e+00 
-6.287299e+00 -3.469836e+00 
-6.136462e+00 -3.523511e+00 
-5.985656e+00 -3.575174e+00 
-5.834862e+00 -3.624930e+00 
-5.684080e+00 -3.672828e+00 
-5.533311e+00 -3.718917e+00 
-5.382554e+00 -3.763241e+00 
-5.231810e+00 -3.805848e+00 
-5.081079e+00 -3.846780e+00 
-4.930360e+00 -3.886080e+00 
-4.779655e+00 -3.923790e+00 
-4.628963e+00 -3.959950e+00 
-4.478332e+00 -3.994589e+00 
-4.327738e+00 -4.027857e+00 
-4.177145e+00 -4.059846e+00 
-4.026551e+00 -4.090565e+00 
-3.875959e+00 -4.120021e+00 
-3.725367e+00 -4.148220e+00 
-3.574777e+00 -4.175172e+00 
-3.424187e+00 -4.200882e+00 
-3.273599e+00 -4.225359e+00 
-3.123013e+00 -4.248611e+00 
-2.972428e+00 -4.270645e+00 
-2.821809e+00 -4.291473e+00 
-2.671190e+00 -4.311025e+00 
-2.520583e+00 -4.329302e+00 
-2.369989e+00 -4.346334e+00 
-2.219409e+00 -4.362151e+00 
-2.068843e+00 -4.376784e+00 
-1.918291e+00 -4.390264e+00 
-1.767745e+00 -4.402624e+00 
-1.617195e+00 -4.413879e+00 
-1.466644e+00 -4.424020e+00 
-1.316094e+00 -4.433049e+00 
-1.165544e+00 -4.440969e+00 
-1.014994e+00 -4.447780e+00 
-8.644450e-01 -4.453485e+00 
-7.139351e-01 -4.458085e+00 
-7.103714e-01 -4.308127e+00 
-8.598615e-01 -4.303555e+00 
-1.009312e+00 -4.297888e+00 
-1.158762e+00 -4.291122e+00 
-1.308212e+00 -4.283256e+00 
-1.457662e+00 -4.274289e+00 
-1.607112e+00 -4.264218e+00 
-1.756561e+00 -4.253042e+00 
-1.906015e+00 -4.240767e+00 
-2.055464e+00 -4.227382e+00 
-2.204897e+00 -4.212855e+00 
-2.354317e+00 -4.197155e+00 
-2.503723e+00 -4.180253e+00 
-2.653117e+00 -4.162118e+00 
-2.802497e+00 -4.142722e+00 
-2.951878e+00 -4.122059e+00 
-3.101293e+00 -4.100192e+00 
-3.250707e+00 -4.077116e+00 
-3.400119e+00 -4.052825e+00 
-3.549530e+00 -4.027311e+00 
-3.698939e+00 -4.000567e+00 
-3.848348e+00 -3.972584e+00 
-3.997755e+00 -3.943355e+00 
-4.147162e+00 -3.912873e+00 
-4.296568e+00 -3.881131e+00 
-4.445974e+00 -3.848121e+00 
-4.595343e+00 -3.813766e+00 
-4.744651e+00 -3.777931e+00 
-4.893946e+00 -3.740567e+00 
-5.043228e+00 -3.701634e+00 
-5.192497e+00 -3.661091e+00 
-5.341752e+00 -3.618897e+00 
-5.490996e+00 -3.575009e+00 
-5.640226e+00 -3.529382e+00 
-5.789445e+00 -3.481971e+00 
-5.938650e+00 -3.432730e+00 
-6.087844e+00 -3.381608e+00 
-6.237007e+00 -3.328518e+00 
-6.386104e+00 -3.273289e+00 
-6.535191e+00 -3.215846e+00 
-6.684268e+00 -3.156130e+00 
-6.833334e+00 -3.094081e+00 
-6.982392e+00 -3.029634e+00 
-7.131440e+00 -2.962723e+00 
-7.280480e+00 -2.893278e+00 
-7.429512e+00 -2.821227e+00 
-7.578536e+00 -2.746493e+00 
-7.727553e+00 -2.668999e+00 
-7.876564e+00 -2.588661e+00 
-8.025599e+00 -2.505464e+00 
-8.174612e+00 -2.419294e+00 
-8.323369e+00 -2.329403e+00 
-8.471710e+00 -2.234387e+00 
-8.620052e+00 -2.133735e+00 
-8.768420e+00 -2.027208e+00 
-8.916814e+00 -1.914558e+00 
-9.065235e+00 -1.795513e+00 
-9.213681e+00 -1.669751e+00 
-9.362148e+00 -1.536896e+00 
-9.510617e+00 -1.396431e+00 
-9.658673e+00 -1.247953e+00 
-9.791372e+00 -1.100687e+00 
-9.905876e+00 -9.545970e-01 
-1.000506e+01 -8.086948e-01 
-1.009018e+01 -6.630148e-01 
-1.016203e+01 -5.176176e-01 
-1.022100e+01 -3.725800e-01 
-1.026566e+01 -2.285764e-01 
-1.029276e+01 -8.661895e-02 
-1.028660e+01 4.666791e-02 
-1.023960e+01 1.749624e-01 
-1.013964e+01 3.045679e-01 
-1.000099e+01 4.218198e-01 
-9.858530e+00 5.156367e-01 
-9.716136e+00 5.871157e-01 
-9.571704e+00 6.456868e-01 
-9.425357e+00 6.964914e-01 
-9.278341e+00 7.407687e-01 
-9.130820e+00 7.797460e-01 
-8.982875e+00 8.144138e-01 
-8.833681e+00 8.476682e-01 
-8.685140e+00 8.776800e-01 
-8.536538e+00 9.047802e-01 
-8.387630e+00 9.296734e-01 
-8.238587e+00 9.526155e-01 
-8.089363e+00 9.739905e-01 
-7.940300e+00 9.934268e-01 
-7.790687e+00 1.012149e+00 
-7.640627e+00 1.031051e+00 
-7.491719e+00 1.047586e+00 
-7.342030e+00 1.063581e+00 
-7.192190e+00 1.079269e+00 
-7.042553e+00 1.094199e+00 
-6.892971e+00 1.108279e+00 
-6.743263e+00 1.121781e+00 
-6.593476e+00 1.134861e+00 
-6.444225e+00 1.146383e+00 
-6.294738e+00 1.156895e+00 
-6.144939e+00 1.167026e+00 
-5.994832e+00 1.177394e+00 
-5.844856e+00 1.187704e+00 
-5.695066e+00 1.197579e+00 
-5.545527e+00 1.206512e+00 
-5.396067e+00 1.214360e+00 
-5.246033e+00 1.222307e+00 
-5.096124e+00 1.230065e+00 
-4.946307e+00 1.237451e+00 
-4.796222e+00 1.245021e+00 
-4.646369e+00 1.252286e+00 
-4.497192e+00 1.257870e+00 
-4.347413e+00 1.263040e+00 
-4.196872e+00 1.269322e+00 
-4.047245e+00 1.274821e+00 
-3.897128e+00 1.280574e+00 
-3.747065e+00 1.286451e+00 
-3.597991e+00 1.290440e+00 
-3.448215e+00 1.294006e+00 
-3.297889e+00 1.298239e+00 
-3.148063e+00 1.302108e+00 
-2.998230e+00 1.305646e+00 
-2.848429e+00 1.308784e+00 
-2.698611e+00 1.311558e+00 
-2.548759e+00 1.314038e+00 
-2.398701e+00 1.316637e+00 
-2.248604e+00 1.319431e+00 
-2.098511e+00 1.322411e+00 
-1.949649e+00 1.323100e+00 
-1.799700e+00 1.323699e+00 
-1.649521e+00 1.324658e+00 
-1.499696e+00 1.325265e+00 
-1.349628e+00 1.326009e+00 
-1.199596e+00 1.326818e+00 
-1.050336e+00 1.326145e+00 
-9.000325e-01 1.326080e+00 
-7.497379e-01 1.326604e+00 
-5.997763e-01 1.327052e+00 
-4.502198e-01 1.326612e+00 
-3.006246e-01 1.325365e+00 
-1.502591e-01 1.324845e+00 
7.785013e-05 1.325000e+00 
-7.785013e-05 1.475000e+00 
