-1.398119e+00 8.307180e+00 
-1.408481e+00 8.407124e+00 
-1.418957e+00 8.507085e+00 
-1.429515e+00 8.607055e+00 
-1.440133e+00 8.707037e+00 
-1.450790e+00 8.807014e+00 
-1.461482e+00 8.906897e+00 
-1.472402e+00 9.006688e+00 
-1.483730e+00 9.106339e+00 
-1.495767e+00 9.205979e+00 
-1.508536e+00 9.305605e+00 
-1.522067e+00 9.405218e+00 
-1.536395e+00 9.504846e+00 
-1.551515e+00 9.604653e+00 
-1.567047e+00 9.704535e+00 
-1.582821e+00 9.804405e+00 
-1.598863e+00 9.904264e+00 
-1.615195e+00 1.000411e+01 
-1.631845e+00 1.010394e+01 
-1.648837e+00 1.020375e+01 
-1.666203e+00 1.030344e+01 
-1.684208e+00 1.040303e+01 
-1.703067e+00 1.050262e+01 
-1.722797e+00 1.060226e+01 
-1.743311e+00 1.070201e+01 
-1.764375e+00 1.080179e+01 
-1.785913e+00 1.090157e+01 
-1.807920e+00 1.100135e+01 
-1.830395e+00 1.110113e+01 
-1.853333e+00 1.120091e+01 
-1.876729e+00 1.130063e+01 
-1.900744e+00 1.140036e+01 
-1.925353e+00 1.150008e+01 
-1.950566e+00 1.159981e+01 
-1.976372e+00 1.169953e+01 
-2.002782e+00 1.179925e+01 
-2.029820e+00 1.189892e+01 
-2.057565e+00 1.199855e+01 
-2.086141e+00 1.209815e+01 
-2.115599e+00 1.219774e+01 
-2.145994e+00 1.229734e+01 
-2.177395e+00 1.239722e+01 
-2.209061e+00 1.249704e+01 
-2.241125e+00 1.259680e+01 
-2.273725e+00 1.269655e+01 
-2.306908e+00 1.279626e+01 
-2.340703e+00 1.289583e+01 
-2.375516e+00 1.299537e+01 
-2.411403e+00 1.309490e+01 
-2.448442e+00 1.319443e+01 
-2.486619e+00 1.329395e+01 
-2.525943e+00 1.339344e+01 
-2.566549e+00 1.349292e+01 
-2.608430e+00 1.359233e+01 
-2.651741e+00 1.369154e+01 
-2.697051e+00 1.379066e+01 
-2.744612e+00 1.388959e+01 
-2.795171e+00 1.398859e+01 
-2.848632e+00 1.408765e+01 
-2.904887e+00 1.418676e+01 
-2.963892e+00 1.428592e+01 
-3.025606e+00 1.438510e+01 
-3.089973e+00 1.448424e+01 
-3.157465e+00 1.458358e+01 
-3.227289e+00 1.468290e+01 
-3.299573e+00 1.478214e+01 
-3.374716e+00 1.488136e+01 
-3.452883e+00 1.498043e+01 
-3.534860e+00 1.507938e+01 
-3.621466e+00 1.517821e+01 
-3.713584e+00 1.527693e+01 
-3.812511e+00 1.537560e+01 
-3.911579e+00 1.546866e+01 
-4.010779e+00 1.555724e+01 
-4.110231e+00 1.564230e+01 
-4.209696e+00 1.572494e+01 
-4.309143e+00 1.580526e+01 
-4.408571e+00 1.588327e+01 
-4.507980e+00 1.595897e+01 
-4.607370e+00 1.603237e+01 
-4.706742e+00 1.610346e+01 
-4.806094e+00 1.617225e+01 
-4.905428e+00 1.623875e+01 
-5.004742e+00 1.630297e+01 
-5.104037e+00 1.636491e+01 
-5.203310e+00 1.642459e+01 
-5.302572e+00 1.648199e+01 
-5.401793e+00 1.653715e+01 
-5.501024e+00 1.659003e+01 
-5.600195e+00 1.664070e+01 
-5.699381e+00 1.668907e+01 
-5.798810e+00 1.673536e+01 
-5.898378e+00 1.678019e+01 
-5.997913e+00 1.682389e+01 
-6.097412e+00 1.686637e+01 
-6.196900e+00 1.690758e+01 
-6.296374e+00 1.694750e+01 
-6.395837e+00 1.698611e+01 
-6.495287e+00 1.702341e+01 
-6.594724e+00 1.705937e+01 
-6.694149e+00 1.709400e+01 
-6.793562e+00 1.712728e+01 
-6.892961e+00 1.715918e+01 
-6.992348e+00 1.718971e+01 
-7.091723e+00 1.721885e+01 
-7.191084e+00 1.724659e+01 
-7.290433e+00 1.727292e+01 
-7.389770e+00 1.729781e+01 
-7.489094e+00 1.732127e+01 
-7.588405e+00 1.734327e+01 
-7.687702e+00 1.736381e+01 
-7.786986e+00 1.738286e+01 
-7.886388e+00 1.740044e+01 
-7.985895e+00 1.741679e+01 
-8.085420e+00 1.743213e+01 
-8.184938e+00 1.744649e+01 
-8.284450e+00 1.745986e+01 
-8.383956e+00 1.747223e+01 
-8.483458e+00 1.748360e+01 
-8.582954e+00 1.749396e+01 
-8.682446e+00 1.750331e+01 
-8.781934e+00 1.751163e+01 
-8.881418e+00 1.751892e+01 
-8.980899e+00 1.752518e+01 
-9.080378e+00 1.753040e+01 
-9.179853e+00 1.753458e+01 
-9.279327e+00 1.753771e+01 
-9.378800e+00 1.753979e+01 
-9.478301e+00 1.754083e+01 
-9.577846e+00 1.754087e+01 
-9.677397e+00 1.754001e+01 
-9.776942e+00 1.753825e+01 
-9.876479e+00 1.753559e+01 
-9.976009e+00 1.753200e+01 
-1.007553e+01 1.752748e+01 
-1.017505e+01 1.752200e+01 
-1.027456e+01 1.751556e+01 
-1.037406e+01 1.750813e+01 
-1.047356e+01 1.749970e+01 
-1.057304e+01 1.749026e+01 
-1.067253e+01 1.747979e+01 
-1.077200e+01 1.746827e+01 
-1.087147e+01 1.745568e+01 
-1.097098e+01 1.744200e+01 
-1.107063e+01 1.742730e+01 
-1.117031e+01 1.741187e+01 
-1.126999e+01 1.739578e+01 
-1.136967e+01 1.737903e+01 
-1.146934e+01 1.736160e+01 
-1.156900e+01 1.734348e+01 
-1.166866e+01 1.732467e+01 
-1.176832e+01 1.730514e+01 
-1.186797e+01 1.728488e+01 
-1.196762e+01 1.726389e+01 
-1.206727e+01 1.724216e+01 
-1.216691e+01 1.721966e+01 
-1.226654e+01 1.719639e+01 
-1.236618e+01 1.717233e+01 
-1.246581e+01 1.714748e+01 
-1.256543e+01 1.712181e+01 
-1.266505e+01 1.709532e+01 
-1.276467e+01 1.706799e+01 
-1.286428e+01 1.703981e+01 
-1.296389e+01 1.701077e+01 
-1.306350e+01 1.698085e+01 
-1.316311e+01 1.695003e+01 
-1.326271e+01 1.691831e+01 
-1.336231e+01 1.688567e+01 
-1.346190e+01 1.685209e+01 
-1.356149e+01 1.681756e+01 
-1.366108e+01 1.678206e+01 
-1.376067e+01 1.674558e+01 
-1.386025e+01 1.670811e+01 
-1.395984e+01 1.666962e+01 
-1.405942e+01 1.663010e+01 
-1.415899e+01 1.658954e+01 
-1.425857e+01 1.654791e+01 
-1.435814e+01 1.650520e+01 
-1.445767e+01 1.646141e+01 
-1.455716e+01 1.641640e+01 
-1.465661e+01 1.637006e+01 
-1.475604e+01 1.632224e+01 
-1.485554e+01 1.627282e+01 
-1.495515e+01 1.622197e+01 
-1.505478e+01 1.616999e+01 
-1.515448e+01 1.611689e+01 
-1.525419e+01 1.606291e+01 
-1.535391e+01 1.600810e+01 
-1.545362e+01 1.595244e+01 
-1.555333e+01 1.589592e+01 
-1.565304e+01 1.583852e+01 
-1.575274e+01 1.578021e+01 
-1.585244e+01 1.572098e+01 
-1.595214e+01 1.566080e+01 
-1.605183e+01 1.559965e+01 
-1.615152e+01 1.553751e+01 
-1.625121e+01 1.547436e+01 
-1.635089e+01 1.541016e+01 
-1.645057e+01 1.534489e+01 
-1.655025e+01 1.527852e+01 
-1.664992e+01 1.521103e+01 
-1.674959e+01 1.514238e+01 
-1.684925e+01 1.507254e+01 
-1.694892e+01 1.500148e+01 
-1.704857e+01 1.492917e+01 
-1.714823e+01 1.485556e+01 
-1.724788e+01 1.478063e+01 
-1.734753e+01 1.470432e+01 
-1.744717e+01 1.462660e+01 
-1.754682e+01 1.454743e+01 
-1.764645e+01 1.446675e+01 
-1.774609e+01 1.438453e+01 
-1.784572e+01 1.430070e+01 
-1.794535e+01 1.421520e+01 
-1.804497e+01 1.412800e+01 
-1.814459e+01 1.403901e+01 
-1.824421e+01 1.394818e+01 
-1.834382e+01 1.385543e+01 
-1.844343e+01 1.376070e+01 
-1.854304e+01 1.366389e+01 
-1.864267e+01 1.356490e+01 
-1.874088e+01 1.346525e+01 
-1.883721e+01 1.336560e+01 
-1.893170e+01 1.326595e+01 
-1.902437e+01 1.316631e+01 
-1.911525e+01 1.306667e+01 
-1.920438e+01 1.296701e+01 
-1.929193e+01 1.286729e+01 
-1.937821e+01 1.276755e+01 
-1.946330e+01 1.266781e+01 
-1.954722e+01 1.256807e+01 
-1.962998e+01 1.246833e+01 
-1.971161e+01 1.236860e+01 
-1.979211e+01 1.226886e+01 
-1.987150e+01 1.216912e+01 
-1.994980e+01 1.206939e+01 
-2.002703e+01 1.196965e+01 
-2.010319e+01 1.186992e+01 
-2.017830e+01 1.177019e+01 
-2.025237e+01 1.167045e+01 
-2.032542e+01 1.157072e+01 
-2.039747e+01 1.147099e+01 
-2.046851e+01 1.137126e+01 
-2.053857e+01 1.127153e+01 
-2.060765e+01 1.117180e+01 
-2.067577e+01 1.107207e+01 
-2.074294e+01 1.097234e+01 
-2.080917e+01 1.087261e+01 
-2.087446e+01 1.077288e+01 
-2.093884e+01 1.067316e+01 
-2.100230e+01 1.057343e+01 
-2.106487e+01 1.047370e+01 
-2.112654e+01 1.037398e+01 
-2.118733e+01 1.027425e+01 
-2.124724e+01 1.017453e+01 
-2.130629e+01 1.007480e+01 
-2.136448e+01 9.975077e+00 
-2.142182e+01 9.875353e+00 
-2.147832e+01 9.775630e+00 
-2.153398e+01 9.675907e+00 
-2.158882e+01 9.576185e+00 
-2.164284e+01 9.476464e+00 
-2.169605e+01 9.376743e+00 
-2.174845e+01 9.277022e+00 
-2.180004e+01 9.177302e+00 
-2.185085e+01 9.077583e+00 
-2.190087e+01 8.977864e+00 
-2.195011e+01 8.878145e+00 
-2.199857e+01 8.778428e+00 
-2.204626e+01 8.678711e+00 
-2.209319e+01 8.578987e+00 
-2.213938e+01 8.479250e+00 
-2.218488e+01 8.379499e+00 
-2.222972e+01 8.279747e+00 
-2.227392e+01 8.179995e+00 
-2.231746e+01 8.080244e+00 
-2.236037e+01 7.980494e+00 
-2.240263e+01 7.880744e+00 
-2.244426e+01 7.780994e+00 
-2.248526e+01 7.681245e+00 
-2.252562e+01 7.581497e+00 
-2.256535e+01 7.481748e+00 
-2.260447e+01 7.382000e+00 
-2.264295e+01 7.282253e+00 
-2.268083e+01 7.182506e+00 
-2.271808e+01 7.082759e+00 
-2.275473e+01 6.983012e+00 
-2.279076e+01 6.883265e+00 
-2.282619e+01 6.783519e+00 
-2.286101e+01 6.683773e+00 
-2.289524e+01 6.584026e+00 
-2.292887e+01 6.484280e+00 
-2.296190e+01 6.384534e+00 
-2.299435e+01 6.284788e+00 
-2.302621e+01 6.185042e+00 
-2.305748e+01 6.085296e+00 
-2.308817e+01 5.985550e+00 
-2.311828e+01 5.885803e+00 
-2.314782e+01 5.786057e+00 
-2.317679e+01 5.686310e+00 
-2.320518e+01 5.586564e+00 
-2.323301e+01 5.486817e+00 
-2.326028e+01 5.387069e+00 
-2.328698e+01 5.287322e+00 
-2.331313e+01 5.187574e+00 
-2.333872e+01 5.087826e+00 
-2.336376e+01 4.988077e+00 
-2.338826e+01 4.888328e+00 
-2.341221e+01 4.788579e+00 
-2.343561e+01 4.688829e+00 
-2.345847e+01 4.589079e+00 
-2.348080e+01 4.489328e+00 
-2.350259e+01 4.389577e+00 
-2.352386e+01 4.289826e+00 
-2.354459e+01 4.190073e+00 
-2.356480e+01 4.090321e+00 
-2.358448e+01 3.990567e+00 
-2.360364e+01 3.890813e+00 
-2.362229e+01 3.791056e+00 
-2.364043e+01 3.691296e+00 
-2.365806e+01 3.591542e+00 
-2.367518e+01 3.491789e+00 
-2.369179e+01 3.392036e+00 
-2.370789e+01 3.292284e+00 
-2.372347e+01 3.192533e+00 
-2.373853e+01 3.092782e+00 
-2.375308e+01 2.993032e+00 
-2.376712e+01 2.893283e+00 
-2.378065e+01 2.793534e+00 
-2.379366e+01 2.693786e+00 
-2.380615e+01 2.594039e+00 
-2.381813e+01 2.494292e+00 
-2.382959e+01 2.394546e+00 
-2.384054e+01 2.294800e+00 
-2.385097e+01 2.195055e+00 
-2.386088e+01 2.095311e+00 
-2.387028e+01 1.995567e+00 
-2.387916e+01 1.895824e+00 
-2.388752e+01 1.796081e+00 
-2.389536e+01 1.696339e+00 
-2.390268e+01 1.596598e+00 
-2.390949e+01 1.496857e+00 
-2.391577e+01 1.397116e+00 
-2.392153e+01 1.297377e+00 
-2.392677e+01 1.197637e+00 
-2.393149e+01 1.097898e+00 
-2.393569e+01 9.981601e-01 
-2.393936e+01 8.984223e-01 
-2.394251e+01 7.986850e-01 
-2.404248e+01 8.013150e-01 
-2.403931e+01 9.015777e-01 
-2.403562e+01 1.001840e+00 
-2.403141e+01 1.102102e+00 
-2.402666e+01 1.202363e+00 
-2.402140e+01 1.302623e+00 
-2.401560e+01 1.402884e+00 
-2.400929e+01 1.503143e+00 
-2.400245e+01 1.603402e+00 
-2.399509e+01 1.703661e+00 
-2.398721e+01 1.803919e+00 
-2.397881e+01 1.904176e+00 
-2.396988e+01 2.004433e+00 
-2.396044e+01 2.104689e+00 
-2.395048e+01 2.204945e+00 
-2.394000e+01 2.305200e+00 
-2.392899e+01 2.405454e+00 
-2.391747e+01 2.505708e+00 
-2.390544e+01 2.605961e+00 
-2.389288e+01 2.706214e+00 
-2.387981e+01 2.806466e+00 
-2.386622e+01 2.906717e+00 
-2.385211e+01 3.006968e+00 
-2.383748e+01 3.107218e+00 
-2.382234e+01 3.207467e+00 
-2.380669e+01 3.307716e+00 
-2.379052e+01 3.407964e+00 
-2.377383e+01 3.508211e+00 
-2.375662e+01 3.608458e+00 
-2.373890e+01 3.708704e+00 
-2.372068e+01 3.808944e+00 
-2.370194e+01 3.909187e+00 
-2.368268e+01 4.009433e+00 
-2.366290e+01 4.109679e+00 
-2.364260e+01 4.209927e+00 
-2.362176e+01 4.310174e+00 
-2.360040e+01 4.410423e+00 
-2.357850e+01 4.510672e+00 
-2.355606e+01 4.610921e+00 
-2.353308e+01 4.711171e+00 
-2.350956e+01 4.811421e+00 
-2.348550e+01 4.911672e+00 
-2.346088e+01 5.011923e+00 
-2.343571e+01 5.112174e+00 
-2.340999e+01 5.212426e+00 
-2.338371e+01 5.312678e+00 
-2.335687e+01 5.412931e+00 
-2.332947e+01 5.513183e+00 
-2.330150e+01 5.613436e+00 
-2.327297e+01 5.713690e+00 
-2.324385e+01 5.813943e+00 
-2.321417e+01 5.914197e+00 
-2.318390e+01 6.014450e+00 
-2.315306e+01 6.114704e+00 
-2.312163e+01 6.214958e+00 
-2.308961e+01 6.315212e+00 
-2.305700e+01 6.415466e+00 
-2.302380e+01 6.515720e+00 
-2.299000e+01 6.615974e+00 
-2.295560e+01 6.716227e+00 
-2.292060e+01 6.816481e+00 
-2.288499e+01 6.916735e+00 
-2.284878e+01 7.016988e+00 
-2.281195e+01 7.117241e+00 
-2.277450e+01 7.217494e+00 
-2.273644e+01 7.317747e+00 
-2.269776e+01 7.418000e+00 
-2.265845e+01 7.518252e+00 
-2.261852e+01 7.618503e+00 
-2.257795e+01 7.718755e+00 
-2.253676e+01 7.819006e+00 
-2.249492e+01 7.919256e+00 
-2.245245e+01 8.019506e+00 
-2.240933e+01 8.119756e+00 
-2.236556e+01 8.220005e+00 
-2.232115e+01 8.320253e+00 
-2.227609e+01 8.420501e+00 
-2.223036e+01 8.520750e+00 
-2.218393e+01 8.621013e+00 
-2.213674e+01 8.721289e+00 
-2.208878e+01 8.821572e+00 
-2.204005e+01 8.921855e+00 
-2.199053e+01 9.022136e+00 
-2.194024e+01 9.122417e+00 
-2.188915e+01 9.222698e+00 
-2.183726e+01 9.322978e+00 
-2.178457e+01 9.423257e+00 
-2.173107e+01 9.523536e+00 
-2.167675e+01 9.623815e+00 
-2.162161e+01 9.724093e+00 
-2.156564e+01 9.824370e+00 
-2.150883e+01 9.924647e+00 
-2.145117e+01 1.002492e+01 
-2.139266e+01 1.012520e+01 
-2.133329e+01 1.022547e+01 
-2.127305e+01 1.032575e+01 
-2.121192e+01 1.042602e+01 
-2.114992e+01 1.052630e+01 
-2.108701e+01 1.062657e+01 
-2.102320e+01 1.072684e+01 
-2.095848e+01 1.082712e+01 
-2.089283e+01 1.092739e+01 
-2.082624e+01 1.102766e+01 
-2.075871e+01 1.112793e+01 
-2.069023e+01 1.122820e+01 
-2.062077e+01 1.132847e+01 
-2.055034e+01 1.142874e+01 
-2.047891e+01 1.152901e+01 
-2.040649e+01 1.162928e+01 
-2.033305e+01 1.172955e+01 
-2.025858e+01 1.182981e+01 
-2.018307e+01 1.193008e+01 
-2.010650e+01 1.203035e+01 
-2.002887e+01 1.213061e+01 
-1.995016e+01 1.223088e+01 
-1.987035e+01 1.233114e+01 
-1.978942e+01 1.243140e+01 
-1.970737e+01 1.253167e+01 
-1.962417e+01 1.263193e+01 
-1.953982e+01 1.273219e+01 
-1.945428e+01 1.283245e+01 
-1.936755e+01 1.293271e+01 
-1.927953e+01 1.303299e+01 
-1.918979e+01 1.313333e+01 
-1.909826e+01 1.323369e+01 
-1.900493e+01 1.333405e+01 
-1.890978e+01 1.343440e+01 
-1.881278e+01 1.353475e+01 
-1.871389e+01 1.363510e+01 
-1.861352e+01 1.373483e+01 
-1.851313e+01 1.383241e+01 
-1.841274e+01 1.392789e+01 
-1.831235e+01 1.402137e+01 
-1.821197e+01 1.411290e+01 
-1.811159e+01 1.420258e+01 
-1.801121e+01 1.429045e+01 
-1.791084e+01 1.437658e+01 
-1.781047e+01 1.446104e+01 
-1.771011e+01 1.454388e+01 
-1.760975e+01 1.462515e+01 
-1.750939e+01 1.470490e+01 
-1.740903e+01 1.478317e+01 
-1.730868e+01 1.486002e+01 
-1.720833e+01 1.493549e+01 
-1.710799e+01 1.500961e+01 
-1.700765e+01 1.508242e+01 
-1.690731e+01 1.515396e+01 
-1.680697e+01 1.522427e+01 
-1.670664e+01 1.529338e+01 
-1.660632e+01 1.536132e+01 
-1.650599e+01 1.542812e+01 
-1.640567e+01 1.549382e+01 
-1.630535e+01 1.555843e+01 
-1.620504e+01 1.562199e+01 
-1.610473e+01 1.568452e+01 
-1.600442e+01 1.574604e+01 
-1.590412e+01 1.580659e+01 
-1.580382e+01 1.586618e+01 
-1.570352e+01 1.592484e+01 
-1.560323e+01 1.598258e+01 
-1.550294e+01 1.603944e+01 
-1.540265e+01 1.609542e+01 
-1.530237e+01 1.615054e+01 
-1.520208e+01 1.620483e+01 
-1.510178e+01 1.625825e+01 
-1.500141e+01 1.631062e+01 
-1.490102e+01 1.636188e+01 
-1.480052e+01 1.641180e+01 
-1.469995e+01 1.646018e+01 
-1.459940e+01 1.650704e+01 
-1.449889e+01 1.655252e+01 
-1.439842e+01 1.659673e+01 
-1.429799e+01 1.663981e+01 
-1.419757e+01 1.668180e+01 
-1.409714e+01 1.672271e+01 
-1.399672e+01 1.676257e+01 
-1.389631e+01 1.680138e+01 
-1.379589e+01 1.683918e+01 
-1.369548e+01 1.687596e+01 
-1.359507e+01 1.691175e+01 
-1.349466e+01 1.694657e+01 
-1.339426e+01 1.698043e+01 
-1.329385e+01 1.701334e+01 
-1.319346e+01 1.704532e+01 
-1.309306e+01 1.707638e+01 
-1.299267e+01 1.710654e+01 
-1.289228e+01 1.713582e+01 
-1.279189e+01 1.716422e+01 
-1.269151e+01 1.719176e+01 
-1.259113e+01 1.721845e+01 
-1.249076e+01 1.724431e+01 
-1.239038e+01 1.726936e+01 
-1.229002e+01 1.729359e+01 
-1.218965e+01 1.731704e+01 
-1.208929e+01 1.733970e+01 
-1.198894e+01 1.736159e+01 
-1.188859e+01 1.738273e+01 
-1.178824e+01 1.740313e+01 
-1.168790e+01 1.742280e+01 
-1.158756e+01 1.744175e+01 
-1.148722e+01 1.745999e+01 
-1.138689e+01 1.747754e+01 
-1.128657e+01 1.749440e+01 
-1.118625e+01 1.751059e+01 
-1.108593e+01 1.752612e+01 
-1.098558e+01 1.754093e+01 
-1.088509e+01 1.755475e+01 
-1.078456e+01 1.756748e+01 
-1.068404e+01 1.757912e+01 
-1.058352e+01 1.758971e+01 
-1.048301e+01 1.759926e+01 
-1.038250e+01 1.760777e+01 
-1.028200e+01 1.761528e+01 
-1.018151e+01 1.762179e+01 
-1.008103e+01 1.762733e+01 
-9.980552e+00 1.763190e+01 
-9.880082e+00 1.763552e+01 
-9.779620e+00 1.763822e+01 
-9.679164e+00 1.763999e+01 
-9.578715e+00 1.764087e+01 
-9.478260e+00 1.764083e+01 
-9.377762e+00 1.763979e+01 
-9.277234e+00 1.763769e+01 
-9.176708e+00 1.763453e+01 
-9.076184e+00 1.763031e+01 
-8.975662e+00 1.762504e+01 
-8.875143e+00 1.761872e+01 
-8.774627e+00 1.761136e+01 
-8.674115e+00 1.760296e+01 
-8.573607e+00 1.759353e+01 
-8.473104e+00 1.758307e+01 
-8.372605e+00 1.757159e+01 
-8.272111e+00 1.755910e+01 
-8.171624e+00 1.754560e+01 
-8.071142e+00 1.753111e+01 
-7.970666e+00 1.751563e+01 
-7.870173e+00 1.749912e+01 
-7.769575e+00 1.748133e+01 
-7.668859e+00 1.746201e+01 
-7.568157e+00 1.744120e+01 
-7.467467e+00 1.741890e+01 
-7.366791e+00 1.739513e+01 
-7.266128e+00 1.736992e+01 
-7.165477e+00 1.734326e+01 
-7.064838e+00 1.731517e+01 
-6.964213e+00 1.728567e+01 
-6.863601e+00 1.725478e+01 
-6.763000e+00 1.722249e+01 
-6.662412e+00 1.718883e+01 
-6.561838e+00 1.715381e+01 
-6.461274e+00 1.711744e+01 
-6.360725e+00 1.707974e+01 
-6.260187e+00 1.704072e+01 
-6.159661e+00 1.700039e+01 
-6.059149e+00 1.695876e+01 
-5.958648e+00 1.691586e+01 
-5.858184e+00 1.687176e+01 
-5.757751e+00 1.682654e+01 
-5.657180e+00 1.677973e+01 
-5.556367e+00 1.673058e+01 
-5.455537e+00 1.667909e+01 
-5.354768e+00 1.662540e+01 
-5.253990e+00 1.656940e+01 
-5.153251e+00 1.651115e+01 
-5.052524e+00 1.645062e+01 
-4.951819e+00 1.638782e+01 
-4.851134e+00 1.632273e+01 
-4.750467e+00 1.625535e+01 
-4.649819e+00 1.618568e+01 
-4.549191e+00 1.611370e+01 
-4.448581e+00 1.603942e+01 
-4.347990e+00 1.596283e+01 
-4.247418e+00 1.588394e+01 
-4.146865e+00 1.580273e+01 
-4.046330e+00 1.571922e+01 
-3.945782e+00 1.563324e+01 
-3.844982e+00 1.554326e+01 
-3.744050e+00 1.544849e+01 
-3.642977e+00 1.534774e+01 
-3.548371e+00 1.524646e+01 
-3.459661e+00 1.514529e+01 
-3.375888e+00 1.504424e+01 
-3.296217e+00 1.494331e+01 
-3.219860e+00 1.484253e+01 
-3.146460e+00 1.474177e+01 
-3.075662e+00 1.464109e+01 
-3.007260e+00 1.454044e+01 
-2.941740e+00 1.443957e+01 
-2.878990e+00 1.433875e+01 
-2.818956e+00 1.423791e+01 
-2.761669e+00 1.413702e+01 
-2.707173e+00 1.403609e+01 
-2.655560e+00 1.393508e+01 
-2.606932e+00 1.383401e+01 
-2.560797e+00 1.373313e+01 
-2.516785e+00 1.363234e+01 
-2.474395e+00 1.353175e+01 
-2.433359e+00 1.343123e+01 
-2.393622e+00 1.333072e+01 
-2.355076e+00 1.323024e+01 
-2.317683e+00 1.312978e+01 
-2.281446e+00 1.302930e+01 
-2.246309e+00 1.292884e+01 
-2.212215e+00 1.282841e+01 
-2.178841e+00 1.272812e+01 
-2.146073e+00 1.262787e+01 
-2.113857e+00 1.252763e+01 
-2.082076e+00 1.242745e+01 
-2.050598e+00 1.232733e+01 
-2.019954e+00 1.222693e+01 
-1.990249e+00 1.212652e+01 
-1.961443e+00 1.202612e+01 
-1.933486e+00 1.192575e+01 
-1.906270e+00 1.182543e+01 
-1.879705e+00 1.172514e+01 
-1.853755e+00 1.162486e+01 
-1.828404e+00 1.152459e+01 
-1.803656e+00 1.142432e+01 
-1.779509e+00 1.132404e+01 
-1.755977e+00 1.122376e+01 
-1.732937e+00 1.112354e+01 
-1.710364e+00 1.102332e+01 
-1.688260e+00 1.092310e+01 
-1.666626e+00 1.082289e+01 
-1.645468e+00 1.072266e+01 
-1.624848e+00 1.062241e+01 
-1.604972e+00 1.052205e+01 
-1.585954e+00 1.042164e+01 
-1.567799e+00 1.032123e+01 
-1.550321e+00 1.022092e+01 
-1.533263e+00 1.012073e+01 
-1.516557e+00 1.002056e+01 
-1.500174e+00 9.920408e+00 
-1.484087e+00 9.820266e+00 
-1.468271e+00 9.720137e+00 
-1.452703e+00 9.620018e+00 
-1.437523e+00 9.519826e+00 
-1.423085e+00 9.419454e+00 
-1.409446e+00 9.319067e+00 
-1.396578e+00 9.218693e+00 
-1.384452e+00 9.118333e+00 
-1.373042e+00 9.017984e+00 
-1.362076e+00 8.917775e+00 
-1.351358e+00 8.817658e+00 
-1.340697e+00 8.717635e+00 
-1.330074e+00 8.617616e+00 
-1.319510e+00 8.517587e+00 
-1.309026e+00 8.417547e+00 
-1.298653e+00 8.317492e+00 
-1.398119e+00 8.307180e+00 
