-2.948099e+00 2.970134e+00 
-2.954489e+00 3.070182e+00 
-2.960790e+00 3.170338e+00 
-2.966775e+00 3.270470e+00 
-2.972485e+00 3.370465e+00 
-2.978201e+00 3.470390e+00 
-2.984068e+00 3.570292e+00 
-2.990130e+00 3.670175e+00 
-2.996425e+00 3.770039e+00 
-3.002999e+00 3.869952e+00 
-3.009749e+00 3.969908e+00 
-3.016589e+00 4.069861e+00 
-3.023521e+00 4.169808e+00 
-3.030559e+00 4.269722e+00 
-3.037769e+00 4.369634e+00 
-3.045158e+00 4.469566e+00 
-3.052683e+00 4.569474e+00 
-3.060388e+00 4.669329e+00 
-3.068387e+00 4.769193e+00 
-3.076661e+00 4.869079e+00 
-3.085167e+00 4.968977e+00 
-3.093880e+00 5.068887e+00 
-3.102776e+00 5.168808e+00 
-3.111833e+00 5.268740e+00 
-3.121027e+00 5.368684e+00 
-3.130337e+00 5.468640e+00 
-3.139738e+00 5.568607e+00 
-3.149206e+00 5.668581e+00 
-3.158724e+00 5.768529e+00 
-3.168341e+00 5.868408e+00 
-3.178207e+00 5.968340e+00 
-3.188208e+00 6.068216e+00 
-3.198462e+00 6.168124e+00 
-3.208901e+00 6.268010e+00 
-3.219567e+00 6.367848e+00 
-3.230559e+00 6.467661e+00 
-3.241929e+00 6.567456e+00 
-3.253713e+00 6.667233e+00 
-3.265950e+00 6.766989e+00 
-3.278681e+00 6.866725e+00 
-3.291950e+00 6.966437e+00 
-3.305830e+00 7.066288e+00 
-3.320021e+00 7.166171e+00 
-3.334448e+00 7.266019e+00 
-3.349183e+00 7.365838e+00 
-3.364288e+00 7.465627e+00 
-3.379824e+00 7.565385e+00 
-3.395851e+00 7.665093e+00 
-3.412481e+00 7.764782e+00 
-3.429758e+00 7.864462e+00 
-3.447700e+00 7.964136e+00 
-3.466325e+00 8.063800e+00 
-3.485656e+00 8.163462e+00 
-3.505707e+00 8.263161e+00 
-3.526392e+00 8.362831e+00 
-3.547786e+00 8.462542e+00 
-3.569787e+00 8.562207e+00 
-3.592463e+00 8.661679e+00 
-3.616255e+00 8.761071e+00 
-3.641360e+00 8.860433e+00 
-3.667855e+00 8.959768e+00 
-3.695812e+00 9.059069e+00 
-3.725331e+00 9.158353e+00 
-3.756478e+00 9.257648e+00 
-3.789229e+00 9.356885e+00 
-3.823740e+00 9.456055e+00 
-3.860192e+00 9.555150e+00 
-3.898795e+00 9.654144e+00 
-3.939812e+00 9.752950e+00 
-3.983796e+00 9.851595e+00 
-4.031296e+00 9.950115e+00 
-4.082789e+00 1.004846e+01 
-4.138968e+00 1.014660e+01 
-4.200736e+00 1.024440e+01 
-4.269547e+00 1.034166e+01 
-4.348335e+00 1.043830e+01 
-4.442791e+00 1.053491e+01 
-4.538922e+00 1.061531e+01 
-4.635038e+00 1.068100e+01 
-4.730942e+00 1.073444e+01 
-4.827415e+00 1.077710e+01 
-4.924676e+00 1.081149e+01 
-5.021905e+00 1.083970e+01 
-5.119085e+00 1.086196e+01 
-5.216214e+00 1.087839e+01 
-5.313293e+00 1.088909e+01 
-5.410331e+00 1.089405e+01 
-5.507351e+00 1.089326e+01 
-5.604458e+00 1.088666e+01 
-5.701798e+00 1.087432e+01 
-5.799558e+00 1.085651e+01 
-5.897333e+00 1.083404e+01 
-5.995134e+00 1.080678e+01 
-6.093140e+00 1.077453e+01 
-6.191999e+00 1.073726e+01 
-6.291013e+00 1.069713e+01 
-6.390036e+00 1.065451e+01 
-6.489060e+00 1.060936e+01 
-6.588062e+00 1.056162e+01 
-6.687065e+00 1.051113e+01 
-6.786069e+00 1.045779e+01 
-6.885093e+00 1.040150e+01 
-6.984135e+00 1.034220e+01 
-7.083196e+00 1.027981e+01 
-7.182274e+00 1.021428e+01 
-7.281369e+00 1.014551e+01 
-7.380479e+00 1.007342e+01 
-7.479605e+00 9.997906e+00 
-7.578744e+00 9.918842e+00 
-7.677896e+00 9.836097e+00 
-7.777060e+00 9.749519e+00 
-7.876234e+00 9.658932e+00 
-7.975520e+00 9.564036e+00 
-8.075010e+00 9.465068e+00 
-8.172158e+00 9.365588e+00 
-8.266539e+00 9.266105e+00 
-8.358283e+00 9.166619e+00 
-8.447504e+00 9.067130e+00 
-8.534308e+00 8.967639e+00 
-8.618788e+00 8.868145e+00 
-8.701032e+00 8.768650e+00 
-8.781118e+00 8.669153e+00 
-8.859121e+00 8.569654e+00 
-8.935111e+00 8.470153e+00 
-9.009151e+00 8.370649e+00 
-9.081310e+00 8.271139e+00 
-9.151670e+00 8.171606e+00 
-9.220347e+00 8.072070e+00 
-9.287386e+00 7.972534e+00 
-9.352823e+00 7.872998e+00 
-9.416694e+00 7.773462e+00 
-9.479031e+00 7.673926e+00 
-9.539867e+00 7.574389e+00 
-9.599233e+00 7.474852e+00 
-9.657159e+00 7.375314e+00 
-9.713674e+00 7.275775e+00 
-9.768807e+00 7.176235e+00 
-9.822583e+00 7.076694e+00 
-9.875030e+00 6.977152e+00 
-9.926174e+00 6.877608e+00 
-9.976037e+00 6.778062e+00 
-1.002465e+01 6.678513e+00 
-1.007205e+01 6.578916e+00 
-1.011840e+01 6.479263e+00 
-1.016382e+01 6.379604e+00 
-1.020835e+01 6.279946e+00 
-1.025198e+01 6.180289e+00 
-1.029473e+01 6.080633e+00 
-1.033660e+01 5.980978e+00 
-1.037760e+01 5.881323e+00 
-1.041773e+01 5.781669e+00 
-1.045700e+01 5.682015e+00 
-1.049542e+01 5.582363e+00 
-1.053299e+01 5.482710e+00 
-1.056972e+01 5.383058e+00 
-1.060561e+01 5.283406e+00 
-1.064067e+01 5.183755e+00 
-1.067490e+01 5.084104e+00 
-1.070832e+01 4.984453e+00 
-1.074092e+01 4.884803e+00 
-1.077271e+01 4.785152e+00 
-1.080371e+01 4.685502e+00 
-1.083390e+01 4.585851e+00 
-1.086330e+01 4.486201e+00 
-1.089191e+01 4.386551e+00 
-1.091975e+01 4.286901e+00 
-1.094680e+01 4.187250e+00 
-1.097308e+01 4.087600e+00 
-1.099859e+01 3.987949e+00 
-1.102334e+01 3.888299e+00 
-1.104733e+01 3.788648e+00 
-1.107056e+01 3.688991e+00 
-1.109306e+01 3.589333e+00 
-1.111482e+01 3.489672e+00 
-1.113586e+01 3.390011e+00 
-1.115618e+01 3.290351e+00 
-1.117579e+01 3.190690e+00 
-1.119468e+01 3.091029e+00 
-1.121285e+01 2.991369e+00 
-1.123032e+01 2.891708e+00 
-1.124708e+01 2.792047e+00 
-1.126314e+01 2.692386e+00 
-1.127850e+01 2.592724e+00 
-1.129316e+01 2.493062e+00 
-1.130712e+01 2.393400e+00 
-1.132039e+01 2.293737e+00 
-1.133298e+01 2.194074e+00 
-1.134488e+01 2.094384e+00 
-1.135615e+01 1.994693e+00 
-1.136679e+01 1.895010e+00 
-1.137679e+01 1.795326e+00 
-1.138615e+01 1.695641e+00 
-1.139487e+01 1.595955e+00 
-1.140296e+01 1.496268e+00 
-1.141043e+01 1.396579e+00 
-1.141726e+01 1.296890e+00 
-1.142348e+01 1.197200e+00 
-1.142907e+01 1.097508e+00 
-1.143405e+01 9.978152e-01 
-1.143841e+01 8.981223e-01 
-1.144216e+01 7.984297e-01 
-1.154211e+01 8.015703e-01 
-1.153834e+01 9.018777e-01 
-1.153395e+01 1.002185e+00 
-1.152895e+01 1.102492e+00 
-1.152332e+01 1.202800e+00 
-1.151707e+01 1.303110e+00 
-1.151019e+01 1.403421e+00 
-1.150269e+01 1.503732e+00 
-1.149454e+01 1.604045e+00 
-1.148577e+01 1.704359e+00 
-1.147635e+01 1.804674e+00 
-1.146629e+01 1.904990e+00 
-1.145558e+01 2.005307e+00 
-1.144424e+01 2.105616e+00 
-1.143227e+01 2.205926e+00 
-1.141961e+01 2.306263e+00 
-1.140625e+01 2.406600e+00 
-1.139219e+01 2.506938e+00 
-1.137743e+01 2.607276e+00 
-1.136197e+01 2.707614e+00 
-1.134581e+01 2.807953e+00 
-1.132893e+01 2.908292e+00 
-1.131135e+01 3.008631e+00 
-1.129305e+01 3.108971e+00 
-1.127404e+01 3.209310e+00 
-1.125430e+01 3.309649e+00 
-1.123385e+01 3.409989e+00 
-1.121267e+01 3.510328e+00 
-1.119076e+01 3.610667e+00 
-1.116811e+01 3.711009e+00 
-1.114472e+01 3.811352e+00 
-1.112056e+01 3.911701e+00 
-1.109564e+01 4.012051e+00 
-1.106996e+01 4.112400e+00 
-1.104349e+01 4.212750e+00 
-1.101625e+01 4.313099e+00 
-1.098823e+01 4.413449e+00 
-1.095942e+01 4.513799e+00 
-1.092981e+01 4.614149e+00 
-1.089941e+01 4.714498e+00 
-1.086820e+01 4.814848e+00 
-1.083619e+01 4.915197e+00 
-1.080336e+01 5.015547e+00 
-1.076971e+01 5.115896e+00 
-1.073524e+01 5.216245e+00 
-1.069994e+01 5.316594e+00 
-1.066380e+01 5.416942e+00 
-1.062682e+01 5.517290e+00 
-1.058899e+01 5.617637e+00 
-1.055031e+01 5.717985e+00 
-1.051077e+01 5.818331e+00 
-1.047036e+01 5.918677e+00 
-1.042908e+01 6.019022e+00 
-1.038693e+01 6.119367e+00 
-1.034389e+01 6.219711e+00 
-1.029995e+01 6.320054e+00 
-1.025512e+01 6.420396e+00 
-1.020939e+01 6.520737e+00 
-1.016273e+01 6.621084e+00 
-1.011494e+01 6.721487e+00 
-1.006590e+01 6.821938e+00 
-1.001558e+01 6.922392e+00 
-9.963979e+00 7.022848e+00 
-9.911055e+00 7.123306e+00 
-9.856789e+00 7.223765e+00 
-9.801154e+00 7.324225e+00 
-9.744121e+00 7.424686e+00 
-9.685665e+00 7.525148e+00 
-9.625753e+00 7.625611e+00 
-9.564358e+00 7.726074e+00 
-9.501447e+00 7.826538e+00 
-9.436987e+00 7.927002e+00 
-9.370947e+00 8.027466e+00 
-9.303290e+00 8.127930e+00 
-9.233981e+00 8.228394e+00 
-9.162970e+00 8.328861e+00 
-9.090108e+00 8.429351e+00 
-9.015340e+00 8.529847e+00 
-8.938597e+00 8.630346e+00 
-8.859820e+00 8.730847e+00 
-8.778934e+00 8.831350e+00 
-8.695867e+00 8.931855e+00 
-8.610537e+00 9.032361e+00 
-8.522858e+00 9.132870e+00 
-8.432733e+00 9.233381e+00 
-8.340055e+00 9.333895e+00 
-8.244706e+00 9.434412e+00 
-8.146557e+00 9.534932e+00 
-8.046047e+00 9.634930e+00 
-7.945334e+00 9.731218e+00 
-7.844508e+00 9.823347e+00 
-7.743672e+00 9.911420e+00 
-7.642824e+00 9.995613e+00 
-7.541963e+00 1.007608e+01 
-7.441088e+00 1.015296e+01 
-7.340199e+00 1.022638e+01 
-7.239294e+00 1.029643e+01 
-7.138372e+00 1.036321e+01 
-7.037432e+00 1.042681e+01 
-6.936475e+00 1.048729e+01 
-6.835498e+00 1.054472e+01 
-6.734502e+00 1.059916e+01 
-6.633505e+00 1.065070e+01 
-6.532508e+00 1.069943e+01 
-6.431532e+00 1.074550e+01 
-6.330555e+00 1.078898e+01 
-6.229569e+00 1.082993e+01 
-6.128428e+00 1.086809e+01 
-6.026433e+00 1.090175e+01 
-5.924235e+00 1.093035e+01 
-5.822010e+00 1.095396e+01 
-5.719770e+00 1.097269e+01 
-5.617110e+00 1.098586e+01 
-5.514217e+00 1.099302e+01 
-5.411237e+00 1.099405e+01 
-5.308274e+00 1.098896e+01 
-5.205354e+00 1.097780e+01 
-5.102482e+00 1.096057e+01 
-4.999663e+00 1.093720e+01 
-4.896891e+00 1.090756e+01 
-4.794153e+00 1.087141e+01 
-4.690626e+00 1.082596e+01 
-4.586529e+00 1.076845e+01 
-4.482645e+00 1.069798e+01 
-4.378777e+00 1.061173e+01 
-4.276962e+00 1.050834e+01 
-4.192145e+00 1.040498e+01 
-4.119158e+00 1.030224e+01 
-4.054449e+00 1.020005e+01 
-3.996024e+00 1.009818e+01 
-3.942720e+00 9.996528e+00 
-3.893730e+00 9.895047e+00 
-3.848488e+00 9.793692e+00 
-3.806443e+00 9.692499e+00 
-3.767029e+00 9.591492e+00 
-3.729891e+00 9.490587e+00 
-3.694787e+00 9.389757e+00 
-3.661518e+00 9.288994e+00 
-3.629916e+00 9.188289e+00 
-3.599960e+00 9.087573e+00 
-3.571598e+00 8.986874e+00 
-3.544739e+00 8.886209e+00 
-3.519303e+00 8.785571e+00 
-3.495212e+00 8.684963e+00 
-3.472289e+00 8.584435e+00 
-3.450137e+00 8.484100e+00 
-3.428617e+00 8.383811e+00 
-3.407794e+00 8.283482e+00 
-3.387619e+00 8.183180e+00 
-3.368155e+00 8.082842e+00 
-3.349402e+00 7.982507e+00 
-3.331340e+00 7.882180e+00 
-3.313950e+00 7.781860e+00 
-3.297214e+00 7.681549e+00 
-3.281091e+00 7.581257e+00 
-3.265479e+00 7.481015e+00 
-3.250309e+00 7.380805e+00 
-3.235520e+00 7.280623e+00 
-3.221049e+00 7.180471e+00 
-3.206825e+00 7.080354e+00 
-3.192902e+00 6.980206e+00 
-3.179555e+00 6.879917e+00 
-3.166755e+00 6.779653e+00 
-3.154457e+00 6.679409e+00 
-3.142619e+00 6.579186e+00 
-3.131202e+00 6.478981e+00 
-3.120168e+00 6.378795e+00 
-3.109467e+00 6.278632e+00 
-3.099003e+00 6.178519e+00 
-3.088730e+00 6.078426e+00 
-3.078705e+00 5.978303e+00 
-3.068825e+00 5.878234e+00 
-3.059184e+00 5.778113e+00 
-3.049657e+00 5.678061e+00 
-3.040183e+00 5.578035e+00 
-3.030776e+00 5.478003e+00 
-3.021458e+00 5.377958e+00 
-3.012253e+00 5.277902e+00 
-3.003184e+00 5.177834e+00 
-2.994274e+00 5.077755e+00 
-2.985545e+00 4.977665e+00 
-2.977022e+00 4.877563e+00 
-2.968729e+00 4.777449e+00 
-2.960707e+00 4.677313e+00 
-2.952980e+00 4.577168e+00 
-2.945440e+00 4.477077e+00 
-2.938042e+00 4.377008e+00 
-2.930819e+00 4.276920e+00 
-2.923768e+00 4.176835e+00 
-2.916828e+00 4.076781e+00 
-2.909983e+00 3.976734e+00 
-2.903226e+00 3.876690e+00 
-2.896641e+00 3.776604e+00 
-2.890328e+00 3.676467e+00 
-2.884251e+00 3.576350e+00 
-2.878373e+00 3.476252e+00 
-2.872648e+00 3.376177e+00 
-2.866937e+00 3.276172e+00 
-2.860968e+00 3.176304e+00 
-2.854687e+00 3.076460e+00 
-2.848303e+00 2.976508e+00 
-2.948099e+00 2.970134e+00 
