-1.744736e+01 -4.989834e-01 
-1.744533e+01 -5.987328e-01 
-1.744280e+01 -6.984822e-01 
-1.743978e+01 -7.982316e-01 
-1.743625e+01 -8.979810e-01 
-1.743222e+01 -9.977234e-01 
-1.742767e+01 -1.097462e+00 
-1.742260e+01 -1.197200e+00 
-1.741701e+01 -1.296938e+00 
-1.741089e+01 -1.396674e+00 
-1.740424e+01 -1.496410e+00 
-1.739706e+01 -1.596146e+00 
-1.738935e+01 -1.695881e+00 
-1.738111e+01 -1.795615e+00 
-1.737233e+01 -1.895349e+00 
-1.736302e+01 -1.995083e+00 
-1.735316e+01 -2.094816e+00 
-1.734276e+01 -2.194548e+00 
-1.733182e+01 -2.294280e+00 
-1.732034e+01 -2.394011e+00 
-1.730831e+01 -2.493743e+00 
-1.729573e+01 -2.593473e+00 
-1.728260e+01 -2.693204e+00 
-1.726892e+01 -2.792934e+00 
-1.725468e+01 -2.892663e+00 
-1.723989e+01 -2.992393e+00 
-1.722454e+01 -3.092122e+00 
-1.720863e+01 -3.191851e+00 
-1.719215e+01 -3.291580e+00 
-1.717511e+01 -3.391308e+00 
-1.715751e+01 -3.491036e+00 
-1.713934e+01 -3.590765e+00 
-1.712060e+01 -3.690493e+00 
-1.710128e+01 -3.790221e+00 
-1.708139e+01 -3.889949e+00 
-1.706093e+01 -3.989677e+00 
-1.703989e+01 -4.089405e+00 
-1.701826e+01 -4.189133e+00 
-1.699605e+01 -4.288876e+00 
-1.697329e+01 -4.388617e+00 
-1.694997e+01 -4.488376e+00 
-1.692613e+01 -4.588134e+00 
-1.690176e+01 -4.687894e+00 
-1.687686e+01 -4.787653e+00 
-1.685144e+01 -4.887413e+00 
-1.682549e+01 -4.987173e+00 
-1.679902e+01 -5.086930e+00 
-1.677200e+01 -5.186684e+00 
-1.674444e+01 -5.286436e+00 
-1.671633e+01 -5.386184e+00 
-1.668765e+01 -5.485932e+00 
-1.665841e+01 -5.585679e+00 
-1.662859e+01 -5.685409e+00 
-1.659817e+01 -5.785126e+00 
-1.656711e+01 -5.884831e+00 
-1.653537e+01 -5.984524e+00 
-1.650292e+01 -6.084213e+00 
-1.646975e+01 -6.183901e+00 
-1.643585e+01 -6.283589e+00 
-1.640121e+01 -6.383276e+00 
-1.636583e+01 -6.482963e+00 
-1.632970e+01 -6.582650e+00 
-1.629282e+01 -6.682337e+00 
-1.625518e+01 -6.782023e+00 
-1.621677e+01 -6.881710e+00 
-1.617759e+01 -6.981396e+00 
-1.613763e+01 -7.081083e+00 
-1.609689e+01 -7.180770e+00 
-1.605536e+01 -7.280457e+00 
-1.601303e+01 -7.380144e+00 
-1.596989e+01 -7.479832e+00 
-1.592595e+01 -7.579520e+00 
-1.588119e+01 -7.679209e+00 
-1.583561e+01 -7.778898e+00 
-1.578920e+01 -7.878588e+00 
-1.574196e+01 -7.978279e+00 
-1.569388e+01 -8.077971e+00 
-1.564496e+01 -8.177664e+00 
-1.559518e+01 -8.277358e+00 
-1.554454e+01 -8.377052e+00 
-1.549305e+01 -8.476749e+00 
-1.544068e+01 -8.576446e+00 
-1.538744e+01 -8.676145e+00 
-1.533331e+01 -8.775845e+00 
-1.527830e+01 -8.875547e+00 
-1.522241e+01 -8.975241e+00 
-1.516562e+01 -9.074882e+00 
-1.510773e+01 -9.174516e+00 
-1.504871e+01 -9.274151e+00 
-1.498854e+01 -9.373785e+00 
-1.492720e+01 -9.473420e+00 
-1.486466e+01 -9.573055e+00 
-1.480093e+01 -9.672690e+00 
-1.473596e+01 -9.772326e+00 
-1.466975e+01 -9.871963e+00 
-1.460228e+01 -9.971601e+00 
-1.453352e+01 -1.007124e+01 
-1.446345e+01 -1.017088e+01 
-1.439206e+01 -1.027052e+01 
-1.431932e+01 -1.037016e+01 
-1.424521e+01 -1.046980e+01 
-1.416970e+01 -1.056945e+01 
-1.409277e+01 -1.066909e+01 
-1.401441e+01 -1.076874e+01 
-1.393458e+01 -1.086839e+01 
-1.385325e+01 -1.096804e+01 
-1.377041e+01 -1.106769e+01 
-1.368604e+01 -1.116732e+01 
-1.360003e+01 -1.126690e+01 
-1.351210e+01 -1.136648e+01 
-1.342212e+01 -1.146605e+01 
-1.333004e+01 -1.156564e+01 
-1.323582e+01 -1.166522e+01 
-1.313941e+01 -1.176482e+01 
-1.304078e+01 -1.186441e+01 
-1.294120e+01 -1.196271e+01 
-1.284166e+01 -1.205870e+01 
-1.274214e+01 -1.215226e+01 
-1.264262e+01 -1.224339e+01 
-1.254310e+01 -1.233217e+01 
-1.244358e+01 -1.241869e+01 
-1.234406e+01 -1.250301e+01 
-1.224455e+01 -1.258521e+01 
-1.214503e+01 -1.266534e+01 
-1.204551e+01 -1.274346e+01 
-1.194599e+01 -1.281965e+01 
-1.184647e+01 -1.289394e+01 
-1.174695e+01 -1.296640e+01 
-1.164743e+01 -1.303708e+01 
-1.154790e+01 -1.310603e+01 
-1.144837e+01 -1.317331e+01 
-1.134884e+01 -1.323897e+01 
-1.124930e+01 -1.330306e+01 
-1.114975e+01 -1.336562e+01 
-1.105021e+01 -1.342670e+01 
-1.095066e+01 -1.348634e+01 
-1.085110e+01 -1.354457e+01 
-1.075154e+01 -1.360145e+01 
-1.065198e+01 -1.365699e+01 
-1.055241e+01 -1.371124e+01 
-1.045284e+01 -1.376423e+01 
-1.035327e+01 -1.381598e+01 
-1.025370e+01 -1.386653e+01 
-1.015421e+01 -1.391584e+01 
-1.005476e+01 -1.396373e+01 
-9.955383e+00 -1.401009e+01 
-9.856018e+00 -1.405482e+01 
-9.756645e+00 -1.409790e+01 
-9.657264e+00 -1.413938e+01 
-9.557876e+00 -1.417931e+01 
-9.458480e+00 -1.421773e+01 
-9.359075e+00 -1.425469e+01 
-9.259663e+00 -1.429023e+01 
-9.160243e+00 -1.432437e+01 
-9.060834e+00 -1.435716e+01 
-8.961478e+00 -1.438857e+01 
-8.862163e+00 -1.441850e+01 
-8.762844e+00 -1.444689e+01 
-8.663519e+00 -1.447377e+01 
-8.564190e+00 -1.449917e+01 
-8.464855e+00 -1.452311e+01 
-8.365516e+00 -1.454562e+01 
-8.266171e+00 -1.456672e+01 
-8.166819e+00 -1.458644e+01 
-8.067462e+00 -1.460480e+01 
-7.968099e+00 -1.462182e+01 
-7.868729e+00 -1.463753e+01 
-7.769353e+00 -1.465194e+01 
-7.669969e+00 -1.466508e+01 
-7.570579e+00 -1.467696e+01 
-7.471182e+00 -1.468761e+01 
-7.371783e+00 -1.469704e+01 
-7.272403e+00 -1.470526e+01 
-7.173074e+00 -1.471223e+01 
-7.073875e+00 -1.471786e+01 
-6.974681e+00 -1.472189e+01 
-6.875469e+00 -1.472432e+01 
-6.776237e+00 -1.472519e+01 
-6.676994e+00 -1.472453e+01 
-6.577789e+00 -1.472237e+01 
-6.478746e+00 -1.471864e+01 
-6.379895e+00 -1.471303e+01 
-6.281013e+00 -1.470512e+01 
-6.182099e+00 -1.469497e+01 
-6.083154e+00 -1.468262e+01 
-5.984177e+00 -1.466812e+01 
-5.885167e+00 -1.465152e+01 
-5.786126e+00 -1.463286e+01 
-5.687055e+00 -1.461217e+01 
-5.587951e+00 -1.458951e+01 
-5.488818e+00 -1.456490e+01 
-5.389702e+00 -1.453841e+01 
-5.290721e+00 -1.451000e+01 
-5.191872e+00 -1.447934e+01 
-5.092993e+00 -1.444603e+01 
-4.994352e+00 -1.441018e+01 
-4.895955e+00 -1.437114e+01 
-4.797515e+00 -1.432808e+01 
-4.699044e+00 -1.428091e+01 
-4.600545e+00 -1.422952e+01 
-4.502016e+00 -1.417374e+01 
-4.403463e+00 -1.411342e+01 
-4.304879e+00 -1.404833e+01 
-4.206272e+00 -1.397825e+01 
-4.107595e+00 -1.390284e+01 
-4.008910e+00 -1.382201e+01 
-3.910473e+00 -1.373555e+01 
-3.812419e+00 -1.364182e+01 
-3.720523e+00 -1.354366e+01 
-3.637091e+00 -1.344522e+01 
-3.560126e+00 -1.334664e+01 
-3.488616e+00 -1.324800e+01 
-3.421932e+00 -1.314929e+01 
-3.359560e+00 -1.305052e+01 
-3.301110e+00 -1.295174e+01 
-3.246375e+00 -1.285302e+01 
-3.195189e+00 -1.275400e+01 
-3.146691e+00 -1.265492e+01 
-3.100662e+00 -1.255580e+01 
-3.056932e+00 -1.245666e+01 
-3.015401e+00 -1.235752e+01 
-2.976024e+00 -1.225840e+01 
-2.938799e+00 -1.215930e+01 
-2.903688e+00 -1.206008e+01 
-2.870372e+00 -1.196074e+01 
-2.838550e+00 -1.186130e+01 
-2.807995e+00 -1.176180e+01 
-2.778562e+00 -1.166226e+01 
-2.750158e+00 -1.156269e+01 
-2.722679e+00 -1.146302e+01 
-2.695931e+00 -1.136336e+01 
-2.669931e+00 -1.126368e+01 
-2.644648e+00 -1.116404e+01 
-2.620160e+00 -1.106444e+01 
-2.596541e+00 -1.096482e+01 
-2.573731e+00 -1.086516e+01 
-2.551627e+00 -1.076543e+01 
-2.530079e+00 -1.066562e+01 
-2.508926e+00 -1.056577e+01 
-2.488089e+00 -1.046590e+01 
-2.467547e+00 -1.036607e+01 
-2.447372e+00 -1.026627e+01 
-2.427620e+00 -1.016648e+01 
-2.408308e+00 -1.006671e+01 
-2.389491e+00 -9.966965e+00 
-2.371212e+00 -9.867229e+00 
-2.353490e+00 -9.767515e+00 
-2.336366e+00 -9.667808e+00 
-2.319836e+00 -9.568005e+00 
-2.303705e+00 -9.468131e+00 
-2.287840e+00 -9.368290e+00 
-2.272302e+00 -9.268436e+00 
-2.257075e+00 -9.168642e+00 
-2.242274e+00 -9.068852e+00 
-2.227902e+00 -8.969035e+00 
-2.213908e+00 -8.869227e+00 
-2.200312e+00 -8.769456e+00 
-2.187183e+00 -8.669660e+00 
-2.174467e+00 -8.569837e+00 
-2.162110e+00 -8.469987e+00 
-2.150057e+00 -8.370110e+00 
-2.138252e+00 -8.270205e+00 
-2.126638e+00 -8.170276e+00 
-2.115167e+00 -8.070349e+00 
-2.103847e+00 -7.970438e+00 
-2.092702e+00 -7.870471e+00 
-2.081631e+00 -7.770558e+00 
-2.070742e+00 -7.670695e+00 
-2.060132e+00 -7.570834e+00 
-2.049804e+00 -7.470975e+00 
-2.039763e+00 -7.371117e+00 
-2.030008e+00 -7.271255e+00 
-2.020532e+00 -7.171388e+00 
-2.011325e+00 -7.071516e+00 
-2.002377e+00 -6.971640e+00 
-1.993679e+00 -6.871756e+00 
-1.985211e+00 -6.771835e+00 
-1.976894e+00 -6.671813e+00 
-1.968534e+00 -6.571785e+00 
-1.960130e+00 -6.471905e+00 
-1.951971e+00 -6.372085e+00 
-1.944174e+00 -6.272244e+00 
-1.936692e+00 -6.172318e+00 
-1.929356e+00 -6.072353e+00 
-1.922090e+00 -5.972380e+00 
-1.914878e+00 -5.872407e+00 
-1.907720e+00 -5.772433e+00 
-1.900614e+00 -5.672459e+00 
-1.893561e+00 -5.572485e+00 
-1.886560e+00 -5.472510e+00 
-1.879609e+00 -5.372535e+00 
-1.872710e+00 -5.272574e+00 
-1.865893e+00 -5.172660e+00 
-1.859247e+00 -5.072737e+00 
-1.852758e+00 -4.972810e+00 
-1.846413e+00 -4.872873e+00 
-1.840195e+00 -4.772926e+00 
-1.834083e+00 -4.672969e+00 
-1.828057e+00 -4.573002e+00 
-1.822098e+00 -4.473044e+00 
-1.816226e+00 -4.373145e+00 
-1.810557e+00 -4.273280e+00 
-1.805160e+00 -4.173399e+00 
-1.799998e+00 -4.073456e+00 
-1.794945e+00 -3.973405e+00 
-1.789788e+00 -3.873308e+00 
-1.784442e+00 -3.773321e+00 
-1.779123e+00 -3.673358e+00 
-1.773879e+00 -3.573400e+00 
-1.768719e+00 -3.473455e+00 
-1.763669e+00 -3.373493e+00 
-1.758695e+00 -3.273534e+00 
-1.753804e+00 -3.173595e+00 
-1.749037e+00 -3.073674e+00 
-1.744428e+00 -2.973751e+00 
-1.739973e+00 -2.873792e+00 
-1.735598e+00 -2.773807e+00 
-1.731254e+00 -2.673857e+00 
-1.727008e+00 -2.573881e+00 
-1.722812e+00 -2.473912e+00 
-1.718680e+00 -2.373957e+00 
-1.714638e+00 -2.274028e+00 
-1.710738e+00 -2.174088e+00 
-1.706957e+00 -2.074129e+00 
-1.703258e+00 -1.974148e+00 
-1.699597e+00 -1.874165e+00 
-1.695971e+00 -1.774211e+00 
-1.692436e+00 -1.674251e+00 
-1.688975e+00 -1.574136e+00 
-1.685287e+00 -1.474078e+00 
-1.681485e+00 -1.374114e+00 
-1.677758e+00 -1.274165e+00 
-1.674131e+00 -1.174185e+00 
-1.670543e+00 -1.074174e+00 
-1.666932e+00 -9.741330e-01 
-1.663240e+00 -8.741211e-01 
-1.659530e+00 -7.742864e-01 
-1.656151e+00 -6.744889e-01 
-1.653178e+00 -5.746813e-01 
-1.650587e+00 -4.747916e-01 
-1.648214e+00 -3.747867e-01 
-1.645831e+00 -2.747734e-01 
-1.643421e+00 -1.747537e-01 
-1.640987e+00 -7.597775e-02 
-1.640972e+00 7.475368e-02 
-1.643421e+00 1.747734e-01 
-1.645831e+00 2.747867e-01 
-1.648214e+00 3.747916e-01 
-1.650584e+00 4.746813e-01 
-1.653172e+00 5.744889e-01 
-1.656145e+00 6.742864e-01 
-1.659524e+00 7.741211e-01 
-1.663240e+00 8.741330e-01 
-1.666933e+00 9.741742e-01 
-1.670543e+00 1.074185e+00 
-1.674130e+00 1.174165e+00 
-1.677756e+00 1.274114e+00 
-1.681484e+00 1.374078e+00 
-1.685289e+00 1.474136e+00 
-1.688979e+00 1.574251e+00 
-1.692434e+00 1.674211e+00 
-1.695969e+00 1.774165e+00 
-1.699596e+00 1.874148e+00 
-1.703257e+00 1.974129e+00 
-1.706955e+00 2.074088e+00 
-1.710736e+00 2.174028e+00 
-1.714635e+00 2.273957e+00 
-1.718678e+00 2.373912e+00 
-1.722811e+00 2.473881e+00 
-1.727007e+00 2.573857e+00 
-1.731251e+00 2.673807e+00 
-1.735597e+00 2.773792e+00 
-1.739971e+00 2.873751e+00 
-1.744425e+00 2.973674e+00 
-1.749033e+00 3.073595e+00 
-1.753801e+00 3.173534e+00 
-1.758693e+00 3.273493e+00 
-1.763668e+00 3.373455e+00 
-1.768717e+00 3.473400e+00 
-1.773877e+00 3.573358e+00 
-1.779121e+00 3.673321e+00 
-1.784442e+00 3.773308e+00 
-1.789793e+00 3.873405e+00 
-1.794948e+00 3.973456e+00 
-1.799996e+00 4.073399e+00 
-1.805153e+00 4.173280e+00 
-1.810550e+00 4.273145e+00 
-1.816220e+00 4.373044e+00 
-1.822096e+00 4.473002e+00 
-1.828055e+00 4.572969e+00 
-1.834081e+00 4.672926e+00 
-1.840192e+00 4.772873e+00 
-1.846409e+00 4.872810e+00 
-1.852753e+00 4.972737e+00 
-1.752963e+00 4.979218e+00 
-1.746610e+00 4.879146e+00 
-1.740385e+00 4.779083e+00 
-1.734267e+00 4.679029e+00 
-1.728237e+00 4.578986e+00 
-1.722273e+00 4.478953e+00 
-1.716392e+00 4.378912e+00 
-1.710711e+00 4.278811e+00 
-1.705299e+00 4.178676e+00 
-1.700129e+00 4.078556e+00 
-1.695075e+00 3.978500e+00 
-1.689926e+00 3.878550e+00 
-1.684584e+00 3.778647e+00 
-1.679262e+00 3.678635e+00 
-1.674014e+00 3.578597e+00 
-1.668850e+00 3.478556e+00 
-1.663795e+00 3.378500e+00 
-1.658817e+00 3.278463e+00 
-1.653921e+00 3.178422e+00 
-1.649147e+00 3.078361e+00 
-1.644531e+00 2.978281e+00 
-1.640071e+00 2.878204e+00 
-1.635693e+00 2.778164e+00 
-1.631346e+00 2.678149e+00 
-1.627097e+00 2.578099e+00 
-1.622899e+00 2.478075e+00 
-1.618763e+00 2.378043e+00 
-1.614717e+00 2.277998e+00 
-1.610812e+00 2.177927e+00 
-1.607026e+00 2.077868e+00 
-1.603326e+00 1.977826e+00 
-1.599663e+00 1.877807e+00 
-1.596035e+00 1.777791e+00 
-1.592497e+00 1.677745e+00 
-1.589039e+00 1.577705e+00 
-1.585357e+00 1.477820e+00 
-1.581556e+00 1.377878e+00 
-1.577826e+00 1.277841e+00 
-1.574196e+00 1.177790e+00 
-1.570608e+00 1.077771e+00 
-1.566999e+00 9.777813e-01 
-1.563308e+00 8.778224e-01 
-1.559593e+00 7.778344e-01 
-1.556202e+00 6.776690e-01 
-1.553217e+00 5.774666e-01 
-1.550618e+00 4.772742e-01 
-1.548242e+00 3.771638e-01 
-1.545859e+00 2.771688e-01 
-1.543450e+00 1.771821e-01 
-1.541002e+00 7.720181e-02 
-1.540987e+00 -7.597775e-02 
-1.543451e+00 -1.772018e-01 
-1.545860e+00 -2.771821e-01 
-1.548242e+00 -3.771688e-01 
-1.550615e+00 -4.771638e-01 
-1.553211e+00 -5.772742e-01 
-1.556196e+00 -6.774666e-01 
-1.559587e+00 -7.776690e-01 
-1.563309e+00 -8.778344e-01 
-1.567000e+00 -9.778224e-01 
-1.570608e+00 -1.077781e+00 
-1.574195e+00 -1.177771e+00 
-1.577824e+00 -1.277790e+00 
-1.581555e+00 -1.377841e+00 
-1.585359e+00 -1.477878e+00 
-1.589043e+00 -1.577820e+00 
-1.592495e+00 -1.677705e+00 
-1.596033e+00 -1.777745e+00 
-1.599663e+00 -1.877791e+00 
-1.603325e+00 -1.977807e+00 
-1.607025e+00 -2.077826e+00 
-1.610810e+00 -2.177868e+00 
-1.614714e+00 -2.277927e+00 
-1.618761e+00 -2.377998e+00 
-1.622897e+00 -2.478043e+00 
-1.627096e+00 -2.578075e+00 
-1.631344e+00 -2.678099e+00 
-1.635692e+00 -2.778149e+00 
-1.640069e+00 -2.878164e+00 
-1.644528e+00 -2.978204e+00 
-1.649143e+00 -3.078281e+00 
-1.653918e+00 -3.178361e+00 
-1.658815e+00 -3.278422e+00 
-1.663793e+00 -3.378463e+00 
-1.668847e+00 -3.478500e+00 
-1.674012e+00 -3.578556e+00 
-1.679260e+00 -3.678597e+00 
-1.684583e+00 -3.778635e+00 
-1.689931e+00 -3.878647e+00 
-1.695078e+00 -3.978550e+00 
-1.700126e+00 -4.078500e+00 
-1.705293e+00 -4.178556e+00 
-1.710703e+00 -4.278676e+00 
-1.716386e+00 -4.378811e+00 
-1.722270e+00 -4.478912e+00 
-1.728235e+00 -4.578953e+00 
-1.734264e+00 -4.678986e+00 
-1.740381e+00 -4.779029e+00 
-1.746606e+00 -4.879083e+00 
-1.752959e+00 -4.979146e+00 
-1.759458e+00 -5.079218e+00 
-1.766113e+00 -5.179296e+00 
-1.772942e+00 -5.279381e+00 
-1.779846e+00 -5.379421e+00 
-1.786800e+00 -5.479446e+00 
-1.793806e+00 -5.579471e+00 
-1.800862e+00 -5.679497e+00 
-1.807972e+00 -5.779522e+00 
-1.815134e+00 -5.879549e+00 
-1.822349e+00 -5.979575e+00 
-1.829619e+00 -6.079602e+00 
-1.836960e+00 -6.179637e+00 
-1.844454e+00 -6.279711e+00 
-1.852274e+00 -6.379870e+00 
-1.860462e+00 -6.480051e+00 
-1.868887e+00 -6.580170e+00 
-1.877242e+00 -6.680142e+00 
-1.885555e+00 -6.780121e+00 
-1.894036e+00 -6.880200e+00 
-1.902754e+00 -6.980316e+00 
-1.911724e+00 -7.080439e+00 
-1.920954e+00 -7.180568e+00 
-1.930455e+00 -7.280701e+00 
-1.940236e+00 -7.380838e+00 
-1.950306e+00 -7.480980e+00 
-1.960662e+00 -7.581121e+00 
-1.971301e+00 -7.681260e+00 
-1.982220e+00 -7.781398e+00 
-1.993310e+00 -7.881485e+00 
-2.004463e+00 -7.981518e+00 
-2.015803e+00 -8.081607e+00 
-2.027290e+00 -8.181680e+00 
-2.038921e+00 -8.281750e+00 
-2.050748e+00 -8.381845e+00 
-2.062831e+00 -8.481968e+00 
-2.075224e+00 -8.582118e+00 
-2.087984e+00 -8.682296e+00 
-2.101166e+00 -8.782499e+00 
-2.114824e+00 -8.882729e+00 
-2.128871e+00 -8.982920e+00 
-2.143295e+00 -9.083103e+00 
-2.158157e+00 -9.183313e+00 
-2.173446e+00 -9.283520e+00 
-2.189029e+00 -9.383665e+00 
-2.204944e+00 -9.483824e+00 
-2.221116e+00 -9.583950e+00 
-2.237710e+00 -9.684147e+00 
-2.254933e+00 -9.784441e+00 
-2.272755e+00 -9.884727e+00 
-2.291129e+00 -9.984991e+00 
-2.310041e+00 -1.008525e+01 
-2.329442e+00 -1.018548e+01 
-2.349276e+00 -1.028569e+01 
-2.369530e+00 -1.038588e+01 
-2.390141e+00 -1.048605e+01 
-2.411034e+00 -1.058619e+01 
-2.432251e+00 -1.068634e+01 
-2.453878e+00 -1.078653e+01 
-2.476100e+00 -1.088680e+01 
-2.499061e+00 -1.098713e+01 
-2.522857e+00 -1.108751e+01 
-2.547539e+00 -1.118791e+01 
-2.573002e+00 -1.128827e+01 
-2.599169e+00 -1.138860e+01 
-2.626097e+00 -1.148894e+01 
-2.653755e+00 -1.158927e+01 
-2.682397e+00 -1.168969e+01 
-2.712099e+00 -1.179015e+01 
-2.742955e+00 -1.189065e+01 
-2.775129e+00 -1.199122e+01 
-2.808876e+00 -1.209187e+01 
-2.844525e+00 -1.219265e+01 
-2.882408e+00 -1.229356e+01 
-2.922463e+00 -1.239443e+01 
-2.964695e+00 -1.249529e+01 
-3.009164e+00 -1.259615e+01 
-3.055989e+00 -1.269703e+01 
-3.105368e+00 -1.279796e+01 
-3.157536e+00 -1.289893e+01 
-3.213645e+00 -1.300022e+01 
-3.273489e+00 -1.310143e+01 
-3.337371e+00 -1.320267e+01 
-3.405742e+00 -1.330396e+01 
-3.479149e+00 -1.340532e+01 
-3.558254e+00 -1.350674e+01 
-3.644215e+00 -1.360829e+01 
-3.739386e+00 -1.371013e+01 
-3.841333e+00 -1.380780e+01 
-3.942895e+00 -1.389712e+01 
-4.044211e+00 -1.398018e+01 
-4.145534e+00 -1.405769e+01 
-4.246927e+00 -1.412982e+01 
-4.348342e+00 -1.419686e+01 
-4.449790e+00 -1.425902e+01 
-4.551261e+00 -1.431653e+01 
-4.652761e+00 -1.436956e+01 
-4.754290e+00 -1.441826e+01 
-4.855850e+00 -1.446275e+01 
-4.957453e+00 -1.450312e+01 
-5.058813e+00 -1.454001e+01 
-5.159933e+00 -1.457410e+01 
-5.261084e+00 -1.460551e+01 
-5.362103e+00 -1.463453e+01 
-5.462988e+00 -1.466151e+01 
-5.563854e+00 -1.468656e+01 
-5.664751e+00 -1.470965e+01 
-5.765679e+00 -1.473075e+01 
-5.866639e+00 -1.474979e+01 
-5.967629e+00 -1.476675e+01 
-6.068651e+00 -1.478156e+01 
-6.169706e+00 -1.479420e+01 
-6.270793e+00 -1.480459e+01 
-6.371911e+00 -1.481271e+01 
-6.473059e+00 -1.481848e+01 
-6.574017e+00 -1.482230e+01 
-6.674811e+00 -1.482451e+01 
-6.775568e+00 -1.482519e+01 
-6.876337e+00 -1.482432e+01 
-6.977124e+00 -1.482186e+01 
-7.077930e+00 -1.481778e+01 
-7.178731e+00 -1.481207e+01 
-7.279403e+00 -1.480501e+01 
-7.380022e+00 -1.479670e+01 
-7.480624e+00 -1.478716e+01 
-7.581226e+00 -1.477639e+01 
-7.681836e+00 -1.476437e+01 
-7.782453e+00 -1.475108e+01 
-7.883077e+00 -1.473649e+01 
-7.983707e+00 -1.472060e+01 
-8.084344e+00 -1.470337e+01 
-8.184986e+00 -1.468478e+01 
-8.285635e+00 -1.466481e+01 
-8.386289e+00 -1.464344e+01 
-8.486950e+00 -1.462064e+01 
-8.587616e+00 -1.459639e+01 
-8.688287e+00 -1.457065e+01 
-8.788962e+00 -1.454342e+01 
-8.889643e+00 -1.451465e+01 
-8.990327e+00 -1.448432e+01 
-9.090971e+00 -1.445251e+01 
-9.191563e+00 -1.441934e+01 
-9.292143e+00 -1.438481e+01 
-9.392730e+00 -1.434886e+01 
-9.493326e+00 -1.431147e+01 
-9.593930e+00 -1.427258e+01 
-9.694541e+00 -1.423217e+01 
-9.795161e+00 -1.419018e+01 
-9.895788e+00 -1.414657e+01 
-9.996423e+00 -1.410128e+01 
-1.009704e+01 -1.405435e+01 
-1.019760e+01 -1.400593e+01 
-1.029810e+01 -1.395613e+01 
-1.039854e+01 -1.390515e+01 
-1.049896e+01 -1.385296e+01 
-1.059939e+01 -1.379952e+01 
-1.069982e+01 -1.374480e+01 
-1.080026e+01 -1.368878e+01 
-1.090070e+01 -1.363141e+01 
-1.100115e+01 -1.357266e+01 
-1.110160e+01 -1.351249e+01 
-1.120205e+01 -1.345086e+01 
-1.130251e+01 -1.338773e+01 
-1.140297e+01 -1.332305e+01 
-1.150343e+01 -1.325679e+01 
-1.160390e+01 -1.318888e+01 
-1.170438e+01 -1.311928e+01 
-1.180485e+01 -1.304794e+01 
-1.190533e+01 -1.297479e+01 
-1.200581e+01 -1.289978e+01 
-1.210629e+01 -1.282287e+01 
-1.220678e+01 -1.274400e+01 
-1.230726e+01 -1.266310e+01 
-1.240774e+01 -1.258012e+01 
-1.250822e+01 -1.249499e+01 
-1.260871e+01 -1.240764e+01 
-1.270919e+01 -1.231801e+01 
-1.280967e+01 -1.222601e+01 
-1.291015e+01 -1.213157e+01 
-1.301061e+01 -1.203469e+01 
-1.311103e+01 -1.193559e+01 
-1.321047e+01 -1.183518e+01 
-1.330767e+01 -1.173478e+01 
-1.340268e+01 -1.163436e+01 
-1.349554e+01 -1.153395e+01 
-1.358630e+01 -1.143352e+01 
-1.367499e+01 -1.133310e+01 
-1.376172e+01 -1.123268e+01 
-1.384672e+01 -1.113231e+01 
-1.393015e+01 -1.103196e+01 
-1.401205e+01 -1.093161e+01 
-1.409245e+01 -1.083126e+01 
-1.417138e+01 -1.073091e+01 
-1.424885e+01 -1.063055e+01 
-1.432491e+01 -1.053020e+01 
-1.439956e+01 -1.042984e+01 
-1.447283e+01 -1.032948e+01 
-1.454474e+01 -1.022912e+01 
-1.461532e+01 -1.012876e+01 
-1.468458e+01 -1.002840e+01 
-1.475255e+01 -9.928037e+00 
-1.481925e+01 -9.827674e+00 
-1.488469e+01 -9.727310e+00 
-1.494890e+01 -9.626945e+00 
-1.501190e+01 -9.526580e+00 
-1.507369e+01 -9.426215e+00 
-1.513431e+01 -9.325849e+00 
-1.519377e+01 -9.225484e+00 
-1.525208e+01 -9.125118e+00 
-1.530929e+01 -9.024759e+00 
-1.536553e+01 -8.924453e+00 
-1.542087e+01 -8.824155e+00 
-1.547532e+01 -8.723855e+00 
-1.552889e+01 -8.623554e+00 
-1.558158e+01 -8.523251e+00 
-1.563339e+01 -8.422948e+00 
-1.568434e+01 -8.322642e+00 
-1.573442e+01 -8.222336e+00 
-1.578365e+01 -8.122029e+00 
-1.583203e+01 -8.021721e+00 
-1.587957e+01 -7.921412e+00 
-1.592627e+01 -7.821102e+00 
-1.597214e+01 -7.720791e+00 
-1.601718e+01 -7.620480e+00 
-1.606140e+01 -7.520168e+00 
-1.610480e+01 -7.419856e+00 
-1.614740e+01 -7.319543e+00 
-1.618920e+01 -7.219230e+00 
-1.623020e+01 -7.118917e+00 
-1.627041e+01 -7.018604e+00 
-1.630984e+01 -6.918290e+00 
-1.634849e+01 -6.817977e+00 
-1.638637e+01 -6.717663e+00 
-1.642349e+01 -6.617350e+00 
-1.645984e+01 -6.517037e+00 
-1.649545e+01 -6.416724e+00 
-1.653031e+01 -6.316411e+00 
-1.656442e+01 -6.216099e+00 
-1.659780e+01 -6.115787e+00 
-1.663046e+01 -6.015476e+00 
-1.666239e+01 -5.915169e+00 
-1.669364e+01 -5.814874e+00 
-1.672424e+01 -5.714591e+00 
-1.675422e+01 -5.614321e+00 
-1.678361e+01 -5.514068e+00 
-1.681243e+01 -5.413816e+00 
-1.684069e+01 -5.313564e+00 
-1.686839e+01 -5.213316e+00 
-1.689554e+01 -5.113070e+00 
-1.692215e+01 -5.012827e+00 
-1.694822e+01 -4.912587e+00 
-1.697377e+01 -4.812347e+00 
-1.699878e+01 -4.712106e+00 
-1.702327e+01 -4.611866e+00 
-1.704723e+01 -4.511624e+00 
-1.707067e+01 -4.411383e+00 
-1.709355e+01 -4.311124e+00 
-1.711587e+01 -4.210867e+00 
-1.713761e+01 -4.110595e+00 
-1.715877e+01 -4.010323e+00 
-1.717935e+01 -3.910051e+00 
-1.719935e+01 -3.809779e+00 
-1.721877e+01 -3.709507e+00 
-1.723762e+01 -3.609235e+00 
-1.725589e+01 -3.508964e+00 
-1.727359e+01 -3.408692e+00 
-1.729072e+01 -3.308420e+00 
-1.730729e+01 -3.208149e+00 
-1.732329e+01 -3.107878e+00 
-1.733872e+01 -3.007607e+00 
-1.735360e+01 -2.907337e+00 
-1.736791e+01 -2.807066e+00 
-1.738167e+01 -2.706796e+00 
-1.739487e+01 -2.606527e+00 
-1.740752e+01 -2.506257e+00 
-1.741962e+01 -2.405989e+00 
-1.743117e+01 -2.305720e+00 
-1.744217e+01 -2.205452e+00 
-1.745262e+01 -2.105184e+00 
-1.746253e+01 -2.004917e+00 
-1.747190e+01 -1.904651e+00 
-1.748073e+01 -1.804385e+00 
-1.748901e+01 -1.704119e+00 
-1.749677e+01 -1.603854e+00 
-1.750398e+01 -1.503590e+00 
-1.751067e+01 -1.403326e+00 
-1.751682e+01 -1.303062e+00 
-1.752245e+01 -1.202800e+00 
-1.752754e+01 -1.102538e+00 
-1.753211e+01 -1.002277e+00 
-1.753617e+01 -9.020190e-01 
-1.753971e+01 -8.017684e-01 
-1.754276e+01 -7.015178e-01 
-1.754530e+01 -6.012672e-01 
-1.754734e+01 -5.010166e-01 
-1.744736e+01 -4.989834e-01 
