-2.034986e+00 6.208866e+00 
-2.042971e+00 6.308693e+00 
-2.051306e+00 6.408533e+00 
-2.059965e+00 6.508370e+00 
-2.068962e+00 6.608310e+00 
-2.078084e+00 6.708274e+00 
-2.087277e+00 6.808250e+00 
-2.096522e+00 6.908235e+00 
-2.105796e+00 7.008223e+00 
-2.115090e+00 7.108148e+00 
-2.124530e+00 7.208033e+00 
-2.134205e+00 7.307919e+00 
-2.144109e+00 7.407808e+00 
-2.154240e+00 7.507697e+00 
-2.164595e+00 7.607587e+00 
-2.175174e+00 7.707465e+00 
-2.185997e+00 7.807320e+00 
-2.197118e+00 7.907193e+00 
-2.208483e+00 8.006950e+00 
-2.220348e+00 8.106759e+00 
-2.232606e+00 8.206586e+00 
-2.245222e+00 8.306440e+00 
-2.258138e+00 8.406306e+00 
-2.271329e+00 8.506175e+00 
-2.284788e+00 8.606048e+00 
-2.298508e+00 8.705925e+00 
-2.312482e+00 8.805804e+00 
-2.326705e+00 8.905686e+00 
-2.341174e+00 9.005587e+00 
-2.355868e+00 9.105629e+00 
-2.370452e+00 9.205513e+00 
-2.385249e+00 9.305221e+00 
-2.400655e+00 9.404974e+00 
-2.416575e+00 9.504747e+00 
-2.432970e+00 9.604538e+00 
-2.449801e+00 9.704337e+00 
-2.467049e+00 9.804129e+00 
-2.484725e+00 9.903884e+00 
-2.502909e+00 1.000361e+01 
-2.521665e+00 1.010331e+01 
-2.541051e+00 1.020302e+01 
-2.561066e+00 1.030279e+01 
-2.581546e+00 1.040251e+01 
-2.602629e+00 1.050226e+01 
-2.624258e+00 1.060200e+01 
-2.646426e+00 1.070173e+01 
-2.669171e+00 1.080144e+01 
-2.692540e+00 1.090112e+01 
-2.716587e+00 1.100078e+01 
-2.741366e+00 1.110039e+01 
-2.767003e+00 1.119996e+01 
-2.793579e+00 1.129954e+01 
-2.821127e+00 1.139931e+01 
-2.849125e+00 1.149880e+01 
-2.878265e+00 1.159834e+01 
-2.908463e+00 1.169787e+01 
-2.939673e+00 1.179727e+01 
-2.972275e+00 1.189667e+01 
-3.006299e+00 1.199612e+01 
-3.041539e+00 1.209539e+01 
-3.078504e+00 1.219460e+01 
-3.117392e+00 1.229383e+01 
-3.158132e+00 1.239286e+01 
-3.201259e+00 1.249174e+01 
-3.247313e+00 1.259063e+01 
-3.296310e+00 1.268941e+01 
-3.348692e+00 1.278816e+01 
-3.404696e+00 1.288680e+01 
-3.464826e+00 1.298533e+01 
-3.529663e+00 1.308372e+01 
-3.600018e+00 1.318196e+01 
-3.677347e+00 1.328044e+01 
-3.761189e+00 1.337900e+01 
-3.851633e+00 1.347739e+01 
-3.949915e+00 1.357516e+01 
-4.048038e+00 1.366395e+01 
-4.146216e+00 1.374431e+01 
-4.244946e+00 1.381774e+01 
-4.343672e+00 1.388647e+01 
-4.442364e+00 1.395078e+01 
-4.541029e+00 1.401081e+01 
-4.639689e+00 1.406672e+01 
-4.738307e+00 1.411870e+01 
-4.836835e+00 1.416680e+01 
-4.935356e+00 1.421099e+01 
-5.033849e+00 1.425141e+01 
-5.132326e+00 1.428814e+01 
-5.230821e+00 1.432130e+01 
-5.329555e+00 1.435109e+01 
-5.428407e+00 1.437810e+01 
-5.527349e+00 1.440262e+01 
-5.626530e+00 1.442492e+01 
-5.725635e+00 1.444546e+01 
-5.824751e+00 1.446413e+01 
-5.923964e+00 1.448098e+01 
-6.023220e+00 1.449621e+01 
-6.122469e+00 1.450991e+01 
-6.221712e+00 1.452208e+01 
-6.320950e+00 1.453272e+01 
-6.420183e+00 1.454183e+01 
-6.519411e+00 1.454939e+01 
-6.618636e+00 1.455542e+01 
-6.717857e+00 1.455989e+01 
-6.817076e+00 1.456282e+01 
-6.916293e+00 1.456420e+01 
-7.015509e+00 1.456403e+01 
-7.114724e+00 1.456229e+01 
-7.213939e+00 1.455900e+01 
-7.313156e+00 1.455415e+01 
-7.412373e+00 1.454774e+01 
-7.511593e+00 1.453976e+01 
-7.610816e+00 1.453021e+01 
-7.710042e+00 1.451910e+01 
-7.809272e+00 1.450641e+01 
-7.908507e+00 1.449216e+01 
-8.007748e+00 1.447633e+01 
-8.106994e+00 1.445893e+01 
-8.206260e+00 1.443996e+01 
-8.305604e+00 1.441942e+01 
-8.404996e+00 1.439748e+01 
-8.504385e+00 1.437423e+01 
-8.603772e+00 1.434967e+01 
-8.703156e+00 1.432376e+01 
-8.802539e+00 1.429650e+01 
-8.901920e+00 1.426787e+01 
-9.001309e+00 1.423783e+01 
-9.100805e+00 1.420637e+01 
-9.200369e+00 1.417373e+01 
-9.299927e+00 1.414007e+01 
-9.399478e+00 1.410537e+01 
-9.499023e+00 1.406960e+01 
-9.598562e+00 1.403275e+01 
-9.698096e+00 1.399478e+01 
-9.797623e+00 1.395567e+01 
-9.897145e+00 1.391538e+01 
-9.996662e+00 1.387390e+01 
-1.009617e+01 1.383119e+01 
-1.019568e+01 1.378721e+01 
-1.029518e+01 1.374195e+01 
-1.039467e+01 1.369535e+01 
-1.049417e+01 1.364740e+01 
-1.059365e+01 1.359805e+01 
-1.069313e+01 1.354727e+01 
-1.079261e+01 1.349503e+01 
-1.089209e+01 1.344127e+01 
-1.099156e+01 1.338596e+01 
-1.109102e+01 1.332906e+01 
-1.119049e+01 1.327053e+01 
-1.128996e+01 1.321031e+01 
-1.138946e+01 1.314837e+01 
-1.148899e+01 1.308478e+01 
-1.158852e+01 1.301961e+01 
-1.168809e+01 1.295277e+01 
-1.178771e+01 1.288442e+01 
-1.188732e+01 1.281468e+01 
-1.198693e+01 1.274352e+01 
-1.208651e+01 1.267092e+01 
-1.218609e+01 1.259673e+01 
-1.228567e+01 1.252088e+01 
-1.238524e+01 1.244335e+01 
-1.248482e+01 1.236408e+01 
-1.258440e+01 1.228303e+01 
-1.268398e+01 1.220015e+01 
-1.278355e+01 1.211540e+01 
-1.288313e+01 1.202871e+01 
-1.298272e+01 1.194005e+01 
-1.308230e+01 1.184935e+01 
-1.318188e+01 1.175656e+01 
-1.328147e+01 1.166162e+01 
-1.338106e+01 1.156446e+01 
-1.348066e+01 1.146502e+01 
-1.357816e+01 1.136543e+01 
-1.367351e+01 1.126583e+01 
-1.376678e+01 1.116622e+01 
-1.385804e+01 1.106662e+01 
-1.394737e+01 1.096701e+01 
-1.403484e+01 1.086740e+01 
-1.412051e+01 1.076779e+01 
-1.420443e+01 1.066817e+01 
-1.428669e+01 1.056853e+01 
-1.436743e+01 1.046884e+01 
-1.444685e+01 1.036916e+01 
-1.452497e+01 1.026948e+01 
-1.460179e+01 1.016980e+01 
-1.467732e+01 1.007013e+01 
-1.475158e+01 9.970458e+00 
-1.482457e+01 9.870791e+00 
-1.489631e+01 9.771127e+00 
-1.496680e+01 9.671467e+00 
-1.503606e+01 9.571811e+00 
-1.510408e+01 9.472158e+00 
-1.517089e+01 9.372508e+00 
-1.523649e+01 9.272862e+00 
-1.530088e+01 9.173219e+00 
-1.536408e+01 9.073581e+00 
-1.542611e+01 8.973922e+00 
-1.548704e+01 8.874249e+00 
-1.554693e+01 8.774576e+00 
-1.560578e+01 8.674904e+00 
-1.566363e+01 8.575232e+00 
-1.572047e+01 8.475560e+00 
-1.577631e+01 8.375888e+00 
-1.583118e+01 8.276216e+00 
-1.588509e+01 8.176544e+00 
-1.593803e+01 8.076871e+00 
-1.599004e+01 7.977198e+00 
-1.604112e+01 7.877524e+00 
-1.609128e+01 7.777850e+00 
-1.614053e+01 7.678176e+00 
-1.618889e+01 7.578500e+00 
-1.623636e+01 7.478824e+00 
-1.628297e+01 7.379146e+00 
-1.632871e+01 7.279468e+00 
-1.637360e+01 7.179788e+00 
-1.641766e+01 7.080108e+00 
-1.646089e+01 6.980426e+00 
-1.650330e+01 6.880743e+00 
-1.654490e+01 6.781058e+00 
-1.658571e+01 6.681372e+00 
-1.662573e+01 6.581684e+00 
-1.666498e+01 6.481994e+00 
-1.670347e+01 6.382298e+00 
-1.674121e+01 6.282590e+00 
-1.677825e+01 6.182879e+00 
-1.681459e+01 6.083167e+00 
-1.685024e+01 5.983453e+00 
-1.688522e+01 5.883737e+00 
-1.691952e+01 5.784008e+00 
-1.695319e+01 5.684255e+00 
-1.698629e+01 5.584502e+00 
-1.701881e+01 5.484763e+00 
-1.705071e+01 5.385056e+00 
-1.708194e+01 5.285355e+00 
-1.711248e+01 5.185654e+00 
-1.714234e+01 5.085952e+00 
-1.717153e+01 4.986251e+00 
-1.720005e+01 4.886549e+00 
-1.722790e+01 4.786847e+00 
-1.725508e+01 4.687145e+00 
-1.728161e+01 4.587442e+00 
-1.730748e+01 4.487740e+00 
-1.733270e+01 4.388037e+00 
-1.735727e+01 4.288334e+00 
-1.738119e+01 4.188630e+00 
-1.740448e+01 4.088927e+00 
-1.742712e+01 3.989223e+00 
-1.744913e+01 3.889518e+00 
-1.747051e+01 3.789814e+00 
-1.749126e+01 3.690109e+00 
-1.751138e+01 3.590403e+00 
-1.753088e+01 3.490697e+00 
-1.754976e+01 3.390991e+00 
-1.756803e+01 3.291285e+00 
-1.758568e+01 3.191578e+00 
-1.760272e+01 3.091871e+00 
-1.761915e+01 2.992163e+00 
-1.763497e+01 2.892455e+00 
-1.765019e+01 2.792746e+00 
-1.766481e+01 2.693037e+00 
-1.767884e+01 2.593328e+00 
-1.769226e+01 2.493618e+00 
-1.770509e+01 2.393908e+00 
-1.771733e+01 2.294197e+00 
-1.772899e+01 2.194486e+00 
-1.774005e+01 2.094775e+00 
-1.775053e+01 1.995063e+00 
-1.776042e+01 1.895350e+00 
-1.776974e+01 1.795638e+00 
-1.777847e+01 1.695924e+00 
-1.778663e+01 1.596204e+00 
-1.779422e+01 1.496452e+00 
-1.780132e+01 1.396690e+00 
-1.780794e+01 1.296929e+00 
-1.781408e+01 1.197168e+00 
-1.781974e+01 1.097407e+00 
-1.782492e+01 9.976474e-01 
-1.782962e+01 8.978880e-01 
-1.783384e+01 7.981291e-01 
-1.783757e+01 6.983706e-01 
-1.784083e+01 5.986125e-01 
-1.794079e+01 6.013875e-01 
-1.793752e+01 7.016294e-01 
-1.793377e+01 8.018709e-01 
-1.792953e+01 9.021120e-01 
-1.792481e+01 1.002353e+00 
-1.791960e+01 1.102593e+00 
-1.791392e+01 1.202832e+00 
-1.790775e+01 1.303071e+00 
-1.790110e+01 1.403310e+00 
-1.789397e+01 1.503548e+00 
-1.788634e+01 1.603796e+00 
-1.787814e+01 1.704076e+00 
-1.786935e+01 1.804362e+00 
-1.785999e+01 1.904650e+00 
-1.785004e+01 2.004937e+00 
-1.783950e+01 2.105225e+00 
-1.782838e+01 2.205514e+00 
-1.781666e+01 2.305803e+00 
-1.780435e+01 2.406092e+00 
-1.779144e+01 2.506382e+00 
-1.777794e+01 2.606672e+00 
-1.776384e+01 2.706963e+00 
-1.774913e+01 2.807254e+00 
-1.773383e+01 2.907545e+00 
-1.771791e+01 3.007837e+00 
-1.770139e+01 3.108129e+00 
-1.768425e+01 3.208422e+00 
-1.766650e+01 3.308715e+00 
-1.764813e+01 3.409009e+00 
-1.762914e+01 3.509303e+00 
-1.760952e+01 3.609597e+00 
-1.758928e+01 3.709891e+00 
-1.756841e+01 3.810186e+00 
-1.754691e+01 3.910482e+00 
-1.752477e+01 4.010777e+00 
-1.750199e+01 4.111073e+00 
-1.747858e+01 4.211370e+00 
-1.745451e+01 4.311666e+00 
-1.742980e+01 4.411963e+00 
-1.740443e+01 4.512260e+00 
-1.737841e+01 4.612558e+00 
-1.735172e+01 4.712855e+00 
-1.732438e+01 4.813153e+00 
-1.729636e+01 4.913451e+00 
-1.726768e+01 5.013749e+00 
-1.723832e+01 5.114048e+00 
-1.720828e+01 5.214346e+00 
-1.717755e+01 5.314645e+00 
-1.714614e+01 5.414944e+00 
-1.711405e+01 5.515237e+00 
-1.708137e+01 5.615498e+00 
-1.704811e+01 5.715745e+00 
-1.701427e+01 5.815992e+00 
-1.697978e+01 5.916263e+00 
-1.694461e+01 6.016547e+00 
-1.690875e+01 6.116833e+00 
-1.687220e+01 6.217121e+00 
-1.683495e+01 6.317410e+00 
-1.679699e+01 6.417702e+00 
-1.675827e+01 6.518006e+00 
-1.671878e+01 6.618316e+00 
-1.667851e+01 6.718628e+00 
-1.663745e+01 6.818942e+00 
-1.659558e+01 6.919257e+00 
-1.655291e+01 7.019574e+00 
-1.650940e+01 7.119892e+00 
-1.646507e+01 7.220212e+00 
-1.641989e+01 7.320532e+00 
-1.637385e+01 7.420854e+00 
-1.632695e+01 7.521176e+00 
-1.627917e+01 7.621500e+00 
-1.623050e+01 7.721824e+00 
-1.618093e+01 7.822150e+00 
-1.613045e+01 7.922476e+00 
-1.607904e+01 8.022802e+00 
-1.602669e+01 8.123129e+00 
-1.597340e+01 8.223456e+00 
-1.591914e+01 8.323784e+00 
-1.586392e+01 8.424112e+00 
-1.580771e+01 8.524440e+00 
-1.575050e+01 8.624768e+00 
-1.569228e+01 8.725096e+00 
-1.563303e+01 8.825424e+00 
-1.557276e+01 8.925751e+00 
-1.551143e+01 9.026078e+00 
-1.544898e+01 9.126419e+00 
-1.538533e+01 9.226781e+00 
-1.532048e+01 9.327138e+00 
-1.525442e+01 9.427492e+00 
-1.518715e+01 9.527842e+00 
-1.511865e+01 9.628189e+00 
-1.504892e+01 9.728533e+00 
-1.497795e+01 9.828873e+00 
-1.490573e+01 9.929209e+00 
-1.483226e+01 1.002954e+01 
-1.475751e+01 1.012987e+01 
-1.468149e+01 1.023020e+01 
-1.460417e+01 1.033052e+01 
-1.452556e+01 1.043084e+01 
-1.444564e+01 1.053116e+01 
-1.436440e+01 1.063147e+01 
-1.428155e+01 1.073183e+01 
-1.419698e+01 1.083221e+01 
-1.411066e+01 1.093260e+01 
-1.402251e+01 1.103299e+01 
-1.393249e+01 1.113338e+01 
-1.384051e+01 1.123378e+01 
-1.374650e+01 1.133417e+01 
-1.365040e+01 1.143457e+01 
-1.355211e+01 1.153498e+01 
-1.345171e+01 1.163523e+01 
-1.335130e+01 1.173320e+01 
-1.325089e+01 1.182894e+01 
-1.315047e+01 1.192251e+01 
-1.305005e+01 1.201398e+01 
-1.294963e+01 1.210340e+01 
-1.284921e+01 1.219082e+01 
-1.274879e+01 1.227630e+01 
-1.264837e+01 1.235989e+01 
-1.254795e+01 1.244164e+01 
-1.244753e+01 1.252159e+01 
-1.234710e+01 1.259979e+01 
-1.224668e+01 1.267628e+01 
-1.214626e+01 1.275111e+01 
-1.204584e+01 1.282433e+01 
-1.194545e+01 1.289605e+01 
-1.184506e+01 1.296634e+01 
-1.174467e+01 1.303522e+01 
-1.164425e+01 1.310264e+01 
-1.154378e+01 1.316844e+01 
-1.144331e+01 1.323264e+01 
-1.134281e+01 1.329520e+01 
-1.124228e+01 1.335607e+01 
-1.114174e+01 1.341525e+01 
-1.104121e+01 1.347276e+01 
-1.094068e+01 1.352867e+01 
-1.084016e+01 1.358300e+01 
-1.073964e+01 1.363580e+01 
-1.063912e+01 1.368712e+01 
-1.053860e+01 1.373698e+01 
-1.043809e+01 1.378543e+01 
-1.033759e+01 1.383251e+01 
-1.023709e+01 1.387823e+01 
-1.013660e+01 1.392265e+01 
-1.003611e+01 1.396579e+01 
-9.935624e+00 1.400769e+01 
-9.835146e+00 1.404836e+01 
-9.734673e+00 1.408785e+01 
-9.634207e+00 1.412618e+01 
-9.533746e+00 1.416338e+01 
-9.433291e+00 1.419948e+01 
-9.332843e+00 1.423450e+01 
-9.232400e+00 1.426846e+01 
-9.131964e+00 1.430140e+01 
-9.031460e+00 1.433318e+01 
-8.930850e+00 1.436359e+01 
-8.830230e+00 1.439259e+01 
-8.729613e+00 1.442020e+01 
-8.628997e+00 1.444643e+01 
-8.528384e+00 1.447131e+01 
-8.427773e+00 1.449485e+01 
-8.327166e+00 1.451707e+01 
-8.226509e+00 1.453789e+01 
-8.125775e+00 1.455715e+01 
-8.025022e+00 1.457483e+01 
-7.924262e+00 1.459091e+01 
-7.823497e+00 1.460540e+01 
-7.722727e+00 1.461829e+01 
-7.621953e+00 1.462959e+01 
-7.521176e+00 1.463930e+01 
-7.420396e+00 1.464741e+01 
-7.319614e+00 1.465394e+01 
-7.218830e+00 1.465888e+01 
-7.118045e+00 1.466224e+01 
-7.017260e+00 1.466401e+01 
-6.916476e+00 1.466420e+01 
-6.815693e+00 1.466281e+01 
-6.714912e+00 1.465985e+01 
-6.614134e+00 1.465531e+01 
-6.513358e+00 1.464921e+01 
-6.412587e+00 1.464154e+01 
-6.311819e+00 1.463231e+01 
-6.211057e+00 1.462151e+01 
-6.110300e+00 1.460917e+01 
-6.009549e+00 1.459527e+01 
-5.908805e+00 1.457982e+01 
-5.808018e+00 1.456272e+01 
-5.707134e+00 1.454374e+01 
-5.606239e+00 1.452284e+01 
-5.505420e+00 1.450019e+01 
-5.404362e+00 1.447517e+01 
-5.303215e+00 1.444756e+01 
-5.201948e+00 1.441704e+01 
-5.100443e+00 1.438292e+01 
-4.998920e+00 1.434511e+01 
-4.897414e+00 1.430351e+01 
-4.795934e+00 1.425805e+01 
-4.694462e+00 1.420858e+01 
-4.593080e+00 1.415520e+01 
-4.491740e+00 1.409782e+01 
-4.390405e+00 1.403622e+01 
-4.289098e+00 1.397027e+01 
-4.187823e+00 1.389982e+01 
-4.086553e+00 1.382456e+01 
-3.984731e+00 1.374136e+01 
-3.882854e+00 1.364934e+01 
-3.781137e+00 1.354832e+01 
-3.687593e+00 1.344670e+01 
-3.601197e+00 1.334526e+01 
-3.521386e+00 1.324374e+01 
-3.448385e+00 1.314198e+01 
-3.381342e+00 1.304038e+01 
-3.319349e+00 1.293891e+01 
-3.261742e+00 1.283755e+01 
-3.207979e+00 1.273629e+01 
-3.157735e+00 1.263508e+01 
-3.110614e+00 1.253397e+01 
-3.066477e+00 1.243285e+01 
-3.024916e+00 1.233188e+01 
-2.985402e+00 1.223110e+01 
-2.947834e+00 1.213031e+01 
-2.912062e+00 1.202958e+01 
-2.877659e+00 1.192904e+01 
-2.844655e+00 1.182844e+01 
-2.813057e+00 1.172783e+01 
-2.782573e+00 1.162737e+01 
-2.753154e+00 1.152690e+01 
-2.724867e+00 1.142640e+01 
-2.697187e+00 1.132616e+01 
-2.670385e+00 1.122575e+01 
-2.644525e+00 1.112532e+01 
-2.619545e+00 1.102492e+01 
-2.595330e+00 1.092458e+01 
-2.571810e+00 1.082427e+01 
-2.548931e+00 1.072397e+01 
-2.526641e+00 1.062370e+01 
-2.504900e+00 1.052345e+01 
-2.483708e+00 1.042319e+01 
-2.463111e+00 1.032291e+01 
-2.443005e+00 1.022269e+01 
-2.423503e+00 1.012240e+01 
-2.404633e+00 1.002210e+01 
-2.386347e+00 9.921822e+00 
-2.368583e+00 9.821577e+00 
-2.351262e+00 9.721369e+00 
-2.334363e+00 9.621168e+00 
-2.317898e+00 9.520959e+00 
-2.301905e+00 9.420732e+00 
-2.286421e+00 9.320485e+00 
-2.271535e+00 9.220193e+00 
-2.256917e+00 9.120077e+00 
-2.242236e+00 9.020119e+00 
-2.227738e+00 8.920020e+00 
-2.213481e+00 8.819902e+00 
-2.199472e+00 8.719781e+00 
-2.185718e+00 8.619658e+00 
-2.172225e+00 8.519531e+00 
-2.158999e+00 8.419400e+00 
-2.146048e+00 8.319266e+00 
-2.133395e+00 8.219120e+00 
-2.121094e+00 8.118947e+00 
-2.109182e+00 8.018756e+00 
-2.097761e+00 7.918513e+00 
-2.086612e+00 7.818386e+00 
-2.075756e+00 7.718241e+00 
-2.065152e+00 7.618119e+00 
-2.054773e+00 7.518009e+00 
-2.044620e+00 7.417898e+00 
-2.034693e+00 7.317787e+00 
-2.024996e+00 7.217673e+00 
-2.015533e+00 7.117558e+00 
-2.006226e+00 7.017483e+00 
-1.996950e+00 6.917471e+00 
-1.987702e+00 6.817457e+00 
-1.978504e+00 6.717432e+00 
-1.969376e+00 6.617396e+00 
-1.960368e+00 6.517336e+00 
-1.951680e+00 6.417174e+00 
-1.943318e+00 6.317013e+00 
-1.935304e+00 6.216840e+00 
-2.034986e+00 6.208866e+00 
