-2.753149e+01 -5.976870e-01 
-2.752687e+01 -6.974754e-01 
-2.752183e+01 -7.972668e-01 
-2.751637e+01 -8.970596e-01 
-2.751049e+01 -9.968539e-01 
-2.750420e+01 -1.096648e+00 
-2.749749e+01 -1.196445e+00 
-2.749038e+01 -1.296241e+00 
-2.748286e+01 -1.396042e+00 
-2.747493e+01 -1.495843e+00 
-2.746660e+01 -1.595644e+00 
-2.745788e+01 -1.695446e+00 
-2.744875e+01 -1.795248e+00 
-2.743922e+01 -1.895051e+00 
-2.742930e+01 -1.994854e+00 
-2.741897e+01 -2.094657e+00 
-2.740824e+01 -2.194461e+00 
-2.739712e+01 -2.294265e+00 
-2.738559e+01 -2.394070e+00 
-2.737367e+01 -2.493875e+00 
-2.736135e+01 -2.593681e+00 
-2.734864e+01 -2.693487e+00 
-2.733553e+01 -2.793293e+00 
-2.732202e+01 -2.893100e+00 
-2.730811e+01 -2.992907e+00 
-2.729381e+01 -3.092715e+00 
-2.727911e+01 -3.192524e+00 
-2.726402e+01 -3.292332e+00 
-2.724853e+01 -3.392142e+00 
-2.723264e+01 -3.491952e+00 
-2.721637e+01 -3.591762e+00 
-2.719969e+01 -3.691573e+00 
-2.718263e+01 -3.791382e+00 
-2.716516e+01 -3.891193e+00 
-2.714730e+01 -3.991011e+00 
-2.712906e+01 -4.090828e+00 
-2.711043e+01 -4.190646e+00 
-2.709142e+01 -4.290464e+00 
-2.707203e+01 -4.390270e+00 
-2.705223e+01 -4.490059e+00 
-2.703199e+01 -4.589834e+00 
-2.701128e+01 -4.689608e+00 
-2.699008e+01 -4.789381e+00 
-2.696839e+01 -4.889154e+00 
-2.694623e+01 -4.988927e+00 
-2.692357e+01 -5.088698e+00 
-2.690042e+01 -5.188469e+00 
-2.687677e+01 -5.288240e+00 
-2.685263e+01 -5.388010e+00 
-2.682799e+01 -5.487780e+00 
-2.680284e+01 -5.587549e+00 
-2.677719e+01 -5.687318e+00 
-2.675103e+01 -5.787086e+00 
-2.672435e+01 -5.886854e+00 
-2.669717e+01 -5.986622e+00 
-2.666946e+01 -6.086389e+00 
-2.664124e+01 -6.186156e+00 
-2.661249e+01 -6.285922e+00 
-2.658322e+01 -6.385688e+00 
-2.655342e+01 -6.485455e+00 
-2.652308e+01 -6.585220e+00 
-2.649221e+01 -6.684986e+00 
-2.646081e+01 -6.784751e+00 
-2.642886e+01 -6.884516e+00 
-2.639637e+01 -6.984281e+00 
-2.636333e+01 -7.084046e+00 
-2.632974e+01 -7.183811e+00 
-2.629560e+01 -7.283575e+00 
-2.626090e+01 -7.383340e+00 
-2.622565e+01 -7.483104e+00 
-2.618983e+01 -7.582869e+00 
-2.615344e+01 -7.682633e+00 
-2.611649e+01 -7.782398e+00 
-2.607897e+01 -7.882162e+00 
-2.604087e+01 -7.981927e+00 
-2.600220e+01 -8.081691e+00 
-2.596294e+01 -8.181456e+00 
-2.592310e+01 -8.281221e+00 
-2.588267e+01 -8.380986e+00 
-2.584165e+01 -8.480756e+00 
-2.580004e+01 -8.580529e+00 
-2.575786e+01 -8.680303e+00 
-2.571510e+01 -8.780077e+00 
-2.567175e+01 -8.879852e+00 
-2.562782e+01 -8.979628e+00 
-2.558331e+01 -9.079404e+00 
-2.553820e+01 -9.179181e+00 
-2.549251e+01 -9.278958e+00 
-2.544622e+01 -9.378737e+00 
-2.539934e+01 -9.478516e+00 
-2.535186e+01 -9.578295e+00 
-2.530378e+01 -9.678076e+00 
-2.525510e+01 -9.777857e+00 
-2.520581e+01 -9.877638e+00 
-2.515592e+01 -9.977420e+00 
-2.510542e+01 -1.007720e+01 
-2.505430e+01 -1.017699e+01 
-2.500257e+01 -1.027677e+01 
-2.495022e+01 -1.037656e+01 
-2.489725e+01 -1.047634e+01 
-2.484365e+01 -1.057613e+01 
-2.478943e+01 -1.067591e+01 
-2.473458e+01 -1.077570e+01 
-2.467910e+01 -1.087549e+01 
-2.462298e+01 -1.097528e+01 
-2.456622e+01 -1.107507e+01 
-2.450883e+01 -1.117484e+01 
-2.445076e+01 -1.127457e+01 
-2.439186e+01 -1.137429e+01 
-2.433206e+01 -1.147401e+01 
-2.427138e+01 -1.157372e+01 
-2.420978e+01 -1.167344e+01 
-2.414727e+01 -1.177316e+01 
-2.408383e+01 -1.187288e+01 
-2.401944e+01 -1.197260e+01 
-2.395410e+01 -1.207231e+01 
-2.388780e+01 -1.217203e+01 
-2.382051e+01 -1.227175e+01 
-2.375223e+01 -1.237147e+01 
-2.368295e+01 -1.247119e+01 
-2.361263e+01 -1.257090e+01 
-2.354128e+01 -1.267062e+01 
-2.346887e+01 -1.277034e+01 
-2.339539e+01 -1.287005e+01 
-2.332081e+01 -1.296977e+01 
-2.324513e+01 -1.306949e+01 
-2.316832e+01 -1.316920e+01 
-2.309036e+01 -1.326892e+01 
-2.301123e+01 -1.336863e+01 
-2.293091e+01 -1.346835e+01 
-2.284938e+01 -1.356807e+01 
-2.276661e+01 -1.366778e+01 
-2.268259e+01 -1.376749e+01 
-2.259728e+01 -1.386721e+01 
-2.251064e+01 -1.396694e+01 
-2.242273e+01 -1.406668e+01 
-2.233358e+01 -1.416642e+01 
-2.224318e+01 -1.426616e+01 
-2.215150e+01 -1.436591e+01 
-2.205853e+01 -1.446565e+01 
-2.196423e+01 -1.456540e+01 
-2.186860e+01 -1.466514e+01 
-2.177161e+01 -1.476489e+01 
-2.167323e+01 -1.486464e+01 
-2.157348e+01 -1.496435e+01 
-2.147374e+01 -1.506265e+01 
-2.137399e+01 -1.515958e+01 
-2.127424e+01 -1.525516e+01 
-2.117449e+01 -1.534944e+01 
-2.107473e+01 -1.544244e+01 
-2.097498e+01 -1.553419e+01 
-2.087522e+01 -1.562472e+01 
-2.077547e+01 -1.571406e+01 
-2.067571e+01 -1.580223e+01 
-2.057595e+01 -1.588925e+01 
-2.047620e+01 -1.597516e+01 
-2.037644e+01 -1.605997e+01 
-2.027667e+01 -1.614370e+01 
-2.017691e+01 -1.622639e+01 
-2.007720e+01 -1.630800e+01 
-1.997755e+01 -1.638833e+01 
-1.987791e+01 -1.646719e+01 
-1.977826e+01 -1.654461e+01 
-1.967860e+01 -1.662062e+01 
-1.957895e+01 -1.669527e+01 
-1.947929e+01 -1.676859e+01 
-1.937963e+01 -1.684062e+01 
-1.927997e+01 -1.691138e+01 
-1.918031e+01 -1.698091e+01 
-1.908064e+01 -1.704924e+01 
-1.898097e+01 -1.711639e+01 
-1.888130e+01 -1.718239e+01 
-1.878163e+01 -1.724728e+01 
-1.868195e+01 -1.731107e+01 
-1.858227e+01 -1.737379e+01 
-1.848259e+01 -1.743547e+01 
-1.838291e+01 -1.749612e+01 
-1.828322e+01 -1.755577e+01 
-1.818353e+01 -1.761443e+01 
-1.808384e+01 -1.767214e+01 
-1.798415e+01 -1.772890e+01 
-1.788445e+01 -1.778474e+01 
-1.778475e+01 -1.783967e+01 
-1.768505e+01 -1.789372e+01 
-1.758535e+01 -1.794689e+01 
-1.748565e+01 -1.799921e+01 
-1.738600e+01 -1.805063e+01 
-1.728637e+01 -1.810107e+01 
-1.718674e+01 -1.815048e+01 
-1.708710e+01 -1.819888e+01 
-1.698746e+01 -1.824628e+01 
-1.688783e+01 -1.829270e+01 
-1.678818e+01 -1.833817e+01 
-1.668854e+01 -1.838269e+01 
-1.658889e+01 -1.842629e+01 
-1.648924e+01 -1.846898e+01 
-1.638959e+01 -1.851077e+01 
-1.628994e+01 -1.855168e+01 
-1.619028e+01 -1.859172e+01 
-1.609062e+01 -1.863091e+01 
-1.599096e+01 -1.866927e+01 
-1.589130e+01 -1.870679e+01 
-1.579163e+01 -1.874350e+01 
-1.569196e+01 -1.877941e+01 
-1.559229e+01 -1.881453e+01 
-1.549262e+01 -1.884887e+01 
-1.539295e+01 -1.888245e+01 
-1.529329e+01 -1.891525e+01 
-1.519368e+01 -1.894725e+01 
-1.509408e+01 -1.897835e+01 
-1.499448e+01 -1.900854e+01 
-1.489487e+01 -1.903783e+01 
-1.479527e+01 -1.906623e+01 
-1.469566e+01 -1.909375e+01 
-1.459605e+01 -1.912040e+01 
-1.449644e+01 -1.914618e+01 
-1.439683e+01 -1.917110e+01 
-1.429722e+01 -1.919518e+01 
-1.419761e+01 -1.921841e+01 
-1.409800e+01 -1.924081e+01 
-1.399838e+01 -1.926239e+01 
-1.389877e+01 -1.928314e+01 
-1.379915e+01 -1.930308e+01 
-1.369953e+01 -1.932221e+01 
-1.359991e+01 -1.934055e+01 
-1.350029e+01 -1.935809e+01 
-1.340066e+01 -1.937485e+01 
-1.330104e+01 -1.939083e+01 
-1.320141e+01 -1.940604e+01 
-1.310178e+01 -1.942048e+01 
-1.300214e+01 -1.943417e+01 
-1.290251e+01 -1.944711e+01 
-1.280287e+01 -1.945930e+01 
-1.270323e+01 -1.947075e+01 
-1.260360e+01 -1.948148e+01 
-1.250399e+01 -1.949145e+01 
-1.240437e+01 -1.950064e+01 
-1.230476e+01 -1.950905e+01 
-1.220513e+01 -1.951670e+01 
-1.210550e+01 -1.952359e+01 
-1.200586e+01 -1.952975e+01 
-1.190621e+01 -1.953518e+01 
-1.180656e+01 -1.953990e+01 
-1.170701e+01 -1.954392e+01 
-1.160758e+01 -1.954705e+01 
-1.150816e+01 -1.954903e+01 
-1.140872e+01 -1.954988e+01 
-1.130928e+01 -1.954960e+01 
-1.120982e+01 -1.954822e+01 
-1.111036e+01 -1.954576e+01 
-1.101088e+01 -1.954222e+01 
-1.091140e+01 -1.953764e+01 
-1.081191e+01 -1.953202e+01 
-1.071241e+01 -1.952538e+01 
-1.061290e+01 -1.951774e+01 
-1.051338e+01 -1.950912e+01 
-1.041385e+01 -1.949953e+01 
-1.031430e+01 -1.948899e+01 
-1.021475e+01 -1.947752e+01 
-1.011519e+01 -1.946514e+01 
-1.001562e+01 -1.945185e+01 
-9.916042e+00 -1.943769e+01 
-9.816452e+00 -1.942266e+01 
-9.716852e+00 -1.940679e+01 
-9.617242e+00 -1.939008e+01 
-9.517623e+00 -1.937256e+01 
-9.417995e+00 -1.935424e+01 
-9.318357e+00 -1.933514e+01 
-9.218710e+00 -1.931527e+01 
-9.119054e+00 -1.929466e+01 
-9.019388e+00 -1.927331e+01 
-8.919715e+00 -1.925124e+01 
-8.820032e+00 -1.922848e+01 
-8.720340e+00 -1.920502e+01 
-8.620640e+00 -1.918090e+01 
-8.520933e+00 -1.915612e+01 
-8.421260e+00 -1.913071e+01 
-8.321765e+00 -1.910463e+01 
-8.222332e+00 -1.907745e+01 
-8.122861e+00 -1.904900e+01 
-8.023370e+00 -1.901935e+01 
-7.923875e+00 -1.898854e+01 
-7.824379e+00 -1.895658e+01 
-7.724878e+00 -1.892345e+01 
-7.625373e+00 -1.888914e+01 
-7.525866e+00 -1.885367e+01 
-7.426352e+00 -1.881701e+01 
-7.326835e+00 -1.877917e+01 
-7.227311e+00 -1.874014e+01 
-7.127782e+00 -1.869993e+01 
-7.028247e+00 -1.865853e+01 
-6.928704e+00 -1.861595e+01 
-6.829155e+00 -1.857219e+01 
-6.729598e+00 -1.852724e+01 
-6.630033e+00 -1.848112e+01 
-6.530461e+00 -1.843383e+01 
-6.430880e+00 -1.838537e+01 
-6.331291e+00 -1.833574e+01 
-6.231693e+00 -1.828497e+01 
-6.132087e+00 -1.823305e+01 
-6.032471e+00 -1.817999e+01 
-5.932847e+00 -1.812580e+01 
-5.833232e+00 -1.807051e+01 
-5.733812e+00 -1.801417e+01 
-5.634432e+00 -1.795609e+01 
-5.535041e+00 -1.789606e+01 
-5.435637e+00 -1.783407e+01 
-5.336218e+00 -1.777010e+01 
-5.236785e+00 -1.770415e+01 
-5.137338e+00 -1.763622e+01 
-5.037877e+00 -1.756630e+01 
-4.938401e+00 -1.749438e+01 
-4.838911e+00 -1.742046e+01 
-4.739411e+00 -1.734454e+01 
-4.639944e+00 -1.726664e+01 
-4.540591e+00 -1.718663e+01 
-4.441233e+00 -1.710384e+01 
-4.341863e+00 -1.701816e+01 
-4.242481e+00 -1.692952e+01 
-4.143085e+00 -1.683785e+01 
-4.043675e+00 -1.674307e+01 
-3.944251e+00 -1.664511e+01 
-3.846573e+00 -1.654568e+01 
-3.751932e+00 -1.644623e+01 
-3.660120e+00 -1.634677e+01 
-3.571071e+00 -1.624742e+01 
-3.485097e+00 -1.614810e+01 
-3.402184e+00 -1.604878e+01 
-3.322224e+00 -1.594952e+01 
-3.245376e+00 -1.585034e+01 
-3.171688e+00 -1.575110e+01 
-3.100825e+00 -1.565181e+01 
-3.032495e+00 -1.555247e+01 
-2.966452e+00 -1.545309e+01 
-2.902495e+00 -1.535368e+01 
-2.840483e+00 -1.525428e+01 
-2.780404e+00 -1.515487e+01 
-2.722166e+00 -1.505545e+01 
-2.665674e+00 -1.495600e+01 
-2.610863e+00 -1.485660e+01 
-2.557808e+00 -1.475723e+01 
-2.506550e+00 -1.465784e+01 
-2.457033e+00 -1.455851e+01 
-2.409255e+00 -1.445899e+01 
-2.362739e+00 -1.435939e+01 
-2.317295e+00 -1.425979e+01 
-2.272906e+00 -1.416019e+01 
-2.229558e+00 -1.406059e+01 
-2.187240e+00 -1.396099e+01 
-2.145954e+00 -1.386142e+01 
-2.105772e+00 -1.376194e+01 
-2.066932e+00 -1.366257e+01 
-2.029576e+00 -1.356309e+01 
-1.993409e+00 -1.346341e+01 
-1.958001e+00 -1.336371e+01 
-1.923295e+00 -1.326399e+01 
-1.889236e+00 -1.316425e+01 
-1.855791e+00 -1.306449e+01 
-1.822875e+00 -1.296462e+01 
-1.790284e+00 -1.286481e+01 
-1.758153e+00 -1.276510e+01 
-1.726719e+00 -1.266550e+01 
-1.696225e+00 -1.256595e+01 
-1.666737e+00 -1.246638e+01 
-1.638184e+00 -1.236669e+01 
-1.610331e+00 -1.226698e+01 
-1.583125e+00 -1.216728e+01 
-1.556579e+00 -1.206759e+01 
-1.530711e+00 -1.196790e+01 
-1.505543e+00 -1.186824e+01 
-1.481113e+00 -1.176858e+01 
-1.457418e+00 -1.166891e+01 
-1.434437e+00 -1.156927e+01 
-1.412236e+00 -1.146962e+01 
-1.390789e+00 -1.136998e+01 
-1.370088e+00 -1.127028e+01 
-1.349988e+00 -1.117038e+01 
-1.330132e+00 -1.107064e+01 
-1.310836e+00 -1.097099e+01 
-1.292284e+00 -1.087134e+01 
-1.274450e+00 -1.077166e+01 
-1.257292e+00 -1.067197e+01 
-1.240775e+00 -1.057227e+01 
-1.224870e+00 -1.047255e+01 
-1.209553e+00 -1.037283e+01 
-1.194795e+00 -1.027309e+01 
-1.180575e+00 -1.017334e+01 
-1.166862e+00 -1.007355e+01 
-1.153582e+00 -9.973668e+00 
-1.140524e+00 -9.873698e+00 
-1.127543e+00 -9.773845e+00 
-1.114871e+00 -9.674059e+00 
-1.102634e+00 -9.574262e+00 
-1.090810e+00 -9.474454e+00 
-1.079376e+00 -9.374637e+00 
-1.068313e+00 -9.274811e+00 
-1.057604e+00 -9.174978e+00 
-1.047233e+00 -9.075141e+00 
-1.037194e+00 -8.975312e+00 
-1.027500e+00 -8.875482e+00 
-1.018149e+00 -8.775627e+00 
-1.009082e+00 -8.675677e+00 
-1.000115e+00 -8.575711e+00 
-9.912170e-01 -8.475749e+00 
-9.823972e-01 -8.375799e+00 
-9.736788e-01 -8.275862e+00 
-9.650898e-01 -8.175940e+00 
-9.566607e-01 -8.076036e+00 
-9.484270e-01 -7.976156e+00 
-9.404368e-01 -7.876299e+00 
-9.327355e-01 -7.776459e+00 
-9.253574e-01 -7.676630e+00 
-9.183208e-01 -7.576758e+00 
-9.115334e-01 -7.476762e+00 
-9.047502e-01 -7.376710e+00 
-8.978621e-01 -7.276646e+00 
-8.908501e-01 -7.176659e+00 
-8.838682e-01 -7.076722e+00 
-8.770141e-01 -6.976799e+00 
-8.703157e-01 -6.876890e+00 
-8.637997e-01 -6.776993e+00 
-8.574918e-01 -6.677105e+00 
-8.514101e-01 -6.577214e+00 
-8.455466e-01 -6.477313e+00 
-8.398811e-01 -6.377403e+00 
-8.343961e-01 -6.277485e+00 
-8.290736e-01 -6.177557e+00 
-8.238958e-01 -6.077620e+00 
-8.188445e-01 -5.977675e+00 
-8.139023e-01 -5.877727e+00 
-8.090647e-01 -5.777785e+00 
-8.043445e-01 -5.677844e+00 
-7.997398e-01 -5.577865e+00 
-7.951754e-01 -5.477837e+00 
-7.905560e-01 -5.377841e+00 
-7.859444e-01 -5.277843e+00 
-7.813400e-01 -5.177888e+00 
-7.768267e-01 -5.077945e+00 
-7.724272e-01 -4.977998e+00 
-7.681342e-01 -4.878048e+00 
-7.639404e-01 -4.778093e+00 
-7.598366e-01 -4.678132e+00 
-7.558110e-01 -4.578166e+00 
-7.518511e-01 -4.478167e+00 
-7.478943e-01 -4.378163e+00 
-7.439298e-01 -4.278166e+00 
-7.399692e-01 -4.178133e+00 
-7.359407e-01 -4.078058e+00 
-7.317633e-01 -3.978036e+00 
-7.275457e-01 -3.878101e+00 
-7.234594e-01 -3.778170e+00 
-7.195106e-01 -3.678225e+00 
-7.156724e-01 -3.578268e+00 
-7.119193e-01 -3.478298e+00 
-7.082265e-01 -3.378318e+00 
-7.045730e-01 -3.278332e+00 
-7.009479e-01 -3.178338e+00 
-6.973327e-01 -3.078327e+00 
-6.936958e-01 -2.978301e+00 
-6.900049e-01 -2.878259e+00 
-6.862301e-01 -2.778223e+00 
-6.823869e-01 -2.678262e+00 
-6.786235e-01 -2.578343e+00 
-6.750221e-01 -2.478422e+00 
-6.715790e-01 -2.378499e+00 
-6.682893e-01 -2.278563e+00 
-6.651271e-01 -2.178572e+00 
-6.619790e-01 -2.078499e+00 
-6.586851e-01 -1.978433e+00 
-6.552598e-01 -1.878405e+00 
-6.517811e-01 -1.778417e+00 
-6.483264e-01 -1.678467e+00 
-6.449720e-01 -1.578534e+00 
-6.417504e-01 -1.478557e+00 
-6.385762e-01 -1.378609e+00 
-6.355059e-01 -1.278648e+00 
-6.325138e-01 -1.178672e+00 
-6.295684e-01 -1.078668e+00 
-6.266136e-01 -9.786408e-01 
-6.236054e-01 -8.786245e-01 
-6.205643e-01 -7.785989e-01 
-6.174715e-01 -6.785623e-01 
-6.143062e-01 -5.785503e-01 
-6.111194e-01 -4.786207e-01 
-6.080753e-01 -3.787525e-01 
-6.052958e-01 -2.789207e-01 
-6.028528e-01 -1.791119e-01 
-6.007989e-01 -8.014395e-02 
-6.007882e-01 7.911187e-02 
-6.028485e-01 1.789207e-01 
-6.052914e-01 2.787525e-01 
-6.080715e-01 3.786207e-01 
-6.111172e-01 4.785503e-01 
-6.143066e-01 5.785623e-01 
-6.174726e-01 6.785989e-01 
-6.205650e-01 7.786245e-01 
-6.236059e-01 8.786408e-01 
-6.266144e-01 9.786676e-01 
-6.295685e-01 1.078672e+00 
-6.325131e-01 1.178648e+00 
-6.355047e-01 1.278609e+00 
-6.385746e-01 1.378557e+00 
-6.417497e-01 1.478534e+00 
-6.449698e-01 1.578467e+00 
-6.483247e-01 1.678417e+00 
-6.517807e-01 1.778405e+00 
-6.552608e-01 1.878433e+00 
-6.586873e-01 1.978499e+00 
-6.619813e-01 2.078572e+00 
-6.651268e-01 2.178563e+00 
-6.682873e-01 2.278499e+00 
-6.715764e-01 2.378422e+00 
-6.750193e-01 2.478343e+00 
-6.786205e-01 2.578262e+00 
-6.823854e-01 2.678223e+00 
-6.862315e-01 2.778259e+00 
-6.900065e-01 2.878301e+00 
-6.936968e-01 2.978327e+00 
-6.973331e-01 3.078338e+00 
-7.009477e-01 3.178332e+00 
-7.045725e-01 3.278318e+00 
-7.082258e-01 3.378298e+00 
-7.119182e-01 3.478268e+00 
-7.156708e-01 3.578225e+00 
-7.195084e-01 3.678170e+00 
-7.234566e-01 3.778101e+00 
-7.275429e-01 3.878036e+00 
-7.317642e-01 3.978058e+00 
-7.359438e-01 4.078133e+00 
-7.399705e-01 4.178166e+00 
-7.439297e-01 4.278163e+00 
-7.478945e-01 4.378167e+00 
-7.518510e-01 4.478166e+00 
-7.558097e-01 4.578132e+00 
-7.598350e-01 4.678093e+00 
-7.639385e-01 4.778048e+00 
-7.681320e-01 4.877998e+00 
-7.724249e-01 4.977945e+00 
-7.768242e-01 5.077888e+00 
-7.813379e-01 5.177843e+00 
-7.859443e-01 5.277841e+00 
-7.905558e-01 5.377837e+00 
-7.951767e-01 5.477865e+00 
-7.997388e-01 5.577844e+00 
-8.043418e-01 5.677785e+00 
-8.090619e-01 5.777727e+00 
-8.138998e-01 5.877675e+00 
-8.188418e-01 5.977620e+00 
-8.238925e-01 6.077557e+00 
-8.290698e-01 6.177485e+00 
-8.343917e-01 6.277403e+00 
-8.398761e-01 6.377313e+00 
-8.455409e-01 6.477214e+00 
-8.514036e-01 6.577105e+00 
-8.574848e-01 6.676993e+00 
-8.637931e-01 6.776890e+00 
-8.703098e-01 6.876799e+00 
-8.770089e-01 6.976722e+00 
-8.838638e-01 7.076659e+00 
-8.908492e-01 7.176646e+00 
-8.978666e-01 7.276710e+00 
-9.047537e-01 7.376762e+00 
-9.115332e-01 7.476758e+00 
-9.183119e-01 7.576630e+00 
-9.253451e-01 7.676459e+00 
-9.327234e-01 7.776299e+00 
-9.404256e-01 7.876156e+00 
-9.484173e-01 7.976036e+00 
-9.566527e-01 8.075940e+00 
-9.650832e-01 8.175862e+00 
-9.736734e-01 8.275799e+00 
-9.823928e-01 8.375749e+00 
-9.912136e-01 8.475711e+00 
-1.000112e+00 8.575677e+00 
-1.009078e+00 8.675627e+00 
-1.018135e+00 8.775482e+00 
-1.027484e+00 8.875312e+00 
-9.279521e-01 8.884976e+00 
-9.185708e-01 8.784806e+00 
-9.094865e-01 8.684661e+00 
-9.005116e-01 8.584611e+00 
-8.916074e-01 8.484577e+00 
-8.827799e-01 8.384539e+00 
-8.740517e-01 8.284489e+00 
-8.654505e-01 8.184426e+00 
-8.570068e-01 8.084348e+00 
-8.487554e-01 7.984252e+00 
-8.407442e-01 7.884132e+00 
-8.330196e-01 7.783989e+00 
-8.256171e-01 7.683829e+00 
-8.185592e-01 7.583658e+00 
-8.117627e-01 7.483530e+00 
-8.049827e-01 7.383526e+00 
-7.981027e-01 7.283578e+00 
-7.910942e-01 7.183642e+00 
-7.841070e-01 7.083629e+00 
-7.772433e-01 6.983566e+00 
-7.705337e-01 6.883489e+00 
-7.640052e-01 6.783398e+00 
-7.576836e-01 6.683295e+00 
-7.515884e-01 6.583182e+00 
-7.457127e-01 6.483074e+00 
-7.400365e-01 6.382975e+00 
-7.345421e-01 6.282885e+00 
-7.292114e-01 6.182803e+00 
-7.240265e-01 6.082731e+00 
-7.189692e-01 5.982668e+00 
-7.140218e-01 5.882613e+00 
-7.091789e-01 5.782561e+00 
-7.044531e-01 5.682503e+00 
-6.998447e-01 5.582444e+00 
-6.952807e-01 5.482423e+00 
-6.906623e-01 5.382451e+00 
-6.860505e-01 5.282447e+00 
-6.814438e-01 5.182445e+00 
-6.769260e-01 5.082400e+00 
-6.725216e-01 4.982343e+00 
-6.682242e-01 4.882290e+00 
-6.640264e-01 4.782240e+00 
-6.599192e-01 4.682195e+00 
-6.558906e-01 4.582156e+00 
-6.519293e-01 4.482122e+00 
-6.479727e-01 4.382121e+00 
-6.440082e-01 4.282125e+00 
-6.400488e-01 4.182122e+00 
-6.360247e-01 4.082155e+00 
-6.318513e-01 3.982230e+00 
-6.276319e-01 3.882252e+00 
-6.235401e-01 3.782187e+00 
-6.195864e-01 3.682118e+00 
-6.157445e-01 3.582062e+00 
-6.119886e-01 3.482020e+00 
-6.082939e-01 3.381989e+00 
-6.046392e-01 3.281970e+00 
-6.010133e-01 3.181955e+00 
-5.973984e-01 3.081950e+00 
-5.937628e-01 2.981961e+00 
-5.900745e-01 2.881987e+00 
-5.863026e-01 2.782029e+00 
-5.824592e-01 2.682065e+00 
-5.786913e-01 2.582026e+00 
-5.750842e-01 2.481945e+00 
-5.716357e-01 2.381866e+00 
-5.683414e-01 2.281789e+00 
-5.651768e-01 2.181724e+00 
-5.620308e-01 2.081716e+00 
-5.587414e-01 1.981789e+00 
-5.553193e-01 1.881855e+00 
-5.518412e-01 1.781882e+00 
-5.483844e-01 1.681871e+00 
-5.450261e-01 1.581821e+00 
-5.418016e-01 1.481754e+00 
-5.386250e-01 1.381731e+00 
-5.355518e-01 1.281679e+00 
-5.325579e-01 1.181640e+00 
-5.296118e-01 1.081616e+00 
-5.266580e-01 9.816203e-01 
-5.236511e-01 8.816471e-01 
-5.206112e-01 7.816634e-01 
-5.175204e-01 6.816890e-01 
-5.143566e-01 5.817256e-01 
-5.111680e-01 4.817376e-01 
-5.081179e-01 3.816672e-01 
-5.053302e-01 2.815354e-01 
-5.028785e-01 1.813672e-01 
-5.008095e-01 8.117603e-02 
-5.007989e-01 -8.014395e-02 
-5.028741e-01 -1.811760e-01 
-5.053258e-01 -2.813672e-01 
-5.081141e-01 -3.815354e-01 
-5.111658e-01 -4.816672e-01 
-5.143570e-01 -5.817376e-01 
-5.175215e-01 -6.817256e-01 
-5.206120e-01 -7.816890e-01 
-5.236516e-01 -8.816634e-01 
-5.266588e-01 -9.816471e-01 
-5.296120e-01 -1.081620e+00 
-5.325572e-01 -1.181616e+00 
-5.355506e-01 -1.281640e+00 
-5.386234e-01 -1.381679e+00 
-5.418008e-01 -1.481731e+00 
-5.450239e-01 -1.581754e+00 
-5.483827e-01 -1.681821e+00 
-5.518408e-01 -1.781871e+00 
-5.553203e-01 -1.881882e+00 
-5.587436e-01 -1.981855e+00 
-5.620331e-01 -2.081789e+00 
-5.651765e-01 -2.181716e+00 
-5.683393e-01 -2.281724e+00 
-5.716331e-01 -2.381789e+00 
-5.750814e-01 -2.481866e+00 
-5.786884e-01 -2.581945e+00 
-5.824577e-01 -2.682026e+00 
-5.863040e-01 -2.782065e+00 
-5.900760e-01 -2.882029e+00 
-5.937638e-01 -2.981987e+00 
-5.973988e-01 -3.081961e+00 
-6.010131e-01 -3.181950e+00 
-6.046387e-01 -3.281955e+00 
-6.082932e-01 -3.381970e+00 
-6.119874e-01 -3.481989e+00 
-6.157428e-01 -3.582020e+00 
-6.195842e-01 -3.682062e+00 
-6.235374e-01 -3.782118e+00 
-6.276291e-01 -3.882187e+00 
-6.318522e-01 -3.982252e+00 
-6.360278e-01 -4.082230e+00 
-6.400501e-01 -4.182155e+00 
-6.440080e-01 -4.282122e+00 
-6.479728e-01 -4.382125e+00 
-6.519293e-01 -4.482121e+00 
-6.558893e-01 -4.582122e+00 
-6.599176e-01 -4.682156e+00 
-6.640246e-01 -4.782195e+00 
-6.682221e-01 -4.882240e+00 
-6.725193e-01 -4.982290e+00 
-6.769234e-01 -5.082343e+00 
-6.814418e-01 -5.182400e+00 
-6.860503e-01 -5.282445e+00 
-6.906622e-01 -5.382447e+00 
-6.952820e-01 -5.482451e+00 
-6.998437e-01 -5.582423e+00 
-7.044504e-01 -5.682444e+00 
-7.091761e-01 -5.782503e+00 
-7.140193e-01 -5.882561e+00 
-7.189665e-01 -5.982613e+00 
-7.240232e-01 -6.082668e+00 
-7.292076e-01 -6.182731e+00 
-7.345377e-01 -6.282803e+00 
-7.400315e-01 -6.382885e+00 
-7.457070e-01 -6.482975e+00 
-7.515819e-01 -6.583074e+00 
-7.576766e-01 -6.683182e+00 
-7.639985e-01 -6.783295e+00 
-7.705278e-01 -6.883398e+00 
-7.772381e-01 -6.983489e+00 
-7.841026e-01 -7.083566e+00 
-7.910932e-01 -7.183629e+00 
-7.981071e-01 -7.283642e+00 
-8.049862e-01 -7.383578e+00 
-8.117625e-01 -7.483526e+00 
-8.185503e-01 -7.583530e+00 
-8.256047e-01 -7.683658e+00 
-8.330075e-01 -7.783829e+00 
-8.407329e-01 -7.883989e+00 
-8.487456e-01 -7.984132e+00 
-8.569988e-01 -8.084252e+00 
-8.654439e-01 -8.184348e+00 
-8.740462e-01 -8.284426e+00 
-8.827756e-01 -8.384489e+00 
-8.916041e-01 -8.484539e+00 
-9.005086e-01 -8.584577e+00 
-9.094820e-01 -8.684611e+00 
-9.185574e-01 -8.784661e+00 
-9.279358e-01 -8.884806e+00 
-9.376620e-01 -8.984976e+00 
-9.477346e-01 -9.085147e+00 
-9.581388e-01 -9.185310e+00 
-9.688833e-01 -9.285477e+00 
-9.799842e-01 -9.385651e+00 
-9.914595e-01 -9.485834e+00 
-1.003329e+00 -9.586026e+00 
-1.015615e+00 -9.686229e+00 
-1.028340e+00 -9.786443e+00 
-1.041358e+00 -9.886590e+00 
-1.054424e+00 -9.986620e+00 
-1.067735e+00 -1.008673e+01 
-1.081506e+00 -1.018695e+01 
-1.095796e+00 -1.028720e+01 
-1.110630e+00 -1.038746e+01 
-1.126029e+00 -1.048773e+01 
-1.142023e+00 -1.058802e+01 
-1.158637e+00 -1.068832e+01 
-1.175898e+00 -1.078862e+01 
-1.193847e+00 -1.088895e+01 
-1.212525e+00 -1.098929e+01 
-1.231955e+00 -1.108965e+01 
-1.251912e+00 -1.118991e+01 
-1.272053e+00 -1.129001e+01 
-1.292877e+00 -1.139031e+01 
-1.314474e+00 -1.149066e+01 
-1.336830e+00 -1.159102e+01 
-1.359976e+00 -1.169138e+01 
-1.383823e+00 -1.179171e+01 
-1.408418e+00 -1.189205e+01 
-1.433755e+00 -1.199239e+01 
-1.459785e+00 -1.209270e+01 
-1.486491e+00 -1.219301e+01 
-1.513858e+00 -1.229331e+01 
-1.541871e+00 -1.239360e+01 
-1.570603e+00 -1.249391e+01 
-1.600341e+00 -1.259434e+01 
-1.631103e+00 -1.269479e+01 
-1.662790e+00 -1.279519e+01 
-1.695103e+00 -1.289548e+01 
-1.727814e+00 -1.299566e+01 
-1.760817e+00 -1.309580e+01 
-1.794422e+00 -1.319604e+01 
-1.828660e+00 -1.329630e+01 
-1.863557e+00 -1.339658e+01 
-1.899175e+00 -1.349688e+01 
-1.935572e+00 -1.359720e+01 
-1.973314e+00 -1.369772e+01 
-2.012631e+00 -1.379834e+01 
-2.053231e+00 -1.389887e+01 
-2.094865e+00 -1.399929e+01 
-2.137521e+00 -1.409970e+01 
-2.181213e+00 -1.420010e+01 
-2.225955e+00 -1.430050e+01 
-2.271761e+00 -1.440090e+01 
-2.318649e+00 -1.450130e+01 
-2.366882e+00 -1.460178e+01 
-2.417052e+00 -1.470245e+01 
-2.468930e+00 -1.480306e+01 
-2.522647e+00 -1.490369e+01 
-2.578101e+00 -1.500428e+01 
-2.635215e+00 -1.510484e+01 
-2.694115e+00 -1.520541e+01 
-2.754896e+00 -1.530600e+01 
-2.817651e+00 -1.540661e+01 
-2.882351e+00 -1.550719e+01 
-2.949207e+00 -1.560782e+01 
-3.018431e+00 -1.570848e+01 
-3.090289e+00 -1.580919e+01 
-3.165085e+00 -1.590995e+01 
-3.243169e+00 -1.601076e+01 
-3.324305e+00 -1.611151e+01 
-3.408325e+00 -1.621218e+01 
-3.495461e+00 -1.631287e+01 
-3.585650e+00 -1.641351e+01 
-3.678451e+00 -1.651406e+01 
-3.774132e+00 -1.661461e+01 
-3.872911e+00 -1.671518e+01 
-3.973486e+00 -1.681430e+01 
-4.074076e+00 -1.691022e+01 
-4.174680e+00 -1.700303e+01 
-4.275298e+00 -1.709279e+01 
-4.375928e+00 -1.717957e+01 
-4.476571e+00 -1.726345e+01 
-4.577218e+00 -1.734452e+01 
-4.677750e+00 -1.742327e+01 
-4.778250e+00 -1.749996e+01 
-4.878760e+00 -1.757464e+01 
-4.979284e+00 -1.764733e+01 
-5.079823e+00 -1.771802e+01 
-5.180376e+00 -1.778672e+01 
-5.280943e+00 -1.785343e+01 
-5.381524e+00 -1.791816e+01 
-5.482120e+00 -1.798091e+01 
-5.582729e+00 -1.804169e+01 
-5.683350e+00 -1.810051e+01 
-5.783929e+00 -1.815751e+01 
-5.884315e+00 -1.821323e+01 
-5.984690e+00 -1.826783e+01 
-6.085074e+00 -1.832131e+01 
-6.185468e+00 -1.837364e+01 
-6.285870e+00 -1.842483e+01 
-6.386281e+00 -1.847487e+01 
-6.486700e+00 -1.852374e+01 
-6.587128e+00 -1.857145e+01 
-6.687563e+00 -1.861798e+01 
-6.788006e+00 -1.866333e+01 
-6.888457e+00 -1.870749e+01 
-6.988914e+00 -1.875047e+01 
-7.089379e+00 -1.879226e+01 
-7.189850e+00 -1.883286e+01 
-7.290327e+00 -1.887226e+01 
-7.390809e+00 -1.891048e+01 
-7.491295e+00 -1.894750e+01 
-7.591788e+00 -1.898333e+01 
-7.692284e+00 -1.901799e+01 
-7.792783e+00 -1.905146e+01 
-7.893286e+00 -1.908375e+01 
-7.993792e+00 -1.911487e+01 
-8.094300e+00 -1.914483e+01 
-8.194829e+00 -1.917359e+01 
-8.295396e+00 -1.920109e+01 
-8.395901e+00 -1.922744e+01 
-8.496229e+00 -1.925302e+01 
-8.596521e+00 -1.927794e+01 
-8.696821e+00 -1.930222e+01 
-8.797130e+00 -1.932582e+01 
-8.897447e+00 -1.934873e+01 
-8.997773e+00 -1.937094e+01 
-9.098108e+00 -1.939244e+01 
-9.198451e+00 -1.941320e+01 
-9.298804e+00 -1.943321e+01 
-9.399166e+00 -1.945245e+01 
-9.499538e+00 -1.947091e+01 
-9.599919e+00 -1.948857e+01 
-9.700309e+00 -1.950541e+01 
-9.800709e+00 -1.952141e+01 
-9.901119e+00 -1.953657e+01 
-1.000154e+01 -1.955086e+01 
-1.010197e+01 -1.956426e+01 
-1.020241e+01 -1.957676e+01 
-1.030286e+01 -1.958833e+01 
-1.040332e+01 -1.959897e+01 
-1.050378e+01 -1.960866e+01 
-1.060426e+01 -1.961737e+01 
-1.070475e+01 -1.962508e+01 
-1.080525e+01 -1.963179e+01 
-1.090576e+01 -1.963748e+01 
-1.100628e+01 -1.964212e+01 
-1.110680e+01 -1.964570e+01 
-1.120734e+01 -1.964819e+01 
-1.130789e+01 -1.964959e+01 
-1.140844e+01 -1.964988e+01 
-1.150900e+01 -1.964903e+01 
-1.160958e+01 -1.964703e+01 
-1.171015e+01 -1.964387e+01 
-1.181060e+01 -1.963982e+01 
-1.191095e+01 -1.963506e+01 
-1.201130e+01 -1.962960e+01 
-1.211166e+01 -1.962340e+01 
-1.221203e+01 -1.961646e+01 
-1.231241e+01 -1.960876e+01 
-1.241279e+01 -1.960029e+01 
-1.251317e+01 -1.959103e+01 
-1.261356e+01 -1.958098e+01 
-1.271393e+01 -1.957018e+01 
-1.281429e+01 -1.955864e+01 
-1.291465e+01 -1.954637e+01 
-1.301502e+01 -1.953334e+01 
-1.311539e+01 -1.951955e+01 
-1.321575e+01 -1.950500e+01 
-1.331613e+01 -1.948968e+01 
-1.341650e+01 -1.947358e+01 
-1.351687e+01 -1.945670e+01 
-1.361725e+01 -1.943903e+01 
-1.371763e+01 -1.942056e+01 
-1.381801e+01 -1.940128e+01 
-1.391839e+01 -1.938119e+01 
-1.401878e+01 -1.936028e+01 
-1.411916e+01 -1.933855e+01 
-1.421955e+01 -1.931598e+01 
-1.431994e+01 -1.929257e+01 
-1.442033e+01 -1.926831e+01 
-1.452072e+01 -1.924319e+01 
-1.462111e+01 -1.921721e+01 
-1.472150e+01 -1.919035e+01 
-1.482190e+01 -1.916262e+01 
-1.492229e+01 -1.913399e+01 
-1.502269e+01 -1.910447e+01 
-1.512308e+01 -1.907405e+01 
-1.522348e+01 -1.904271e+01 
-1.532387e+01 -1.901046e+01 
-1.542422e+01 -1.897743e+01 
-1.552454e+01 -1.894364e+01 
-1.562487e+01 -1.890908e+01 
-1.572520e+01 -1.887373e+01 
-1.582553e+01 -1.883758e+01 
-1.592586e+01 -1.880063e+01 
-1.602620e+01 -1.876285e+01 
-1.612654e+01 -1.872424e+01 
-1.622688e+01 -1.868478e+01 
-1.632722e+01 -1.864447e+01 
-1.642757e+01 -1.860327e+01 
-1.652792e+01 -1.856119e+01 
-1.662827e+01 -1.851821e+01 
-1.672862e+01 -1.847431e+01 
-1.682898e+01 -1.842947e+01 
-1.692934e+01 -1.838368e+01 
-1.702970e+01 -1.833692e+01 
-1.713006e+01 -1.828918e+01 
-1.723043e+01 -1.824043e+01 
-1.733079e+01 -1.819066e+01 
-1.743116e+01 -1.813985e+01 
-1.753151e+01 -1.808807e+01 
-1.763181e+01 -1.803544e+01 
-1.773211e+01 -1.798195e+01 
-1.783241e+01 -1.792758e+01 
-1.793271e+01 -1.787232e+01 
-1.803301e+01 -1.781615e+01 
-1.813332e+01 -1.775904e+01 
-1.823363e+01 -1.770098e+01 
-1.833394e+01 -1.764195e+01 
-1.843425e+01 -1.758193e+01 
-1.853457e+01 -1.752090e+01 
-1.863489e+01 -1.745883e+01 
-1.873521e+01 -1.739571e+01 
-1.883553e+01 -1.733151e+01 
-1.893586e+01 -1.726620e+01 
-1.903619e+01 -1.719976e+01 
-1.913652e+01 -1.713217e+01 
-1.923685e+01 -1.706339e+01 
-1.933719e+01 -1.699340e+01 
-1.943753e+01 -1.692216e+01 
-1.953787e+01 -1.684964e+01 
-1.963821e+01 -1.677582e+01 
-1.973856e+01 -1.670066e+01 
-1.983891e+01 -1.662412e+01 
-1.993926e+01 -1.654616e+01 
-2.003961e+01 -1.646674e+01 
-2.013996e+01 -1.638586e+01 
-2.024025e+01 -1.630377e+01 
-2.034049e+01 -1.622070e+01 
-2.044073e+01 -1.613656e+01 
-2.054097e+01 -1.605135e+01 
-2.064121e+01 -1.596503e+01 
-2.074145e+01 -1.587758e+01 
-2.084169e+01 -1.578899e+01 
-2.094194e+01 -1.569922e+01 
-2.104218e+01 -1.560824e+01 
-2.114243e+01 -1.551604e+01 
-2.124268e+01 -1.542259e+01 
-2.134292e+01 -1.532784e+01 
-2.144317e+01 -1.523178e+01 
-2.154342e+01 -1.513437e+01 
-2.164368e+01 -1.503557e+01 
-2.174393e+01 -1.493536e+01 
-2.184281e+01 -1.483511e+01 
-2.194030e+01 -1.473486e+01 
-2.203642e+01 -1.463460e+01 
-2.213119e+01 -1.453435e+01 
-2.222465e+01 -1.443409e+01 
-2.231680e+01 -1.433384e+01 
-2.240768e+01 -1.423358e+01 
-2.249729e+01 -1.413332e+01 
-2.258566e+01 -1.403306e+01 
-2.267277e+01 -1.393279e+01 
-2.275857e+01 -1.383251e+01 
-2.284308e+01 -1.373222e+01 
-2.292633e+01 -1.363193e+01 
-2.300833e+01 -1.353165e+01 
-2.308911e+01 -1.343137e+01 
-2.316869e+01 -1.333108e+01 
-2.324710e+01 -1.323080e+01 
-2.332435e+01 -1.313051e+01 
-2.340047e+01 -1.303023e+01 
-2.347547e+01 -1.292995e+01 
-2.354937e+01 -1.282966e+01 
-2.362219e+01 -1.272938e+01 
-2.369396e+01 -1.262910e+01 
-2.376467e+01 -1.252881e+01 
-2.383436e+01 -1.242853e+01 
-2.390302e+01 -1.232825e+01 
-2.397069e+01 -1.222797e+01 
-2.403738e+01 -1.212769e+01 
-2.410309e+01 -1.202740e+01 
-2.416784e+01 -1.192712e+01 
-2.423164e+01 -1.182684e+01 
-2.429451e+01 -1.172656e+01 
-2.435645e+01 -1.162628e+01 
-2.441749e+01 -1.152599e+01 
-2.447762e+01 -1.142571e+01 
-2.453686e+01 -1.132543e+01 
-2.459524e+01 -1.122516e+01 
-2.465290e+01 -1.112493e+01 
-2.470990e+01 -1.102472e+01 
-2.476626e+01 -1.092451e+01 
-2.482198e+01 -1.082430e+01 
-2.487707e+01 -1.072409e+01 
-2.493152e+01 -1.062387e+01 
-2.498535e+01 -1.052366e+01 
-2.503854e+01 -1.042344e+01 
-2.509112e+01 -1.032323e+01 
-2.514308e+01 -1.022301e+01 
-2.519442e+01 -1.012280e+01 
-2.524514e+01 -1.002258e+01 
-2.529525e+01 -9.922362e+00 
-2.534476e+01 -9.822143e+00 
-2.539365e+01 -9.721924e+00 
-2.544195e+01 -9.621705e+00 
-2.548964e+01 -9.521484e+00 
-2.553673e+01 -9.421263e+00 
-2.558322e+01 -9.321042e+00 
-2.562912e+01 -9.220819e+00 
-2.567443e+01 -9.120596e+00 
-2.571915e+01 -9.020372e+00 
-2.576328e+01 -8.920148e+00 
-2.580682e+01 -8.819923e+00 
-2.584977e+01 -8.719697e+00 
-2.589215e+01 -8.619471e+00 
-2.593394e+01 -8.519244e+00 
-2.597516e+01 -8.419014e+00 
-2.601578e+01 -8.318779e+00 
-2.605581e+01 -8.218544e+00 
-2.609525e+01 -8.118309e+00 
-2.613411e+01 -8.018073e+00 
-2.617239e+01 -7.917838e+00 
-2.621009e+01 -7.817602e+00 
-2.624722e+01 -7.717367e+00 
-2.628377e+01 -7.617131e+00 
-2.631976e+01 -7.516896e+00 
-2.635519e+01 -7.416660e+00 
-2.639005e+01 -7.316425e+00 
-2.642435e+01 -7.216189e+00 
-2.645810e+01 -7.115954e+00 
-2.649130e+01 -7.015719e+00 
-2.652394e+01 -6.915484e+00 
-2.655604e+01 -6.815249e+00 
-2.658760e+01 -6.715014e+00 
-2.661861e+01 -6.614780e+00 
-2.664909e+01 -6.514545e+00 
-2.667903e+01 -6.414312e+00 
-2.670845e+01 -6.314078e+00 
-2.673733e+01 -6.213844e+00 
-2.676569e+01 -6.113611e+00 
-2.679352e+01 -6.013378e+00 
-2.682084e+01 -5.913146e+00 
-2.684763e+01 -5.812914e+00 
-2.687392e+01 -5.712682e+00 
-2.689969e+01 -5.612451e+00 
-2.692495e+01 -5.512220e+00 
-2.694971e+01 -5.411990e+00 
-2.697397e+01 -5.311760e+00 
-2.699772e+01 -5.211531e+00 
-2.702098e+01 -5.111302e+00 
-2.704374e+01 -5.011073e+00 
-2.706601e+01 -4.910846e+00 
-2.708780e+01 -4.810619e+00 
-2.710909e+01 -4.710392e+00 
-2.712991e+01 -4.610166e+00 
-2.715024e+01 -4.509941e+00 
-2.717012e+01 -4.409730e+00 
-2.718959e+01 -4.309536e+00 
-2.720867e+01 -4.209354e+00 
-2.722736e+01 -4.109172e+00 
-2.724567e+01 -4.008989e+00 
-2.726360e+01 -3.908807e+00 
-2.728113e+01 -3.808618e+00 
-2.729826e+01 -3.708427e+00 
-2.731500e+01 -3.608238e+00 
-2.733134e+01 -3.508048e+00 
-2.734728e+01 -3.407858e+00 
-2.736283e+01 -3.307668e+00 
-2.737799e+01 -3.207476e+00 
-2.739274e+01 -3.107285e+00 
-2.740710e+01 -3.007093e+00 
-2.742106e+01 -2.906900e+00 
-2.743462e+01 -2.806707e+00 
-2.744779e+01 -2.706513e+00 
-2.746055e+01 -2.606319e+00 
-2.747292e+01 -2.506125e+00 
-2.748489e+01 -2.405930e+00 
-2.749646e+01 -2.305735e+00 
-2.750763e+01 -2.205539e+00 
-2.751840e+01 -2.105343e+00 
-2.752876e+01 -2.005146e+00 
-2.753873e+01 -1.904949e+00 
-2.754830e+01 -1.804752e+00 
-2.755746e+01 -1.704554e+00 
-2.756622e+01 -1.604356e+00 
-2.757458e+01 -1.504157e+00 
-2.758254e+01 -1.403958e+00 
-2.759010e+01 -1.303759e+00 
-2.759724e+01 -1.203555e+00 
-2.760397e+01 -1.103352e+00 
-2.761029e+01 -1.003146e+00 
-2.761619e+01 -9.029404e-01 
-2.762168e+01 -8.027332e-01 
-2.762675e+01 -7.025246e-01 
-2.763139e+01 -6.023130e-01 
-2.753149e+01 -5.976870e-01 
