-8.653160e+00 -2.003158e-01 
-8.653791e+00 -3.000007e-01 
-8.653793e+00 -3.996863e-01 
-8.653169e+00 -4.993726e-01 
-8.651919e+00 -5.990594e-01 
-8.650044e+00 -6.987438e-01 
-8.647540e+00 -7.984207e-01 
-8.644391e+00 -8.980997e-01 
-8.640601e+00 -9.977687e-01 
-8.636148e+00 -1.097475e+00 
-8.631110e+00 -1.197134e+00 
-8.625388e+00 -1.296808e+00 
-8.619011e+00 -1.396502e+00 
-8.612019e+00 -1.496195e+00 
-8.604413e+00 -1.595872e+00 
-8.596156e+00 -1.695543e+00 
-8.587237e+00 -1.795209e+00 
-8.577645e+00 -1.894870e+00 
-8.567367e+00 -1.994527e+00 
-8.556394e+00 -2.094178e+00 
-8.544713e+00 -2.193824e+00 
-8.532312e+00 -2.293466e+00 
-8.519181e+00 -2.393103e+00 
-8.505307e+00 -2.492736e+00 
-8.490679e+00 -2.592364e+00 
-8.475285e+00 -2.691987e+00 
-8.459112e+00 -2.791606e+00 
-8.442150e+00 -2.891221e+00 
-8.424386e+00 -2.990831e+00 
-8.405808e+00 -3.090438e+00 
-8.386403e+00 -3.190040e+00 
-8.366160e+00 -3.289639e+00 
-8.345065e+00 -3.389234e+00 
-8.323107e+00 -3.488824e+00 
-8.300272e+00 -3.588411e+00 
-8.276551e+00 -3.687980e+00 
-8.251901e+00 -3.787524e+00 
-8.226252e+00 -3.887070e+00 
-8.199604e+00 -3.986621e+00 
-8.171960e+00 -4.086178e+00 
-8.143323e+00 -4.185740e+00 
-8.113697e+00 -4.285307e+00 
-8.083087e+00 -4.384882e+00 
-8.051501e+00 -4.484464e+00 
-8.018947e+00 -4.584053e+00 
-7.985432e+00 -4.683650e+00 
-7.950967e+00 -4.783255e+00 
-7.915564e+00 -4.882869e+00 
-7.879235e+00 -4.982493e+00 
-7.841992e+00 -5.082128e+00 
-7.803856e+00 -5.181773e+00 
-7.764847e+00 -5.281422e+00 
-7.724982e+00 -5.381040e+00 
-7.684212e+00 -5.480531e+00 
-7.642213e+00 -5.579889e+00 
-7.598599e+00 -5.679183e+00 
-7.553130e+00 -5.778490e+00 
-7.505816e+00 -5.877791e+00 
-7.456596e+00 -5.977086e+00 
-7.405411e+00 -6.076371e+00 
-7.352183e+00 -6.175649e+00 
-7.296838e+00 -6.274915e+00 
-7.239281e+00 -6.374170e+00 
-7.179413e+00 -6.473412e+00 
-7.117120e+00 -6.572639e+00 
-7.052266e+00 -6.671850e+00 
-6.984709e+00 -6.771040e+00 
-6.914263e+00 -6.870209e+00 
-6.840716e+00 -6.969360e+00 
-6.763702e+00 -7.068686e+00 
-6.683905e+00 -7.168030e+00 
-6.601307e+00 -7.267363e+00 
-6.515826e+00 -7.366593e+00 
-6.427095e+00 -7.465440e+00 
-6.333044e+00 -7.563849e+00 
-6.234966e+00 -7.657651e+00 
-6.137103e+00 -7.741987e+00 
-6.039454e+00 -7.817193e+00 
-5.941863e+00 -7.883706e+00 
-5.844049e+00 -7.942458e+00 
-5.746270e+00 -7.994695e+00 
-5.648801e+00 -8.040712e+00 
-5.552592e+00 -8.079887e+00 
-5.458308e+00 -8.109886e+00 
-5.365163e+00 -8.127957e+00 
-5.272398e+00 -8.132980e+00 
-5.179624e+00 -8.124547e+00 
-5.086425e+00 -8.101952e+00 
-4.992472e+00 -8.064221e+00 
-4.897593e+00 -8.010205e+00 
-4.802026e+00 -7.938919e+00 
-4.705944e+00 -7.848075e+00 
-4.624897e+00 -7.751415e+00 
-4.556363e+00 -7.653969e+00 
-4.496094e+00 -7.555997e+00 
-4.441800e+00 -7.457638e+00 
-4.392126e+00 -7.359170e+00 
-4.346509e+00 -7.260519e+00 
-4.304385e+00 -7.161880e+00 
-4.265647e+00 -7.063230e+00 
-4.230080e+00 -6.964345e+00 
-4.197102e+00 -6.865375e+00 
-4.166455e+00 -6.766302e+00 
-4.137873e+00 -6.667142e+00 
-4.111136e+00 -6.567906e+00 
-4.086057e+00 -6.468598e+00 
-4.062473e+00 -6.369271e+00 
-4.040330e+00 -6.269922e+00 
-4.019551e+00 -6.170468e+00 
-3.999896e+00 -6.070854e+00 
-3.981019e+00 -5.971060e+00 
-3.962577e+00 -5.871270e+00 
-3.944576e+00 -5.771483e+00 
-3.927021e+00 -5.671697e+00 
-3.909913e+00 -5.571917e+00 
-3.893265e+00 -5.472157e+00 
-3.877119e+00 -5.372412e+00 
-3.861505e+00 -5.272702e+00 
-3.846490e+00 -5.172989e+00 
-3.832061e+00 -5.073238e+00 
-3.818139e+00 -4.973453e+00 
-3.804663e+00 -4.873690e+00 
-3.791667e+00 -4.773887e+00 
-3.779070e+00 -4.674069e+00 
-3.766846e+00 -4.574240e+00 
-3.754967e+00 -4.474397e+00 
-3.743408e+00 -4.374543e+00 
-3.732145e+00 -4.274686e+00 
-3.721174e+00 -4.174828e+00 
-3.710490e+00 -4.074968e+00 
-3.700090e+00 -3.975104e+00 
-3.689965e+00 -3.875227e+00 
-3.680090e+00 -3.775353e+00 
-3.670481e+00 -3.675582e+00 
-3.661333e+00 -3.575796e+00 
-3.652601e+00 -3.475803e+00 
-3.643878e+00 -3.375783e+00 
-3.635129e+00 -3.275906e+00 
-3.626629e+00 -3.176044e+00 
-3.618409e+00 -3.076191e+00 
-3.610485e+00 -2.976344e+00 
-3.602870e+00 -2.876505e+00 
-3.595580e+00 -2.776670e+00 
-3.588621e+00 -2.676821e+00 
-3.581963e+00 -2.576934e+00 
-3.575532e+00 -2.477035e+00 
-3.569303e+00 -2.377128e+00 
-3.563260e+00 -2.277214e+00 
-3.557389e+00 -2.177290e+00 
-3.551670e+00 -2.077347e+00 
-3.546062e+00 -1.977352e+00 
-3.540461e+00 -1.877294e+00 
-3.534745e+00 -1.777250e+00 
-3.528944e+00 -1.677269e+00 
-3.523186e+00 -1.577392e+00 
-3.517674e+00 -1.477486e+00 
-3.512349e+00 -1.377556e+00 
-3.507167e+00 -1.277665e+00 
-3.502203e+00 -1.177774e+00 
-3.497460e+00 -1.077901e+00 
-3.492972e+00 -9.780877e-01 
-3.488858e+00 -8.782697e-01 
-3.485108e+00 -7.784340e-01 
-3.481685e+00 -6.785619e-01 
-3.478516e+00 -5.786246e-01 
-3.475470e+00 -4.785963e-01 
-3.472367e+00 -3.785549e-01 
-3.469181e+00 -2.785118e-01 
-3.465909e+00 -1.784745e-01 
-3.462591e+00 -8.014646e-02 
-3.462563e+00 7.847448e-02 
-3.465910e+00 1.785118e-01 
-3.469183e+00 2.785549e-01 
-3.472369e+00 3.785963e-01 
-3.475471e+00 4.786246e-01 
-3.478515e+00 5.785619e-01 
-3.481681e+00 6.784340e-01 
-3.485102e+00 7.782697e-01 
-3.385172e+00 7.820232e-01 
-3.381740e+00 6.818589e-01 
-3.378565e+00 5.817310e-01 
-3.375518e+00 4.816684e-01 
-3.372417e+00 3.816966e-01 
-3.369233e+00 2.817380e-01 
-3.365964e+00 1.817811e-01 
-3.362619e+00 8.181843e-02 
-3.362591e+00 -8.014646e-02 
-3.365965e+00 -1.818184e-01 
-3.369235e+00 -2.817811e-01 
-3.372418e+00 -3.817380e-01 
-3.375518e+00 -4.816966e-01 
-3.378563e+00 -5.816684e-01 
-3.381735e+00 -6.817310e-01 
-3.385166e+00 -7.818589e-01 
-3.388929e+00 -8.820232e-01 
-3.393057e+00 -9.822052e-01 
-3.397560e+00 -1.082392e+00 
-3.402316e+00 -1.182519e+00 
-3.407290e+00 -1.282628e+00 
-3.412484e+00 -1.382737e+00 
-3.417816e+00 -1.482807e+00 
-3.423338e+00 -1.582901e+00 
-3.429109e+00 -1.683024e+00 
-3.434913e+00 -1.783043e+00 
-3.440624e+00 -1.882999e+00 
-3.446218e+00 -1.982941e+00 
-3.451827e+00 -2.082946e+00 
-3.457552e+00 -2.183003e+00 
-3.463432e+00 -2.283079e+00 
-3.469485e+00 -2.383165e+00 
-3.475726e+00 -2.483258e+00 
-3.482170e+00 -2.583359e+00 
-3.488842e+00 -2.683472e+00 
-3.495822e+00 -2.783623e+00 
-3.503136e+00 -2.883788e+00 
-3.510774e+00 -2.983949e+00 
-3.518723e+00 -3.084102e+00 
-3.526966e+00 -3.184248e+00 
-3.535490e+00 -3.284387e+00 
-3.544260e+00 -3.384510e+00 
-3.552979e+00 -3.484490e+00 
-3.561713e+00 -3.584497e+00 
-3.570899e+00 -3.684711e+00 
-3.580551e+00 -3.784939e+00 
-3.590450e+00 -3.885066e+00 
-3.600600e+00 -3.985189e+00 
-3.611028e+00 -4.085325e+00 
-3.621741e+00 -4.185465e+00 
-3.632744e+00 -4.285607e+00 
-3.644038e+00 -4.385750e+00 
-3.655630e+00 -4.485896e+00 
-3.667546e+00 -4.586053e+00 
-3.679811e+00 -4.686224e+00 
-3.692453e+00 -4.786406e+00 
-3.705500e+00 -4.886603e+00 
-3.719039e+00 -4.986840e+00 
-3.733020e+00 -5.087055e+00 
-3.747520e+00 -5.187304e+00 
-3.762620e+00 -5.287591e+00 
-3.778323e+00 -5.387881e+00 
-3.794550e+00 -5.488136e+00 
-3.811276e+00 -5.588376e+00 
-3.828459e+00 -5.688596e+00 
-3.846089e+00 -5.788810e+00 
-3.864165e+00 -5.889023e+00 
-3.882684e+00 -5.989233e+00 
-3.901638e+00 -6.089439e+00 
-3.921442e+00 -6.189825e+00 
-3.942443e+00 -6.290371e+00 
-3.964867e+00 -6.391022e+00 
-3.988760e+00 -6.491695e+00 
-4.014179e+00 -6.592387e+00 
-4.041315e+00 -6.693151e+00 
-4.070365e+00 -6.793991e+00 
-4.101565e+00 -6.894918e+00 
-4.135205e+00 -6.995947e+00 
-4.171544e+00 -7.097063e+00 
-4.211297e+00 -7.198413e+00 
-4.254536e+00 -7.299774e+00 
-4.301352e+00 -7.401123e+00 
-4.352506e+00 -7.502655e+00 
-4.408531e+00 -7.604296e+00 
-4.471164e+00 -7.706324e+00 
-4.543056e+00 -7.808878e+00 
-4.629226e+00 -7.912218e+00 
-4.733144e+00 -8.011412e+00 
-4.837576e+00 -8.090192e+00 
-4.942697e+00 -8.150953e+00 
-5.048744e+00 -8.194581e+00 
-5.155545e+00 -8.221605e+00 
-5.262771e+00 -8.232516e+00 
-5.370006e+00 -8.227840e+00 
-5.476861e+00 -8.208150e+00 
-5.582577e+00 -8.175286e+00 
-5.686369e+00 -8.133387e+00 
-5.788899e+00 -8.085154e+00 
-5.891121e+00 -8.030686e+00 
-5.993306e+00 -7.969460e+00 
-6.095715e+00 -7.899866e+00 
-6.198066e+00 -7.821256e+00 
-6.300203e+00 -7.733441e+00 
-6.402126e+00 -7.636151e+00 
-6.499362e+00 -7.534560e+00 
-6.590230e+00 -7.433407e+00 
-6.677066e+00 -7.332637e+00 
-6.760792e+00 -7.231970e+00 
-6.841662e+00 -7.131314e+00 
-6.919740e+00 -7.030640e+00 
-6.994574e+00 -6.929791e+00 
-7.066228e+00 -6.828960e+00 
-7.134912e+00 -6.728150e+00 
-7.200819e+00 -6.627361e+00 
-7.264103e+00 -6.526588e+00 
-7.324903e+00 -6.425830e+00 
-7.383342e+00 -6.325085e+00 
-7.439522e+00 -6.224351e+00 
-7.493540e+00 -6.123629e+00 
-7.545477e+00 -6.022914e+00 
-7.595410e+00 -5.922209e+00 
-7.643404e+00 -5.821510e+00 
-7.689520e+00 -5.720817e+00 
-7.733768e+00 -5.620111e+00 
-7.776320e+00 -5.519469e+00 
-7.817513e+00 -5.418960e+00 
-7.857688e+00 -5.318578e+00 
-7.896974e+00 -5.218227e+00 
-7.935385e+00 -5.117872e+00 
-7.972904e+00 -5.017507e+00 
-8.009512e+00 -4.917131e+00 
-8.045192e+00 -4.816745e+00 
-8.079934e+00 -4.716350e+00 
-8.113724e+00 -4.615947e+00 
-8.146551e+00 -4.515536e+00 
-8.178407e+00 -4.415118e+00 
-8.209282e+00 -4.314693e+00 
-8.239169e+00 -4.214260e+00 
-8.268063e+00 -4.113822e+00 
-8.295958e+00 -4.013379e+00 
-8.322850e+00 -3.912930e+00 
-8.348737e+00 -3.812476e+00 
-8.373618e+00 -3.712020e+00 
-8.397549e+00 -3.611589e+00 
-8.420577e+00 -3.511176e+00 
-8.442720e+00 -3.410766e+00 
-8.463989e+00 -3.310361e+00 
-8.484399e+00 -3.209960e+00 
-8.503962e+00 -3.109562e+00 
-8.522691e+00 -3.009169e+00 
-8.540597e+00 -2.908779e+00 
-8.557693e+00 -2.808394e+00 
-8.573992e+00 -2.708013e+00 
-8.589506e+00 -2.607636e+00 
-8.604246e+00 -2.507264e+00 
-8.618225e+00 -2.406897e+00 
-8.631455e+00 -2.306534e+00 
-8.643947e+00 -2.206176e+00 
-8.655714e+00 -2.105822e+00 
-8.666766e+00 -2.005473e+00 
-8.677117e+00 -1.905130e+00 
-8.686777e+00 -1.804791e+00 
-8.695758e+00 -1.704457e+00 
-8.704072e+00 -1.604128e+00 
-8.711729e+00 -1.503805e+00 
-8.718766e+00 -1.403498e+00 
-8.725184e+00 -1.303192e+00 
-8.730946e+00 -1.202866e+00 
-8.736021e+00 -1.102525e+00 
-8.740502e+00 -1.002231e+00 
-8.744319e+00 -9.019003e-01 
-8.747490e+00 -8.015793e-01 
-8.750013e+00 -7.012562e-01 
-8.751901e+00 -6.009406e-01 
-8.753161e+00 -5.006274e-01 
-8.753791e+00 -4.003137e-01 
-8.753791e+00 -2.999993e-01 
-8.753158e+00 -1.996842e-01 
-8.653160e+00 -2.003158e-01 
