-2.997618e+00 6.924962e+00 
-3.248195e+00 6.932922e+00 
-3.497753e+00 6.938928e+00 
-3.747055e+00 6.946396e+00 
-3.997496e+00 6.956235e+00 
-4.247260e+00 6.964580e+00 
-4.496705e+00 6.973698e+00 
-4.746792e+00 6.984697e+00 
-4.996086e+00 6.995365e+00 
-5.246860e+00 7.008466e+00 
-5.495609e+00 7.018880e+00 
-5.744502e+00 7.033468e+00 
-5.995227e+00 7.051894e+00 
-6.244139e+00 7.067759e+00 
-6.493155e+00 7.087272e+00 
-6.742592e+00 7.110132e+00 
-6.991495e+00 7.134829e+00 
-7.239675e+00 7.163132e+00 
-7.487999e+00 7.197627e+00 
-7.737975e+00 7.238150e+00 
-7.987252e+00 7.278637e+00 
-8.233749e+00 7.321068e+00 
-8.480706e+00 7.375815e+00 
-8.727647e+00 7.441483e+00 
-8.974076e+00 7.518328e+00 
-9.219040e+00 7.608354e+00 
-9.468309e+00 7.721320e+00 
-9.718118e+00 7.837784e+00 
-9.968691e+00 7.955457e+00 
-1.022166e+01 8.071595e+00 
-1.047458e+01 8.174756e+00 
-1.072551e+01 8.265137e+00 
-1.097677e+01 8.351933e+00 
-1.122729e+01 8.433548e+00 
-1.147810e+01 8.513232e+00 
-1.172664e+01 8.589109e+00 
-1.197079e+01 8.668856e+00 
-1.221440e+01 8.771492e+00 
-1.245773e+01 8.902269e+00 
-1.270057e+01 9.067298e+00 
-1.294258e+01 9.278182e+00 
-1.314603e+01 9.518957e+00 
-1.329421e+01 9.761163e+00 
-1.340687e+01 1.000679e+01 
-1.350109e+01 1.025202e+01 
-1.357669e+01 1.049667e+01 
-1.363288e+01 1.074114e+01 
-1.367001e+01 1.098541e+01 
-1.368810e+01 1.122997e+01 
-1.368832e+01 1.147621e+01 
-1.367619e+01 1.172236e+01 
-1.365112e+01 1.196967e+01 
-1.361703e+01 1.221695e+01 
-1.357363e+01 1.246412e+01 
-1.352039e+01 1.271120e+01 
-1.345674e+01 1.295822e+01 
-1.338212e+01 1.320521e+01 
-1.329595e+01 1.345218e+01 
-1.319766e+01 1.369917e+01 
-1.308666e+01 1.394620e+01 
-1.296219e+01 1.419353e+01 
-1.282457e+01 1.444149e+01 
-1.267660e+01 1.468943e+01 
-1.251755e+01 1.493736e+01 
-1.234664e+01 1.518529e+01 
-1.216300e+01 1.543322e+01 
-1.196567e+01 1.568117e+01 
-1.175356e+01 1.592915e+01 
-1.152545e+01 1.617716e+01 
-1.127992e+01 1.642518e+01 
-1.103171e+01 1.665759e+01 
-1.078348e+01 1.687546e+01 
-1.053522e+01 1.708008e+01 
-1.028694e+01 1.727261e+01 
-1.003861e+01 1.745405e+01 
-9.790245e+00 1.762529e+01 
-9.541835e+00 1.778711e+01 
-9.293380e+00 1.794022e+01 
-9.044879e+00 1.808524e+01 
-8.796331e+00 1.822273e+01 
-8.547737e+00 1.835318e+01 
-8.298990e+00 1.847711e+01 
-8.050176e+00 1.859534e+01 
-7.801353e+00 1.870831e+01 
-7.552523e+00 1.881616e+01 
-7.303683e+00 1.891905e+01 
-7.054834e+00 1.901711e+01 
-6.805975e+00 1.911048e+01 
-6.557107e+00 1.919928e+01 
-6.308228e+00 1.928363e+01 
-6.059339e+00 1.936364e+01 
-5.810440e+00 1.943940e+01 
-5.561531e+00 1.951103e+01 
-5.312614e+00 1.957860e+01 
-5.063688e+00 1.964220e+01 
-4.814754e+00 1.970190e+01 
-4.565787e+00 1.975778e+01 
-4.316645e+00 1.981003e+01 
-4.067492e+00 1.985924e+01 
-3.818400e+00 1.990548e+01 
-3.569257e+00 1.994855e+01 
-3.320021e+00 1.998868e+01 
-3.070781e+00 2.002618e+01 
-2.821604e+00 2.006106e+01 
-2.572477e+00 2.009313e+01 
-2.323341e+00 2.012223e+01 
-2.074194e+00 2.014841e+01 
-1.825038e+00 2.017172e+01 
-1.575873e+00 2.019218e+01 
-1.326700e+00 2.020985e+01 
-1.077519e+00 2.022476e+01 
-8.283309e-01 2.023693e+01 
-5.791361e-01 2.024640e+01 
-5.832187e-01 2.039635e+01 
-8.340238e-01 2.038683e+01 
-1.084836e+00 2.037458e+01 
-1.335655e+00 2.035959e+01 
-1.586481e+00 2.034181e+01 
-1.837316e+00 2.032121e+01 
-2.088160e+00 2.029776e+01 
-2.339014e+00 2.027141e+01 
-2.589877e+00 2.024212e+01 
-2.840751e+00 2.020983e+01 
-3.091574e+00 2.017473e+01 
-3.342334e+00 2.013701e+01 
-3.593098e+00 2.009665e+01 
-3.843954e+00 2.005328e+01 
-4.094863e+00 2.000672e+01 
-4.345710e+00 1.995718e+01 
-4.596568e+00 1.990459e+01 
-4.847601e+00 1.984826e+01 
-5.098667e+00 1.978806e+01 
-5.349741e+00 1.972393e+01 
-5.600823e+00 1.965579e+01 
-5.851915e+00 1.958355e+01 
-6.103016e+00 1.950714e+01 
-6.354127e+00 1.942643e+01 
-6.605248e+00 1.934135e+01 
-6.856379e+00 1.925176e+01 
-7.107520e+00 1.915756e+01 
-7.358672e+00 1.905861e+01 
-7.609832e+00 1.895478e+01 
-7.861002e+00 1.884594e+01 
-8.112179e+00 1.873193e+01 
-8.363365e+00 1.861259e+01 
-8.614618e+00 1.848745e+01 
-8.866024e+00 1.835556e+01 
-9.117476e+00 1.821651e+01 
-9.368975e+00 1.806978e+01 
-9.620520e+00 1.791482e+01 
-9.872110e+00 1.775098e+01 
-1.012374e+01 1.757755e+01 
-1.037542e+01 1.739374e+01 
-1.062713e+01 1.719863e+01 
-1.087887e+01 1.699121e+01 
-1.113064e+01 1.677034e+01 
-1.138243e+01 1.653469e+01 
-1.163203e+01 1.628271e+01 
-1.186395e+01 1.603071e+01 
-1.207965e+01 1.577869e+01 
-1.228036e+01 1.552664e+01 
-1.246716e+01 1.527458e+01 
-1.264103e+01 1.502251e+01 
-1.280284e+01 1.477044e+01 
-1.295337e+01 1.451838e+01 
-1.309333e+01 1.426634e+01 
-1.322063e+01 1.401366e+01 
-1.333447e+01 1.376069e+01 
-1.343531e+01 1.350768e+01 
-1.352373e+01 1.325466e+01 
-1.360032e+01 1.300164e+01 
-1.366564e+01 1.274866e+01 
-1.372026e+01 1.249575e+01 
-1.376476e+01 1.224292e+01 
-1.379971e+01 1.199019e+01 
-1.382542e+01 1.173751e+01 
-1.383813e+01 1.148365e+01 
-1.383810e+01 1.122990e+01 
-1.381961e+01 1.097446e+01 
-1.378120e+01 1.071873e+01 
-1.372290e+01 1.046319e+01 
-1.364444e+01 1.020785e+01 
-1.354693e+01 9.953080e+00 
-1.343059e+01 9.698703e+00 
-1.327412e+01 9.440909e+00 
-1.305742e+01 9.181684e+00 
-1.279943e+01 8.954478e+00 
-1.254227e+01 8.778362e+00 
-1.228560e+01 8.639470e+00 
-1.202921e+01 8.530698e+00 
-1.177336e+01 8.446569e+00 
-1.152190e+01 8.369771e+00 
-1.127271e+01 8.290590e+00 
-1.102323e+01 8.209311e+00 
-1.077449e+01 8.123360e+00 
-1.052542e+01 8.033633e+00 
-1.027834e+01 7.932717e+00 
-1.003131e+01 7.819153e+00 
-9.781882e+00 7.702011e+00 
-9.531691e+00 7.585369e+00 
-9.280960e+00 7.471730e+00 
-9.025924e+00 7.377574e+00 
-8.772353e+00 7.298300e+00 
-8.519294e+00 7.230863e+00 
-8.266251e+00 7.174631e+00 
-8.012748e+00 7.130819e+00 
-7.762025e+00 7.090091e+00 
-7.512001e+00 7.049560e+00 
-7.260325e+00 7.014561e+00 
-7.008505e+00 6.985796e+00 
-6.757408e+00 6.960865e+00 
-6.506845e+00 6.937898e+00 
-6.255861e+00 6.918217e+00 
-6.004773e+00 6.902198e+00 
-5.755498e+00 6.883871e+00 
-5.504391e+00 6.869137e+00 
-5.253140e+00 6.858597e+00 
-5.003914e+00 6.845570e+00 
-4.753208e+00 6.834834e+00 
-4.503295e+00 6.823843e+00 
-4.252740e+00 6.814680e+00 
-4.002504e+00 6.806319e+00 
-3.752945e+00 6.796512e+00 
-3.502247e+00 6.788995e+00 
-3.251805e+00 6.782966e+00 
-3.002382e+00 6.775038e+00 
-2.997618e+00 6.924962e+00 
