-1.714492e+01 -4.986847e-01 
-1.714229e+01 -5.984202e-01 
-1.713914e+01 -6.981743e-01 
-1.713549e+01 -7.979355e-01 
-1.713137e+01 -8.976971e-01 
-1.712677e+01 -9.974585e-01 
-1.712170e+01 -1.097200e+00 
-1.711611e+01 -1.196919e+00 
-1.710995e+01 -1.296637e+00 
-1.710323e+01 -1.396354e+00 
-1.709594e+01 -1.496071e+00 
-1.708808e+01 -1.595787e+00 
-1.707965e+01 -1.695503e+00 
-1.707065e+01 -1.795219e+00 
-1.706107e+01 -1.894934e+00 
-1.705091e+01 -1.994648e+00 
-1.704018e+01 -2.094363e+00 
-1.702887e+01 -2.194076e+00 
-1.701697e+01 -2.293790e+00 
-1.700449e+01 -2.393503e+00 
-1.699142e+01 -2.493215e+00 
-1.697777e+01 -2.592928e+00 
-1.696352e+01 -2.692640e+00 
-1.694868e+01 -2.792351e+00 
-1.693325e+01 -2.892062e+00 
-1.691721e+01 -2.991773e+00 
-1.690058e+01 -3.091483e+00 
-1.688335e+01 -3.191193e+00 
-1.686551e+01 -3.290903e+00 
-1.684706e+01 -3.390612e+00 
-1.682800e+01 -3.490321e+00 
-1.680833e+01 -3.590030e+00 
-1.678804e+01 -3.689738e+00 
-1.676713e+01 -3.789446e+00 
-1.674560e+01 -3.889153e+00 
-1.672345e+01 -3.988857e+00 
-1.670065e+01 -4.088560e+00 
-1.667722e+01 -4.188264e+00 
-1.665315e+01 -4.287967e+00 
-1.662843e+01 -4.387671e+00 
-1.660306e+01 -4.487375e+00 
-1.657704e+01 -4.587077e+00 
-1.655037e+01 -4.686779e+00 
-1.652303e+01 -4.786483e+00 
-1.649504e+01 -4.886186e+00 
-1.646638e+01 -4.985889e+00 
-1.643705e+01 -5.085592e+00 
-1.640705e+01 -5.185295e+00 
-1.637637e+01 -5.284997e+00 
-1.634502e+01 -5.384674e+00 
-1.631293e+01 -5.484330e+00 
-1.628004e+01 -5.583986e+00 
-1.624635e+01 -5.683642e+00 
-1.621185e+01 -5.783300e+00 
-1.617653e+01 -5.882970e+00 
-1.614042e+01 -5.982666e+00 
-1.610357e+01 -6.082362e+00 
-1.606599e+01 -6.182057e+00 
-1.602766e+01 -6.281750e+00 
-1.598858e+01 -6.381442e+00 
-1.594873e+01 -6.481133e+00 
-1.590811e+01 -6.580822e+00 
-1.586671e+01 -6.680511e+00 
-1.582452e+01 -6.780198e+00 
-1.578153e+01 -6.879884e+00 
-1.573772e+01 -6.979569e+00 
-1.569309e+01 -7.079254e+00 
-1.564764e+01 -7.178937e+00 
-1.560134e+01 -7.278620e+00 
-1.555418e+01 -7.378302e+00 
-1.550617e+01 -7.477983e+00 
-1.545728e+01 -7.577664e+00 
-1.540751e+01 -7.677344e+00 
-1.535685e+01 -7.777025e+00 
-1.530528e+01 -7.876704e+00 
-1.525280e+01 -7.976384e+00 
-1.519938e+01 -8.076064e+00 
-1.514503e+01 -8.175743e+00 
-1.508973e+01 -8.275423e+00 
-1.503347e+01 -8.375103e+00 
-1.497623e+01 -8.474783e+00 
-1.491802e+01 -8.574463e+00 
-1.485880e+01 -8.674144e+00 
-1.479859e+01 -8.773805e+00 
-1.473731e+01 -8.873447e+00 
-1.467486e+01 -8.973093e+00 
-1.461124e+01 -9.072742e+00 
-1.454644e+01 -9.172395e+00 
-1.448045e+01 -9.272051e+00 
-1.441327e+01 -9.371711e+00 
-1.434489e+01 -9.471374e+00 
-1.427529e+01 -9.571040e+00 
-1.420448e+01 -9.670710e+00 
-1.413244e+01 -9.770383e+00 
-1.405916e+01 -9.870059e+00 
-1.398465e+01 -9.969717e+00 
-1.390883e+01 -1.006933e+01 
-1.383147e+01 -1.016894e+01 
-1.375252e+01 -1.026855e+01 
-1.367192e+01 -1.036815e+01 
-1.358962e+01 -1.046775e+01 
-1.350556e+01 -1.056735e+01 
-1.341968e+01 -1.066695e+01 
-1.333194e+01 -1.076654e+01 
-1.324225e+01 -1.086613e+01 
-1.315055e+01 -1.096572e+01 
-1.305678e+01 -1.106531e+01 
-1.296084e+01 -1.116490e+01 
-1.286267e+01 -1.126448e+01 
-1.276309e+01 -1.136314e+01 
-1.266351e+01 -1.145950e+01 
-1.256394e+01 -1.155363e+01 
-1.246436e+01 -1.164559e+01 
-1.236479e+01 -1.173544e+01 
-1.226521e+01 -1.182325e+01 
-1.216564e+01 -1.190908e+01 
-1.206607e+01 -1.199298e+01 
-1.196649e+01 -1.207500e+01 
-1.186692e+01 -1.215520e+01 
-1.176735e+01 -1.223363e+01 
-1.166774e+01 -1.231036e+01 
-1.156814e+01 -1.238553e+01 
-1.146857e+01 -1.245912e+01 
-1.136902e+01 -1.253106e+01 
-1.126958e+01 -1.260126e+01 
-1.117017e+01 -1.266942e+01 
-1.107074e+01 -1.273556e+01 
-1.097132e+01 -1.279973e+01 
-1.087189e+01 -1.286200e+01 
-1.077245e+01 -1.292243e+01 
-1.067300e+01 -1.298111e+01 
-1.057354e+01 -1.303810e+01 
-1.047407e+01 -1.309348e+01 
-1.037458e+01 -1.314731e+01 
-1.027509e+01 -1.319966e+01 
-1.017559e+01 -1.325056e+01 
-1.007609e+01 -1.330006e+01 
-9.976580e+00 -1.334819e+01 
-9.877068e+00 -1.339499e+01 
-9.777552e+00 -1.344049e+01 
-9.678030e+00 -1.348472e+01 
-9.578504e+00 -1.352771e+01 
-9.478972e+00 -1.356950e+01 
-9.379434e+00 -1.361011e+01 
-9.279891e+00 -1.364957e+01 
-9.180342e+00 -1.368790e+01 
-9.080787e+00 -1.372514e+01 
-8.981227e+00 -1.376130e+01 
-8.881662e+00 -1.379642e+01 
-8.782177e+00 -1.383048e+01 
-8.682801e+00 -1.386331e+01 
-8.583424e+00 -1.389470e+01 
-8.484055e+00 -1.392466e+01 
-8.384816e+00 -1.395317e+01 
-8.285604e+00 -1.397998e+01 
-8.186399e+00 -1.400507e+01 
-8.087199e+00 -1.402843e+01 
-7.988006e+00 -1.405008e+01 
-7.888818e+00 -1.407002e+01 
-7.789634e+00 -1.408826e+01 
-7.690454e+00 -1.410480e+01 
-7.591278e+00 -1.411966e+01 
-7.492104e+00 -1.413283e+01 
-7.392931e+00 -1.414433e+01 
-7.293760e+00 -1.415415e+01 
-7.194590e+00 -1.416231e+01 
-7.095420e+00 -1.416881e+01 
-6.996249e+00 -1.417366e+01 
-6.897076e+00 -1.417686e+01 
-6.797900e+00 -1.417842e+01 
-6.698722e+00 -1.417834e+01 
-6.599540e+00 -1.417663e+01 
-6.500354e+00 -1.417330e+01 
-6.401163e+00 -1.416835e+01 
-6.301966e+00 -1.416178e+01 
-6.202763e+00 -1.415361e+01 
-6.103547e+00 -1.414383e+01 
-6.004308e+00 -1.413247e+01 
-5.905045e+00 -1.411956e+01 
-5.805750e+00 -1.410515e+01 
-5.706418e+00 -1.408927e+01 
-5.607081e+00 -1.407201e+01 
-5.508264e+00 -1.405348e+01 
-5.409859e+00 -1.403257e+01 
-5.311491e+00 -1.400828e+01 
-5.213100e+00 -1.398042e+01 
-5.114685e+00 -1.394895e+01 
-5.016242e+00 -1.391380e+01 
-4.917774e+00 -1.387489e+01 
-4.819276e+00 -1.383215e+01 
-4.720746e+00 -1.378547e+01 
-4.622182e+00 -1.373475e+01 
-4.523582e+00 -1.367988e+01 
-4.424943e+00 -1.362072e+01 
-4.326279e+00 -1.355717e+01 
-4.228273e+00 -1.348953e+01 
-4.130186e+00 -1.341443e+01 
-4.031950e+00 -1.333125e+01 
-3.933555e+00 -1.323960e+01 
-3.837153e+00 -1.314139e+01 
-3.750027e+00 -1.304348e+01 
-3.671902e+00 -1.294536e+01 
-3.600928e+00 -1.284705e+01 
-3.535838e+00 -1.274859e+01 
-3.475746e+00 -1.265003e+01 
-3.420023e+00 -1.255137e+01 
-3.368158e+00 -1.245261e+01 
-3.319670e+00 -1.235370e+01 
-3.274100e+00 -1.225475e+01 
-3.231239e+00 -1.215573e+01 
-3.190786e+00 -1.205656e+01 
-3.152365e+00 -1.195732e+01 
-3.115772e+00 -1.185802e+01 
-3.080826e+00 -1.175867e+01 
-3.047383e+00 -1.165927e+01 
-3.015320e+00 -1.155982e+01 
-2.984508e+00 -1.146030e+01 
-2.954743e+00 -1.136067e+01 
-2.925876e+00 -1.126124e+01 
-2.898267e+00 -1.116176e+01 
-2.871801e+00 -1.106224e+01 
-2.846382e+00 -1.096268e+01 
-2.821895e+00 -1.086302e+01 
-2.798157e+00 -1.076336e+01 
-2.775141e+00 -1.066369e+01 
-2.752822e+00 -1.056400e+01 
-2.731157e+00 -1.046424e+01 
-2.710012e+00 -1.036449e+01 
-2.689408e+00 -1.026475e+01 
-2.669352e+00 -1.016498e+01 
-2.649780e+00 -1.006521e+01 
-2.630668e+00 -9.965396e+00 
-2.611959e+00 -9.865599e+00 
-2.593679e+00 -9.765817e+00 
-2.575858e+00 -9.666050e+00 
-2.558527e+00 -9.566299e+00 
-2.541717e+00 -9.466562e+00 
-2.525457e+00 -9.366841e+00 
-2.509778e+00 -9.267146e+00 
-2.494716e+00 -9.167355e+00 
-2.480044e+00 -9.067292e+00 
-2.465275e+00 -8.967456e+00 
-2.450846e+00 -8.867622e+00 
-2.436756e+00 -8.767783e+00 
-2.422999e+00 -8.667947e+00 
-2.409578e+00 -8.568113e+00 
-2.396498e+00 -8.468285e+00 
-2.383770e+00 -8.368466e+00 
-2.371412e+00 -8.268641e+00 
-2.359411e+00 -8.168819e+00 
-2.347766e+00 -8.068920e+00 
-2.336310e+00 -7.968884e+00 
-2.324792e+00 -7.868945e+00 
-2.313408e+00 -7.769089e+00 
-2.302315e+00 -7.669217e+00 
-2.291483e+00 -7.569355e+00 
-2.280930e+00 -7.469486e+00 
-2.270642e+00 -7.369602e+00 
-2.260590e+00 -7.269720e+00 
-2.250777e+00 -7.169840e+00 
-2.241206e+00 -7.069932e+00 
-2.231812e+00 -6.969940e+00 
-2.222436e+00 -6.869955e+00 
-2.213092e+00 -6.769988e+00 
-2.203816e+00 -6.670060e+00 
-2.194691e+00 -6.570179e+00 
-2.185809e+00 -6.470309e+00 
-2.177192e+00 -6.370479e+00 
-2.168917e+00 -6.270632e+00 
-2.160942e+00 -6.170686e+00 
-2.153074e+00 -6.070701e+00 
-2.145238e+00 -5.970738e+00 
-2.137478e+00 -5.870800e+00 
-2.129844e+00 -5.770886e+00 
-2.122387e+00 -5.671001e+00 
-2.115164e+00 -5.571138e+00 
-2.108216e+00 -5.471284e+00 
-2.101560e+00 -5.371406e+00 
-2.095144e+00 -5.271455e+00 
-2.088823e+00 -5.171445e+00 
-2.082483e+00 -5.071439e+00 
-2.076130e+00 -4.971440e+00 
-2.069780e+00 -4.871447e+00 
-2.063446e+00 -4.771462e+00 
-2.057141e+00 -4.671483e+00 
-2.050879e+00 -4.571512e+00 
-2.044677e+00 -4.471564e+00 
-2.038581e+00 -4.371657e+00 
-2.032671e+00 -4.271707e+00 
-2.026861e+00 -4.171750e+00 
-2.021140e+00 -4.071841e+00 
-2.015600e+00 -3.971913e+00 
-2.010203e+00 -3.871965e+00 
-2.004911e+00 -3.772000e+00 
-1.999687e+00 -3.672015e+00 
-1.994493e+00 -3.572015e+00 
-1.989300e+00 -3.472026e+00 
-1.984132e+00 -3.372082e+00 
-1.979075e+00 -3.272148e+00 
-1.974152e+00 -3.172230e+00 
-1.969393e+00 -3.072335e+00 
-1.964845e+00 -2.972419e+00 
-1.960465e+00 -2.872475e+00 
-1.956194e+00 -2.772511e+00 
-1.951997e+00 -2.672543e+00 
-1.947864e+00 -2.572572e+00 
-1.943787e+00 -2.472560e+00 
-1.939687e+00 -2.372556e+00 
-1.935579e+00 -2.272559e+00 
-1.931477e+00 -2.172569e+00 
-1.927395e+00 -2.072587e+00 
-1.923350e+00 -1.972612e+00 
-1.919355e+00 -1.872644e+00 
-1.915424e+00 -1.772688e+00 
-1.911583e+00 -1.672759e+00 
-1.907885e+00 -1.572836e+00 
-1.904338e+00 -1.472873e+00 
-1.900864e+00 -1.372862e+00 
-1.897368e+00 -1.272840e+00 
-1.893832e+00 -1.172918e+00 
-1.890451e+00 -1.072982e+00 
-1.887198e+00 -9.730371e-01 
-1.884055e+00 -8.730785e-01 
-1.880994e+00 -7.731044e-01 
-1.877985e+00 -6.731246e-01 
-1.875016e+00 -5.731391e-01 
-1.872076e+00 -4.731477e-01 
-1.869153e+00 -3.731415e-01 
-1.866216e+00 -2.731080e-01 
-1.863213e+00 -1.730924e-01 
-1.860203e+00 -7.460859e-02 
-1.860180e+00 7.309244e-02 
-1.863214e+00 1.731080e-01 
-1.866217e+00 2.731415e-01 
-1.869153e+00 3.731477e-01 
-1.872076e+00 4.731391e-01 
-1.875016e+00 5.731246e-01 
-1.877984e+00 6.731044e-01 
-1.880993e+00 7.730785e-01 
-1.884054e+00 8.730371e-01 
-1.887197e+00 9.729823e-01 
-1.890449e+00 1.072918e+00 
-1.893829e+00 1.172840e+00 
-1.897368e+00 1.272862e+00 
-1.900865e+00 1.372873e+00 
-1.904336e+00 1.472836e+00 
-1.907882e+00 1.572759e+00 
-1.911580e+00 1.672688e+00 
-1.915422e+00 1.772644e+00 
-1.919353e+00 1.872612e+00 
-1.923349e+00 1.972587e+00 
-1.927395e+00 2.072569e+00 
-1.931476e+00 2.172559e+00 
-1.935579e+00 2.272556e+00 
-1.939687e+00 2.372560e+00 
-1.943788e+00 2.472572e+00 
-1.947863e+00 2.572543e+00 
-1.951995e+00 2.672511e+00 
-1.956193e+00 2.772475e+00 
-1.960462e+00 2.872419e+00 
-1.964841e+00 2.972335e+00 
-1.969388e+00 3.072230e+00 
-1.974148e+00 3.172148e+00 
-1.979072e+00 3.272082e+00 
-1.984129e+00 3.372026e+00 
-1.989299e+00 3.472015e+00 
-1.994493e+00 3.572015e+00 
-1.999686e+00 3.672000e+00 
-2.004910e+00 3.771965e+00 
-2.010201e+00 3.871913e+00 
-2.015596e+00 3.971841e+00 
-2.021135e+00 4.071750e+00 
-2.026859e+00 4.171707e+00 
-2.032668e+00 4.271657e+00 
-2.038575e+00 4.371564e+00 
-2.044674e+00 4.471512e+00 
-2.050878e+00 4.571483e+00 
-2.057139e+00 4.671462e+00 
-2.063445e+00 4.771447e+00 
-2.069780e+00 4.871440e+00 
-2.076130e+00 4.971439e+00 
-2.082483e+00 5.071445e+00 
-2.088824e+00 5.171455e+00 
-2.095140e+00 5.271406e+00 
-2.101552e+00 5.371284e+00 
-2.108207e+00 5.471138e+00 
-2.115154e+00 5.571001e+00 
-2.015415e+00 5.578216e+00 
-2.008448e+00 5.478079e+00 
-2.001773e+00 5.377934e+00 
-1.995346e+00 5.277812e+00 
-1.989023e+00 5.177762e+00 
-1.982683e+00 5.077772e+00 
-1.976332e+00 4.977778e+00 
-1.969981e+00 4.877778e+00 
-1.963645e+00 4.777770e+00 
-1.957338e+00 4.677755e+00 
-1.951073e+00 4.577734e+00 
-1.944866e+00 4.477705e+00 
-1.938761e+00 4.377654e+00 
-1.932842e+00 4.277560e+00 
-1.927027e+00 4.177510e+00 
-1.921298e+00 4.077467e+00 
-1.915749e+00 3.977376e+00 
-1.910346e+00 3.877304e+00 
-1.905050e+00 3.777252e+00 
-1.899822e+00 3.677218e+00 
-1.894627e+00 3.577202e+00 
-1.889434e+00 3.477202e+00 
-1.884262e+00 3.377191e+00 
-1.879200e+00 3.277135e+00 
-1.874269e+00 3.177069e+00 
-1.869502e+00 3.076988e+00 
-1.864945e+00 2.976882e+00 
-1.860558e+00 2.876798e+00 
-1.856284e+00 2.776743e+00 
-1.852083e+00 2.676706e+00 
-1.847948e+00 2.576674e+00 
-1.843870e+00 2.476645e+00 
-1.839771e+00 2.376657e+00 
-1.835663e+00 2.276661e+00 
-1.831560e+00 2.176658e+00 
-1.827478e+00 2.076648e+00 
-1.823431e+00 1.976630e+00 
-1.819433e+00 1.876605e+00 
-1.815499e+00 1.776573e+00 
-1.811654e+00 1.676529e+00 
-1.807950e+00 1.576458e+00 
-1.804399e+00 1.476382e+00 
-1.800925e+00 1.376344e+00 
-1.797429e+00 1.276356e+00 
-1.793891e+00 1.176377e+00 
-1.790506e+00 1.076299e+00 
-1.787250e+00 9.762349e-01 
-1.784103e+00 8.761801e-01 
-1.781040e+00 7.761387e-01 
-1.778030e+00 6.761128e-01 
-1.775060e+00 5.760926e-01 
-1.772119e+00 4.760781e-01 
-1.769196e+00 3.760695e-01 
-1.766260e+00 2.760757e-01 
-1.763259e+00 1.761092e-01 
-1.760226e+00 7.612475e-02 
-1.760203e+00 -7.460859e-02 
-1.763259e+00 -1.761248e-01 
-1.766261e+00 -2.761092e-01 
-1.769196e+00 -3.760757e-01 
-1.772119e+00 -4.760695e-01 
-1.775059e+00 -5.760781e-01 
-1.778029e+00 -6.760926e-01 
-1.781039e+00 -7.761128e-01 
-1.784102e+00 -8.761387e-01 
-1.787248e+00 -9.761801e-01 
-1.790504e+00 -1.076235e+00 
-1.793889e+00 -1.176299e+00 
-1.797430e+00 -1.276377e+00 
-1.800926e+00 -1.376356e+00 
-1.804398e+00 -1.476344e+00 
-1.807947e+00 -1.576382e+00 
-1.811651e+00 -1.676458e+00 
-1.815498e+00 -1.776529e+00 
-1.819432e+00 -1.876573e+00 
-1.823430e+00 -1.976605e+00 
-1.827477e+00 -2.076630e+00 
-1.831560e+00 -2.176648e+00 
-1.835663e+00 -2.276658e+00 
-1.839771e+00 -2.376661e+00 
-1.843871e+00 -2.476657e+00 
-1.847947e+00 -2.576645e+00 
-1.852082e+00 -2.676674e+00 
-1.856282e+00 -2.776706e+00 
-1.860556e+00 -2.876743e+00 
-1.864941e+00 -2.976798e+00 
-1.869497e+00 -3.076882e+00 
-1.874265e+00 -3.176988e+00 
-1.879196e+00 -3.277069e+00 
-1.884259e+00 -3.377135e+00 
-1.889433e+00 -3.477191e+00 
-1.894627e+00 -3.577202e+00 
-1.899822e+00 -3.677202e+00 
-1.905048e+00 -3.777218e+00 
-1.910343e+00 -3.877252e+00 
-1.915746e+00 -3.977304e+00 
-1.921293e+00 -4.077376e+00 
-1.927025e+00 -4.177467e+00 
-1.932839e+00 -4.277510e+00 
-1.938755e+00 -4.377560e+00 
-1.944862e+00 -4.477654e+00 
-1.951071e+00 -4.577705e+00 
-1.957336e+00 -4.677734e+00 
-1.963644e+00 -4.777755e+00 
-1.969980e+00 -4.877770e+00 
-1.976332e+00 -4.977778e+00 
-1.982684e+00 -5.077778e+00 
-1.989023e+00 -5.177772e+00 
-1.995343e+00 -5.277762e+00 
-2.001765e+00 -5.377812e+00 
-2.008438e+00 -5.477934e+00 
-2.015405e+00 -5.578079e+00 
-2.022648e+00 -5.678216e+00 
-2.030122e+00 -5.778331e+00 
-2.037769e+00 -5.878418e+00 
-2.045538e+00 -5.978479e+00 
-2.053380e+00 -6.078516e+00 
-2.061250e+00 -6.178531e+00 
-2.069234e+00 -6.278586e+00 
-2.077533e+00 -6.378738e+00 
-2.086179e+00 -6.478908e+00 
-2.095085e+00 -6.579038e+00 
-2.104231e+00 -6.679158e+00 
-2.113520e+00 -6.779230e+00 
-2.122870e+00 -6.879262e+00 
-2.132249e+00 -6.979277e+00 
-2.141644e+00 -7.079285e+00 
-2.151233e+00 -7.179377e+00 
-2.161069e+00 -7.279497e+00 
-2.171145e+00 -7.379615e+00 
-2.181456e+00 -7.479731e+00 
-2.192037e+00 -7.579863e+00 
-2.202898e+00 -7.680001e+00 
-2.214019e+00 -7.780128e+00 
-2.225435e+00 -7.880272e+00 
-2.236968e+00 -7.980333e+00 
-2.248415e+00 -8.080297e+00 
-2.260084e+00 -8.180398e+00 
-2.272127e+00 -8.280577e+00 
-2.284528e+00 -8.380752e+00 
-2.297301e+00 -8.480932e+00 
-2.310425e+00 -8.581104e+00 
-2.323891e+00 -8.681270e+00 
-2.337692e+00 -8.781434e+00 
-2.351827e+00 -8.881595e+00 
-2.366304e+00 -8.981761e+00 
-2.381121e+00 -9.081925e+00 
-2.395774e+00 -9.181862e+00 
-2.410898e+00 -9.282071e+00 
-2.426671e+00 -9.382376e+00 
-2.443020e+00 -9.482655e+00 
-2.459918e+00 -9.582918e+00 
-2.477334e+00 -9.683167e+00 
-2.495237e+00 -9.783400e+00 
-2.513596e+00 -9.883618e+00 
-2.532380e+00 -9.983822e+00 
-2.551564e+00 -1.008401e+01 
-2.571222e+00 -1.018423e+01 
-2.591369e+00 -1.028446e+01 
-2.612080e+00 -1.038472e+01 
-2.633331e+00 -1.048498e+01 
-2.655100e+00 -1.058522e+01 
-2.677557e+00 -1.068553e+01 
-2.700720e+00 -1.078586e+01 
-2.724616e+00 -1.088619e+01 
-2.749270e+00 -1.098654e+01 
-2.774908e+00 -1.108698e+01 
-2.801625e+00 -1.118746e+01 
-2.829517e+00 -1.128798e+01 
-2.858707e+00 -1.138855e+01 
-2.888693e+00 -1.148892e+01 
-2.919792e+00 -1.158939e+01 
-2.952207e+00 -1.168995e+01 
-2.986046e+00 -1.179055e+01 
-3.021436e+00 -1.189120e+01 
-3.058532e+00 -1.199189e+01 
-3.097529e+00 -1.209266e+01 
-3.138643e+00 -1.219349e+01 
-3.182324e+00 -1.229446e+01 
-3.228835e+00 -1.239552e+01 
-3.278362e+00 -1.249661e+01 
-3.331480e+00 -1.259785e+01 
-3.388664e+00 -1.269919e+01 
-3.450443e+00 -1.280063e+01 
-3.517494e+00 -1.290217e+01 
-3.590804e+00 -1.300386e+01 
-3.671767e+00 -1.310573e+01 
-3.762410e+00 -1.320783e+01 
-3.862160e+00 -1.330962e+01 
-3.963765e+00 -1.340440e+01 
-4.065530e+00 -1.349072e+01 
-4.167442e+00 -1.356890e+01 
-4.269436e+00 -1.363944e+01 
-4.370772e+00 -1.370478e+01 
-4.472133e+00 -1.376563e+01 
-4.573533e+00 -1.382212e+01 
-4.674969e+00 -1.387438e+01 
-4.776439e+00 -1.392251e+01 
-4.877941e+00 -1.396662e+01 
-4.979473e+00 -1.400679e+01 
-5.081030e+00 -1.404312e+01 
-5.182615e+00 -1.407566e+01 
-5.284224e+00 -1.410449e+01 
-5.385856e+00 -1.412965e+01 
-5.487451e+00 -1.415129e+01 
-5.588635e+00 -1.417030e+01 
-5.689297e+00 -1.418780e+01 
-5.789965e+00 -1.420389e+01 
-5.890671e+00 -1.421852e+01 
-5.991407e+00 -1.423164e+01 
-6.092168e+00 -1.424318e+01 
-6.192952e+00 -1.425313e+01 
-6.293749e+00 -1.426144e+01 
-6.394552e+00 -1.426813e+01 
-6.495361e+00 -1.427318e+01 
-6.596175e+00 -1.427658e+01 
-6.696993e+00 -1.427833e+01 
-6.797815e+00 -1.427842e+01 
-6.898640e+00 -1.427685e+01 
-6.999467e+00 -1.427361e+01 
-7.100295e+00 -1.426870e+01 
-7.201125e+00 -1.426210e+01 
-7.301955e+00 -1.425382e+01 
-7.402784e+00 -1.424384e+01 
-7.503612e+00 -1.423217e+01 
-7.604437e+00 -1.421879e+01 
-7.705261e+00 -1.420370e+01 
-7.806081e+00 -1.418690e+01 
-7.906897e+00 -1.416837e+01 
-8.007709e+00 -1.414812e+01 
-8.108516e+00 -1.412613e+01 
-8.209316e+00 -1.410240e+01 
-8.310111e+00 -1.407693e+01 
-8.410899e+00 -1.404971e+01 
-8.511660e+00 -1.402078e+01 
-8.612291e+00 -1.399044e+01 
-8.712914e+00 -1.395867e+01 
-8.813538e+00 -1.392544e+01 
-8.914053e+00 -1.389103e+01 
-9.014488e+00 -1.385561e+01 
-9.114928e+00 -1.381913e+01 
-9.215373e+00 -1.378156e+01 
-9.315824e+00 -1.374289e+01 
-9.416281e+00 -1.370307e+01 
-9.516744e+00 -1.366209e+01 
-9.617211e+00 -1.361992e+01 
-9.717685e+00 -1.357652e+01 
-9.818163e+00 -1.353187e+01 
-9.918647e+00 -1.348594e+01 
-1.001914e+01 -1.343868e+01 
-1.011963e+01 -1.339008e+01 
-1.022013e+01 -1.334009e+01 
-1.032063e+01 -1.328868e+01 
-1.042114e+01 -1.323580e+01 
-1.052165e+01 -1.318143e+01 
-1.062218e+01 -1.312547e+01 
-1.072271e+01 -1.306789e+01 
-1.082327e+01 -1.300856e+01 
-1.092382e+01 -1.294746e+01 
-1.102439e+01 -1.288449e+01 
-1.112497e+01 -1.281958e+01 
-1.122555e+01 -1.275268e+01 
-1.132613e+01 -1.268373e+01 
-1.142669e+01 -1.261276e+01 
-1.152714e+01 -1.254017e+01 
-1.162758e+01 -1.246595e+01 
-1.172798e+01 -1.239018e+01 
-1.182837e+01 -1.231285e+01 
-1.192879e+01 -1.223376e+01 
-1.202922e+01 -1.215288e+01 
-1.212965e+01 -1.207016e+01 
-1.223007e+01 -1.198555e+01 
-1.233050e+01 -1.189900e+01 
-1.243093e+01 -1.181044e+01 
-1.253135e+01 -1.171983e+01 
-1.263178e+01 -1.162709e+01 
-1.273220e+01 -1.153218e+01 
-1.283263e+01 -1.143501e+01 
-1.293305e+01 -1.133552e+01 
-1.303205e+01 -1.123510e+01 
-1.312879e+01 -1.113469e+01 
-1.322336e+01 -1.103428e+01 
-1.331581e+01 -1.093387e+01 
-1.340624e+01 -1.083346e+01 
-1.349471e+01 -1.073305e+01 
-1.358129e+01 -1.063265e+01 
-1.366604e+01 -1.053225e+01 
-1.374901e+01 -1.043185e+01 
-1.383026e+01 -1.033145e+01 
-1.390984e+01 -1.023106e+01 
-1.398781e+01 -1.013067e+01 
-1.406422e+01 -1.003028e+01 
-1.413924e+01 -9.929941e+00 
-1.421300e+01 -9.829617e+00 
-1.428552e+01 -9.729290e+00 
-1.435681e+01 -9.628960e+00 
-1.442688e+01 -9.528626e+00 
-1.449573e+01 -9.428289e+00 
-1.456337e+01 -9.327949e+00 
-1.462982e+01 -9.227605e+00 
-1.469507e+01 -9.127258e+00 
-1.475915e+01 -9.026907e+00 
-1.482204e+01 -8.926553e+00 
-1.488377e+01 -8.826195e+00 
-1.494439e+01 -8.725856e+00 
-1.500399e+01 -8.625537e+00 
-1.506259e+01 -8.525217e+00 
-1.512019e+01 -8.424897e+00 
-1.517682e+01 -8.324577e+00 
-1.523248e+01 -8.224257e+00 
-1.528718e+01 -8.123936e+00 
-1.534094e+01 -8.023616e+00 
-1.539376e+01 -7.923296e+00 
-1.544567e+01 -7.822975e+00 
-1.549666e+01 -7.722656e+00 
-1.554675e+01 -7.622336e+00 
-1.559595e+01 -7.522017e+00 
-1.564428e+01 -7.421698e+00 
-1.569173e+01 -7.321380e+00 
-1.573833e+01 -7.221063e+00 
-1.578408e+01 -7.120746e+00 
-1.582899e+01 -7.020431e+00 
-1.587308e+01 -6.920116e+00 
-1.591634e+01 -6.819802e+00 
-1.595880e+01 -6.719489e+00 
-1.600046e+01 -6.619178e+00 
-1.604134e+01 -6.518867e+00 
-1.608143e+01 -6.418558e+00 
-1.612076e+01 -6.318250e+00 
-1.615933e+01 -6.217943e+00 
-1.619714e+01 -6.117638e+00 
-1.623421e+01 -6.017334e+00 
-1.627055e+01 -5.917030e+00 
-1.630611e+01 -5.816700e+00 
-1.634085e+01 -5.716358e+00 
-1.637477e+01 -5.616014e+00 
-1.640789e+01 -5.515670e+00 
-1.644021e+01 -5.415326e+00 
-1.647176e+01 -5.315003e+00 
-1.650263e+01 -5.214705e+00 
-1.653281e+01 -5.114408e+00 
-1.656231e+01 -5.014111e+00 
-1.659115e+01 -4.913814e+00 
-1.661931e+01 -4.813517e+00 
-1.664681e+01 -4.713221e+00 
-1.667364e+01 -4.612923e+00 
-1.669982e+01 -4.512625e+00 
-1.672534e+01 -4.412329e+00 
-1.675021e+01 -4.312033e+00 
-1.677443e+01 -4.211736e+00 
-1.679800e+01 -4.111440e+00 
-1.682093e+01 -4.011143e+00 
-1.684322e+01 -3.910847e+00 
-1.686488e+01 -3.810554e+00 
-1.688591e+01 -3.710262e+00 
-1.690632e+01 -3.609970e+00 
-1.692611e+01 -3.509679e+00 
-1.694528e+01 -3.409388e+00 
-1.696384e+01 -3.309097e+00 
-1.698178e+01 -3.208807e+00 
-1.699912e+01 -3.108517e+00 
-1.701585e+01 -3.008227e+00 
-1.703198e+01 -2.907938e+00 
-1.704750e+01 -2.807649e+00 
-1.706243e+01 -2.707360e+00 
-1.707676e+01 -2.607072e+00 
-1.709050e+01 -2.506785e+00 
-1.710364e+01 -2.406497e+00 
-1.711620e+01 -2.306210e+00 
-1.712816e+01 -2.205924e+00 
-1.713954e+01 -2.105637e+00 
-1.715034e+01 -2.005352e+00 
-1.716055e+01 -1.905066e+00 
-1.717019e+01 -1.804781e+00 
-1.717925e+01 -1.704497e+00 
-1.718773e+01 -1.604213e+00 
-1.719563e+01 -1.503929e+00 
-1.720296e+01 -1.403646e+00 
-1.720973e+01 -1.303363e+00 
-1.721592e+01 -1.203081e+00 
-1.722154e+01 -1.102800e+00 
-1.722664e+01 -1.002541e+00 
-1.723127e+01 -9.023029e-01 
-1.723541e+01 -8.020645e-01 
-1.723907e+01 -7.018257e-01 
-1.724224e+01 -6.015798e-01 
-1.724488e+01 -5.013153e-01 
-1.714492e+01 -4.986847e-01 
