-3.333654e+00 1.459546e+00 
-3.338531e+00 1.559498e+00 
-3.343503e+00 1.659432e+00 
-3.348607e+00 1.759348e+00 
-3.353883e+00 1.859359e+00 
-3.359137e+00 1.959353e+00 
-3.364400e+00 2.059309e+00 
-3.369753e+00 2.159262e+00 
-3.375199e+00 2.259209e+00 
-3.380752e+00 2.359150e+00 
-3.386423e+00 2.459085e+00 
-3.392224e+00 2.559013e+00 
-3.398168e+00 2.658935e+00 
-3.404268e+00 2.758823e+00 
-3.410591e+00 2.858681e+00 
-3.417199e+00 2.958539e+00 
-3.424094e+00 3.058416e+00 
-3.431241e+00 3.158366e+00 
-3.438494e+00 3.258377e+00 
-3.445719e+00 3.358312e+00 
-3.453075e+00 3.458236e+00 
-3.460583e+00 3.558159e+00 
-3.468234e+00 3.657911e+00 
-3.476383e+00 3.757656e+00 
-3.485061e+00 3.857556e+00 
-3.493944e+00 3.957509e+00 
-3.502922e+00 4.057451e+00 
-3.512016e+00 4.157379e+00 
-3.521254e+00 4.257288e+00 
-3.530673e+00 4.357176e+00 
-3.540317e+00 4.457040e+00 
-3.550235e+00 4.556879e+00 
-3.560476e+00 4.656699e+00 
-3.571082e+00 4.756504e+00 
-3.582081e+00 4.856282e+00 
-3.593541e+00 4.956145e+00 
-3.605286e+00 5.056058e+00 
-3.617206e+00 5.155950e+00 
-3.629344e+00 5.255822e+00 
-3.641740e+00 5.355671e+00 
-3.654445e+00 5.455513e+00 
-3.667473e+00 5.555355e+00 
-3.680825e+00 5.655198e+00 
-3.694499e+00 5.755043e+00 
-3.708493e+00 5.854889e+00 
-3.722800e+00 5.954717e+00 
-3.737437e+00 6.054387e+00 
-3.752751e+00 6.154029e+00 
-3.768804e+00 6.253668e+00 
-3.785602e+00 6.353291e+00 
-3.803190e+00 6.452933e+00 
-3.821531e+00 6.552603e+00 
-3.840559e+00 6.652246e+00 
-3.860324e+00 6.751815e+00 
-3.880991e+00 6.851342e+00 
-3.902653e+00 6.950811e+00 
-3.925429e+00 7.050192e+00 
-3.949519e+00 7.149491e+00 
-3.975117e+00 7.248726e+00 
-4.002403e+00 7.347984e+00 
-4.031329e+00 7.447196e+00 
-4.062005e+00 7.546316e+00 
-4.094662e+00 7.645326e+00 
-4.129599e+00 7.744249e+00 
-4.167065e+00 7.843064e+00 
-4.207367e+00 7.941718e+00 
-4.251044e+00 8.040296e+00 
-4.298275e+00 8.138509e+00 
-4.350414e+00 8.236661e+00 
-4.407691e+00 8.334335e+00 
-4.472113e+00 8.431611e+00 
-4.545859e+00 8.528352e+00 
-4.633163e+00 8.624783e+00 
-4.728905e+00 8.711171e+00 
-4.824009e+00 8.779833e+00 
-4.918585e+00 8.832714e+00 
-5.012820e+00 8.871428e+00 
-5.106945e+00 8.897283e+00 
-5.201200e+00 8.911319e+00 
-5.295779e+00 8.914350e+00 
-5.390979e+00 8.906995e+00 
-5.486539e+00 8.890171e+00 
-5.582969e+00 8.863891e+00 
-5.680329e+00 8.829280e+00 
-5.778413e+00 8.787974e+00 
-5.876569e+00 8.741698e+00 
-5.974777e+00 8.690349e+00 
-6.073045e+00 8.633735e+00 
-6.171363e+00 8.571658e+00 
-6.269730e+00 8.503855e+00 
-6.368144e+00 8.430006e+00 
-6.466530e+00 8.349789e+00 
-6.564713e+00 8.262571e+00 
-6.663253e+00 8.165828e+00 
-6.756048e+00 8.066732e+00 
-6.844613e+00 7.967377e+00 
-6.930188e+00 7.867993e+00 
-7.013006e+00 7.768608e+00 
-7.093183e+00 7.669221e+00 
-7.170829e+00 7.569829e+00 
-7.246051e+00 7.470432e+00 
-7.318952e+00 7.371030e+00 
-7.389577e+00 7.271692e+00 
-7.457794e+00 7.172386e+00 
-7.523595e+00 7.073073e+00 
-7.587084e+00 6.973752e+00 
-7.648355e+00 6.874423e+00 
-7.707495e+00 6.775091e+00 
-7.764577e+00 6.675753e+00 
-7.819669e+00 6.576412e+00 
-7.872830e+00 6.477067e+00 
-7.924115e+00 6.377720e+00 
-7.973578e+00 6.278358e+00 
-8.021340e+00 6.178890e+00 
-8.067694e+00 6.079370e+00 
-8.112795e+00 5.979806e+00 
-8.156774e+00 5.880198e+00 
-8.199737e+00 5.780590e+00 
-8.241699e+00 5.680980e+00 
-8.282673e+00 5.581369e+00 
-8.322672e+00 5.481757e+00 
-8.361710e+00 5.382143e+00 
-8.399800e+00 5.282527e+00 
-8.436960e+00 5.182900e+00 
-8.473221e+00 5.083272e+00 
-8.508594e+00 4.983638e+00 
-8.543100e+00 4.884007e+00 
-8.576734e+00 4.784385e+00 
-8.609483e+00 4.684771e+00 
-8.641336e+00 4.585164e+00 
-8.672284e+00 4.485565e+00 
-8.702317e+00 4.385973e+00 
-8.731426e+00 4.286386e+00 
-8.759606e+00 4.186806e+00 
-8.786851e+00 4.087230e+00 
-8.813155e+00 3.987660e+00 
-8.838516e+00 3.888093e+00 
-8.862938e+00 3.788497e+00 
-8.886487e+00 3.688885e+00 
-8.909201e+00 3.589270e+00 
-8.931090e+00 3.489652e+00 
-8.952166e+00 3.390030e+00 
-8.972439e+00 3.290405e+00 
-8.991921e+00 3.190777e+00 
-9.010623e+00 3.091144e+00 
-9.028554e+00 2.991508e+00 
-9.045727e+00 2.891869e+00 
-9.062152e+00 2.792225e+00 
-9.077840e+00 2.692577e+00 
-9.092802e+00 2.592925e+00 
-9.107048e+00 2.493269e+00 
-9.120589e+00 2.393608e+00 
-9.133435e+00 2.293944e+00 
-9.145599e+00 2.194274e+00 
-9.157090e+00 2.094599e+00 
-9.167921e+00 1.994922e+00 
-9.178098e+00 1.895241e+00 
-9.187630e+00 1.795556e+00 
-9.196525e+00 1.695867e+00 
-9.204796e+00 1.596176e+00 
-9.212443e+00 1.496486e+00 
-9.219469e+00 1.396794e+00 
-9.225874e+00 1.297103e+00 
-9.231662e+00 1.197410e+00 
-9.236832e+00 1.097736e+00 
-9.241350e+00 9.980860e-01 
-9.341277e+00 1.001914e+00 
-9.336730e+00 1.102264e+00 
-9.331528e+00 1.202590e+00 
-9.325706e+00 1.302897e+00 
-9.319263e+00 1.403206e+00 
-9.312196e+00 1.503514e+00 
-9.304503e+00 1.603824e+00 
-9.296183e+00 1.704133e+00 
-9.287234e+00 1.804444e+00 
-9.277644e+00 1.904759e+00 
-9.267404e+00 2.005078e+00 
-9.256505e+00 2.105401e+00 
-9.244941e+00 2.205726e+00 
-9.232699e+00 2.306056e+00 
-9.219768e+00 2.406392e+00 
-9.206137e+00 2.506731e+00 
-9.191795e+00 2.607075e+00 
-9.176732e+00 2.707423e+00 
-9.160936e+00 2.807775e+00 
-9.144396e+00 2.908131e+00 
-9.127102e+00 3.008492e+00 
-9.109042e+00 3.108856e+00 
-9.090205e+00 3.209223e+00 
-9.070581e+00 3.309595e+00 
-9.050158e+00 3.409970e+00 
-9.028925e+00 3.510348e+00 
-9.006872e+00 3.610730e+00 
-8.983985e+00 3.711115e+00 
-8.960256e+00 3.811503e+00 
-8.935639e+00 3.911907e+00 
-8.910061e+00 4.012340e+00 
-8.883534e+00 4.112770e+00 
-8.856061e+00 4.213194e+00 
-8.827648e+00 4.313614e+00 
-8.798301e+00 4.414027e+00 
-8.768026e+00 4.514435e+00 
-8.736833e+00 4.614836e+00 
-8.704732e+00 4.715229e+00 
-8.671732e+00 4.815615e+00 
-8.637846e+00 4.915993e+00 
-8.603088e+00 5.016362e+00 
-8.567459e+00 5.116728e+00 
-8.530930e+00 5.217100e+00 
-8.493495e+00 5.317473e+00 
-8.455115e+00 5.417857e+00 
-8.415779e+00 5.518243e+00 
-8.375472e+00 5.618631e+00 
-8.334181e+00 5.719020e+00 
-8.291894e+00 5.819410e+00 
-8.248597e+00 5.919802e+00 
-8.204276e+00 6.020194e+00 
-8.158785e+00 6.120630e+00 
-8.111990e+00 6.221110e+00 
-8.063725e+00 6.321642e+00 
-8.013638e+00 6.422280e+00 
-7.961691e+00 6.522933e+00 
-7.907842e+00 6.623588e+00 
-7.852031e+00 6.724247e+00 
-7.794203e+00 6.824909e+00 
-7.734281e+00 6.925577e+00 
-7.672196e+00 7.026248e+00 
-7.607854e+00 7.126927e+00 
-7.541160e+00 7.227614e+00 
-7.472006e+00 7.328308e+00 
-7.400456e+00 7.428970e+00 
-7.326692e+00 7.529568e+00 
-7.250571e+00 7.630171e+00 
-7.171990e+00 7.730779e+00 
-7.090840e+00 7.831392e+00 
-7.007014e+00 7.932007e+00 
-6.920395e+00 8.032623e+00 
-6.830700e+00 8.133268e+00 
-6.736254e+00 8.234172e+00 
-6.634793e+00 8.333907e+00 
-6.532977e+00 8.424520e+00 
-6.431363e+00 8.507487e+00 
-6.329777e+00 8.583820e+00 
-6.228143e+00 8.653974e+00 
-6.126462e+00 8.718272e+00 
-6.024729e+00 8.776979e+00 
-5.922937e+00 8.830298e+00 
-5.821093e+00 8.878409e+00 
-5.719178e+00 8.921425e+00 
-5.616538e+00 8.958088e+00 
-5.512968e+00 8.986616e+00 
-5.408528e+00 9.005443e+00 
-5.303727e+00 9.014034e+00 
-5.198307e+00 9.011277e+00 
-5.092562e+00 8.996243e+00 
-4.986687e+00 8.967953e+00 
-4.880921e+00 8.925350e+00 
-4.775497e+00 8.867278e+00 
-4.670602e+00 8.792417e+00 
-4.566344e+00 8.699182e+00 
-4.471860e+00 8.595613e+00 
-4.392675e+00 8.492354e+00 
-4.324370e+00 8.389630e+00 
-4.264186e+00 8.287304e+00 
-4.209981e+00 8.185456e+00 
-4.160940e+00 8.083669e+00 
-4.115948e+00 7.982247e+00 
-4.074499e+00 7.880901e+00 
-4.036100e+00 7.779716e+00 
-4.000374e+00 7.678639e+00 
-3.967041e+00 7.577649e+00 
-3.935801e+00 7.476769e+00 
-3.906402e+00 7.375981e+00 
-3.878695e+00 7.275239e+00 
-3.852690e+00 7.174474e+00 
-3.828249e+00 7.073773e+00 
-3.805181e+00 6.973154e+00 
-3.783282e+00 6.872623e+00 
-3.762413e+00 6.772150e+00 
-3.742473e+00 6.671719e+00 
-3.723306e+00 6.571362e+00 
-3.704842e+00 6.471032e+00 
-3.687125e+00 6.370674e+00 
-3.670196e+00 6.270297e+00 
-3.654024e+00 6.169936e+00 
-3.638598e+00 6.069578e+00 
-3.623862e+00 5.969248e+00 
-3.609505e+00 5.869076e+00 
-3.595467e+00 5.768923e+00 
-3.581750e+00 5.668767e+00 
-3.568356e+00 5.568610e+00 
-3.555285e+00 5.468452e+00 
-3.542540e+00 5.368294e+00 
-3.530105e+00 5.268143e+00 
-3.517936e+00 5.168015e+00 
-3.505990e+00 5.067907e+00 
-3.494224e+00 4.967820e+00 
-3.482733e+00 4.867683e+00 
-3.471684e+00 4.767461e+00 
-3.461036e+00 4.667266e+00 
-3.450757e+00 4.567086e+00 
-3.440807e+00 4.466925e+00 
-3.431137e+00 4.366789e+00 
-3.421696e+00 4.266677e+00 
-3.412441e+00 4.166586e+00 
-3.403334e+00 4.066514e+00 
-3.394345e+00 3.966456e+00 
-3.385453e+00 3.866409e+00 
-3.376758e+00 3.766309e+00 
-3.368566e+00 3.666054e+00 
-3.360876e+00 3.565807e+00 
-3.353356e+00 3.465729e+00 
-3.345989e+00 3.365653e+00 
-3.338755e+00 3.265588e+00 
-3.331503e+00 3.165599e+00 
-3.324348e+00 3.065549e+00 
-3.317436e+00 2.965426e+00 
-3.310809e+00 2.865284e+00 
-3.304468e+00 2.765142e+00 
-3.298354e+00 2.665030e+00 
-3.292401e+00 2.564952e+00 
-3.286591e+00 2.464880e+00 
-3.280913e+00 2.364815e+00 
-3.275353e+00 2.264756e+00 
-3.269901e+00 2.164703e+00 
-3.264543e+00 2.064656e+00 
-3.259275e+00 1.964612e+00 
-3.254021e+00 1.864606e+00 
-3.248746e+00 1.764617e+00 
-3.243633e+00 1.664533e+00 
-3.238654e+00 1.564467e+00 
-3.233773e+00 1.464419e+00 
-3.333654e+00 1.459546e+00 
