-2.000512e+00 2.824998e+00 
-2.200152e+00 2.823634e+00 
-2.400223e+00 2.823229e+00 
-2.601531e+00 2.822620e+00 
-2.802127e+00 2.818522e+00 
-3.003114e+00 2.812812e+00 
-3.204131e+00 2.804452e+00 
-3.403296e+00 2.793461e+00 
-3.603177e+00 2.784669e+00 
-3.804212e+00 2.776139e+00 
-4.004690e+00 2.764860e+00 
-4.205386e+00 2.752281e+00 
-4.407214e+00 2.737727e+00 
-4.605822e+00 2.718521e+00 
-4.806011e+00 2.702935e+00 
-5.007889e+00 2.686677e+00 
-5.208923e+00 2.665407e+00 
-5.408777e+00 2.641460e+00 
-5.609433e+00 2.617813e+00 
-5.810632e+00 2.592294e+00 
-6.011350e+00 2.563547e+00 
-6.212798e+00 2.532692e+00 
-6.412932e+00 2.498032e+00 
-6.614472e+00 2.462736e+00 
-6.816347e+00 2.423010e+00 
-7.017159e+00 2.378159e+00 
-7.216689e+00 2.331263e+00 
-7.418465e+00 2.285185e+00 
-7.619622e+00 2.234077e+00 
-7.817823e+00 2.180327e+00 
-8.017244e+00 2.131537e+00 
-8.217987e+00 2.084108e+00 
-8.419114e+00 2.034414e+00 
-8.619034e+00 1.981723e+00 
-8.818352e+00 1.929424e+00 
-9.017596e+00 1.879137e+00 
-9.218499e+00 1.830644e+00 
-9.418537e+00 1.779732e+00 
-9.618481e+00 1.728732e+00 
-9.818164e+00 1.677962e+00 
-1.001813e+01 1.628049e+00 
-1.021831e+01 1.578192e+00 
-1.041866e+01 1.527753e+00 
-1.061935e+01 1.476202e+00 
-1.082260e+01 1.421855e+00 
-1.102618e+01 1.357421e+00 
-1.122513e+01 1.283315e+00 
-1.142975e+01 1.210360e+00 
-1.163567e+01 1.121055e+00 
-1.184366e+01 1.007922e+00 
-1.205235e+01 8.574482e-01 
-1.226154e+01 6.516795e-01 
-1.240763e+01 4.398487e-01 
-1.250177e+01 2.315433e-01 
-1.256760e+01 2.290472e-02 
-1.260688e+01 -1.841057e-01 
-1.262615e+01 -3.881534e-01 
-1.263433e+01 -5.922011e-01 
-1.263147e+01 -7.964559e-01 
-1.261685e+01 -1.001766e+00 
-1.258734e+01 -1.207492e+00 
-1.254203e+01 -1.410716e+00 
-1.248731e+01 -1.613508e+00 
-1.242404e+01 -1.816357e+00 
-1.235173e+01 -2.019218e+00 
-1.226995e+01 -2.222075e+00 
-1.217824e+01 -2.424914e+00 
-1.207609e+01 -2.627722e+00 
-1.196295e+01 -2.830489e+00 
-1.183825e+01 -3.033116e+00 
-1.170223e+01 -3.234855e+00 
-1.155774e+01 -3.436631e+00 
-1.140402e+01 -3.638454e+00 
-1.124017e+01 -3.840321e+00 
-1.106510e+01 -4.042230e+00 
-1.087751e+01 -4.244180e+00 
-1.067592e+01 -4.446078e+00 
-1.047412e+01 -4.633983e+00 
-1.027257e+01 -4.809860e+00 
-1.007111e+01 -4.976303e+00 
-9.869773e+00 -5.134336e+00 
-9.668427e+00 -5.285193e+00 
-9.467074e+00 -5.429173e+00 
-9.265719e+00 -5.566564e+00 
-9.064364e+00 -5.697639e+00 
-8.863011e+00 -5.822655e+00 
-8.661663e+00 -5.941859e+00 
-8.460403e+00 -6.055438e+00 
-8.259188e+00 -6.163957e+00 
-8.057957e+00 -6.267774e+00 
-7.856709e+00 -6.366956e+00 
-7.655446e+00 -6.461568e+00 
-7.454379e+00 -6.551582e+00 
-7.253398e+00 -6.637837e+00 
-7.052425e+00 -6.720733e+00 
-6.851460e+00 -6.800352e+00 
-6.650503e+00 -6.876775e+00 
-6.449554e+00 -6.950078e+00 
-6.248616e+00 -7.020337e+00 
-6.047686e+00 -7.087622e+00 
-5.846766e+00 -7.152002e+00 
-5.645856e+00 -7.213544e+00 
-5.444950e+00 -7.272310e+00 
-5.244045e+00 -7.328348e+00 
-5.043146e+00 -7.381685e+00 
-4.842251e+00 -7.432367e+00 
-4.641359e+00 -7.480429e+00 
-4.440471e+00 -7.525904e+00 
-4.239600e+00 -7.568823e+00 
-4.038862e+00 -7.609231e+00 
-3.838129e+00 -7.647548e+00 
-3.637397e+00 -7.683799e+00 
-3.436667e+00 -7.718001e+00 
-3.235940e+00 -7.750170e+00 
-3.035214e+00 -7.780321e+00 
-2.834490e+00 -7.808467e+00 
-2.633768e+00 -7.834622e+00 
-2.433048e+00 -7.858799e+00 
-2.232330e+00 -7.881009e+00 
-2.031614e+00 -7.901266e+00 
-1.830899e+00 -7.919578e+00 
-1.630186e+00 -7.935957e+00 
-1.429475e+00 -7.950411e+00 
-1.228766e+00 -7.962950e+00 
-1.028058e+00 -7.973580e+00 
-8.273451e-01 -7.982311e+00 
-6.266075e-01 -7.989128e+00 
-6.229885e-01 -7.839172e+00 
-8.222509e-01 -7.832397e+00 
-1.021538e+00 -7.823722e+00 
-1.220830e+00 -7.813160e+00 
-1.420121e+00 -7.800703e+00 
-1.619410e+00 -7.786345e+00 
-1.818697e+00 -7.770076e+00 
-2.017982e+00 -7.751887e+00 
-2.217266e+00 -7.731768e+00 
-2.416548e+00 -7.709709e+00 
-2.615828e+00 -7.685698e+00 
-2.815106e+00 -7.659724e+00 
-3.014382e+00 -7.631774e+00 
-3.213656e+00 -7.601835e+00 
-3.412929e+00 -7.569892e+00 
-3.612199e+00 -7.535931e+00 
-3.811468e+00 -7.499936e+00 
-4.010734e+00 -7.461891e+00 
-4.209996e+00 -7.421773e+00 
-4.409125e+00 -7.379216e+00 
-4.608237e+00 -7.334132e+00 
-4.807345e+00 -7.286485e+00 
-5.006450e+00 -7.236243e+00 
-5.205551e+00 -7.183371e+00 
-5.404646e+00 -7.127826e+00 
-5.603740e+00 -7.069577e+00 
-5.802830e+00 -7.008581e+00 
-6.001910e+00 -6.944777e+00 
-6.200980e+00 -6.878101e+00 
-6.400042e+00 -6.808486e+00 
-6.599093e+00 -6.735860e+00 
-6.798136e+00 -6.660150e+00 
-6.997171e+00 -6.581281e+00 
-7.196198e+00 -6.499172e+00 
-7.395217e+00 -6.413742e+00 
-7.594150e+00 -6.324663e+00 
-7.792887e+00 -6.231211e+00 
-7.991639e+00 -6.133230e+00 
-8.190408e+00 -6.030656e+00 
-8.389193e+00 -5.923419e+00 
-8.587933e+00 -5.811230e+00 
-8.786585e+00 -5.693585e+00 
-8.985232e+00 -5.570209e+00 
-9.183877e+00 -5.440859e+00 
-9.382522e+00 -5.305275e+00 
-9.581169e+00 -5.163184e+00 
-9.779823e+00 -5.014299e+00 
-9.978486e+00 -4.858316e+00 
-1.017702e+01 -4.694229e+00 
-1.037548e+01 -4.520975e+00 
-1.057368e+01 -4.336315e+00 
-1.077134e+01 -4.138213e+00 
-1.095518e+01 -3.940163e+00 
-1.112683e+01 -3.742072e+00 
-1.128755e+01 -3.543940e+00 
-1.143839e+01 -3.345762e+00 
-1.158027e+01 -3.147538e+00 
-1.171386e+01 -2.949278e+00 
-1.183518e+01 -2.751904e+00 
-1.194508e+01 -2.554671e+00 
-1.204425e+01 -2.357479e+00 
-1.213325e+01 -2.160318e+00 
-1.221259e+01 -1.963175e+00 
-1.228273e+01 -1.766036e+00 
-1.234410e+01 -1.568885e+00 
-1.239720e+01 -1.371677e+00 
-1.244092e+01 -1.174901e+00 
-1.246835e+01 -9.806277e-01 
-1.248184e+01 -7.859375e-01 
-1.248434e+01 -5.901922e-01 
-1.247628e+01 -3.942399e-01 
-1.245756e+01 -1.982876e-01 
-1.242027e+01 -5.298020e-03 
-1.235883e+01 1.860634e-01 
-1.227108e+01 3.777580e-01 
-1.213846e+01 5.659272e-01 
-1.194765e+01 7.500310e-01 
-1.175634e+01 8.859610e-01 
-1.156433e+01 9.891082e-01 
-1.137025e+01 1.072668e+00 
-1.117487e+01 1.141989e+00 
-1.097382e+01 1.216852e+00 
-1.077740e+01 1.278828e+00 
-1.058065e+01 1.331278e+00 
-1.038134e+01 1.382469e+00 
-1.018169e+01 1.432731e+00 
-9.981875e+00 1.482495e+00 
-9.781836e+00 1.532427e+00 
-9.581519e+00 1.583357e+00 
-9.381463e+00 1.634385e+00 
-9.181501e+00 1.685278e+00 
-8.982404e+00 1.733324e+00 
-8.781648e+00 1.783984e+00 
-8.580966e+00 1.836634e+00 
-8.380886e+00 1.889367e+00 
-8.182013e+00 1.938485e+00 
-7.982756e+00 1.985556e+00 
-7.782177e+00 2.034624e+00 
-7.580378e+00 2.089301e+00 
-7.381535e+00 2.139802e+00 
-7.183311e+00 2.185024e+00 
-6.982841e+00 2.232138e+00 
-6.783653e+00 2.276616e+00 
-6.585528e+00 2.315555e+00 
-6.387068e+00 2.350279e+00 
-6.187202e+00 2.384892e+00 
-5.988650e+00 2.415274e+00 
-5.789368e+00 2.443809e+00 
-5.590567e+00 2.469004e+00 
-5.391223e+00 2.492490e+00 
-5.191077e+00 2.516472e+00 
-4.992111e+00 2.537510e+00 
-4.793989e+00 2.553417e+00 
-4.594178e+00 2.568974e+00 
-4.392786e+00 2.588422e+00 
-4.194614e+00 2.602669e+00 
-3.995310e+00 2.615153e+00 
-3.795788e+00 2.626375e+00 
-3.596823e+00 2.634803e+00 
-3.396704e+00 2.643606e+00 
-3.195869e+00 2.654680e+00 
-2.996886e+00 2.662941e+00 
-2.797873e+00 2.668582e+00 
-2.598469e+00 2.672652e+00 
-2.399777e+00 2.673230e+00 
-2.199848e+00 2.673635e+00 
-1.999488e+00 2.675002e+00 
-2.000512e+00 2.824998e+00 
