-1.285110e+01 -3.993660e-01 
-1.284984e+01 -4.990650e-01 
-1.284797e+01 -5.987635e-01 
-1.284551e+01 -6.984520e-01 
-1.284242e+01 -7.981389e-01 
-1.283871e+01 -8.978247e-01 
-1.283437e+01 -9.975094e-01 
-1.282940e+01 -1.097192e+00 
-1.282379e+01 -1.196873e+00 
-1.281755e+01 -1.296557e+00 
-1.281067e+01 -1.396263e+00 
-1.280319e+01 -1.495979e+00 
-1.279515e+01 -1.595696e+00 
-1.278653e+01 -1.695413e+00 
-1.277735e+01 -1.795128e+00 
-1.276759e+01 -1.894843e+00 
-1.275725e+01 -1.994557e+00 
-1.274633e+01 -2.094270e+00 
-1.273483e+01 -2.193982e+00 
-1.272274e+01 -2.293694e+00 
-1.271006e+01 -2.393405e+00 
-1.269680e+01 -2.493115e+00 
-1.268293e+01 -2.592825e+00 
-1.266848e+01 -2.692533e+00 
-1.265342e+01 -2.792242e+00 
-1.263776e+01 -2.891949e+00 
-1.262149e+01 -2.991656e+00 
-1.260462e+01 -3.091363e+00 
-1.258714e+01 -3.191069e+00 
-1.256904e+01 -3.290775e+00 
-1.255032e+01 -3.390480e+00 
-1.253098e+01 -3.490185e+00 
-1.251102e+01 -3.589890e+00 
-1.249044e+01 -3.689594e+00 
-1.246922e+01 -3.789298e+00 
-1.244738e+01 -3.889002e+00 
-1.242490e+01 -3.988705e+00 
-1.240178e+01 -4.088409e+00 
-1.237802e+01 -4.188112e+00 
-1.235361e+01 -4.287816e+00 
-1.232856e+01 -4.387516e+00 
-1.230286e+01 -4.487196e+00 
-1.227646e+01 -4.586875e+00 
-1.224934e+01 -4.686554e+00 
-1.222151e+01 -4.786234e+00 
-1.219297e+01 -4.885914e+00 
-1.216370e+01 -4.985594e+00 
-1.213371e+01 -5.085275e+00 
-1.210299e+01 -5.184957e+00 
-1.207155e+01 -5.284639e+00 
-1.203937e+01 -5.384321e+00 
-1.200645e+01 -5.484005e+00 
-1.197279e+01 -5.583689e+00 
-1.193839e+01 -5.683374e+00 
-1.190325e+01 -5.783060e+00 
-1.186735e+01 -5.882747e+00 
-1.183070e+01 -5.982429e+00 
-1.179330e+01 -6.082089e+00 
-1.175507e+01 -6.181720e+00 
-1.171594e+01 -6.281335e+00 
-1.167586e+01 -6.380948e+00 
-1.163481e+01 -6.480561e+00 
-1.159278e+01 -6.580172e+00 
-1.154975e+01 -6.679783e+00 
-1.150572e+01 -6.779393e+00 
-1.146066e+01 -6.879003e+00 
-1.141457e+01 -6.978613e+00 
-1.136744e+01 -7.078223e+00 
-1.131925e+01 -7.177833e+00 
-1.126998e+01 -7.277444e+00 
-1.121963e+01 -7.377055e+00 
-1.116818e+01 -7.476667e+00 
-1.111563e+01 -7.576279e+00 
-1.106194e+01 -7.675893e+00 
-1.100712e+01 -7.775507e+00 
-1.095117e+01 -7.875104e+00 
-1.089398e+01 -7.974697e+00 
-1.083556e+01 -8.074274e+00 
-1.077581e+01 -8.173854e+00 
-1.071472e+01 -8.273436e+00 
-1.065228e+01 -8.373021e+00 
-1.058846e+01 -8.472609e+00 
-1.052325e+01 -8.572200e+00 
-1.045663e+01 -8.671793e+00 
-1.038858e+01 -8.771390e+00 
-1.031909e+01 -8.870990e+00 
-1.024814e+01 -8.970593e+00 
-1.017571e+01 -9.070199e+00 
-1.010179e+01 -9.169787e+00 
-1.002634e+01 -9.269286e+00 
-9.948907e+00 -9.368760e+00 
-9.869312e+00 -9.468235e+00 
-9.787483e+00 -9.567710e+00 
-9.703347e+00 -9.667186e+00 
-9.616827e+00 -9.766663e+00 
-9.527839e+00 -9.866142e+00 
-9.436297e+00 -9.965622e+00 
-9.342107e+00 -1.006510e+01 
-9.245170e+00 -1.016459e+01 
-9.145691e+00 -1.026377e+01 
-9.046209e+00 -1.036009e+01 
-8.946724e+00 -1.045370e+01 
-8.847235e+00 -1.054471e+01 
-8.747744e+00 -1.063323e+01 
-8.648262e+00 -1.071936e+01 
-8.548782e+00 -1.080315e+01 
-8.449300e+00 -1.088467e+01 
-8.349826e+00 -1.096398e+01 
-8.250445e+00 -1.104107e+01 
-8.151174e+00 -1.111563e+01 
-8.051961e+00 -1.118738e+01 
-7.952750e+00 -1.125625e+01 
-7.853557e+00 -1.132234e+01 
-7.754384e+00 -1.138570e+01 
-7.655230e+00 -1.144635e+01 
-7.556096e+00 -1.150433e+01 
-7.456981e+00 -1.155968e+01 
-7.357885e+00 -1.161243e+01 
-7.258808e+00 -1.166261e+01 
-7.159750e+00 -1.171024e+01 
-7.060709e+00 -1.175535e+01 
-6.961682e+00 -1.179797e+01 
-6.862671e+00 -1.183813e+01 
-6.763672e+00 -1.187586e+01 
-6.664649e+00 -1.191119e+01 
-6.565645e+00 -1.194422e+01 
-6.466627e+00 -1.197498e+01 
-6.367648e+00 -1.200351e+01 
-6.268672e+00 -1.202978e+01 
-6.169712e+00 -1.205382e+01 
-6.070760e+00 -1.207564e+01 
-5.971844e+00 -1.209523e+01 
-5.873195e+00 -1.211253e+01 
-5.775075e+00 -1.212700e+01 
-5.677262e+00 -1.213766e+01 
-5.579935e+00 -1.214399e+01 
-5.482697e+00 -1.214511e+01 
-5.385275e+00 -1.214084e+01 
-5.287899e+00 -1.213151e+01 
-5.190612e+00 -1.211697e+01 
-5.093375e+00 -1.209691e+01 
-4.996057e+00 -1.207099e+01 
-4.898667e+00 -1.203912e+01 
-4.801298e+00 -1.200116e+01 
-4.703889e+00 -1.195662e+01 
-4.606071e+00 -1.190484e+01 
-4.508413e+00 -1.184672e+01 
-4.410845e+00 -1.178108e+01 
-4.313609e+00 -1.170687e+01 
-4.216295e+00 -1.162093e+01 
-4.121468e+00 -1.152374e+01 
-4.039833e+00 -1.142624e+01 
-3.967978e+00 -1.132837e+01 
-3.903620e+00 -1.123041e+01 
-3.845652e+00 -1.113218e+01 
-3.792796e+00 -1.103367e+01 
-3.744027e+00 -1.093497e+01 
-3.698672e+00 -1.083610e+01 
-3.656219e+00 -1.073715e+01 
-3.616410e+00 -1.063820e+01 
-3.579136e+00 -1.053914e+01 
-3.544056e+00 -1.043993e+01 
-3.510793e+00 -1.034065e+01 
-3.479205e+00 -1.024137e+01 
-3.449231e+00 -1.014204e+01 
-3.420732e+00 -1.004256e+01 
-3.393400e+00 -9.943069e+00 
-3.367177e+00 -9.843555e+00 
-3.342016e+00 -9.744022e+00 
-3.317873e+00 -9.644497e+00 
-3.294762e+00 -9.544997e+00 
-3.272714e+00 -9.445451e+00 
-3.251621e+00 -9.345838e+00 
-3.231342e+00 -9.246184e+00 
-3.211787e+00 -9.146494e+00 
-3.192879e+00 -9.046771e+00 
-3.174546e+00 -8.947013e+00 
-3.156716e+00 -8.847229e+00 
-3.139337e+00 -8.747444e+00 
-3.122413e+00 -8.647703e+00 
-3.106017e+00 -8.547896e+00 
-3.090016e+00 -8.448059e+00 
-3.074364e+00 -8.348298e+00 
-3.059209e+00 -8.248543e+00 
-3.044555e+00 -8.148771e+00 
-3.030367e+00 -8.048980e+00 
-3.016609e+00 -7.949184e+00 
-3.003270e+00 -7.849384e+00 
-2.990337e+00 -7.749554e+00 
-2.977747e+00 -7.649692e+00 
-2.965435e+00 -7.549789e+00 
-2.953313e+00 -7.449832e+00 
-2.941282e+00 -7.349901e+00 
-2.929393e+00 -7.249981e+00 
-2.917670e+00 -7.150073e+00 
-2.906138e+00 -7.050197e+00 
-2.894863e+00 -6.950360e+00 
-2.883922e+00 -6.850559e+00 
-2.873384e+00 -6.750746e+00 
-2.863224e+00 -6.650899e+00 
-2.853374e+00 -6.551064e+00 
-2.843859e+00 -6.451237e+00 
-2.834686e+00 -6.351329e+00 
-2.825698e+00 -6.251393e+00 
-2.816841e+00 -6.151470e+00 
-2.808135e+00 -6.051498e+00 
-2.799487e+00 -5.951545e+00 
-2.790934e+00 -5.851592e+00 
-2.782476e+00 -5.751650e+00 
-2.774137e+00 -5.651730e+00 
-2.765962e+00 -5.551840e+00 
-2.758010e+00 -5.451955e+00 
-2.750288e+00 -5.352051e+00 
-2.742759e+00 -5.252136e+00 
-2.735400e+00 -5.152216e+00 
-2.728200e+00 -5.052248e+00 
-2.721060e+00 -4.952239e+00 
-2.713905e+00 -4.852271e+00 
-2.706816e+00 -4.752328e+00 
-2.699843e+00 -4.652384e+00 
-2.692983e+00 -4.552439e+00 
-2.686235e+00 -4.452507e+00 
-2.679624e+00 -4.352599e+00 
-2.673198e+00 -4.252704e+00 
-2.666984e+00 -4.152822e+00 
-2.661008e+00 -4.052931e+00 
-2.655243e+00 -3.952921e+00 
-2.649455e+00 -3.852864e+00 
-2.643559e+00 -3.752920e+00 
-2.637778e+00 -3.652995e+00 
-2.632145e+00 -3.553039e+00 
-2.626600e+00 -3.453068e+00 
-2.621113e+00 -3.353099e+00 
-2.615688e+00 -3.253135e+00 
-2.610336e+00 -3.153184e+00 
-2.605082e+00 -3.053234e+00 
-2.599929e+00 -2.953289e+00 
-2.594888e+00 -2.853368e+00 
-2.590005e+00 -2.753445e+00 
-2.585277e+00 -2.653524e+00 
-2.580709e+00 -2.553613e+00 
-2.576317e+00 -2.453681e+00 
-2.572060e+00 -2.353697e+00 
-2.567834e+00 -2.253688e+00 
-2.563589e+00 -2.153670e+00 
-2.559309e+00 -2.053644e+00 
-2.554976e+00 -1.953637e+00 
-2.550631e+00 -1.853661e+00 
-2.546334e+00 -1.753681e+00 
-2.542076e+00 -1.653684e+00 
-2.537823e+00 -1.553656e+00 
-2.533512e+00 -1.453609e+00 
-2.529112e+00 -1.353673e+00 
-2.524846e+00 -1.253875e+00 
-2.520983e+00 -1.154052e+00 
-2.517472e+00 -1.054172e+00 
-2.514201e+00 -9.542648e-01 
-2.511116e+00 -8.543486e-01 
-2.508198e+00 -7.544252e-01 
-2.505432e+00 -6.544806e-01 
-2.502776e+00 -5.545008e-01 
-2.500161e+00 -4.545022e-01 
-2.497547e+00 -3.544733e-01 
-2.494875e+00 -2.544197e-01 
-2.492096e+00 -1.543811e-01 
-2.489261e+00 -5.580818e-02 
-2.489240e+00 5.438109e-02 
-2.492097e+00 1.544197e-01 
-2.494876e+00 2.544733e-01 
-2.497548e+00 3.545022e-01 
-2.500161e+00 4.545008e-01 
-2.502776e+00 5.544806e-01 
-2.505431e+00 6.544252e-01 
-2.508195e+00 7.543486e-01 
-2.511113e+00 8.542648e-01 
-2.514198e+00 9.541724e-01 
-2.517468e+00 1.054052e+00 
-2.520976e+00 1.153875e+00 
-2.524837e+00 1.253673e+00 
-2.529109e+00 1.353609e+00 
-2.533514e+00 1.453656e+00 
-2.537824e+00 1.553684e+00 
-2.542076e+00 1.653681e+00 
-2.546333e+00 1.753661e+00 
-2.550630e+00 1.853637e+00 
-2.554976e+00 1.953644e+00 
-2.559310e+00 2.053670e+00 
-2.563590e+00 2.153688e+00 
-2.567834e+00 2.253697e+00 
-2.572060e+00 2.353681e+00 
-2.576314e+00 2.453613e+00 
-2.580705e+00 2.553524e+00 
-2.585273e+00 2.653445e+00 
-2.590002e+00 2.753368e+00 
-2.594884e+00 2.853289e+00 
-2.495011e+00 2.858328e+00 
-2.490121e+00 2.758249e+00 
-2.485385e+00 2.658171e+00 
-2.480809e+00 2.558092e+00 
-2.476411e+00 2.458003e+00 
-2.472150e+00 2.357935e+00 
-2.467923e+00 2.257919e+00 
-2.463680e+00 2.157928e+00 
-2.459401e+00 2.057946e+00 
-2.455070e+00 1.957972e+00 
-2.450725e+00 1.857979e+00 
-2.446425e+00 1.757955e+00 
-2.442166e+00 1.657935e+00 
-2.437914e+00 1.557932e+00 
-2.433607e+00 1.457960e+00 
-2.429206e+00 1.358008e+00 
-2.424929e+00 1.257944e+00 
-2.421051e+00 1.157741e+00 
-2.417529e+00 1.057565e+00 
-2.414252e+00 9.574440e-01 
-2.411161e+00 8.573515e-01 
-2.408238e+00 7.572677e-01 
-2.405469e+00 6.571911e-01 
-2.402811e+00 5.571358e-01 
-2.400195e+00 4.571156e-01 
-2.397582e+00 3.571142e-01 
-2.394912e+00 2.571431e-01 
-2.392135e+00 1.571967e-01 
-2.389281e+00 5.723527e-02 
-2.389261e+00 -5.580818e-02 
-2.392136e+00 -1.572353e-01 
-2.394913e+00 -2.571967e-01 
-2.397583e+00 -3.571431e-01 
-2.400195e+00 -4.571142e-01 
-2.402811e+00 -5.571156e-01 
-2.405467e+00 -6.571358e-01 
-2.408236e+00 -7.571911e-01 
-2.411158e+00 -8.572677e-01 
-2.414249e+00 -9.573515e-01 
-2.417525e+00 -1.057444e+00 
-2.421044e+00 -1.157565e+00 
-2.424920e+00 -1.257741e+00 
-2.429203e+00 -1.357944e+00 
-2.433609e+00 -1.458008e+00 
-2.437915e+00 -1.557960e+00 
-2.442166e+00 -1.657932e+00 
-2.446424e+00 -1.757935e+00 
-2.450724e+00 -1.857955e+00 
-2.455070e+00 -1.957979e+00 
-2.459403e+00 -2.057972e+00 
-2.463681e+00 -2.157946e+00 
-2.467924e+00 -2.257928e+00 
-2.472150e+00 -2.357919e+00 
-2.476408e+00 -2.457935e+00 
-2.480805e+00 -2.558003e+00 
-2.485382e+00 -2.658092e+00 
-2.490117e+00 -2.758171e+00 
-2.495007e+00 -2.858249e+00 
-2.500056e+00 -2.958328e+00 
-2.505215e+00 -3.058383e+00 
-2.510474e+00 -3.158433e+00 
-2.515831e+00 -3.258482e+00 
-2.521260e+00 -3.358518e+00 
-2.526750e+00 -3.458548e+00 
-2.532299e+00 -3.558578e+00 
-2.537936e+00 -3.658621e+00 
-2.543726e+00 -3.758696e+00 
-2.549629e+00 -3.858753e+00 
-2.555410e+00 -3.958695e+00 
-2.561174e+00 -4.058686e+00 
-2.567163e+00 -4.158794e+00 
-2.573391e+00 -4.258913e+00 
-2.579830e+00 -4.359018e+00 
-2.586453e+00 -4.459110e+00 
-2.593210e+00 -4.559177e+00 
-2.600078e+00 -4.659232e+00 
-2.607059e+00 -4.759288e+00 
-2.614156e+00 -4.859346e+00 
-2.621316e+00 -4.959378e+00 
-2.628454e+00 -5.059369e+00 
-2.635658e+00 -5.159400e+00 
-2.643029e+00 -5.259480e+00 
-2.650571e+00 -5.359566e+00 
-2.658308e+00 -5.459661e+00 
-2.666278e+00 -5.559776e+00 
-2.674470e+00 -5.659886e+00 
-2.682822e+00 -5.759967e+00 
-2.691290e+00 -5.860025e+00 
-2.699851e+00 -5.960071e+00 
-2.708507e+00 -6.060118e+00 
-2.717218e+00 -6.160146e+00 
-2.726089e+00 -6.260223e+00 
-2.735088e+00 -6.360287e+00 
-2.744277e+00 -6.460379e+00 
-2.753826e+00 -6.560553e+00 
-2.763707e+00 -6.660717e+00 
-2.773898e+00 -6.760870e+00 
-2.784475e+00 -6.861058e+00 
-2.795458e+00 -6.961257e+00 
-2.806770e+00 -7.061419e+00 
-2.818330e+00 -7.161543e+00 
-2.830075e+00 -7.261635e+00 
-2.841982e+00 -7.361716e+00 
-2.854030e+00 -7.461785e+00 
-2.866162e+00 -7.561828e+00 
-2.878498e+00 -7.661924e+00 
-2.891122e+00 -7.762062e+00 
-2.904099e+00 -7.862232e+00 
-2.917491e+00 -7.962432e+00 
-2.931304e+00 -8.062637e+00 
-2.945550e+00 -8.162846e+00 
-2.960270e+00 -8.263074e+00 
-2.975499e+00 -8.363318e+00 
-2.991224e+00 -8.463557e+00 
-3.007277e+00 -8.563721e+00 
-3.023736e+00 -8.663913e+00 
-3.040746e+00 -8.764172e+00 
-3.058198e+00 -8.864387e+00 
-3.076105e+00 -8.964603e+00 
-3.094526e+00 -9.064845e+00 
-3.113537e+00 -9.165122e+00 
-3.133211e+00 -9.265432e+00 
-3.153629e+00 -9.365778e+00 
-3.174883e+00 -9.466166e+00 
-3.197128e+00 -9.566619e+00 
-3.220465e+00 -9.667119e+00 
-3.244833e+00 -9.767594e+00 
-3.270227e+00 -9.868061e+00 
-3.296700e+00 -9.968548e+00 
-3.324304e+00 -1.006905e+01 
-3.353098e+00 -1.016958e+01 
-3.383467e+00 -1.027025e+01 
-3.415498e+00 -1.037096e+01 
-3.449235e+00 -1.047169e+01 
-3.484853e+00 -1.057247e+01 
-3.522814e+00 -1.067341e+01 
-3.563441e+00 -1.077446e+01 
-3.606769e+00 -1.087552e+01 
-3.653128e+00 -1.097665e+01 
-3.703135e+00 -1.107795e+01 
-3.757523e+00 -1.117944e+01 
-3.817478e+00 -1.128120e+01 
-3.884374e+00 -1.138324e+01 
-3.959195e+00 -1.148538e+01 
-4.044744e+00 -1.158788e+01 
-4.144646e+00 -1.169069e+01 
-4.247332e+00 -1.178176e+01 
-4.350096e+00 -1.186051e+01 
-4.452528e+00 -1.192965e+01 
-4.554870e+00 -1.199074e+01 
-4.657052e+00 -1.204498e+01 
-4.759643e+00 -1.209208e+01 
-4.862274e+00 -1.213226e+01 
-4.964884e+00 -1.216601e+01 
-5.067566e+00 -1.219352e+01 
-5.170329e+00 -1.221489e+01 
-5.273042e+00 -1.223040e+01 
-5.375666e+00 -1.224037e+01 
-5.478244e+00 -1.224501e+01 
-5.581006e+00 -1.224399e+01 
-5.683679e+00 -1.223746e+01 
-5.785866e+00 -1.222642e+01 
-5.887746e+00 -1.221147e+01 
-5.989097e+00 -1.219373e+01 
-6.090181e+00 -1.217373e+01 
-6.191229e+00 -1.215148e+01 
-6.292269e+00 -1.212696e+01 
-6.393293e+00 -1.210016e+01 
-6.494314e+00 -1.207107e+01 
-6.595296e+00 -1.203973e+01 
-6.696292e+00 -1.200605e+01 
-6.797269e+00 -1.197004e+01 
-6.898270e+00 -1.193158e+01 
-6.999259e+00 -1.189064e+01 
-7.100232e+00 -1.184721e+01 
-7.201191e+00 -1.180125e+01 
-7.302133e+00 -1.175274e+01 
-7.403056e+00 -1.170165e+01 
-7.503960e+00 -1.164796e+01 
-7.604845e+00 -1.159165e+01 
-7.705711e+00 -1.153267e+01 
-7.806558e+00 -1.147101e+01 
-7.907384e+00 -1.140662e+01 
-8.008191e+00 -1.133948e+01 
-8.108980e+00 -1.126953e+01 
-8.209767e+00 -1.119667e+01 
-8.310496e+00 -1.112103e+01 
-8.411115e+00 -1.104300e+01 
-8.511641e+00 -1.096286e+01 
-8.612159e+00 -1.088050e+01 
-8.712679e+00 -1.079585e+01 
-8.813197e+00 -1.070884e+01 
-8.913706e+00 -1.061942e+01 
-9.014218e+00 -1.052749e+01 
-9.114732e+00 -1.043292e+01 
-9.215250e+00 -1.033561e+01 
-9.315771e+00 -1.023541e+01 
-9.413727e+00 -1.013490e+01 
-9.508910e+00 -1.003438e+01 
-9.601422e+00 -9.933858e+00 
-9.691356e+00 -9.833337e+00 
-9.778799e+00 -9.732814e+00 
-9.863833e+00 -9.632290e+00 
-9.946538e+00 -9.531765e+00 
-1.002699e+01 -9.431240e+00 
-1.010525e+01 -9.330714e+00 
-1.018147e+01 -9.230213e+00 
-1.025601e+01 -9.129801e+00 
-1.032902e+01 -9.029407e+00 
-1.040054e+01 -8.929010e+00 
-1.047059e+01 -8.828610e+00 
-1.053920e+01 -8.728207e+00 
-1.060636e+01 -8.627800e+00 
-1.067212e+01 -8.527391e+00 
-1.073647e+01 -8.426979e+00 
-1.079944e+01 -8.326564e+00 
-1.086105e+01 -8.226146e+00 
-1.092131e+01 -8.125726e+00 
-1.098023e+01 -8.025303e+00 
-1.103789e+01 -7.924896e+00 
-1.109430e+01 -7.824493e+00 
-1.114955e+01 -7.724107e+00 
-1.120366e+01 -7.623721e+00 
-1.125663e+01 -7.523333e+00 
-1.130848e+01 -7.422945e+00 
-1.135923e+01 -7.322556e+00 
-1.140888e+01 -7.222167e+00 
-1.145746e+01 -7.121777e+00 
-1.150496e+01 -7.021387e+00 
-1.155142e+01 -6.920997e+00 
-1.159683e+01 -6.820607e+00 
-1.164121e+01 -6.720217e+00 
-1.168458e+01 -6.619828e+00 
-1.172694e+01 -6.519439e+00 
-1.176832e+01 -6.419052e+00 
-1.180872e+01 -6.318665e+00 
-1.184815e+01 -6.218280e+00 
-1.188666e+01 -6.117911e+00 
-1.192433e+01 -6.017571e+00 
-1.196121e+01 -5.917253e+00 
-1.199733e+01 -5.816940e+00 
-1.203270e+01 -5.716626e+00 
-1.206732e+01 -5.616311e+00 
-1.210120e+01 -5.515995e+00 
-1.213432e+01 -5.415679e+00 
-1.216671e+01 -5.315361e+00 
-1.219836e+01 -5.215043e+00 
-1.222928e+01 -5.114725e+00 
-1.225946e+01 -5.014406e+00 
-1.228892e+01 -4.914086e+00 
-1.231765e+01 -4.813766e+00 
-1.234566e+01 -4.713446e+00 
-1.237295e+01 -4.613125e+00 
-1.239953e+01 -4.512804e+00 
-1.242540e+01 -4.412484e+00 
-1.245060e+01 -4.312184e+00 
-1.247515e+01 -4.211888e+00 
-1.249905e+01 -4.111591e+00 
-1.252231e+01 -4.011295e+00 
-1.254493e+01 -3.910998e+00 
-1.256691e+01 -3.810702e+00 
-1.258825e+01 -3.710406e+00 
-1.260896e+01 -3.610110e+00 
-1.262904e+01 -3.509815e+00 
-1.264849e+01 -3.409520e+00 
-1.266732e+01 -3.309225e+00 
-1.268553e+01 -3.208931e+00 
-1.270312e+01 -3.108637e+00 
-1.272009e+01 -3.008344e+00 
-1.273645e+01 -2.908051e+00 
-1.275221e+01 -2.807758e+00 
-1.276736e+01 -2.707467e+00 
-1.278190e+01 -2.607175e+00 
-1.279584e+01 -2.506885e+00 
-1.280919e+01 -2.406595e+00 
-1.282194e+01 -2.306306e+00 
-1.283410e+01 -2.206018e+00 
-1.284567e+01 -2.105730e+00 
-1.285665e+01 -2.005443e+00 
-1.286705e+01 -1.905157e+00 
-1.287687e+01 -1.804872e+00 
-1.288611e+01 -1.704587e+00 
-1.289478e+01 -1.604304e+00 
-1.290287e+01 -1.504021e+00 
-1.291039e+01 -1.403737e+00 
-1.291731e+01 -1.303443e+00 
-1.292360e+01 -1.203127e+00 
-1.292924e+01 -1.102808e+00 
-1.293425e+01 -1.002491e+00 
-1.293862e+01 -9.021753e-01 
-1.294235e+01 -8.018611e-01 
-1.294546e+01 -7.015480e-01 
-1.294794e+01 -6.012365e-01 
-1.294982e+01 -5.009350e-01 
-1.295109e+01 -4.006340e-01 
-1.285110e+01 -3.993660e-01 
