-4.213918e+01 -5.985688e-01 
-4.213632e+01 -6.984171e-01 
-4.213316e+01 -7.982650e-01 
-4.212970e+01 -8.981126e-01 
-4.212592e+01 -9.979598e-01 
-4.212185e+01 -1.097807e+00 
-4.211746e+01 -1.197653e+00 
-4.211277e+01 -1.297499e+00 
-4.210777e+01 -1.397345e+00 
-4.210246e+01 -1.497191e+00 
-4.209684e+01 -1.597036e+00 
-4.209091e+01 -1.696880e+00 
-4.208467e+01 -1.796724e+00 
-4.207812e+01 -1.896568e+00 
-4.207125e+01 -1.996412e+00 
-4.206407e+01 -2.096255e+00 
-4.205657e+01 -2.196097e+00 
-4.204875e+01 -2.295939e+00 
-4.204062e+01 -2.395781e+00 
-4.203216e+01 -2.495622e+00 
-4.202339e+01 -2.595463e+00 
-4.201429e+01 -2.695304e+00 
-4.200487e+01 -2.795143e+00 
-4.199513e+01 -2.894983e+00 
-4.198506e+01 -2.994822e+00 
-4.197466e+01 -3.094660e+00 
-4.196394e+01 -3.194498e+00 
-4.195289e+01 -3.294336e+00 
-4.194150e+01 -3.394173e+00 
-4.192979e+01 -3.494009e+00 
-4.191774e+01 -3.593845e+00 
-4.190536e+01 -3.693681e+00 
-4.189264e+01 -3.793515e+00 
-4.187958e+01 -3.893350e+00 
-4.186618e+01 -3.993184e+00 
-4.185244e+01 -4.093025e+00 
-4.183838e+01 -4.192886e+00 
-4.182402e+01 -4.292751e+00 
-4.180939e+01 -4.392617e+00 
-4.179448e+01 -4.492482e+00 
-4.177929e+01 -4.592348e+00 
-4.176383e+01 -4.692214e+00 
-4.174808e+01 -4.792080e+00 
-4.173206e+01 -4.891945e+00 
-4.171576e+01 -4.991811e+00 
-4.169918e+01 -5.091677e+00 
-4.168232e+01 -5.191543e+00 
-4.166518e+01 -5.291409e+00 
-4.164777e+01 -5.391275e+00 
-4.163007e+01 -5.491141e+00 
-4.161209e+01 -5.591007e+00 
-4.159383e+01 -5.690873e+00 
-4.157529e+01 -5.790740e+00 
-4.155647e+01 -5.890606e+00 
-4.153737e+01 -5.990472e+00 
-4.151798e+01 -6.090338e+00 
-4.149831e+01 -6.190205e+00 
-4.147836e+01 -6.290071e+00 
-4.145813e+01 -6.389938e+00 
-4.143761e+01 -6.489804e+00 
-4.141681e+01 -6.589670e+00 
-4.139572e+01 -6.689537e+00 
-4.137435e+01 -6.789403e+00 
-4.135270e+01 -6.889270e+00 
-4.133075e+01 -6.989136e+00 
-4.130852e+01 -7.089003e+00 
-4.128601e+01 -7.188869e+00 
-4.126320e+01 -7.288736e+00 
-4.124011e+01 -7.388603e+00 
-4.121673e+01 -7.488469e+00 
-4.119307e+01 -7.588336e+00 
-4.116911e+01 -7.688202e+00 
-4.114486e+01 -7.788069e+00 
-4.112032e+01 -7.887936e+00 
-4.109549e+01 -7.987802e+00 
-4.107037e+01 -8.087669e+00 
-4.104495e+01 -8.187535e+00 
-4.101925e+01 -8.287399e+00 
-4.099324e+01 -8.387246e+00 
-4.096691e+01 -8.487077e+00 
-4.094020e+01 -8.586909e+00 
-4.091312e+01 -8.686740e+00 
-4.088566e+01 -8.786572e+00 
-4.085783e+01 -8.886404e+00 
-4.082962e+01 -8.986236e+00 
-4.080103e+01 -9.086068e+00 
-4.077207e+01 -9.185901e+00 
-4.074273e+01 -9.285734e+00 
-4.071301e+01 -9.385567e+00 
-4.068291e+01 -9.485401e+00 
-4.065243e+01 -9.585235e+00 
-4.062157e+01 -9.685069e+00 
-4.059034e+01 -9.784903e+00 
-4.055872e+01 -9.884738e+00 
-4.052672e+01 -9.984573e+00 
-4.049433e+01 -1.008441e+01 
-4.046157e+01 -1.018424e+01 
-4.042842e+01 -1.028408e+01 
-4.039489e+01 -1.038392e+01 
-4.036097e+01 -1.048375e+01 
-4.032666e+01 -1.058359e+01 
-4.029197e+01 -1.068343e+01 
-4.025690e+01 -1.078326e+01 
-4.022143e+01 -1.088310e+01 
-4.018558e+01 -1.098294e+01 
-4.014934e+01 -1.108278e+01 
-4.011271e+01 -1.118262e+01 
-4.007569e+01 -1.128245e+01 
-4.003827e+01 -1.138227e+01 
-4.000042e+01 -1.148210e+01 
-3.996215e+01 -1.158192e+01 
-3.992344e+01 -1.168175e+01 
-3.988430e+01 -1.178157e+01 
-3.984472e+01 -1.188140e+01 
-3.980471e+01 -1.198123e+01 
-3.976427e+01 -1.208105e+01 
-3.972339e+01 -1.218088e+01 
-3.968208e+01 -1.228071e+01 
-3.964034e+01 -1.238054e+01 
-3.959815e+01 -1.248037e+01 
-3.955554e+01 -1.258020e+01 
-3.951248e+01 -1.268003e+01 
-3.946899e+01 -1.277986e+01 
-3.942506e+01 -1.287969e+01 
-3.938069e+01 -1.297953e+01 
-3.933588e+01 -1.307936e+01 
-3.929063e+01 -1.317919e+01 
-3.924494e+01 -1.327903e+01 
-3.919881e+01 -1.337886e+01 
-3.915224e+01 -1.347870e+01 
-3.910522e+01 -1.357853e+01 
-3.905776e+01 -1.367837e+01 
-3.900986e+01 -1.377821e+01 
-3.896152e+01 -1.387805e+01 
-3.891273e+01 -1.397788e+01 
-3.886349e+01 -1.407772e+01 
-3.881381e+01 -1.417756e+01 
-3.876368e+01 -1.427740e+01 
-3.871310e+01 -1.437724e+01 
-3.866207e+01 -1.447709e+01 
-3.861059e+01 -1.457693e+01 
-3.855866e+01 -1.467677e+01 
-3.850628e+01 -1.477661e+01 
-3.845345e+01 -1.487646e+01 
-3.840016e+01 -1.497630e+01 
-3.834642e+01 -1.507615e+01 
-3.829222e+01 -1.517599e+01 
-3.823757e+01 -1.527584e+01 
-3.818246e+01 -1.537569e+01 
-3.812689e+01 -1.547553e+01 
-3.807087e+01 -1.557538e+01 
-3.801438e+01 -1.567523e+01 
-3.795743e+01 -1.577508e+01 
-3.790002e+01 -1.587493e+01 
-3.784215e+01 -1.597478e+01 
-3.778381e+01 -1.607463e+01 
-3.772501e+01 -1.617448e+01 
-3.766574e+01 -1.627433e+01 
-3.760601e+01 -1.637415e+01 
-3.754573e+01 -1.647396e+01 
-3.748485e+01 -1.657377e+01 
-3.742334e+01 -1.667357e+01 
-3.736120e+01 -1.677338e+01 
-3.729842e+01 -1.687318e+01 
-3.723500e+01 -1.697298e+01 
-3.717091e+01 -1.707279e+01 
-3.710616e+01 -1.717259e+01 
-3.704074e+01 -1.727239e+01 
-3.697463e+01 -1.737219e+01 
-3.690783e+01 -1.747199e+01 
-3.684032e+01 -1.757178e+01 
-3.677211e+01 -1.767158e+01 
-3.670317e+01 -1.777138e+01 
-3.663349e+01 -1.787117e+01 
-3.656307e+01 -1.797097e+01 
-3.649190e+01 -1.807076e+01 
-3.641996e+01 -1.817055e+01 
-3.634725e+01 -1.827035e+01 
-3.627375e+01 -1.837014e+01 
-3.619945e+01 -1.846993e+01 
-3.612433e+01 -1.856972e+01 
-3.604839e+01 -1.866951e+01 
-3.597161e+01 -1.876931e+01 
-3.589400e+01 -1.886914e+01 
-3.581570e+01 -1.896897e+01 
-3.573670e+01 -1.906880e+01 
-3.565700e+01 -1.916863e+01 
-3.557657e+01 -1.926846e+01 
-3.549542e+01 -1.936829e+01 
-3.541354e+01 -1.946812e+01 
-3.533092e+01 -1.956795e+01 
-3.524755e+01 -1.966778e+01 
-3.516341e+01 -1.976761e+01 
-3.507852e+01 -1.986744e+01 
-3.499284e+01 -1.996727e+01 
-3.490639e+01 -2.006710e+01 
-3.481913e+01 -2.016693e+01 
-3.473108e+01 -2.026676e+01 
-3.464222e+01 -2.036658e+01 
-3.455253e+01 -2.046641e+01 
-3.446201e+01 -2.056624e+01 
-3.437066e+01 -2.066608e+01 
-3.427845e+01 -2.076591e+01 
-3.418539e+01 -2.086574e+01 
-3.409146e+01 -2.096557e+01 
-3.399665e+01 -2.106540e+01 
-3.390095e+01 -2.116523e+01 
-3.380435e+01 -2.126506e+01 
-3.370685e+01 -2.136490e+01 
-3.360842e+01 -2.146473e+01 
-3.350907e+01 -2.156457e+01 
-3.340924e+01 -2.166396e+01 
-3.330941e+01 -2.176242e+01 
-3.320958e+01 -2.185996e+01 
-3.310975e+01 -2.195658e+01 
-3.300992e+01 -2.205229e+01 
-3.291009e+01 -2.214709e+01 
-3.281027e+01 -2.224099e+01 
-3.271044e+01 -2.233400e+01 
-3.261062e+01 -2.242612e+01 
-3.251080e+01 -2.251736e+01 
-3.241097e+01 -2.260772e+01 
-3.231115e+01 -2.269722e+01 
-3.221133e+01 -2.278585e+01 
-3.211152e+01 -2.287362e+01 
-3.201172e+01 -2.296049e+01 
-3.191194e+01 -2.304642e+01 
-3.181215e+01 -2.313137e+01 
-3.171237e+01 -2.321536e+01 
-3.161258e+01 -2.329841e+01 
-3.151280e+01 -2.338051e+01 
-3.141301e+01 -2.346170e+01 
-3.131322e+01 -2.354197e+01 
-3.121344e+01 -2.362135e+01 
-3.111365e+01 -2.369984e+01 
-3.101387e+01 -2.377746e+01 
-3.091408e+01 -2.385422e+01 
-3.081429e+01 -2.393012e+01 
-3.071451e+01 -2.400519e+01 
-3.061472e+01 -2.407943e+01 
-3.051493e+01 -2.415286e+01 
-3.041514e+01 -2.422547e+01 
-3.031535e+01 -2.429730e+01 
-3.021557e+01 -2.436833e+01 
-3.011578e+01 -2.443859e+01 
-3.001599e+01 -2.450809e+01 
-2.991620e+01 -2.457683e+01 
-2.981641e+01 -2.464483e+01 
-2.971661e+01 -2.471209e+01 
-2.961682e+01 -2.477862e+01 
-2.951703e+01 -2.484443e+01 
-2.941724e+01 -2.490954e+01 
-2.931744e+01 -2.497394e+01 
-2.921765e+01 -2.503765e+01 
-2.911786e+01 -2.510068e+01 
-2.901806e+01 -2.516304e+01 
-2.891829e+01 -2.522471e+01 
-2.881853e+01 -2.528563e+01 
-2.871877e+01 -2.534579e+01 
-2.861901e+01 -2.540520e+01 
-2.851924e+01 -2.546386e+01 
-2.841948e+01 -2.552180e+01 
-2.831971e+01 -2.557901e+01 
-2.821994e+01 -2.563553e+01 
-2.812017e+01 -2.569134e+01 
-2.802040e+01 -2.574647e+01 
-2.792062e+01 -2.580093e+01 
-2.782085e+01 -2.585473e+01 
-2.772107e+01 -2.590788e+01 
-2.762129e+01 -2.596038e+01 
-2.752151e+01 -2.601225e+01 
-2.742172e+01 -2.606350e+01 
-2.732194e+01 -2.611414e+01 
-2.722215e+01 -2.616418e+01 
-2.712237e+01 -2.621362e+01 
-2.702258e+01 -2.626247e+01 
-2.692278e+01 -2.631075e+01 
-2.682299e+01 -2.635846e+01 
-2.672320e+01 -2.640560e+01 
-2.662340e+01 -2.645220e+01 
-2.652360e+01 -2.649825e+01 
-2.642380e+01 -2.654377e+01 
-2.632400e+01 -2.658875e+01 
-2.622420e+01 -2.663322e+01 
-2.612440e+01 -2.667717e+01 
-2.602459e+01 -2.672061e+01 
-2.592478e+01 -2.676355e+01 
-2.582497e+01 -2.680600e+01 
-2.572516e+01 -2.684797e+01 
-2.562535e+01 -2.688945e+01 
-2.552554e+01 -2.693046e+01 
-2.542572e+01 -2.697100e+01 
-2.532591e+01 -2.701107e+01 
-2.522615e+01 -2.705065e+01 
-2.512642e+01 -2.708963e+01 
-2.502670e+01 -2.712793e+01 
-2.492698e+01 -2.716555e+01 
-2.482726e+01 -2.720249e+01 
-2.472754e+01 -2.723876e+01 
-2.462782e+01 -2.727436e+01 
-2.452809e+01 -2.730931e+01 
-2.442837e+01 -2.734361e+01 
-2.432864e+01 -2.737725e+01 
-2.422891e+01 -2.741026e+01 
-2.412919e+01 -2.744263e+01 
-2.402946e+01 -2.747437e+01 
-2.392973e+01 -2.750549e+01 
-2.383000e+01 -2.753598e+01 
-2.373027e+01 -2.756587e+01 
-2.363054e+01 -2.759514e+01 
-2.353081e+01 -2.762380e+01 
-2.343107e+01 -2.765187e+01 
-2.333134e+01 -2.767934e+01 
-2.323161e+01 -2.770622e+01 
-2.313187e+01 -2.773251e+01 
-2.303213e+01 -2.775822e+01 
-2.293240e+01 -2.778336e+01 
-2.283266e+01 -2.780792e+01 
-2.273292e+01 -2.783191e+01 
-2.263318e+01 -2.785533e+01 
-2.253344e+01 -2.787819e+01 
-2.243370e+01 -2.790050e+01 
-2.233396e+01 -2.792225e+01 
-2.223421e+01 -2.794345e+01 
-2.213447e+01 -2.796410e+01 
-2.203472e+01 -2.798421e+01 
-2.193498e+01 -2.800379e+01 
-2.183523e+01 -2.802282e+01 
-2.173548e+01 -2.804133e+01 
-2.163573e+01 -2.805930e+01 
-2.153597e+01 -2.807678e+01 
-2.143620e+01 -2.809375e+01 
-2.133644e+01 -2.811022e+01 
-2.123668e+01 -2.812620e+01 
-2.113692e+01 -2.814169e+01 
-2.103715e+01 -2.815669e+01 
-2.093739e+01 -2.817120e+01 
-2.083763e+01 -2.818522e+01 
-2.073786e+01 -2.819876e+01 
-2.063810e+01 -2.821182e+01 
-2.053833e+01 -2.822439e+01 
-2.043857e+01 -2.823649e+01 
-2.033880e+01 -2.824811e+01 
-2.023903e+01 -2.825926e+01 
-2.013926e+01 -2.826994e+01 
-2.003949e+01 -2.828015e+01 
-1.993972e+01 -2.828988e+01 
-1.983995e+01 -2.829916e+01 
-1.974018e+01 -2.830797e+01 
-1.964041e+01 -2.831631e+01 
-1.954064e+01 -2.832420e+01 
-1.944086e+01 -2.833163e+01 
-1.934109e+01 -2.833861e+01 
-1.924132e+01 -2.834513e+01 
-1.914154e+01 -2.835119e+01 
-1.904176e+01 -2.835681e+01 
-1.894199e+01 -2.836198e+01 
-1.884221e+01 -2.836671e+01 
-1.874243e+01 -2.837099e+01 
-1.864265e+01 -2.837483e+01 
-1.854287e+01 -2.837823e+01 
-1.844308e+01 -2.838120e+01 
-1.834330e+01 -2.838372e+01 
-1.824352e+01 -2.838582e+01 
-1.814374e+01 -2.838748e+01 
-1.804401e+01 -2.838869e+01 
-1.794430e+01 -2.838937e+01 
-1.784459e+01 -2.838947e+01 
-1.774488e+01 -2.838899e+01 
-1.764518e+01 -2.838793e+01 
-1.754547e+01 -2.838628e+01 
-1.744576e+01 -2.838406e+01 
-1.734605e+01 -2.838125e+01 
-1.724634e+01 -2.837787e+01 
-1.714663e+01 -2.837391e+01 
-1.704692e+01 -2.836936e+01 
-1.694721e+01 -2.836424e+01 
-1.684749e+01 -2.835854e+01 
-1.674778e+01 -2.835226e+01 
-1.664807e+01 -2.834540e+01 
-1.654836e+01 -2.833797e+01 
-1.644864e+01 -2.832995e+01 
-1.634893e+01 -2.832136e+01 
-1.624921e+01 -2.831220e+01 
-1.614950e+01 -2.830245e+01 
-1.604978e+01 -2.829214e+01 
-1.595006e+01 -2.828124e+01 
-1.585035e+01 -2.826977e+01 
-1.575063e+01 -2.825773e+01 
-1.565091e+01 -2.824511e+01 
-1.555119e+01 -2.823192e+01 
-1.545146e+01 -2.821816e+01 
-1.535174e+01 -2.820382e+01 
-1.525202e+01 -2.818892e+01 
-1.515231e+01 -2.817345e+01 
-1.505263e+01 -2.815738e+01 
-1.495295e+01 -2.814065e+01 
-1.485328e+01 -2.812324e+01 
-1.475359e+01 -2.810516e+01 
-1.465391e+01 -2.808641e+01 
-1.455422e+01 -2.806700e+01 
-1.445452e+01 -2.804693e+01 
-1.435483e+01 -2.802621e+01 
-1.425512e+01 -2.800485e+01 
-1.415541e+01 -2.798285e+01 
-1.405570e+01 -2.796023e+01 
-1.395599e+01 -2.793698e+01 
-1.385626e+01 -2.791313e+01 
-1.375654e+01 -2.788866e+01 
-1.365681e+01 -2.786360e+01 
-1.355707e+01 -2.783794e+01 
-1.345733e+01 -2.781170e+01 
-1.335759e+01 -2.778489e+01 
-1.325785e+01 -2.775750e+01 
-1.315816e+01 -2.772954e+01 
-1.305849e+01 -2.770091e+01 
-1.295882e+01 -2.767153e+01 
-1.285915e+01 -2.764140e+01 
-1.275948e+01 -2.761052e+01 
-1.265980e+01 -2.757888e+01 
-1.256013e+01 -2.754649e+01 
-1.246046e+01 -2.751334e+01 
-1.236078e+01 -2.747943e+01 
-1.226110e+01 -2.744475e+01 
-1.216142e+01 -2.740931e+01 
-1.206174e+01 -2.737311e+01 
-1.196205e+01 -2.733614e+01 
-1.186236e+01 -2.729840e+01 
-1.176267e+01 -2.725990e+01 
-1.166298e+01 -2.722064e+01 
-1.156328e+01 -2.718061e+01 
-1.146359e+01 -2.713982e+01 
-1.136388e+01 -2.709827e+01 
-1.126418e+01 -2.705596e+01 
-1.116447e+01 -2.701289e+01 
-1.106476e+01 -2.696906e+01 
-1.096504e+01 -2.692449e+01 
-1.086532e+01 -2.687916e+01 
-1.076560e+01 -2.683309e+01 
-1.066587e+01 -2.678628e+01 
-1.056614e+01 -2.673872e+01 
-1.046640e+01 -2.669044e+01 
-1.036667e+01 -2.664142e+01 
-1.026693e+01 -2.659168e+01 
-1.016721e+01 -2.654120e+01 
-1.006749e+01 -2.648993e+01 
-9.967758e+00 -2.643788e+01 
-9.868026e+00 -2.638504e+01 
-9.768338e+00 -2.633145e+01 
-9.668699e+00 -2.627697e+01 
-9.569072e+00 -2.622143e+01 
-9.469439e+00 -2.616476e+01 
-9.369801e+00 -2.610696e+01 
-9.270158e+00 -2.604804e+01 
-9.170509e+00 -2.598799e+01 
-9.070855e+00 -2.592682e+01 
-8.971196e+00 -2.586452e+01 
-8.871531e+00 -2.580109e+01 
-8.771862e+00 -2.573654e+01 
-8.672186e+00 -2.567086e+01 
-8.572506e+00 -2.560406e+01 
-8.472820e+00 -2.553614e+01 
-8.373129e+00 -2.546709e+01 
-8.273433e+00 -2.539692e+01 
-8.173731e+00 -2.532564e+01 
-8.074025e+00 -2.525323e+01 
-7.974313e+00 -2.517971e+01 
-7.874596e+00 -2.510507e+01 
-7.774874e+00 -2.502932e+01 
-7.675147e+00 -2.495246e+01 
-7.575414e+00 -2.487449e+01 
-7.475677e+00 -2.479541e+01 
-7.375935e+00 -2.471523e+01 
-7.276189e+00 -2.463396e+01 
-7.176437e+00 -2.455158e+01 
-7.076681e+00 -2.446811e+01 
-6.976919e+00 -2.438355e+01 
-6.877154e+00 -2.429791e+01 
-6.777384e+00 -2.421118e+01 
-6.677641e+00 -2.412340e+01 
-6.577933e+00 -2.403442e+01 
-6.478217e+00 -2.394403e+01 
-6.378493e+00 -2.385221e+01 
-6.278759e+00 -2.375900e+01 
-6.179017e+00 -2.366439e+01 
-6.079266e+00 -2.356842e+01 
-5.979506e+00 -2.347111e+01 
-5.879737e+00 -2.337246e+01 
-5.780138e+00 -2.327269e+01 
-5.681785e+00 -2.317290e+01 
-5.584610e+00 -2.307311e+01 
-5.488551e+00 -2.297331e+01 
-5.393554e+00 -2.287351e+01 
-5.299660e+00 -2.277379e+01 
-5.207284e+00 -2.267417e+01 
-5.116839e+00 -2.257456e+01 
-5.028274e+00 -2.247495e+01 
-4.941504e+00 -2.237532e+01 
-4.856449e+00 -2.227569e+01 
-4.773035e+00 -2.217605e+01 
-4.691190e+00 -2.207640e+01 
-4.610843e+00 -2.197675e+01 
-4.531927e+00 -2.187708e+01 
-4.454381e+00 -2.177741e+01 
-4.378148e+00 -2.167773e+01 
-4.303173e+00 -2.157804e+01 
-4.229402e+00 -2.147835e+01 
-4.156781e+00 -2.137864e+01 
-4.085268e+00 -2.127893e+01 
-4.014815e+00 -2.117922e+01 
-3.945379e+00 -2.107949e+01 
-3.876916e+00 -2.097976e+01 
-3.809393e+00 -2.088001e+01 
-3.742768e+00 -2.078027e+01 
-3.677005e+00 -2.068051e+01 
-3.612075e+00 -2.058075e+01 
-3.547940e+00 -2.048098e+01 
-3.484578e+00 -2.038121e+01 
-3.421979e+00 -2.028144e+01 
-3.360114e+00 -2.018166e+01 
-3.298958e+00 -2.008187e+01 
-3.238486e+00 -1.998208e+01 
-3.178671e+00 -1.988228e+01 
-3.119498e+00 -1.978249e+01 
-3.060965e+00 -1.968270e+01 
-3.003125e+00 -1.958298e+01 
-2.946150e+00 -1.948328e+01 
-2.890093e+00 -1.938357e+01 
-2.834903e+00 -1.928386e+01 
-2.780559e+00 -1.918414e+01 
-2.727045e+00 -1.908442e+01 
-2.674345e+00 -1.898470e+01 
-2.622443e+00 -1.888498e+01 
-2.571322e+00 -1.878525e+01 
-2.520968e+00 -1.868552e+01 
-2.471366e+00 -1.858579e+01 
-2.422504e+00 -1.848606e+01 
-2.374422e+00 -1.838640e+01 
-2.327262e+00 -1.828674e+01 
-2.281021e+00 -1.818708e+01 
-2.235671e+00 -1.808741e+01 
-2.191179e+00 -1.798773e+01 
-2.147517e+00 -1.788804e+01 
-2.104656e+00 -1.778834e+01 
-2.062564e+00 -1.768862e+01 
-2.021181e+00 -1.758889e+01 
-1.980452e+00 -1.748913e+01 
-1.940343e+00 -1.738937e+01 
-1.900825e+00 -1.728960e+01 
-1.861874e+00 -1.718982e+01 
-1.823465e+00 -1.709004e+01 
-1.785576e+00 -1.699024e+01 
-1.748186e+00 -1.689044e+01 
-1.711274e+00 -1.679063e+01 
-1.674823e+00 -1.669082e+01 
-1.638825e+00 -1.659103e+01 
-1.603364e+00 -1.649133e+01 
-1.568624e+00 -1.639165e+01 
-1.534624e+00 -1.629195e+01 
-1.501327e+00 -1.619224e+01 
-1.468686e+00 -1.609248e+01 
-1.436599e+00 -1.599270e+01 
-1.405017e+00 -1.589291e+01 
-1.373912e+00 -1.579310e+01 
-1.343254e+00 -1.569329e+01 
-1.313018e+00 -1.559347e+01 
-1.283196e+00 -1.549367e+01 
-1.253833e+00 -1.539389e+01 
-1.224963e+00 -1.529411e+01 
-1.196577e+00 -1.519431e+01 
-1.168655e+00 -1.509451e+01 
-1.141180e+00 -1.499471e+01 
-1.114111e+00 -1.489481e+01 
-1.087265e+00 -1.479492e+01 
-1.060671e+00 -1.469505e+01 
-1.034380e+00 -1.459520e+01 
-1.008417e+00 -1.449536e+01 
-9.827999e-01 -1.439551e+01 
-9.575136e-01 -1.429564e+01 
-9.325109e-01 -1.419579e+01 
-9.078370e-01 -1.409596e+01 
-8.835428e-01 -1.399615e+01 
-8.596697e-01 -1.389636e+01 
-8.362561e-01 -1.379659e+01 
-8.133443e-01 -1.369684e+01 
-7.909542e-01 -1.359703e+01 
-7.689740e-01 -1.349727e+01 
-7.475116e-01 -1.339752e+01 
-7.265926e-01 -1.329778e+01 
-7.062318e-01 -1.319805e+01 
-6.864299e-01 -1.309831e+01 
-6.671867e-01 -1.299858e+01 
-6.485020e-01 -1.289884e+01 
-6.303763e-01 -1.279912e+01 
-6.128203e-01 -1.269939e+01 
-5.958275e-01 -1.259965e+01 
-5.793683e-01 -1.249990e+01 
-5.634683e-01 -1.240037e+01 
-5.485246e-01 -1.230069e+01 
-5.342364e-01 -1.220097e+01 
-5.204967e-01 -1.210116e+01 
-5.071660e-01 -1.200146e+01 
-4.944395e-01 -1.190171e+01 
-4.822241e-01 -1.180200e+01 
-4.706150e-01 -1.170230e+01 
-4.596077e-01 -1.160261e+01 
-4.492322e-01 -1.150284e+01 
-4.393204e-01 -1.140305e+01 
-4.298216e-01 -1.130324e+01 
-4.207036e-01 -1.120341e+01 
-4.119336e-01 -1.110356e+01 
-4.034731e-01 -1.100370e+01 
-3.952801e-01 -1.090381e+01 
-3.873184e-01 -1.080396e+01 
-3.796522e-01 -1.070396e+01 
-3.719926e-01 -1.060402e+01 
-3.644398e-01 -1.050409e+01 
-3.570397e-01 -1.040417e+01 
-3.498003e-01 -1.030425e+01 
-3.427277e-01 -1.020434e+01 
-3.358272e-01 -1.010443e+01 
-3.291048e-01 -1.000452e+01 
-3.225668e-01 -9.904615e+00 
-3.162191e-01 -9.804711e+00 
-3.100642e-01 -9.704800e+00 
-3.040882e-01 -9.604894e+00 
-2.983007e-01 -9.504984e+00 
-2.926934e-01 -9.405051e+00 
-2.872174e-01 -9.305050e+00 
-2.817420e-01 -9.205093e+00 
-2.763536e-01 -9.105162e+00 
-2.711041e-01 -9.005227e+00 
-2.659835e-01 -8.905284e+00 
-2.609783e-01 -8.805336e+00 
-2.560753e-01 -8.705380e+00 
-2.512619e-01 -8.605419e+00 
-2.465255e-01 -8.505452e+00 
-2.418548e-01 -8.405477e+00 
-2.372353e-01 -8.305495e+00 
-2.326498e-01 -8.205486e+00 
-2.280480e-01 -8.105523e+00 
-2.235177e-01 -8.005506e+00 
-2.189554e-01 -7.905521e+00 
-2.144227e-01 -7.805547e+00 
-2.099431e-01 -7.705583e+00 
-2.055355e-01 -7.605628e+00 
-2.012192e-01 -7.505683e+00 
-1.970140e-01 -7.405748e+00 
-1.929396e-01 -7.305823e+00 
-1.890161e-01 -7.205908e+00 
-1.852635e-01 -7.106004e+00 
-1.817005e-01 -7.006073e+00 
-1.782727e-01 -6.906044e+00 
-1.747837e-01 -6.805935e+00 
-1.710765e-01 -6.705841e+00 
-1.671851e-01 -6.605844e+00 
-1.633009e-01 -6.505861e+00 
-1.594513e-01 -6.405884e+00 
-1.556480e-01 -6.305913e+00 
-1.519029e-01 -6.205948e+00 
-1.482278e-01 -6.105989e+00 
-1.446343e-01 -6.006035e+00 
-1.411336e-01 -5.906069e+00 
-1.377008e-01 -5.806113e+00 
-1.343572e-01 -5.706166e+00 
-1.311194e-01 -5.606207e+00 
-1.279644e-01 -5.506292e+00 
-1.250000e-01 -5.407785e+00 
-1.250000e-01 -5.307785e+00 
-1.250000e-01 -5.207785e+00 
-1.250000e-01 -5.107785e+00 
-1.250000e-01 -5.007785e+00 
-1.250000e-01 -4.907785e+00 
-1.250000e-01 -4.807785e+00 
-1.250000e-01 -4.707785e+00 
-1.250000e-01 -4.607785e+00 
-1.250000e-01 -4.507785e+00 
-1.250000e-01 -4.407785e+00 
-1.250000e-01 -4.307785e+00 
-1.250000e-01 -4.207785e+00 
-1.250000e-01 -4.107785e+00 
-1.250000e-01 -4.007785e+00 
-1.250000e-01 -3.907785e+00 
-1.250000e-01 -3.807785e+00 
-1.250000e-01 -3.707785e+00 
-1.250000e-01 -3.607785e+00 
-1.250000e-01 -3.507785e+00 
-1.250000e-01 -3.407785e+00 
-1.250000e-01 -3.307785e+00 
-1.250000e-01 -3.207785e+00 
-1.250000e-01 -3.107785e+00 
-1.250000e-01 -3.007785e+00 
-1.250000e-01 -2.907785e+00 
-1.250000e-01 -2.807785e+00 
-1.250000e-01 -2.707785e+00 
-1.250000e-01 -2.607785e+00 
-1.250000e-01 -2.507785e+00 
-1.250000e-01 -2.407785e+00 
-1.250000e-01 -2.307785e+00 
-1.250000e-01 -2.207785e+00 
-1.250000e-01 -2.107785e+00 
-1.250000e-01 -2.007785e+00 
-1.250000e-01 -1.907785e+00 
-1.250000e-01 -1.807785e+00 
-1.250000e-01 -1.707785e+00 
-1.250000e-01 -1.607785e+00 
-1.250000e-01 -1.507785e+00 
-1.250000e-01 -1.407785e+00 
-1.250000e-01 -1.307785e+00 
-1.250000e-01 -1.207785e+00 
-1.250000e-01 -1.107785e+00 
-1.250000e-01 -1.007785e+00 
-1.250000e-01 -9.077852e-01 
-1.250000e-01 -8.077852e-01 
-1.250000e-01 -7.077852e-01 
-1.250000e-01 -6.077852e-01 
-1.250000e-01 -5.077852e-01 
-1.250000e-01 -4.077852e-01 
-1.250000e-01 -3.077852e-01 
-1.250000e-01 -2.077852e-01 
-1.250000e-01 -1.077852e-01 
-1.250000e-01 -7.785154e-03 
-1.250000e-01 7.785154e-03 
-1.250000e-01 1.077852e-01 
-1.250000e-01 2.077852e-01 
-1.250000e-01 3.077852e-01 
-1.250000e-01 4.077852e-01 
-1.250000e-01 5.077852e-01 
-1.250000e-01 6.077852e-01 
-1.250000e-01 7.077852e-01 
-1.250000e-01 8.077852e-01 
-1.250000e-01 9.077852e-01 
-1.250000e-01 1.007785e+00 
-1.250000e-01 1.107785e+00 
-1.250000e-01 1.207785e+00 
-1.250000e-01 1.307785e+00 
-1.250000e-01 1.407785e+00 
-1.250000e-01 1.507785e+00 
-1.250000e-01 1.607785e+00 
-1.250000e-01 1.707785e+00 
-1.250000e-01 1.807785e+00 
-1.250000e-01 1.907785e+00 
-1.250000e-01 2.007785e+00 
-1.250000e-01 2.107785e+00 
-1.250000e-01 2.207785e+00 
-1.250000e-01 2.307785e+00 
-1.250000e-01 2.407785e+00 
-1.250000e-01 2.507785e+00 
-1.250000e-01 2.607785e+00 
-1.250000e-01 2.707785e+00 
-1.250000e-01 2.807785e+00 
-1.250000e-01 2.907785e+00 
-1.250000e-01 3.007785e+00 
-1.250000e-01 3.107785e+00 
-1.250000e-01 3.207785e+00 
-1.250000e-01 3.307785e+00 
-1.250000e-01 3.407785e+00 
-1.250000e-01 3.507785e+00 
-1.250000e-01 3.607785e+00 
-1.250000e-01 3.707785e+00 
-1.250000e-01 3.807785e+00 
-1.250000e-01 3.907785e+00 
-1.250000e-01 4.007785e+00 
-1.250000e-01 4.107785e+00 
-1.250000e-01 4.207785e+00 
-1.250000e-01 4.307785e+00 
-1.250000e-01 4.407785e+00 
-1.250000e-01 4.507785e+00 
-1.250000e-01 4.607785e+00 
-1.250000e-01 4.707785e+00 
-1.250000e-01 4.807785e+00 
-1.250000e-01 4.907785e+00 
-1.250000e-01 5.007785e+00 
-1.250000e-01 5.107785e+00 
-1.250000e-01 5.207785e+00 
-1.250000e-01 5.307785e+00 
-1.249777e-01 5.406292e+00 
-1.279618e-01 5.506207e+00 
-1.311181e-01 5.606166e+00 
-1.343555e-01 5.706113e+00 
-1.376993e-01 5.806069e+00 
-1.411324e-01 5.906035e+00 
-1.446327e-01 6.005989e+00 
-1.482263e-01 6.105948e+00 
-1.519016e-01 6.205913e+00 
-1.556469e-01 6.305884e+00 
-1.594504e-01 6.405861e+00 
-1.633002e-01 6.505844e+00 
-1.671850e-01 6.605841e+00 
-1.710801e-01 6.705935e+00 
-1.747876e-01 6.806044e+00 
-1.782737e-01 6.906073e+00 
-1.816981e-01 7.006004e+00 
-1.852600e-01 7.105908e+00 
-1.890128e-01 7.205823e+00 
-1.929366e-01 7.305748e+00 
-1.970113e-01 7.405683e+00 
-2.012169e-01 7.505628e+00 
-2.055335e-01 7.605583e+00 
-2.099415e-01 7.705547e+00 
-2.144215e-01 7.805521e+00 
-2.189547e-01 7.905506e+00 
-2.235185e-01 8.005523e+00 
-2.280463e-01 8.105486e+00 
-2.326502e-01 8.205495e+00 
-2.372345e-01 8.305477e+00 
-2.418536e-01 8.405452e+00 
-2.465239e-01 8.505419e+00 
-2.512600e-01 8.605380e+00 
-2.560732e-01 8.705336e+00 
-2.609757e-01 8.805284e+00 
-2.659806e-01 8.905227e+00 
-2.711008e-01 9.005162e+00 
-2.763499e-01 9.105093e+00 
-2.817397e-01 9.205050e+00 
-2.872175e-01 9.305051e+00 
-2.926897e-01 9.404984e+00 
-2.982956e-01 9.504894e+00 
-3.040827e-01 9.604800e+00 
-3.100588e-01 9.704711e+00 
-3.162131e-01 9.804615e+00 
-3.225607e-01 9.904520e+00 
-3.290988e-01 1.000443e+01 
-3.358212e-01 1.010434e+01 
-3.427218e-01 1.020425e+01 
-3.497944e-01 1.030417e+01 
-3.570338e-01 1.040409e+01 
-3.644342e-01 1.050402e+01 
-3.719887e-01 1.060396e+01 
-3.796521e-01 1.070396e+01 
-3.873065e-01 1.080381e+01 
-3.952709e-01 1.090370e+01 
-2.956056e-01 1.091187e+01 
-2.876229e-01 1.081176e+01 
-2.799446e-01 1.071161e+01 
-2.722810e-01 1.061161e+01 
-2.647186e-01 1.051155e+01 
-2.573069e-01 1.041148e+01 
-2.500558e-01 1.031140e+01 
-2.429713e-01 1.021132e+01 
-2.360588e-01 1.011123e+01 
-2.293244e-01 1.001114e+01 
-2.227741e-01 9.911050e+00 
-2.164143e-01 9.810956e+00 
-2.102480e-01 9.710859e+00 
-2.042611e-01 9.610771e+00 
-1.984629e-01 9.510677e+00 
-1.928467e-01 9.410586e+00 
-1.873670e-01 9.310519e+00 
-1.818894e-01 9.210520e+00 
-1.764950e-01 9.110477e+00 
-1.712384e-01 9.010408e+00 
-1.661116e-01 8.910344e+00 
-1.611009e-01 8.810286e+00 
-1.561932e-01 8.710235e+00 
-1.513758e-01 8.610190e+00 
-1.466360e-01 8.510151e+00 
-1.419625e-01 8.410119e+00 
-1.373411e-01 8.310093e+00 
-1.327552e-01 8.210075e+00 
-1.281521e-01 8.110084e+00 
-1.236209e-01 8.010048e+00 
-1.190587e-01 7.910064e+00 
-1.145241e-01 7.810050e+00 
-1.100418e-01 7.710023e+00 
-1.056306e-01 7.609988e+00 
-1.013100e-01 7.509942e+00 
-9.709967e-02 7.409887e+00 
-9.301958e-02 7.309822e+00 
-8.908982e-02 7.209747e+00 
-8.533050e-02 7.109662e+00 
-8.176158e-02 7.009567e+00 
-7.833235e-02 6.909498e+00 
-7.484830e-02 6.809527e+00 
-7.114860e-02 6.709636e+00 
-6.726063e-02 6.609729e+00 
-6.337559e-02 6.509726e+00 
-5.952442e-02 6.409709e+00 
-5.571921e-02 6.309686e+00 
-5.197174e-02 6.209657e+00 
-4.829384e-02 6.109622e+00 
-4.469724e-02 6.009582e+00 
-4.119370e-02 5.909535e+00 
-3.775821e-02 5.809501e+00 
-3.441139e-02 5.709457e+00 
-3.117049e-02 5.609404e+00 
-2.801163e-02 5.509363e+00 
-2.502229e-02 5.409278e+00 
-2.500000e-02 5.307785e+00 
-2.500000e-02 5.207785e+00 
-2.500000e-02 5.107785e+00 
-2.500000e-02 5.007785e+00 
-2.500000e-02 4.907785e+00 
-2.500000e-02 4.807785e+00 
-2.500000e-02 4.707785e+00 
-2.500000e-02 4.607785e+00 
-2.500000e-02 4.507785e+00 
-2.500000e-02 4.407785e+00 
-2.500000e-02 4.307785e+00 
-2.500000e-02 4.207785e+00 
-2.500000e-02 4.107785e+00 
-2.500000e-02 4.007785e+00 
-2.500000e-02 3.907785e+00 
-2.500000e-02 3.807785e+00 
-2.500000e-02 3.707785e+00 
-2.500000e-02 3.607785e+00 
-2.500000e-02 3.507785e+00 
-2.500000e-02 3.407785e+00 
-2.500000e-02 3.307785e+00 
-2.500000e-02 3.207785e+00 
-2.500000e-02 3.107785e+00 
-2.500000e-02 3.007785e+00 
-2.500000e-02 2.907785e+00 
-2.500000e-02 2.807785e+00 
-2.500000e-02 2.707785e+00 
-2.500000e-02 2.607785e+00 
-2.500000e-02 2.507785e+00 
-2.500000e-02 2.407785e+00 
-2.500000e-02 2.307785e+00 
-2.500000e-02 2.207785e+00 
-2.500000e-02 2.107785e+00 
-2.500000e-02 2.007785e+00 
-2.500000e-02 1.907785e+00 
-2.500000e-02 1.807785e+00 
-2.500000e-02 1.707785e+00 
-2.500000e-02 1.607785e+00 
-2.500000e-02 1.507785e+00 
-2.500000e-02 1.407785e+00 
-2.500000e-02 1.307785e+00 
-2.500000e-02 1.207785e+00 
-2.500000e-02 1.107785e+00 
-2.500000e-02 1.007785e+00 
-2.500000e-02 9.077852e-01 
-2.500000e-02 8.077852e-01 
-2.500000e-02 7.077852e-01 
-2.500000e-02 6.077852e-01 
-2.500000e-02 5.077852e-01 
-2.500000e-02 4.077852e-01 
-2.500000e-02 3.077852e-01 
-2.500000e-02 2.077852e-01 
-2.500000e-02 1.077852e-01 
-2.500000e-02 7.785154e-03 
-2.500000e-02 -7.785154e-03 
-2.500000e-02 -1.077852e-01 
-2.500000e-02 -2.077852e-01 
-2.500000e-02 -3.077852e-01 
-2.500000e-02 -4.077852e-01 
-2.500000e-02 -5.077852e-01 
-2.500000e-02 -6.077852e-01 
-2.500000e-02 -7.077852e-01 
-2.500000e-02 -8.077852e-01 
-2.500000e-02 -9.077852e-01 
-2.500000e-02 -1.007785e+00 
-2.500000e-02 -1.107785e+00 
-2.500000e-02 -1.207785e+00 
-2.500000e-02 -1.307785e+00 
-2.500000e-02 -1.407785e+00 
-2.500000e-02 -1.507785e+00 
-2.500000e-02 -1.607785e+00 
-2.500000e-02 -1.707785e+00 
-2.500000e-02 -1.807785e+00 
-2.500000e-02 -1.907785e+00 
-2.500000e-02 -2.007785e+00 
-2.500000e-02 -2.107785e+00 
-2.500000e-02 -2.207785e+00 
-2.500000e-02 -2.307785e+00 
-2.500000e-02 -2.407785e+00 
-2.500000e-02 -2.507785e+00 
-2.500000e-02 -2.607785e+00 
-2.500000e-02 -2.707785e+00 
-2.500000e-02 -2.807785e+00 
-2.500000e-02 -2.907785e+00 
-2.500000e-02 -3.007785e+00 
-2.500000e-02 -3.107785e+00 
-2.500000e-02 -3.207785e+00 
-2.500000e-02 -3.307785e+00 
-2.500000e-02 -3.407785e+00 
-2.500000e-02 -3.507785e+00 
-2.500000e-02 -3.607785e+00 
-2.500000e-02 -3.707785e+00 
-2.500000e-02 -3.807785e+00 
-2.500000e-02 -3.907785e+00 
-2.500000e-02 -4.007785e+00 
-2.500000e-02 -4.107785e+00 
-2.500000e-02 -4.207785e+00 
-2.500000e-02 -4.307785e+00 
-2.500000e-02 -4.407785e+00 
-2.500000e-02 -4.507785e+00 
-2.500000e-02 -4.607785e+00 
-2.500000e-02 -4.707785e+00 
-2.500000e-02 -4.807785e+00 
-2.500000e-02 -4.907785e+00 
-2.500000e-02 -5.007785e+00 
-2.500000e-02 -5.107785e+00 
-2.500000e-02 -5.207785e+00 
-2.500000e-02 -5.307785e+00 
-2.500000e-02 -5.407785e+00 
-2.800901e-02 -5.509278e+00 
-3.116919e-02 -5.609363e+00 
-3.440965e-02 -5.709404e+00 
-3.775671e-02 -5.809457e+00 
-4.119253e-02 -5.909501e+00 
-4.469558e-02 -6.009535e+00 
-4.829236e-02 -6.109582e+00 
-5.197045e-02 -6.209622e+00 
-5.571812e-02 -6.309657e+00 
-5.952354e-02 -6.409686e+00 
-6.337493e-02 -6.509709e+00 
-6.726050e-02 -6.609726e+00 
-7.115216e-02 -6.709729e+00 
-7.485222e-02 -6.809636e+00 
-7.833335e-02 -6.909527e+00 
-8.175916e-02 -7.009498e+00 
-8.532702e-02 -7.109567e+00 
-8.908655e-02 -7.209662e+00 
-9.301657e-02 -7.309747e+00 
-9.709698e-02 -7.409822e+00 
-1.013077e-01 -7.509887e+00 
-1.056286e-01 -7.609942e+00 
-1.100402e-01 -7.709988e+00 
-1.145229e-01 -7.810023e+00 
-1.190580e-01 -7.910050e+00 
-1.236216e-01 -8.010064e+00 
-1.281504e-01 -8.110048e+00 
-1.327556e-01 -8.210084e+00 
-1.373403e-01 -8.310075e+00 
-1.419614e-01 -8.410093e+00 
-1.466344e-01 -8.510119e+00 
-1.513739e-01 -8.610151e+00 
-1.561911e-01 -8.710190e+00 
-1.610984e-01 -8.810235e+00 
-1.661086e-01 -8.910286e+00 
-1.712351e-01 -9.010344e+00 
-1.764913e-01 -9.110408e+00 
-1.818871e-01 -9.210477e+00 
-1.873671e-01 -9.310520e+00 
-1.928430e-01 -9.410519e+00 
-1.984578e-01 -9.510586e+00 
-2.042556e-01 -9.610677e+00 
-2.102426e-01 -9.710771e+00 
-2.164083e-01 -9.810859e+00 
-2.227680e-01 -9.910956e+00 
-2.293183e-01 -1.001105e+01 
-2.360528e-01 -1.011114e+01 
-2.429654e-01 -1.021123e+01 
-2.500499e-01 -1.031132e+01 
-2.573011e-01 -1.041140e+01 
-2.647130e-01 -1.051148e+01 
-2.722771e-01 -1.061155e+01 
-2.799445e-01 -1.071161e+01 
-2.876110e-01 -1.081161e+01 
-2.955964e-01 -1.091176e+01 
-3.038078e-01 -1.101187e+01 
-3.122905e-01 -1.111201e+01 
-3.210872e-01 -1.121216e+01 
-3.302361e-01 -1.131233e+01 
-3.397701e-01 -1.141252e+01 
-3.497218e-01 -1.151273e+01 
-3.601440e-01 -1.161296e+01 
-3.712190e-01 -1.171327e+01 
-3.828950e-01 -1.181357e+01 
-3.951816e-01 -1.191387e+01 
-4.079699e-01 -1.201411e+01 
-4.213787e-01 -1.211441e+01 
-4.351706e-01 -1.221460e+01 
-4.495353e-01 -1.231488e+01 
-4.645733e-01 -1.241520e+01 
-4.806201e-01 -1.251567e+01 
-4.971616e-01 -1.261593e+01 
-5.142405e-01 -1.271618e+01 
-5.318906e-01 -1.281645e+01 
-5.501137e-01 -1.291673e+01 
-5.688966e-01 -1.301699e+01 
-5.882407e-01 -1.311726e+01 
-6.081463e-01 -1.321752e+01 
-6.286133e-01 -1.331779e+01 
-6.496411e-01 -1.341805e+01 
-6.712114e-01 -1.351830e+01 
-6.932964e-01 -1.361854e+01 
-7.157690e-01 -1.371873e+01 
-7.387938e-01 -1.381898e+01 
-7.623145e-01 -1.391921e+01 
-7.862871e-01 -1.401942e+01 
-8.106738e-01 -1.411961e+01 
-8.354322e-01 -1.421978e+01 
-8.605084e-01 -1.431993e+01 
-8.858587e-01 -1.442006e+01 
-9.115542e-01 -1.452021e+01 
-9.375989e-01 -1.462037e+01 
-9.639667e-01 -1.472052e+01 
-9.906328e-01 -1.482065e+01 
-1.017538e+00 -1.492076e+01 
-1.044660e+00 -1.502086e+01 
-1.072242e+00 -1.512106e+01 
-1.100275e+00 -1.522126e+01 
-1.128779e+00 -1.532147e+01 
-1.157772e+00 -1.542168e+01 
-1.187264e+00 -1.552190e+01 
-1.217205e+00 -1.562210e+01 
-1.247548e+00 -1.572228e+01 
-1.278319e+00 -1.582247e+01 
-1.309546e+00 -1.592266e+01 
-1.341259e+00 -1.602287e+01 
-1.373487e+00 -1.612309e+01 
-1.406285e+00 -1.622333e+01 
-1.439772e+00 -1.632362e+01 
-1.473976e+00 -1.642392e+01 
-1.508934e+00 -1.652424e+01 
-1.544607e+00 -1.662454e+01 
-1.580756e+00 -1.672475e+01 
-1.617341e+00 -1.682494e+01 
-1.654395e+00 -1.692513e+01 
-1.691932e+00 -1.702533e+01 
-1.729976e+00 -1.712553e+01 
-1.768549e+00 -1.722575e+01 
-1.807671e+00 -1.732597e+01 
-1.847370e+00 -1.742620e+01 
-1.887670e+00 -1.752644e+01 
-1.928600e+00 -1.762669e+01 
-1.970198e+00 -1.772695e+01 
-2.012527e+00 -1.782723e+01 
-2.055647e+00 -1.792753e+01 
-2.099579e+00 -1.802784e+01 
-2.144354e+00 -1.812816e+01 
-2.190000e+00 -1.822849e+01 
-2.236549e+00 -1.832883e+01 
-2.284031e+00 -1.842917e+01 
-2.332437e+00 -1.852951e+01 
-2.381565e+00 -1.862978e+01 
-2.431431e+00 -1.873005e+01 
-2.482055e+00 -1.883032e+01 
-2.533453e+00 -1.893059e+01 
-2.585640e+00 -1.903087e+01 
-2.638632e+00 -1.913115e+01 
-2.692445e+00 -1.923143e+01 
-2.747095e+00 -1.933171e+01 
-2.802601e+00 -1.943200e+01 
-2.858980e+00 -1.953229e+01 
-2.916302e+00 -1.963259e+01 
-2.974461e+00 -1.973287e+01 
-3.033242e+00 -1.983308e+01 
-3.092655e+00 -1.993329e+01 
-3.152713e+00 -2.003349e+01 
-3.213435e+00 -2.013370e+01 
-3.274853e+00 -2.023391e+01 
-3.336989e+00 -2.033413e+01 
-3.399869e+00 -2.043436e+01 
-3.463525e+00 -2.053459e+01 
-3.527956e+00 -2.063482e+01 
-3.593193e+00 -2.073506e+01 
-3.659278e+00 -2.083531e+01 
-3.726236e+00 -2.093556e+01 
-3.794107e+00 -2.103581e+01 
-3.862934e+00 -2.113608e+01 
-3.932748e+00 -2.123636e+01 
-4.003594e+00 -2.133664e+01 
-4.075520e+00 -2.143693e+01 
-4.148569e+00 -2.153722e+01 
-4.222787e+00 -2.163753e+01 
-4.298228e+00 -2.173784e+01 
-4.374947e+00 -2.183816e+01 
-4.453000e+00 -2.193849e+01 
-4.532443e+00 -2.203882e+01 
-4.613340e+00 -2.213917e+01 
-4.695758e+00 -2.223952e+01 
-4.779770e+00 -2.233988e+01 
-4.865447e+00 -2.244025e+01 
-4.952865e+00 -2.254062e+01 
-5.042103e+00 -2.264101e+01 
-5.133248e+00 -2.274140e+01 
-5.226335e+00 -2.284178e+01 
-5.320747e+00 -2.294206e+01 
-5.416118e+00 -2.304226e+01 
-5.512561e+00 -2.314246e+01 
-5.610140e+00 -2.324267e+01 
-5.708918e+00 -2.334288e+01 
-5.808964e+00 -2.344311e+01 
-5.909196e+00 -2.354222e+01 
-6.009436e+00 -2.364001e+01 
-6.109685e+00 -2.373646e+01 
-6.209942e+00 -2.383155e+01 
-6.310209e+00 -2.392527e+01 
-6.410484e+00 -2.401760e+01 
-6.510769e+00 -2.410851e+01 
-6.611060e+00 -2.419801e+01 
-6.711317e+00 -2.428625e+01 
-6.811548e+00 -2.437338e+01 
-6.911782e+00 -2.445943e+01 
-7.012021e+00 -2.454439e+01 
-7.112264e+00 -2.462827e+01 
-7.212513e+00 -2.471106e+01 
-7.312766e+00 -2.479276e+01 
-7.413024e+00 -2.487335e+01 
-7.513287e+00 -2.495285e+01 
-7.613555e+00 -2.503124e+01 
-7.713828e+00 -2.510852e+01 
-7.814106e+00 -2.518470e+01 
-7.914389e+00 -2.525976e+01 
-8.014677e+00 -2.533372e+01 
-8.114970e+00 -2.540655e+01 
-8.215269e+00 -2.547827e+01 
-8.315572e+00 -2.554887e+01 
-8.415881e+00 -2.561835e+01 
-8.516196e+00 -2.568670e+01 
-8.616515e+00 -2.575393e+01 
-8.716840e+00 -2.582004e+01 
-8.817170e+00 -2.588503e+01 
-8.917505e+00 -2.594888e+01 
-9.017846e+00 -2.601161e+01 
-9.118192e+00 -2.607322e+01 
-9.218543e+00 -2.613369e+01 
-9.318900e+00 -2.619304e+01 
-9.419262e+00 -2.625126e+01 
-9.519630e+00 -2.630835e+01 
-9.620002e+00 -2.636432e+01 
-9.720363e+00 -2.641919e+01 
-9.820676e+00 -2.647312e+01 
-9.920944e+00 -2.652624e+01 
-1.002121e+01 -2.657858e+01 
-1.012149e+01 -2.663014e+01 
-1.022177e+01 -2.668090e+01 
-1.032204e+01 -2.673091e+01 
-1.042230e+01 -2.678018e+01 
-1.052256e+01 -2.682873e+01 
-1.062283e+01 -2.687654e+01 
-1.072310e+01 -2.692361e+01 
-1.082338e+01 -2.696994e+01 
-1.092366e+01 -2.701552e+01 
-1.102394e+01 -2.706036e+01 
-1.112423e+01 -2.710444e+01 
-1.122452e+01 -2.714776e+01 
-1.132482e+01 -2.719032e+01 
-1.142512e+01 -2.723213e+01 
-1.152542e+01 -2.727316e+01 
-1.162572e+01 -2.731344e+01 
-1.172603e+01 -2.735295e+01 
-1.182634e+01 -2.739169e+01 
-1.192665e+01 -2.742966e+01 
-1.202696e+01 -2.746687e+01 
-1.212728e+01 -2.750330e+01 
-1.222760e+01 -2.753897e+01 
-1.232792e+01 -2.757387e+01 
-1.242825e+01 -2.760801e+01 
-1.252857e+01 -2.764138e+01 
-1.262890e+01 -2.767399e+01 
-1.272922e+01 -2.770583e+01 
-1.282955e+01 -2.773692e+01 
-1.292988e+01 -2.776725e+01 
-1.303021e+01 -2.779683e+01 
-1.313054e+01 -2.782566e+01 
-1.323085e+01 -2.785379e+01 
-1.333111e+01 -2.788132e+01 
-1.343137e+01 -2.790827e+01 
-1.353163e+01 -2.793465e+01 
-1.363189e+01 -2.796045e+01 
-1.373216e+01 -2.798565e+01 
-1.383244e+01 -2.801025e+01 
-1.393272e+01 -2.803424e+01 
-1.403300e+01 -2.805762e+01 
-1.413329e+01 -2.808037e+01 
-1.423358e+01 -2.810250e+01 
-1.433388e+01 -2.812399e+01 
-1.443418e+01 -2.814483e+01 
-1.453448e+01 -2.816503e+01 
-1.463479e+01 -2.818456e+01 
-1.473511e+01 -2.820344e+01 
-1.483543e+01 -2.822164e+01 
-1.493575e+01 -2.823916e+01 
-1.503607e+01 -2.825600e+01 
-1.513639e+01 -2.827217e+01 
-1.523668e+01 -2.828774e+01 
-1.533696e+01 -2.830273e+01 
-1.543724e+01 -2.831714e+01 
-1.553751e+01 -2.833098e+01 
-1.563779e+01 -2.834425e+01 
-1.573807e+01 -2.835694e+01 
-1.583836e+01 -2.836905e+01 
-1.593864e+01 -2.838059e+01 
-1.603892e+01 -2.839154e+01 
-1.613920e+01 -2.840192e+01 
-1.623949e+01 -2.841172e+01 
-1.633977e+01 -2.842094e+01 
-1.644006e+01 -2.842959e+01 
-1.654035e+01 -2.843765e+01 
-1.664063e+01 -2.844513e+01 
-1.674092e+01 -2.845203e+01 
-1.684121e+01 -2.845834e+01 
-1.694150e+01 -2.846408e+01 
-1.704179e+01 -2.846923e+01 
-1.714207e+01 -2.847380e+01 
-1.724236e+01 -2.847779e+01 
-1.734265e+01 -2.848120e+01 
-1.744294e+01 -2.848402e+01 
-1.754324e+01 -2.848626e+01 
-1.764353e+01 -2.848791e+01 
-1.774382e+01 -2.848898e+01 
-1.784411e+01 -2.848947e+01 
-1.794440e+01 -2.848937e+01 
-1.804469e+01 -2.848869e+01 
-1.814496e+01 -2.848747e+01 
-1.824518e+01 -2.848581e+01 
-1.834540e+01 -2.848370e+01 
-1.844562e+01 -2.848116e+01 
-1.854583e+01 -2.847819e+01 
-1.864605e+01 -2.847477e+01 
-1.874627e+01 -2.847092e+01 
-1.884649e+01 -2.846662e+01 
-1.894672e+01 -2.846187e+01 
-1.904694e+01 -2.845668e+01 
-1.914716e+01 -2.845104e+01 
-1.924739e+01 -2.844494e+01 
-1.934761e+01 -2.843839e+01 
-1.944784e+01 -2.843139e+01 
-1.954806e+01 -2.842393e+01 
-1.964829e+01 -2.841600e+01 
-1.974852e+01 -2.840762e+01 
-1.984875e+01 -2.839877e+01 
-1.994898e+01 -2.838946e+01 
-2.004921e+01 -2.837967e+01 
-2.014944e+01 -2.836942e+01 
-2.024967e+01 -2.835870e+01 
-2.034990e+01 -2.834750e+01 
-2.045014e+01 -2.833582e+01 
-2.055037e+01 -2.832367e+01 
-2.065060e+01 -2.831103e+01 
-2.075084e+01 -2.829791e+01 
-2.085107e+01 -2.828431e+01 
-2.095131e+01 -2.827022e+01 
-2.105155e+01 -2.825565e+01 
-2.115178e+01 -2.824058e+01 
-2.125202e+01 -2.822502e+01 
-2.135226e+01 -2.820896e+01 
-2.145250e+01 -2.819241e+01 
-2.155274e+01 -2.817536e+01 
-2.165298e+01 -2.815781e+01 
-2.175322e+01 -2.813974e+01 
-2.185347e+01 -2.812114e+01 
-2.195372e+01 -2.810201e+01 
-2.205398e+01 -2.808234e+01 
-2.215423e+01 -2.806213e+01 
-2.225449e+01 -2.804137e+01 
-2.235475e+01 -2.802006e+01 
-2.245500e+01 -2.799820e+01 
-2.255526e+01 -2.797578e+01 
-2.265552e+01 -2.795280e+01 
-2.275578e+01 -2.792926e+01 
-2.285604e+01 -2.790514e+01 
-2.295631e+01 -2.788046e+01 
-2.305657e+01 -2.785519e+01 
-2.315683e+01 -2.782935e+01 
-2.325710e+01 -2.780292e+01 
-2.335736e+01 -2.777590e+01 
-2.345763e+01 -2.774828e+01 
-2.355790e+01 -2.772006e+01 
-2.365816e+01 -2.769125e+01 
-2.375843e+01 -2.766182e+01 
-2.385870e+01 -2.763178e+01 
-2.395897e+01 -2.760112e+01 
-2.405924e+01 -2.756983e+01 
-2.415951e+01 -2.753792e+01 
-2.425979e+01 -2.750538e+01 
-2.436006e+01 -2.747219e+01 
-2.446034e+01 -2.743836e+01 
-2.456061e+01 -2.740388e+01 
-2.466089e+01 -2.736874e+01 
-2.476116e+01 -2.733294e+01 
-2.486144e+01 -2.729647e+01 
-2.496172e+01 -2.725932e+01 
-2.506200e+01 -2.722149e+01 
-2.516228e+01 -2.718298e+01 
-2.526255e+01 -2.714379e+01 
-2.536279e+01 -2.710403e+01 
-2.546298e+01 -2.706380e+01 
-2.556317e+01 -2.702311e+01 
-2.566335e+01 -2.698195e+01 
-2.576354e+01 -2.694031e+01 
-2.586373e+01 -2.689819e+01 
-2.596392e+01 -2.685558e+01 
-2.606411e+01 -2.681247e+01 
-2.616431e+01 -2.676886e+01 
-2.626450e+01 -2.672474e+01 
-2.636470e+01 -2.668010e+01 
-2.646490e+01 -2.663493e+01 
-2.656510e+01 -2.658924e+01 
-2.666530e+01 -2.654300e+01 
-2.676550e+01 -2.649621e+01 
-2.686571e+01 -2.644887e+01 
-2.696592e+01 -2.640097e+01 
-2.706613e+01 -2.635249e+01 
-2.716634e+01 -2.630343e+01 
-2.726655e+01 -2.625378e+01 
-2.736676e+01 -2.620353e+01 
-2.746698e+01 -2.615268e+01 
-2.756719e+01 -2.610121e+01 
-2.766741e+01 -2.604911e+01 
-2.776763e+01 -2.599637e+01 
-2.786786e+01 -2.594299e+01 
-2.796808e+01 -2.588895e+01 
-2.806831e+01 -2.583425e+01 
-2.816853e+01 -2.577887e+01 
-2.826876e+01 -2.572280e+01 
-2.836899e+01 -2.566603e+01 
-2.846923e+01 -2.560854e+01 
-2.856946e+01 -2.555034e+01 
-2.866969e+01 -2.549140e+01 
-2.876993e+01 -2.543171e+01 
-2.887017e+01 -2.537127e+01 
-2.897041e+01 -2.531005e+01 
-2.907064e+01 -2.524810e+01 
-2.917085e+01 -2.518549e+01 
-2.927105e+01 -2.512220e+01 
-2.937126e+01 -2.505823e+01 
-2.947146e+01 -2.499356e+01 
-2.957167e+01 -2.492819e+01 
-2.967188e+01 -2.486210e+01 
-2.977209e+01 -2.479529e+01 
-2.987230e+01 -2.472775e+01 
-2.997251e+01 -2.465947e+01 
-3.007271e+01 -2.459044e+01 
-3.017293e+01 -2.452066e+01 
-3.027314e+01 -2.445010e+01 
-3.037335e+01 -2.437876e+01 
-3.047356e+01 -2.430664e+01 
-3.057377e+01 -2.423371e+01 
-3.067398e+01 -2.415998e+01 
-3.077420e+01 -2.408542e+01 
-3.087441e+01 -2.401004e+01 
-3.097462e+01 -2.393381e+01 
-3.107484e+01 -2.385672e+01 
-3.117505e+01 -2.377877e+01 
-3.127526e+01 -2.369995e+01 
-3.137548e+01 -2.362023e+01 
-3.147569e+01 -2.353961e+01 
-3.157591e+01 -2.345808e+01 
-3.167612e+01 -2.337563e+01 
-3.177633e+01 -2.329223e+01 
-3.187655e+01 -2.320788e+01 
-3.197676e+01 -2.312256e+01 
-3.207698e+01 -2.303626e+01 
-3.217718e+01 -2.294904e+01 
-3.227737e+01 -2.286094e+01 
-3.237755e+01 -2.277199e+01 
-3.247773e+01 -2.268218e+01 
-3.257791e+01 -2.259149e+01 
-3.267808e+01 -2.249993e+01 
-3.277826e+01 -2.240749e+01 
-3.287843e+01 -2.231415e+01 
-3.297861e+01 -2.221993e+01 
-3.307878e+01 -2.212480e+01 
-3.317895e+01 -2.202876e+01 
-3.327912e+01 -2.193182e+01 
-3.337929e+01 -2.183395e+01 
-3.347946e+01 -2.173516e+01 
-3.357963e+01 -2.163543e+01 
-3.367930e+01 -2.153527e+01 
-3.377806e+01 -2.143510e+01 
-3.387589e+01 -2.133494e+01 
-3.397281e+01 -2.123477e+01 
-3.406884e+01 -2.113460e+01 
-3.416397e+01 -2.103443e+01 
-3.425822e+01 -2.093426e+01 
-3.435160e+01 -2.083409e+01 
-3.444412e+01 -2.073392e+01 
-3.453579e+01 -2.063376e+01 
-3.462661e+01 -2.053359e+01 
-3.471661e+01 -2.043342e+01 
-3.480577e+01 -2.033324e+01 
-3.489413e+01 -2.023307e+01 
-3.498168e+01 -2.013290e+01 
-3.506844e+01 -2.003273e+01 
-3.515440e+01 -1.993256e+01 
-3.523959e+01 -1.983239e+01 
-3.532401e+01 -1.973222e+01 
-3.540767e+01 -1.963205e+01 
-3.549058e+01 -1.953188e+01 
-3.557274e+01 -1.943171e+01 
-3.565417e+01 -1.933154e+01 
-3.573487e+01 -1.923137e+01 
-3.581485e+01 -1.913120e+01 
-3.589412e+01 -1.903103e+01 
-3.597269e+01 -1.893086e+01 
-3.605056e+01 -1.883069e+01 
-3.612765e+01 -1.873049e+01 
-3.620391e+01 -1.863028e+01 
-3.627934e+01 -1.853007e+01 
-3.635396e+01 -1.842986e+01 
-3.642777e+01 -1.832965e+01 
-3.650079e+01 -1.822945e+01 
-3.657302e+01 -1.812924e+01 
-3.664449e+01 -1.802903e+01 
-3.671520e+01 -1.792883e+01 
-3.678516e+01 -1.782862e+01 
-3.685438e+01 -1.772842e+01 
-3.692288e+01 -1.762822e+01 
-3.699066e+01 -1.752801e+01 
-3.705773e+01 -1.742781e+01 
-3.712411e+01 -1.732761e+01 
-3.718979e+01 -1.722741e+01 
-3.725480e+01 -1.712721e+01 
-3.731914e+01 -1.702702e+01 
-3.738282e+01 -1.692682e+01 
-3.744585e+01 -1.682662e+01 
-3.750823e+01 -1.672643e+01 
-3.756998e+01 -1.662623e+01 
-3.763110e+01 -1.652604e+01 
-3.769161e+01 -1.642585e+01 
-3.775155e+01 -1.632567e+01 
-3.781100e+01 -1.622552e+01 
-3.786998e+01 -1.612537e+01 
-3.792849e+01 -1.602522e+01 
-3.798654e+01 -1.592507e+01 
-3.804412e+01 -1.582492e+01 
-3.810125e+01 -1.572477e+01 
-3.815790e+01 -1.562462e+01 
-3.821410e+01 -1.552447e+01 
-3.826984e+01 -1.542431e+01 
-3.832512e+01 -1.532416e+01 
-3.837994e+01 -1.522401e+01 
-3.843431e+01 -1.512385e+01 
-3.848822e+01 -1.502370e+01 
-3.854167e+01 -1.492354e+01 
-3.859467e+01 -1.482339e+01 
-3.864721e+01 -1.472323e+01 
-3.869931e+01 -1.462307e+01 
-3.875095e+01 -1.452291e+01 
-3.880214e+01 -1.442276e+01 
-3.885288e+01 -1.432260e+01 
-3.890317e+01 -1.422244e+01 
-3.895302e+01 -1.412228e+01 
-3.900241e+01 -1.402212e+01 
-3.905136e+01 -1.392195e+01 
-3.909987e+01 -1.382179e+01 
-3.914792e+01 -1.372163e+01 
-3.919554e+01 -1.362147e+01 
-3.924271e+01 -1.352130e+01 
-3.928943e+01 -1.342114e+01 
-3.933572e+01 -1.332097e+01 
-3.938156e+01 -1.322081e+01 
-3.942696e+01 -1.312064e+01 
-3.947192e+01 -1.302047e+01 
-3.951644e+01 -1.292031e+01 
-3.956052e+01 -1.282014e+01 
-3.960416e+01 -1.271997e+01 
-3.964736e+01 -1.261980e+01 
-3.969012e+01 -1.251963e+01 
-3.973245e+01 -1.241946e+01 
-3.977434e+01 -1.231929e+01 
-3.981580e+01 -1.221912e+01 
-3.985681e+01 -1.211895e+01 
-3.989740e+01 -1.201877e+01 
-3.993754e+01 -1.191860e+01 
-3.997726e+01 -1.181843e+01 
-4.001654e+01 -1.171825e+01 
-4.005538e+01 -1.161808e+01 
-4.009380e+01 -1.151790e+01 
-4.013178e+01 -1.141773e+01 
-4.016932e+01 -1.131755e+01 
-4.020647e+01 -1.121738e+01 
-4.024322e+01 -1.111722e+01 
-4.027958e+01 -1.101706e+01 
-4.031555e+01 -1.091690e+01 
-4.035113e+01 -1.081674e+01 
-4.038632e+01 -1.071657e+01 
-4.042112e+01 -1.061641e+01 
-4.045554e+01 -1.051625e+01 
-4.048957e+01 -1.041608e+01 
-4.052322e+01 -1.031592e+01 
-4.055647e+01 -1.021576e+01 
-4.058935e+01 -1.011559e+01 
-4.062184e+01 -1.001543e+01 
-4.065395e+01 -9.915262e+00 
-4.068567e+01 -9.815097e+00 
-4.071701e+01 -9.714931e+00 
-4.074797e+01 -9.614765e+00 
-4.077855e+01 -9.514599e+00 
-4.080875e+01 -9.414433e+00 
-4.083857e+01 -9.314266e+00 
-4.086801e+01 -9.214099e+00 
-4.089707e+01 -9.113932e+00 
-4.092575e+01 -9.013764e+00 
-4.095406e+01 -8.913596e+00 
-4.098199e+01 -8.813428e+00 
-4.100954e+01 -8.713260e+00 
-4.103671e+01 -8.613091e+00 
-4.106351e+01 -8.512923e+00 
-4.108994e+01 -8.412754e+00 
-4.111602e+01 -8.312601e+00 
-4.114180e+01 -8.212465e+00 
-4.116728e+01 -8.112331e+00 
-4.119247e+01 -8.012198e+00 
-4.121737e+01 -7.912064e+00 
-4.124197e+01 -7.811931e+00 
-4.126628e+01 -7.711798e+00 
-4.129031e+01 -7.611664e+00 
-4.131404e+01 -7.511531e+00 
-4.133748e+01 -7.411397e+00 
-4.136063e+01 -7.311264e+00 
-4.138350e+01 -7.211131e+00 
-4.140608e+01 -7.110997e+00 
-4.142836e+01 -7.010864e+00 
-4.145037e+01 -6.910730e+00 
-4.147208e+01 -6.810597e+00 
-4.149351e+01 -6.710463e+00 
-4.151465e+01 -6.610330e+00 
-4.153551e+01 -6.510196e+00 
-4.155608e+01 -6.410062e+00 
-4.157637e+01 -6.309929e+00 
-4.159638e+01 -6.209795e+00 
-4.161610e+01 -6.109662e+00 
-4.163553e+01 -6.009528e+00 
-4.165469e+01 -5.909394e+00 
-4.167356e+01 -5.809260e+00 
-4.169215e+01 -5.709127e+00 
-4.171046e+01 -5.608993e+00 
-4.172849e+01 -5.508859e+00 
-4.174623e+01 -5.408725e+00 
-4.176370e+01 -5.308591e+00 
-4.178088e+01 -5.208457e+00 
-4.179779e+01 -5.108323e+00 
-4.181441e+01 -5.008189e+00 
-4.183076e+01 -4.908055e+00 
-4.184682e+01 -4.807920e+00 
-4.186261e+01 -4.707786e+00 
-4.187811e+01 -4.607652e+00 
-4.189334e+01 -4.507518e+00 
-4.190829e+01 -4.407383e+00 
-4.192296e+01 -4.307249e+00 
-4.193736e+01 -4.207114e+00 
-4.195147e+01 -4.106975e+00 
-4.196525e+01 -4.006816e+00 
-4.197869e+01 -3.906650e+00 
-4.199179e+01 -3.806485e+00 
-4.200455e+01 -3.706319e+00 
-4.201698e+01 -3.606155e+00 
-4.202907e+01 -3.505991e+00 
-4.204082e+01 -3.405827e+00 
-4.205224e+01 -3.305664e+00 
-4.206333e+01 -3.205502e+00 
-4.207409e+01 -3.105340e+00 
-4.208452e+01 -3.005178e+00 
-4.209462e+01 -2.905017e+00 
-4.210440e+01 -2.804857e+00 
-4.211385e+01 -2.704696e+00 
-4.212297e+01 -2.604537e+00 
-4.213178e+01 -2.504378e+00 
-4.214026e+01 -2.404219e+00 
-4.214842e+01 -2.304061e+00 
-4.215626e+01 -2.203903e+00 
-4.216379e+01 -2.103745e+00 
-4.217099e+01 -2.003588e+00 
-4.217788e+01 -1.903432e+00 
-4.218446e+01 -1.803276e+00 
-4.219072e+01 -1.703120e+00 
-4.219667e+01 -1.602964e+00 
-4.220231e+01 -1.502809e+00 
-4.220763e+01 -1.402655e+00 
-4.221265e+01 -1.302501e+00 
-4.221735e+01 -1.202347e+00 
-4.222175e+01 -1.102193e+00 
-4.222584e+01 -1.002040e+00 
-4.222962e+01 -9.018874e-01 
-4.223310e+01 -8.017350e-01 
-4.223627e+01 -7.015829e-01 
-4.223914e+01 -6.014312e-01 
-4.213918e+01 -5.985688e-01 
