-5.521388e-01 -1.108830e+01 
-7.514913e-01 -1.108055e+01 
-9.508419e-01 -1.107064e+01 
-1.150190e+00 -1.105856e+01 
-1.349536e+00 -1.104430e+01 
-1.548880e+00 -1.102785e+01 
-1.748220e+00 -1.100919e+01 
-1.947592e+00 -1.098831e+01 
-2.146986e+00 -1.096529e+01 
-2.346379e+00 -1.094022e+01 
-2.545773e+00 -1.091308e+01 
-2.745167e+00 -1.088387e+01 
-2.944557e+00 -1.085257e+01 
-3.143908e+00 -1.081917e+01 
-3.343237e+00 -1.078353e+01 
-3.542568e+00 -1.074553e+01 
-3.741901e+00 -1.070519e+01 
-3.941235e+00 -1.066248e+01 
-4.140571e+00 -1.061739e+01 
-4.339910e+00 -1.056992e+01 
-4.539251e+00 -1.052006e+01 
-4.738555e+00 -1.046779e+01 
-4.937832e+00 -1.041296e+01 
-5.137101e+00 -1.035545e+01 
-5.336361e+00 -1.029518e+01 
-5.535612e+00 -1.023210e+01 
-5.734856e+00 -1.016613e+01 
-5.934092e+00 -1.009721e+01 
-6.133321e+00 -1.002527e+01 
-6.332543e+00 -9.950227e+00 
-6.531758e+00 -9.872009e+00 
-6.730968e+00 -9.790537e+00 
-6.930172e+00 -9.705732e+00 
-7.129325e+00 -9.617526e+00 
-7.328440e+00 -9.525621e+00 
-7.527549e+00 -9.429747e+00 
-7.726654e+00 -9.329786e+00 
-7.925754e+00 -9.225613e+00 
-8.124850e+00 -9.117092e+00 
-8.323939e+00 -9.004074e+00 
-8.523023e+00 -8.886398e+00 
-8.722100e+00 -8.763883e+00 
-8.921170e+00 -8.636331e+00 
-9.120233e+00 -8.503521e+00 
-9.319288e+00 -8.365207e+00 
-9.518335e+00 -8.221123e+00 
-9.717374e+00 -8.070967e+00 
-9.916404e+00 -7.914405e+00 
-1.011543e+01 -7.751059e+00 
-1.031444e+01 -7.580513e+00 
-1.051338e+01 -7.402340e+00 
-1.071212e+01 -7.215619e+00 
-1.091085e+01 -7.017593e+00 
-1.109860e+01 -6.818872e+00 
-1.127579e+01 -6.620111e+00 
-1.144337e+01 -6.421455e+00 
-1.160134e+01 -6.222802e+00 
-1.175032e+01 -6.024134e+00 
-1.189095e+01 -5.825447e+00 
-1.202382e+01 -5.626746e+00 
-1.214939e+01 -5.428031e+00 
-1.226808e+01 -5.229323e+00 
-1.238015e+01 -5.030619e+00 
-1.248585e+01 -4.831918e+00 
-1.258536e+01 -4.633354e+00 
-1.267815e+01 -4.435247e+00 
-1.276268e+01 -4.237222e+00 
-1.283903e+01 -4.039157e+00 
-1.290770e+01 -3.840995e+00 
-1.296928e+01 -3.642859e+00 
-1.302389e+01 -3.444737e+00 
-1.307167e+01 -3.246619e+00 
-1.311274e+01 -3.048602e+00 
-1.314689e+01 -2.850701e+00 
-1.317387e+01 -2.652758e+00 
-1.319390e+01 -2.455180e+00 
-1.320586e+01 -2.257927e+00 
-1.320878e+01 -2.060705e+00 
-1.320257e+01 -1.863625e+00 
-1.318675e+01 -1.666731e+00 
-1.316056e+01 -1.469854e+00 
-1.312381e+01 -1.273331e+00 
-1.307491e+01 -1.077013e+00 
-1.301246e+01 -8.806542e-01 
-1.293586e+01 -6.844604e-01 
-1.284334e+01 -4.885611e-01 
-1.273161e+01 -2.926281e-01 
-1.259813e+01 -9.674968e-02 
-1.243810e+01 9.950124e-02 
-1.224829e+01 2.961158e-01 
-1.205184e+01 4.688099e-01 
-1.185493e+01 6.168721e-01 
-1.165765e+01 7.465845e-01 
-1.146007e+01 8.618542e-01 
-1.126229e+01 9.653386e-01 
-1.106431e+01 1.058724e+00 
-1.086607e+01 1.143392e+00 
-1.066763e+01 1.220814e+00 
-1.046904e+01 1.291997e+00 
-1.027037e+01 1.357685e+00 
-1.007168e+01 1.418295e+00 
-9.872853e+00 1.474021e+00 
-9.673835e+00 1.525487e+00 
-9.474756e+00 1.573400e+00 
-9.275625e+00 1.618018e+00 
-9.076447e+00 1.659558e+00 
-8.877220e+00 1.698208e+00 
-8.677918e+00 1.734170e+00 
-8.478587e+00 1.767709e+00 
-8.279222e+00 1.798943e+00 
-8.079827e+00 1.827998e+00 
-7.880406e+00 1.854987e+00 
-7.680955e+00 1.880004e+00 
-7.481439e+00 1.903164e+00 
-7.281871e+00 1.924689e+00 
-7.082291e+00 1.944756e+00 
-6.882700e+00 1.963407e+00 
-6.683101e+00 1.980680e+00 
-6.483495e+00 1.996605e+00 
-6.283873e+00 2.011211e+00 
-6.084221e+00 2.024550e+00 
-5.884521e+00 2.036727e+00 
-5.684809e+00 2.047903e+00 
-5.485110e+00 2.058114e+00 
-5.285421e+00 2.067321e+00 
-5.085712e+00 2.075491e+00 
-4.885945e+00 2.082689e+00 
-4.686145e+00 2.089114e+00 
-4.486345e+00 2.094871e+00 
-4.286569e+00 2.099960e+00 
-4.086714e+00 2.104302e+00 
-3.886843e+00 2.108163e+00 
-3.686967e+00 2.111595e+00 
-3.487083e+00 2.114614e+00 
-3.287193e+00 2.117244e+00 
-3.087295e+00 2.119510e+00 
-2.887394e+00 2.121434e+00 
-2.888352e+00 2.241430e+00 
-3.088450e+00 2.239505e+00 
-3.288553e+00 2.237237e+00 
-3.488662e+00 2.234603e+00 
-3.688779e+00 2.231581e+00 
-3.888903e+00 2.228145e+00 
-4.089031e+00 2.224280e+00 
-4.289176e+00 2.219931e+00 
-4.489401e+00 2.214832e+00 
-4.689601e+00 2.209065e+00 
-4.889801e+00 2.202627e+00 
-5.090033e+00 2.195413e+00 
-5.290325e+00 2.187221e+00 
-5.490636e+00 2.177987e+00 
-5.690937e+00 2.167746e+00 
-5.891225e+00 2.156539e+00 
-6.091524e+00 2.144328e+00 
-6.291872e+00 2.130944e+00 
-6.492251e+00 2.116285e+00 
-6.692644e+00 2.100300e+00 
-6.893045e+00 2.082961e+00 
-7.093455e+00 2.064235e+00 
-7.293875e+00 2.044087e+00 
-7.494306e+00 2.022473e+00 
-7.694791e+00 1.999204e+00 
-7.895339e+00 1.974054e+00 
-8.095919e+00 1.946914e+00 
-8.296524e+00 1.917689e+00 
-8.497158e+00 1.886263e+00 
-8.697827e+00 1.852507e+00 
-8.898526e+00 1.816301e+00 
-9.099298e+00 1.777362e+00 
-9.300121e+00 1.735491e+00 
-9.500989e+00 1.690498e+00 
-9.701910e+00 1.642157e+00 
-9.902892e+00 1.590200e+00 
-1.010406e+01 1.533845e+00 
-1.030538e+01 1.472466e+00 
-1.050670e+01 1.405934e+00 
-1.070811e+01 1.333781e+00 
-1.090968e+01 1.255189e+00 
-1.111143e+01 1.169087e+00 
-1.131346e+01 1.073879e+00 
-1.151568e+01 9.681924e-01 
-1.171809e+01 8.502518e-01 
-1.192082e+01 7.171632e-01 
-1.212391e+01 5.647558e-01 
-1.232746e+01 3.862960e-01 
-1.252437e+01 1.829106e-01 
-1.269106e+01 -2.083852e-02 
-1.283071e+01 -2.249601e-01 
-1.294753e+01 -4.290271e-01 
-1.304432e+01 -6.331278e-01 
-1.312421e+01 -8.369340e-01 
-1.318924e+01 -1.040575e+00 
-1.324023e+01 -1.244257e+00 
-1.327850e+01 -1.447734e+00 
-1.330569e+01 -1.650858e+00 
-1.332218e+01 -1.853963e+00 
-1.332872e+01 -2.056883e+00 
-1.332585e+01 -2.259661e+00 
-1.331368e+01 -2.462408e+00 
-1.329326e+01 -2.664830e+00 
-1.326579e+01 -2.866887e+00 
-1.323099e+01 -3.068987e+00 
-1.318917e+01 -3.270969e+00 
-1.314055e+01 -3.472851e+00 
-1.308497e+01 -3.674730e+00 
-1.302230e+01 -3.876593e+00 
-1.295242e+01 -4.078431e+00 
-1.287466e+01 -4.280366e+00 
-1.278852e+01 -4.482341e+00 
-1.269404e+01 -4.684235e+00 
-1.259314e+01 -4.885670e+00 
-1.248610e+01 -5.086969e+00 
-1.237261e+01 -5.288265e+00 
-1.225242e+01 -5.489557e+00 
-1.212526e+01 -5.690843e+00 
-1.199071e+01 -5.892141e+00 
-1.184827e+01 -6.093454e+00 
-1.169735e+01 -6.294786e+00 
-1.153731e+01 -6.496133e+00 
-1.136752e+01 -6.697478e+00 
-1.118818e+01 -6.898717e+00 
-1.099809e+01 -7.099995e+00 
-1.079683e+01 -7.300615e+00 
-1.059556e+01 -7.489787e+00 
-1.039450e+01 -7.669899e+00 
-1.019352e+01 -7.842174e+00 
-9.992540e+00 -8.007160e+00 
-9.791570e+00 -8.165280e+00 
-9.590609e+00 -8.316917e+00 
-9.389656e+00 -8.462409e+00 
-9.188712e+00 -8.602063e+00 
-8.987774e+00 -8.736150e+00 
-8.786844e+00 -8.864919e+00 
-8.585921e+00 -8.988593e+00 
-8.385005e+00 -9.107375e+00 
-8.184095e+00 -9.221447e+00 
-7.983190e+00 -9.330975e+00 
-7.782290e+00 -9.436110e+00 
-7.581395e+00 -9.536988e+00 
-7.380505e+00 -9.633738e+00 
-7.179619e+00 -9.726478e+00 
-6.978772e+00 -9.815450e+00 
-6.777976e+00 -9.900947e+00 
-6.577186e+00 -9.983078e+00 
-6.376402e+00 -1.006192e+01 
-6.175624e+00 -1.013757e+01 
-5.974852e+00 -1.021008e+01 
-5.774088e+00 -1.027954e+01 
-5.573332e+00 -1.034602e+01 
-5.372584e+00 -1.040958e+01 
-5.171844e+00 -1.047031e+01 
-4.971112e+00 -1.052826e+01 
-4.770389e+00 -1.058349e+01 
-4.569693e+00 -1.063613e+01 
-4.369034e+00 -1.068634e+01 
-4.168373e+00 -1.073413e+01 
-3.967709e+00 -1.077952e+01 
-3.767044e+00 -1.082252e+01 
-3.566376e+00 -1.086315e+01 
-3.365707e+00 -1.090140e+01 
-3.165036e+00 -1.093730e+01 
-2.964387e+00 -1.097092e+01 
-2.763777e+00 -1.100242e+01 
-2.563171e+00 -1.103182e+01 
-2.362565e+00 -1.105913e+01 
-2.161959e+00 -1.108436e+01 
-1.961352e+00 -1.110752e+01 
-1.760724e+00 -1.112854e+01 
-1.560064e+00 -1.114733e+01 
-1.359408e+00 -1.116389e+01 
-1.158754e+00 -1.117825e+01 
-9.581022e-01 -1.119042e+01 
-7.574529e-01 -1.120040e+01 
-5.568054e-01 -1.120821e+01 
-5.521388e-01 -1.108830e+01 
