9.532383e-01 9.521349e+00 
9.641142e-01 9.621203e+00 
9.752873e-01 9.721056e+00 
9.867608e-01 9.820918e+00 
9.985153e-01 9.920785e+00 
1.010535e+00 1.002058e+01 
1.022961e+00 1.012037e+01 
1.035828e+00 1.022014e+01 
1.049173e+00 1.031993e+01 
1.062940e+00 1.041973e+01 
1.077122e+00 1.051950e+01 
1.091763e+00 1.061926e+01 
1.106907e+00 1.071899e+01 
1.122603e+00 1.081870e+01 
1.138898e+00 1.091840e+01 
1.155812e+00 1.101811e+01 
1.173324e+00 1.111781e+01 
1.191478e+00 1.121752e+01 
1.210232e+00 1.131720e+01 
1.229669e+00 1.141692e+01 
1.249680e+00 1.151660e+01 
1.270371e+00 1.161628e+01 
1.291740e+00 1.171596e+01 
1.313794e+00 1.181564e+01 
1.336535e+00 1.191533e+01 
1.359960e+00 1.201501e+01 
1.384060e+00 1.211471e+01 
1.408828e+00 1.221441e+01 
1.434256e+00 1.231410e+01 
1.460339e+00 1.241373e+01 
1.487216e+00 1.251325e+01 
1.515154e+00 1.261278e+01 
1.544141e+00 1.271234e+01 
1.574138e+00 1.281191e+01 
1.605119e+00 1.291150e+01 
1.637061e+00 1.301111e+01 
1.669916e+00 1.311075e+01 
1.703638e+00 1.321047e+01 
1.738076e+00 1.331038e+01 
1.772723e+00 1.341025e+01 
1.807648e+00 1.351004e+01 
1.843018e+00 1.360973e+01 
1.879071e+00 1.370925e+01 
1.916306e+00 1.380883e+01 
1.954572e+00 1.390846e+01 
1.993771e+00 1.400808e+01 
2.033908e+00 1.410770e+01 
2.074985e+00 1.420733e+01 
2.117011e+00 1.430695e+01 
2.159996e+00 1.440658e+01 
2.203951e+00 1.450620e+01 
2.248899e+00 1.460582e+01 
2.294847e+00 1.470543e+01 
2.341795e+00 1.480492e+01 
2.390076e+00 1.490434e+01 
2.439971e+00 1.500380e+01 
2.491400e+00 1.510329e+01 
2.544304e+00 1.520281e+01 
2.598586e+00 1.530230e+01 
2.654373e+00 1.540176e+01 
2.711781e+00 1.550119e+01 
2.770930e+00 1.560059e+01 
2.831962e+00 1.569996e+01 
2.895039e+00 1.579928e+01 
2.960363e+00 1.589858e+01 
3.028164e+00 1.599794e+01 
3.098330e+00 1.609738e+01 
3.170524e+00 1.619680e+01 
3.244903e+00 1.629620e+01 
3.321649e+00 1.639556e+01 
3.400979e+00 1.649491e+01 
3.483123e+00 1.659431e+01 
3.567992e+00 1.669380e+01 
3.655193e+00 1.679328e+01 
3.744860e+00 1.689275e+01 
3.837155e+00 1.699220e+01 
3.932254e+00 1.709164e+01 
4.030368e+00 1.719108e+01 
4.129797e+00 1.728869e+01 
4.229283e+00 1.738330e+01 
4.328868e+00 1.747537e+01 
4.428440e+00 1.756537e+01 
4.527998e+00 1.765330e+01 
4.627542e+00 1.773917e+01 
4.727072e+00 1.782296e+01 
4.826588e+00 1.790468e+01 
4.926089e+00 1.798433e+01 
5.025576e+00 1.806192e+01 
5.125048e+00 1.813745e+01 
5.224506e+00 1.821091e+01 
5.323949e+00 1.828233e+01 
5.423377e+00 1.835170e+01 
5.522792e+00 1.841902e+01 
5.622192e+00 1.848432e+01 
5.721611e+00 1.854761e+01 
5.821231e+00 1.860913e+01 
5.920873e+00 1.866944e+01 
6.020508e+00 1.872861e+01 
6.120133e+00 1.878665e+01 
6.219749e+00 1.884352e+01 
6.319356e+00 1.889924e+01 
6.418954e+00 1.895378e+01 
6.518545e+00 1.900714e+01 
6.618126e+00 1.905931e+01 
6.717701e+00 1.911029e+01 
6.817268e+00 1.916007e+01 
6.916828e+00 1.920866e+01 
7.016381e+00 1.925604e+01 
7.115929e+00 1.930222e+01 
7.215470e+00 1.934719e+01 
7.315007e+00 1.939097e+01 
7.414539e+00 1.943355e+01 
7.514064e+00 1.947494e+01 
7.613588e+00 1.951513e+01 
7.713123e+00 1.955415e+01 
7.812654e+00 1.959202e+01 
7.912179e+00 1.962875e+01 
8.011699e+00 1.966435e+01 
8.111214e+00 1.969880e+01 
8.210724e+00 1.973212e+01 
8.310230e+00 1.976430e+01 
8.409739e+00 1.979534e+01 
8.509381e+00 1.982530e+01 
8.609091e+00 1.985447e+01 
8.708797e+00 1.988299e+01 
8.808497e+00 1.991085e+01 
8.908189e+00 1.993804e+01 
9.007873e+00 1.996454e+01 
9.107550e+00 1.999035e+01 
9.207219e+00 2.001544e+01 
9.306880e+00 2.003982e+01 
9.406534e+00 2.006345e+01 
9.506179e+00 2.008634e+01 
9.605817e+00 2.010846e+01 
9.705446e+00 2.012981e+01 
9.805067e+00 2.015037e+01 
9.904680e+00 2.017012e+01 
1.000428e+01 2.018906e+01 
1.010388e+01 2.020717e+01 
1.020347e+01 2.022443e+01 
1.030305e+01 2.024084e+01 
1.040262e+01 2.025637e+01 
1.050218e+01 2.027103e+01 
1.060174e+01 2.028478e+01 
1.070129e+01 2.029763e+01 
1.080083e+01 2.030955e+01 
1.090036e+01 2.032053e+01 
1.099988e+01 2.033057e+01 
1.109940e+01 2.033964e+01 
1.119890e+01 2.034774e+01 
1.129840e+01 2.035484e+01 
1.139790e+01 2.036095e+01 
1.149738e+01 2.036605e+01 
1.159686e+01 2.037012e+01 
1.169636e+01 2.037315e+01 
1.179597e+01 2.037519e+01 
1.189558e+01 2.037643e+01 
1.199523e+01 2.037690e+01 
1.209493e+01 2.037667e+01 
1.219464e+01 2.037586e+01 
1.229435e+01 2.037446e+01 
1.239404e+01 2.037249e+01 
1.249371e+01 2.036990e+01 
1.259337e+01 2.036665e+01 
1.269303e+01 2.036272e+01 
1.279267e+01 2.035810e+01 
1.289231e+01 2.035278e+01 
1.299195e+01 2.034673e+01 
1.309159e+01 2.033997e+01 
1.319122e+01 2.033247e+01 
1.329085e+01 2.032423e+01 
1.339048e+01 2.031526e+01 
1.349011e+01 2.030553e+01 
1.358973e+01 2.029504e+01 
1.368935e+01 2.028379e+01 
1.378897e+01 2.027178e+01 
1.388859e+01 2.025898e+01 
1.398821e+01 2.024541e+01 
1.408782e+01 2.023104e+01 
1.418743e+01 2.021589e+01 
1.428704e+01 2.019993e+01 
1.438665e+01 2.018316e+01 
1.448626e+01 2.016558e+01 
1.458586e+01 2.014717e+01 
1.468547e+01 2.012795e+01 
1.478507e+01 2.010788e+01 
1.488467e+01 2.008698e+01 
1.498428e+01 2.006523e+01 
1.508388e+01 2.004263e+01 
1.518348e+01 2.001918e+01 
1.528308e+01 1.999485e+01 
1.538276e+01 1.996963e+01 
1.548246e+01 1.994372e+01 
1.558215e+01 1.991714e+01 
1.568184e+01 1.988987e+01 
1.578152e+01 1.986191e+01 
1.588121e+01 1.983324e+01 
1.598089e+01 1.980387e+01 
1.608057e+01 1.977378e+01 
1.618025e+01 1.974297e+01 
1.627993e+01 1.971141e+01 
1.637960e+01 1.967911e+01 
1.647927e+01 1.964605e+01 
1.657894e+01 1.961222e+01 
1.667861e+01 1.957761e+01 
1.677827e+01 1.954221e+01 
1.687793e+01 1.950601e+01 
1.697759e+01 1.946899e+01 
1.707725e+01 1.943115e+01 
1.717691e+01 1.939248e+01 
1.727656e+01 1.935295e+01 
1.737621e+01 1.931255e+01 
1.747586e+01 1.927128e+01 
1.757550e+01 1.922912e+01 
1.767515e+01 1.918605e+01 
1.777479e+01 1.914205e+01 
1.787443e+01 1.909712e+01 
1.797406e+01 1.905123e+01 
1.807369e+01 1.900437e+01 
1.817333e+01 1.895653e+01 
1.827295e+01 1.890767e+01 
1.837258e+01 1.885778e+01 
1.847221e+01 1.880684e+01 
1.857189e+01 1.875483e+01 
1.867158e+01 1.870189e+01 
1.877127e+01 1.864805e+01 
1.887096e+01 1.859330e+01 
1.897064e+01 1.853761e+01 
1.907032e+01 1.848097e+01 
1.917000e+01 1.842336e+01 
1.926967e+01 1.836474e+01 
1.936934e+01 1.830511e+01 
1.946901e+01 1.824444e+01 
1.956868e+01 1.818271e+01 
1.966834e+01 1.811988e+01 
1.976800e+01 1.805594e+01 
1.986766e+01 1.799086e+01 
1.996731e+01 1.792461e+01 
2.006697e+01 1.785715e+01 
2.016671e+01 1.778841e+01 
2.026648e+01 1.771870e+01 
2.036625e+01 1.764816e+01 
2.046602e+01 1.757677e+01 
2.056578e+01 1.750453e+01 
2.066555e+01 1.743140e+01 
2.076532e+01 1.735739e+01 
2.086508e+01 1.728247e+01 
2.096485e+01 1.720663e+01 
2.106461e+01 1.712985e+01 
2.116437e+01 1.705211e+01 
2.126413e+01 1.697340e+01 
2.136389e+01 1.689369e+01 
2.146365e+01 1.681297e+01 
2.156341e+01 1.673121e+01 
2.166316e+01 1.664840e+01 
2.176292e+01 1.656452e+01 
2.186267e+01 1.647953e+01 
2.196242e+01 1.639342e+01 
2.206217e+01 1.630617e+01 
2.216192e+01 1.621775e+01 
2.226167e+01 1.612812e+01 
2.236142e+01 1.603727e+01 
2.246117e+01 1.594517e+01 
2.256091e+01 1.585178e+01 
2.266066e+01 1.575708e+01 
2.276040e+01 1.566103e+01 
2.286014e+01 1.556360e+01 
2.295989e+01 1.546474e+01 
2.305907e+01 1.536500e+01 
2.315683e+01 1.526526e+01 
2.325318e+01 1.516552e+01 
2.334815e+01 1.506578e+01 
2.344176e+01 1.496605e+01 
2.353403e+01 1.486631e+01 
2.362498e+01 1.476657e+01 
2.371464e+01 1.466684e+01 
2.380301e+01 1.456711e+01 
2.389013e+01 1.446737e+01 
2.397602e+01 1.436764e+01 
2.406067e+01 1.426791e+01 
2.414413e+01 1.416818e+01 
2.422640e+01 1.406845e+01 
2.430750e+01 1.396872e+01 
2.438748e+01 1.386900e+01 
2.446627e+01 1.376928e+01 
2.454390e+01 1.366957e+01 
2.462040e+01 1.356985e+01 
2.469578e+01 1.347013e+01 
2.477006e+01 1.337041e+01 
2.484326e+01 1.327069e+01 
2.491540e+01 1.317097e+01 
2.498649e+01 1.307125e+01 
2.505656e+01 1.297153e+01 
2.512562e+01 1.287181e+01 
2.519368e+01 1.277209e+01 
2.526076e+01 1.267237e+01 
2.532687e+01 1.257265e+01 
2.539203e+01 1.247293e+01 
2.545626e+01 1.237319e+01 
2.551964e+01 1.227341e+01 
2.558231e+01 1.217362e+01 
2.564430e+01 1.207383e+01 
2.570561e+01 1.197404e+01 
2.576624e+01 1.187425e+01 
2.582619e+01 1.177446e+01 
2.588548e+01 1.167467e+01 
2.594410e+01 1.157489e+01 
2.600206e+01 1.147510e+01 
2.605937e+01 1.137532e+01 
2.611602e+01 1.127553e+01 
2.617202e+01 1.117575e+01 
2.622737e+01 1.107596e+01 
2.628208e+01 1.097618e+01 
2.633615e+01 1.087640e+01 
2.638958e+01 1.077662e+01 
2.644238e+01 1.067683e+01 
2.649455e+01 1.057705e+01 
2.654609e+01 1.047727e+01 
2.659700e+01 1.037750e+01 
2.664729e+01 1.027772e+01 
2.669697e+01 1.017794e+01 
2.674602e+01 1.007816e+01 
2.679447e+01 9.978386e+00 
2.684230e+01 9.878610e+00 
2.688952e+01 9.778836e+00 
2.693614e+01 9.679061e+00 
2.698215e+01 9.579288e+00 
2.702756e+01 9.479515e+00 
2.707237e+01 9.379743e+00 
2.711658e+01 9.279972e+00 
2.716020e+01 9.180201e+00 
2.720322e+01 9.080432e+00 
2.724565e+01 8.980663e+00 
2.728749e+01 8.880894e+00 
2.732875e+01 8.781127e+00 
2.736942e+01 8.681360e+00 
2.740950e+01 8.581594e+00 
2.744900e+01 8.481828e+00 
2.748791e+01 8.382075e+00 
2.752622e+01 8.282322e+00 
2.756393e+01 8.182570e+00 
2.760103e+01 8.082818e+00 
2.763753e+01 7.983066e+00 
2.767344e+01 7.883313e+00 
2.770875e+01 7.783561e+00 
2.774348e+01 7.683809e+00 
2.777762e+01 7.584057e+00 
2.781118e+01 7.484305e+00 
2.784416e+01 7.384552e+00 
2.787657e+01 7.284800e+00 
2.790840e+01 7.185047e+00 
2.793967e+01 7.085294e+00 
2.797036e+01 6.985541e+00 
2.800050e+01 6.885787e+00 
2.803008e+01 6.786024e+00 
2.805913e+01 6.686234e+00 
2.808771e+01 6.586428e+00 
2.811586e+01 6.486621e+00 
2.814358e+01 6.386815e+00 
2.817086e+01 6.287010e+00 
2.819772e+01 6.187204e+00 
2.822414e+01 6.087399e+00 
2.825013e+01 5.987594e+00 
2.827569e+01 5.887789e+00 
2.830083e+01 5.787984e+00 
2.832554e+01 5.688180e+00 
2.834982e+01 5.588375e+00 
2.837368e+01 5.488571e+00 
2.839712e+01 5.388766e+00 
2.842013e+01 5.288962e+00 
2.844272e+01 5.189158e+00 
2.846489e+01 5.089353e+00 
2.848664e+01 4.989549e+00 
2.850797e+01 4.889745e+00 
2.852889e+01 4.789941e+00 
2.854939e+01 4.690136e+00 
2.856947e+01 4.590332e+00 
2.858914e+01 4.490527e+00 
2.860840e+01 4.390722e+00 
2.862725e+01 4.290918e+00 
2.864568e+01 4.191113e+00 
2.866371e+01 4.091307e+00 
2.868133e+01 3.991502e+00 
2.869854e+01 3.891696e+00 
2.871535e+01 3.791890e+00 
2.873176e+01 3.692090e+00 
2.874775e+01 3.592286e+00 
2.876333e+01 3.492482e+00 
2.877851e+01 3.392679e+00 
2.879328e+01 3.292876e+00 
2.880765e+01 3.193074e+00 
2.882161e+01 3.093272e+00 
2.883516e+01 2.993471e+00 
2.884831e+01 2.893670e+00 
2.886105e+01 2.793870e+00 
2.887338e+01 2.694070e+00 
2.888530e+01 2.594271e+00 
2.889681e+01 2.494473e+00 
2.890791e+01 2.394675e+00 
2.891860e+01 2.294877e+00 
2.892888e+01 2.195080e+00 
2.893874e+01 2.095284e+00 
2.894820e+01 1.995488e+00 
2.895724e+01 1.895692e+00 
2.896587e+01 1.795897e+00 
2.897409e+01 1.696102e+00 
2.898190e+01 1.596308e+00 
2.898928e+01 1.496514e+00 
2.899626e+01 1.396721e+00 
2.900282e+01 1.296928e+00 
2.900896e+01 1.197136e+00 
2.901469e+01 1.097344e+00 
2.901999e+01 9.975527e-01 
2.902488e+01 8.977617e-01 
2.902936e+01 7.979710e-01 
2.903341e+01 6.981808e-01 
2.903704e+01 5.983909e-01 
2.913699e+01 6.016091e-01 
2.913334e+01 7.018192e-01 
2.912927e+01 8.020290e-01 
2.912478e+01 9.022383e-01 
2.911987e+01 1.002447e+00 
2.911454e+01 1.102656e+00 
2.910880e+01 1.202864e+00 
2.910263e+01 1.303072e+00 
2.909604e+01 1.403279e+00 
2.908904e+01 1.503486e+00 
2.908162e+01 1.603692e+00 
2.907379e+01 1.703898e+00 
2.906554e+01 1.804103e+00 
2.905687e+01 1.904308e+00 
2.904779e+01 2.004512e+00 
2.903830e+01 2.104716e+00 
2.902839e+01 2.204920e+00 
2.901807e+01 2.305123e+00 
2.900734e+01 2.405325e+00 
2.899619e+01 2.505527e+00 
2.898464e+01 2.605729e+00 
2.897267e+01 2.705930e+00 
2.896029e+01 2.806130e+00 
2.894751e+01 2.906330e+00 
2.893431e+01 3.006529e+00 
2.892070e+01 3.106728e+00 
2.890669e+01 3.206926e+00 
2.889226e+01 3.307124e+00 
2.887743e+01 3.407321e+00 
2.886220e+01 3.507518e+00 
2.884655e+01 3.607714e+00 
2.883050e+01 3.707910e+00 
2.881403e+01 3.808110e+00 
2.879716e+01 3.908304e+00 
2.877988e+01 4.008498e+00 
2.876219e+01 4.108693e+00 
2.874409e+01 4.208887e+00 
2.872558e+01 4.309082e+00 
2.870666e+01 4.409278e+00 
2.868733e+01 4.509473e+00 
2.866758e+01 4.609668e+00 
2.864742e+01 4.709864e+00 
2.862684e+01 4.810059e+00 
2.860585e+01 4.910255e+00 
2.858443e+01 5.010451e+00 
2.856260e+01 5.110647e+00 
2.854034e+01 5.210842e+00 
2.851766e+01 5.311038e+00 
2.849456e+01 5.411234e+00 
2.847103e+01 5.511429e+00 
2.844708e+01 5.611625e+00 
2.842271e+01 5.711820e+00 
2.839790e+01 5.812016e+00 
2.837267e+01 5.912211e+00 
2.834700e+01 6.012406e+00 
2.832091e+01 6.112601e+00 
2.829439e+01 6.212796e+00 
2.826743e+01 6.312990e+00 
2.824004e+01 6.413185e+00 
2.821222e+01 6.513379e+00 
2.818396e+01 6.613572e+00 
2.815527e+01 6.713766e+00 
2.812609e+01 6.813976e+00 
2.809638e+01 6.914213e+00 
2.806609e+01 7.014459e+00 
2.803524e+01 7.114706e+00 
2.800383e+01 7.214953e+00 
2.797184e+01 7.315200e+00 
2.793927e+01 7.415448e+00 
2.790613e+01 7.515695e+00 
2.787240e+01 7.615943e+00 
2.783809e+01 7.716191e+00 
2.780320e+01 7.816439e+00 
2.776771e+01 7.916687e+00 
2.773162e+01 8.016934e+00 
2.769494e+01 8.117182e+00 
2.765765e+01 8.217430e+00 
2.761976e+01 8.317678e+00 
2.758127e+01 8.417925e+00 
2.754216e+01 8.518172e+00 
2.750248e+01 8.618406e+00 
2.746221e+01 8.718640e+00 
2.742135e+01 8.818873e+00 
2.737991e+01 8.919106e+00 
2.733787e+01 9.019337e+00 
2.729524e+01 9.119568e+00 
2.725202e+01 9.219799e+00 
2.720821e+01 9.320028e+00 
2.716379e+01 9.420257e+00 
2.711878e+01 9.520485e+00 
2.707317e+01 9.620712e+00 
2.702695e+01 9.720939e+00 
2.698012e+01 9.821164e+00 
2.693269e+01 9.921390e+00 
2.688464e+01 1.002161e+01 
2.683598e+01 1.012184e+01 
2.678671e+01 1.022206e+01 
2.673681e+01 1.032228e+01 
2.668630e+01 1.042250e+01 
2.663516e+01 1.052273e+01 
2.658339e+01 1.062295e+01 
2.653100e+01 1.072317e+01 
2.647797e+01 1.082338e+01 
2.642430e+01 1.092360e+01 
2.637000e+01 1.102382e+01 
2.631506e+01 1.112404e+01 
2.625946e+01 1.122425e+01 
2.620322e+01 1.132447e+01 
2.614633e+01 1.142468e+01 
2.608878e+01 1.152490e+01 
2.603058e+01 1.162511e+01 
2.597170e+01 1.172533e+01 
2.591217e+01 1.182554e+01 
2.585196e+01 1.192575e+01 
2.579107e+01 1.202596e+01 
2.572951e+01 1.212617e+01 
2.566726e+01 1.222638e+01 
2.560432e+01 1.232659e+01 
2.554067e+01 1.242681e+01 
2.547610e+01 1.252707e+01 
2.541058e+01 1.262735e+01 
2.534411e+01 1.272763e+01 
2.527665e+01 1.282791e+01 
2.520821e+01 1.292819e+01 
2.513877e+01 1.302847e+01 
2.506831e+01 1.312875e+01 
2.499682e+01 1.322903e+01 
2.492428e+01 1.332931e+01 
2.485067e+01 1.342959e+01 
2.477597e+01 1.352987e+01 
2.470017e+01 1.363015e+01 
2.462324e+01 1.373043e+01 
2.454517e+01 1.383072e+01 
2.446594e+01 1.393100e+01 
2.438551e+01 1.403128e+01 
2.430398e+01 1.413155e+01 
2.422127e+01 1.423182e+01 
2.413737e+01 1.433209e+01 
2.405225e+01 1.443236e+01 
2.396591e+01 1.453263e+01 
2.387833e+01 1.463289e+01 
2.378948e+01 1.473316e+01 
2.369935e+01 1.483343e+01 
2.360792e+01 1.493369e+01 
2.351516e+01 1.503395e+01 
2.342106e+01 1.513422e+01 
2.332560e+01 1.523448e+01 
2.322875e+01 1.533474e+01 
2.313049e+01 1.543500e+01 
2.303080e+01 1.553526e+01 
2.293054e+01 1.563462e+01 
2.283028e+01 1.573256e+01 
2.273002e+01 1.582911e+01 
2.262977e+01 1.592430e+01 
2.252951e+01 1.601817e+01 
2.242926e+01 1.611074e+01 
2.232901e+01 1.620205e+01 
2.222876e+01 1.629213e+01 
2.212851e+01 1.638100e+01 
2.202826e+01 1.646869e+01 
2.192801e+01 1.655523e+01 
2.182777e+01 1.664064e+01 
2.172752e+01 1.672494e+01 
2.162728e+01 1.680815e+01 
2.152704e+01 1.689031e+01 
2.142679e+01 1.697143e+01 
2.132655e+01 1.705152e+01 
2.122631e+01 1.713061e+01 
2.112607e+01 1.720873e+01 
2.102584e+01 1.728588e+01 
2.092560e+01 1.736208e+01 
2.082537e+01 1.743735e+01 
2.072513e+01 1.751172e+01 
2.062490e+01 1.758518e+01 
2.052467e+01 1.765777e+01 
2.042444e+01 1.772948e+01 
2.032421e+01 1.780035e+01 
2.022398e+01 1.787038e+01 
2.012372e+01 1.793949e+01 
2.002337e+01 1.800742e+01 
1.992302e+01 1.807413e+01 
1.982268e+01 1.813967e+01 
1.972234e+01 1.820405e+01 
1.962201e+01 1.826730e+01 
1.952167e+01 1.832945e+01 
1.942134e+01 1.839053e+01 
1.932101e+01 1.845056e+01 
1.922069e+01 1.850956e+01 
1.912036e+01 1.856755e+01 
1.902004e+01 1.862456e+01 
1.891973e+01 1.868060e+01 
1.881941e+01 1.873570e+01 
1.871910e+01 1.878988e+01 
1.861879e+01 1.884315e+01 
1.851847e+01 1.889550e+01 
1.841810e+01 1.894682e+01 
1.831773e+01 1.899708e+01 
1.821736e+01 1.904631e+01 
1.811699e+01 1.909452e+01 
1.801662e+01 1.914173e+01 
1.791626e+01 1.918795e+01 
1.781590e+01 1.923321e+01 
1.771554e+01 1.927753e+01 
1.761518e+01 1.932091e+01 
1.751483e+01 1.936338e+01 
1.741447e+01 1.940494e+01 
1.731413e+01 1.944562e+01 
1.721378e+01 1.948543e+01 
1.711343e+01 1.952438e+01 
1.701309e+01 1.956248e+01 
1.691275e+01 1.959975e+01 
1.681241e+01 1.963620e+01 
1.671208e+01 1.967184e+01 
1.661174e+01 1.970668e+01 
1.651141e+01 1.974074e+01 
1.641108e+01 1.977402e+01 
1.631076e+01 1.980654e+01 
1.621043e+01 1.983830e+01 
1.611011e+01 1.986932e+01 
1.600979e+01 1.989961e+01 
1.590947e+01 1.992917e+01 
1.580916e+01 1.995801e+01 
1.570885e+01 1.998615e+01 
1.560853e+01 2.001359e+01 
1.550823e+01 2.004034e+01 
1.540792e+01 2.006642e+01 
1.530761e+01 2.009180e+01 
1.520721e+01 2.011632e+01 
1.510681e+01 2.013997e+01 
1.500641e+01 2.016276e+01 
1.490601e+01 2.018468e+01 
1.480561e+01 2.020575e+01 
1.470522e+01 2.022598e+01 
1.460482e+01 2.024536e+01 
1.450443e+01 2.026391e+01 
1.440403e+01 2.028163e+01 
1.430364e+01 2.029854e+01 
1.420325e+01 2.031463e+01 
1.410286e+01 2.032991e+01 
1.400248e+01 2.034438e+01 
1.390209e+01 2.035807e+01 
1.380171e+01 2.037096e+01 
1.370133e+01 2.038307e+01 
1.360095e+01 2.039441e+01 
1.350058e+01 2.040498e+01 
1.340020e+01 2.041478e+01 
1.329983e+01 2.042383e+01 
1.319946e+01 2.043213e+01 
1.309909e+01 2.043969e+01 
1.299873e+01 2.044650e+01 
1.289837e+01 2.045259e+01 
1.279801e+01 2.045796e+01 
1.269766e+01 2.046262e+01 
1.259731e+01 2.046657e+01 
1.249697e+01 2.046985e+01 
1.239664e+01 2.047245e+01 
1.229633e+01 2.047445e+01 
1.219604e+01 2.047585e+01 
1.209575e+01 2.047667e+01 
1.199546e+01 2.047690e+01 
1.189511e+01 2.047643e+01 
1.179472e+01 2.047518e+01 
1.169432e+01 2.047313e+01 
1.159382e+01 2.047007e+01 
1.149330e+01 2.046596e+01 
1.139279e+01 2.046082e+01 
1.129228e+01 2.045466e+01 
1.119178e+01 2.044748e+01 
1.109129e+01 2.043931e+01 
1.099080e+01 2.043015e+01 
1.089033e+01 2.042003e+01 
1.078986e+01 2.040894e+01 
1.068940e+01 2.039692e+01 
1.058894e+01 2.038396e+01 
1.048850e+01 2.037009e+01 
1.038806e+01 2.035531e+01 
1.028763e+01 2.033964e+01 
1.018721e+01 2.032310e+01 
1.008680e+01 2.030570e+01 
9.986399e+00 2.028745e+01 
9.886004e+00 2.026836e+01 
9.785616e+00 2.024846e+01 
9.685237e+00 2.022775e+01 
9.584867e+00 2.020624e+01 
9.484504e+00 2.018396e+01 
9.384150e+00 2.016092e+01 
9.283803e+00 2.013712e+01 
9.183464e+00 2.011258e+01 
9.083133e+00 2.008732e+01 
8.982810e+00 2.006135e+01 
8.882494e+00 2.003468e+01 
8.782186e+00 2.000732e+01 
8.681886e+00 1.997930e+01 
8.581593e+00 1.995062e+01 
8.481302e+00 1.992128e+01 
8.380944e+00 1.989110e+01 
8.280454e+00 1.985976e+01 
8.179959e+00 1.982727e+01 
8.079469e+00 1.979363e+01 
7.978984e+00 1.975885e+01 
7.878504e+00 1.972291e+01 
7.778030e+00 1.968583e+01 
7.677560e+00 1.964761e+01 
7.577096e+00 1.960823e+01 
7.476620e+00 1.956766e+01 
7.376144e+00 1.952589e+01 
7.275676e+00 1.948291e+01 
7.175213e+00 1.943873e+01 
7.074754e+00 1.939335e+01 
6.974302e+00 1.934675e+01 
6.873855e+00 1.929895e+01 
6.773416e+00 1.924995e+01 
6.672982e+00 1.919973e+01 
6.572557e+00 1.914832e+01 
6.472138e+00 1.909572e+01 
6.371729e+00 1.904193e+01 
6.271327e+00 1.898695e+01 
6.170935e+00 1.893080e+01 
6.070550e+00 1.887349e+01 
5.970176e+00 1.881502e+01 
5.869810e+00 1.875542e+01 
5.769452e+00 1.869468e+01 
5.669072e+00 1.863270e+01 
5.568491e+00 1.856868e+01 
5.467892e+00 1.850261e+01 
5.367306e+00 1.843450e+01 
5.266734e+00 1.836434e+01 
5.166178e+00 1.829214e+01 
5.065636e+00 1.821788e+01 
4.965108e+00 1.814157e+01 
4.864594e+00 1.806319e+01 
4.764096e+00 1.798275e+01 
4.663611e+00 1.790024e+01 
4.563141e+00 1.781567e+01 
4.462685e+00 1.772903e+01 
4.362243e+00 1.764032e+01 
4.261815e+00 1.754956e+01 
4.161400e+00 1.745673e+01 
4.060887e+00 1.736116e+01 
3.960315e+00 1.726244e+01 
3.861074e+00 1.716188e+01 
3.764887e+00 1.706132e+01 
3.671563e+00 1.696078e+01 
3.580921e+00 1.686024e+01 
3.492795e+00 1.675972e+01 
3.407046e+00 1.665921e+01 
3.323897e+00 1.655862e+01 
3.243508e+00 1.645796e+01 
3.165764e+00 1.635733e+01 
3.090463e+00 1.625672e+01 
3.017416e+00 1.615614e+01 
2.946457e+00 1.605559e+01 
2.877765e+00 1.595495e+01 
2.811500e+00 1.585425e+01 
2.747549e+00 1.575357e+01 
2.685723e+00 1.565293e+01 
2.625847e+00 1.555233e+01 
2.567773e+00 1.545177e+01 
2.511370e+00 1.535123e+01 
2.456521e+00 1.525071e+01 
2.403102e+00 1.515023e+01 
2.351139e+00 1.504972e+01 
2.300694e+00 1.494918e+01 
2.251843e+00 1.484861e+01 
2.204411e+00 1.474810e+01 
2.158095e+00 1.464771e+01 
2.112800e+00 1.454733e+01 
2.068507e+00 1.444695e+01 
2.025194e+00 1.434657e+01 
1.982848e+00 1.424620e+01 
1.941459e+00 1.414582e+01 
1.901017e+00 1.404545e+01 
1.861517e+00 1.394507e+01 
1.822957e+00 1.384469e+01 
1.785405e+00 1.374428e+01 
1.748998e+00 1.364379e+01 
1.713405e+00 1.354348e+01 
1.678336e+00 1.344328e+01 
1.643600e+00 1.334315e+01 
1.609097e+00 1.324306e+01 
1.575186e+00 1.314278e+01 
1.542091e+00 1.304242e+01 
1.509895e+00 1.294203e+01 
1.478652e+00 1.284162e+01 
1.448392e+00 1.274119e+01 
1.419142e+00 1.264074e+01 
1.390938e+00 1.254028e+01 
1.363798e+00 1.243980e+01 
1.337517e+00 1.233943e+01 
1.311931e+00 1.223912e+01 
1.287010e+00 1.213882e+01 
1.262760e+00 1.203851e+01 
1.239187e+00 1.193820e+01 
1.216299e+00 1.183788e+01 
1.194101e+00 1.173757e+01 
1.172593e+00 1.163724e+01 
1.151768e+00 1.153693e+01 
1.131625e+00 1.143661e+01 
1.112079e+00 1.133633e+01 
1.093203e+00 1.123601e+01 
1.074942e+00 1.113572e+01 
1.057320e+00 1.103541e+01 
1.040307e+00 1.093513e+01 
1.023912e+00 1.083483e+01 
1.008124e+00 1.073454e+01 
9.928962e-01 1.063427e+01 
9.781822e-01 1.053402e+01 
9.639356e-01 1.043380e+01 
9.501109e-01 1.033360e+01 
9.367106e-01 1.023339e+01 
9.237828e-01 1.013316e+01 
9.113014e-01 1.003294e+01 
8.992328e-01 9.932742e+00 
8.874464e-01 9.832608e+00 
8.759409e-01 9.732471e+00 
8.647344e-01 9.632324e+00 
8.538263e-01 9.532177e+00 
9.532383e-01 9.521349e+00 
