3.665761e-01 1.164492e+01 
3.766529e-01 1.174472e+01 
3.871454e-01 1.184451e+01 
3.980602e-01 1.194431e+01 
4.093788e-01 1.204408e+01 
4.211575e-01 1.214382e+01 
4.334600e-01 1.224354e+01 
4.463289e-01 1.234318e+01 
4.599465e-01 1.244284e+01 
4.742651e-01 1.254261e+01 
4.890706e-01 1.264236e+01 
5.043869e-01 1.274210e+01 
5.202309e-01 1.284184e+01 
5.366202e-01 1.294157e+01 
5.535615e-01 1.304132e+01 
5.710264e-01 1.314107e+01 
5.890164e-01 1.324082e+01 
6.075328e-01 1.334057e+01 
6.265790e-01 1.344033e+01 
6.461260e-01 1.354011e+01 
6.661487e-01 1.363987e+01 
6.866658e-01 1.373964e+01 
7.076900e-01 1.383942e+01 
7.291911e-01 1.393921e+01 
7.511359e-01 1.403903e+01 
7.734731e-01 1.413887e+01 
7.961621e-01 1.423873e+01 
8.191584e-01 1.433861e+01 
8.424084e-01 1.443850e+01 
8.659005e-01 1.453837e+01 
8.896652e-01 1.463826e+01 
9.136948e-01 1.473818e+01 
9.378864e-01 1.483810e+01 
9.622358e-01 1.493797e+01 
9.868751e-01 1.503779e+01 
1.011888e+00 1.513762e+01 
1.037287e+00 1.523747e+01 
1.063031e+00 1.533733e+01 
1.089067e+00 1.543720e+01 
1.115387e+00 1.553707e+01 
1.142007e+00 1.563692e+01 
1.168949e+00 1.573676e+01 
1.196239e+00 1.583659e+01 
1.223904e+00 1.593641e+01 
1.251973e+00 1.603622e+01 
1.280472e+00 1.613600e+01 
1.309451e+00 1.623576e+01 
1.338963e+00 1.633551e+01 
1.369035e+00 1.643525e+01 
1.399700e+00 1.653498e+01 
1.430992e+00 1.663469e+01 
1.462954e+00 1.673446e+01 
1.495467e+00 1.683430e+01 
1.528370e+00 1.693415e+01 
1.561622e+00 1.703400e+01 
1.595230e+00 1.713384e+01 
1.629211e+00 1.723367e+01 
1.663579e+00 1.733350e+01 
1.698348e+00 1.743332e+01 
1.733536e+00 1.753313e+01 
1.769168e+00 1.763291e+01 
1.805318e+00 1.773267e+01 
1.842056e+00 1.783241e+01 
1.879411e+00 1.793215e+01 
1.917406e+00 1.803187e+01 
1.956065e+00 1.813160e+01 
1.995409e+00 1.823131e+01 
2.035462e+00 1.833101e+01 
2.076249e+00 1.843071e+01 
2.117796e+00 1.853041e+01 
2.160142e+00 1.863015e+01 
2.203176e+00 1.872993e+01 
2.246775e+00 1.882971e+01 
2.290936e+00 1.892950e+01 
2.335663e+00 1.902928e+01 
2.380965e+00 1.912906e+01 
2.426845e+00 1.922884e+01 
2.473311e+00 1.932862e+01 
2.520368e+00 1.942840e+01 
2.568021e+00 1.952818e+01 
2.616275e+00 1.962796e+01 
2.665134e+00 1.972774e+01 
2.714601e+00 1.982752e+01 
2.764680e+00 1.992730e+01 
2.815373e+00 2.002708e+01 
2.866682e+00 2.012685e+01 
2.918639e+00 2.022663e+01 
2.971238e+00 2.032644e+01 
3.024431e+00 2.042628e+01 
3.078101e+00 2.052613e+01 
3.132195e+00 2.062597e+01 
3.186754e+00 2.072579e+01 
3.241834e+00 2.082562e+01 
3.297433e+00 2.092543e+01 
3.353576e+00 2.102525e+01 
3.410282e+00 2.112505e+01 
3.467573e+00 2.122485e+01 
3.525476e+00 2.132465e+01 
3.584010e+00 2.142443e+01 
3.643209e+00 2.152422e+01 
3.703090e+00 2.162399e+01 
3.763688e+00 2.172376e+01 
3.825030e+00 2.182352e+01 
3.887145e+00 2.192327e+01 
3.950072e+00 2.202301e+01 
4.013837e+00 2.212275e+01 
4.078479e+00 2.222248e+01 
4.144040e+00 2.232220e+01 
4.210550e+00 2.242192e+01 
4.278053e+00 2.252162e+01 
4.346598e+00 2.262132e+01 
4.416223e+00 2.272101e+01 
4.486975e+00 2.282069e+01 
4.558907e+00 2.292036e+01 
4.632073e+00 2.302002e+01 
4.706521e+00 2.311968e+01 
4.782309e+00 2.321933e+01 
4.859499e+00 2.331896e+01 
4.938158e+00 2.341860e+01 
5.018342e+00 2.351822e+01 
5.100193e+00 2.361793e+01 
5.183426e+00 2.371774e+01 
5.267500e+00 2.381757e+01 
5.352317e+00 2.391740e+01 
5.437919e+00 2.401722e+01 
5.524347e+00 2.411703e+01 
5.611650e+00 2.421683e+01 
5.699879e+00 2.431662e+01 
5.789111e+00 2.441644e+01 
5.879276e+00 2.451629e+01 
5.970176e+00 2.461614e+01 
6.061814e+00 2.471599e+01 
6.154215e+00 2.481583e+01 
6.247405e+00 2.491567e+01 
6.341411e+00 2.501551e+01 
6.436262e+00 2.511534e+01 
6.531988e+00 2.521517e+01 
6.628620e+00 2.531500e+01 
6.726191e+00 2.541482e+01 
6.824721e+00 2.551462e+01 
6.924338e+00 2.561438e+01 
7.024068e+00 2.571292e+01 
7.123771e+00 2.580995e+01 
7.223470e+00 2.590539e+01 
7.323166e+00 2.599925e+01 
7.422857e+00 2.609156e+01 
7.522545e+00 2.618232e+01 
7.622230e+00 2.627156e+01 
7.721911e+00 2.635929e+01 
7.821589e+00 2.644554e+01 
7.921263e+00 2.653031e+01 
8.020933e+00 2.661362e+01 
8.120600e+00 2.669550e+01 
8.220264e+00 2.677594e+01 
8.319924e+00 2.685498e+01 
8.419582e+00 2.693262e+01 
8.519235e+00 2.700888e+01 
8.618885e+00 2.708377e+01 
8.718533e+00 2.715731e+01 
8.818191e+00 2.722952e+01 
8.917875e+00 2.730048e+01 
9.017562e+00 2.737028e+01 
9.117246e+00 2.743895e+01 
9.216925e+00 2.750651e+01 
9.316602e+00 2.757294e+01 
9.416279e+00 2.763826e+01 
9.516056e+00 2.770256e+01 
9.615859e+00 2.776612e+01 
9.715659e+00 2.782903e+01 
9.815455e+00 2.789128e+01 
9.915247e+00 2.795287e+01 
1.001504e+01 2.801378e+01 
1.011482e+01 2.807402e+01 
1.021460e+01 2.813357e+01 
1.031438e+01 2.819244e+01 
1.041415e+01 2.825061e+01 
1.051393e+01 2.830809e+01 
1.061369e+01 2.836486e+01 
1.071346e+01 2.842094e+01 
1.081322e+01 2.847630e+01 
1.091298e+01 2.853096e+01 
1.101273e+01 2.858489e+01 
1.111248e+01 2.863812e+01 
1.121223e+01 2.869062e+01 
1.131198e+01 2.874240e+01 
1.141172e+01 2.879346e+01 
1.151146e+01 2.884379e+01 
1.161120e+01 2.889339e+01 
1.171093e+01 2.894227e+01 
1.181067e+01 2.899042e+01 
1.191040e+01 2.903784e+01 
1.201012e+01 2.908453e+01 
1.210985e+01 2.913049e+01 
1.220955e+01 2.917572e+01 
1.230925e+01 2.922017e+01 
1.240892e+01 2.926381e+01 
1.250858e+01 2.930660e+01 
1.260823e+01 2.934850e+01 
1.270788e+01 2.938953e+01 
1.280753e+01 2.942967e+01 
1.290717e+01 2.946894e+01 
1.300681e+01 2.950732e+01 
1.310652e+01 2.954486e+01 
1.320625e+01 2.958169e+01 
1.330598e+01 2.961787e+01 
1.340572e+01 2.965341e+01 
1.350548e+01 2.968835e+01 
1.360524e+01 2.972272e+01 
1.370500e+01 2.975652e+01 
1.380475e+01 2.978975e+01 
1.390450e+01 2.982241e+01 
1.400425e+01 2.985449e+01 
1.410400e+01 2.988598e+01 
1.420374e+01 2.991690e+01 
1.430349e+01 2.994724e+01 
1.440323e+01 2.997699e+01 
1.450297e+01 3.000616e+01 
1.460270e+01 3.003473e+01 
1.470244e+01 3.006272e+01 
1.480217e+01 3.009012e+01 
1.490190e+01 3.011692e+01 
1.500163e+01 3.014313e+01 
1.510136e+01 3.016874e+01 
1.520109e+01 3.019376e+01 
1.530081e+01 3.021818e+01 
1.540054e+01 3.024200e+01 
1.550026e+01 3.026522e+01 
1.559998e+01 3.028784e+01 
1.569970e+01 3.030986e+01 
1.579941e+01 3.033128e+01 
1.589913e+01 3.035210e+01 
1.599884e+01 3.037231e+01 
1.609856e+01 3.039191e+01 
1.619827e+01 3.041092e+01 
1.629798e+01 3.042932e+01 
1.639769e+01 3.044711e+01 
1.649740e+01 3.046429e+01 
1.659711e+01 3.048088e+01 
1.669681e+01 3.049685e+01 
1.679652e+01 3.051222e+01 
1.689623e+01 3.052698e+01 
1.699593e+01 3.054114e+01 
1.709563e+01 3.055469e+01 
1.719534e+01 3.056764e+01 
1.729504e+01 3.057998e+01 
1.739474e+01 3.059172e+01 
1.749445e+01 3.060285e+01 
1.759415e+01 3.061338e+01 
1.769385e+01 3.062330e+01 
1.779355e+01 3.063262e+01 
1.789325e+01 3.064134e+01 
1.799295e+01 3.064945e+01 
1.809265e+01 3.065696e+01 
1.819241e+01 3.066388e+01 
1.829220e+01 3.067031e+01 
1.839199e+01 3.067632e+01 
1.849178e+01 3.068190e+01 
1.859156e+01 3.068706e+01 
1.869135e+01 3.069178e+01 
1.879113e+01 3.069608e+01 
1.889091e+01 3.069995e+01 
1.899070e+01 3.070338e+01 
1.909048e+01 3.070638e+01 
1.919026e+01 3.070893e+01 
1.929004e+01 3.071105e+01 
1.938981e+01 3.071273e+01 
1.948959e+01 3.071397e+01 
1.958937e+01 3.071476e+01 
1.968914e+01 3.071510e+01 
1.978892e+01 3.071500e+01 
1.988869e+01 3.071445e+01 
1.998847e+01 3.071344e+01 
2.008824e+01 3.071198e+01 
2.018801e+01 3.071007e+01 
2.028778e+01 3.070770e+01 
2.038755e+01 3.070488e+01 
2.048732e+01 3.070159e+01 
2.058709e+01 3.069785e+01 
2.068686e+01 3.069364e+01 
2.078662e+01 3.068897e+01 
2.088639e+01 3.068383e+01 
2.098616e+01 3.067822e+01 
2.108592e+01 3.067215e+01 
2.118569e+01 3.066561e+01 
2.128545e+01 3.065859e+01 
2.138522e+01 3.065111e+01 
2.148498e+01 3.064315e+01 
2.158475e+01 3.063471e+01 
2.168451e+01 3.062580e+01 
2.178427e+01 3.061641e+01 
2.188404e+01 3.060654e+01 
2.198380e+01 3.059619e+01 
2.208356e+01 3.058535e+01 
2.218332e+01 3.057403e+01 
2.228308e+01 3.056223e+01 
2.238284e+01 3.054994e+01 
2.248261e+01 3.053717e+01 
2.258237e+01 3.052390e+01 
2.268213e+01 3.051015e+01 
2.278189e+01 3.049590e+01 
2.288165e+01 3.048116e+01 
2.298141e+01 3.046593e+01 
2.308117e+01 3.045020e+01 
2.318093e+01 3.043398e+01 
2.328069e+01 3.041725e+01 
2.338045e+01 3.040003e+01 
2.348021e+01 3.038231e+01 
2.357997e+01 3.036408e+01 
2.367973e+01 3.034536e+01 
2.377949e+01 3.032613e+01 
2.387925e+01 3.030639e+01 
2.397901e+01 3.028614e+01 
2.407877e+01 3.026539e+01 
2.417853e+01 3.024413e+01 
2.427830e+01 3.022235e+01 
2.437806e+01 3.020007e+01 
2.447782e+01 3.017727e+01 
2.457758e+01 3.015396e+01 
2.467734e+01 3.013013e+01 
2.477712e+01 3.010576e+01 
2.487695e+01 3.008093e+01 
2.497677e+01 3.005570e+01 
2.507660e+01 3.003010e+01 
2.517642e+01 3.000411e+01 
2.527625e+01 2.997773e+01 
2.537607e+01 2.995096e+01 
2.547589e+01 2.992380e+01 
2.557570e+01 2.989623e+01 
2.567552e+01 2.986826e+01 
2.577534e+01 2.983988e+01 
2.587515e+01 2.981109e+01 
2.597497e+01 2.978188e+01 
2.607478e+01 2.975224e+01 
2.617459e+01 2.972218e+01 
2.627439e+01 2.969169e+01 
2.637420e+01 2.966076e+01 
2.647401e+01 2.962938e+01 
2.657381e+01 2.959756e+01 
2.667361e+01 2.956529e+01 
2.677341e+01 2.953255e+01 
2.687321e+01 2.949936e+01 
2.697301e+01 2.946569e+01 
2.707281e+01 2.943155e+01 
2.717260e+01 2.939693e+01 
2.727239e+01 2.936182e+01 
2.737219e+01 2.932621e+01 
2.747198e+01 2.929011e+01 
2.757176e+01 2.925351e+01 
2.767155e+01 2.921639e+01 
2.777133e+01 2.917875e+01 
2.787112e+01 2.914059e+01 
2.797090e+01 2.910189e+01 
2.807068e+01 2.906266e+01 
2.817046e+01 2.902288e+01 
2.827023e+01 2.898255e+01 
2.837001e+01 2.894165e+01 
2.846978e+01 2.890019e+01 
2.856955e+01 2.885815e+01 
2.866932e+01 2.881553e+01 
2.876909e+01 2.877232e+01 
2.886886e+01 2.872850e+01 
2.896862e+01 2.868408e+01 
2.906838e+01 2.863904e+01 
2.916815e+01 2.859337e+01 
2.926791e+01 2.854707e+01 
2.936766e+01 2.850012e+01 
2.946742e+01 2.845252e+01 
2.956717e+01 2.840426e+01 
2.966693e+01 2.835532e+01 
2.976668e+01 2.830570e+01 
2.986643e+01 2.825539e+01 
2.996618e+01 2.820437e+01 
3.006592e+01 2.815263e+01 
3.016567e+01 2.810018e+01 
3.026541e+01 2.804698e+01 
3.036515e+01 2.799304e+01 
3.046489e+01 2.793833e+01 
3.056463e+01 2.788286e+01 
3.066440e+01 2.782658e+01 
3.076422e+01 2.776957e+01 
3.086406e+01 2.771201e+01 
3.096389e+01 2.765394e+01 
3.106372e+01 2.759535e+01 
3.116355e+01 2.753622e+01 
3.126338e+01 2.747657e+01 
3.136321e+01 2.741638e+01 
3.146304e+01 2.735565e+01 
3.156287e+01 2.729438e+01 
3.166270e+01 2.723256e+01 
3.176253e+01 2.717018e+01 
3.186236e+01 2.710724e+01 
3.196219e+01 2.704374e+01 
3.206200e+01 2.697969e+01 
3.216178e+01 2.691500e+01 
3.226157e+01 2.684959e+01 
3.236135e+01 2.678344e+01 
3.246114e+01 2.671653e+01 
3.256092e+01 2.664888e+01 
3.266071e+01 2.658047e+01 
3.276050e+01 2.651129e+01 
3.286028e+01 2.644134e+01 
3.296007e+01 2.637062e+01 
3.305986e+01 2.629911e+01 
3.315965e+01 2.622682e+01 
3.325944e+01 2.615374e+01 
3.335924e+01 2.607985e+01 
3.345903e+01 2.600517e+01 
3.355882e+01 2.592967e+01 
3.365862e+01 2.585336e+01 
3.375842e+01 2.577623e+01 
3.385821e+01 2.569828e+01 
3.395801e+01 2.561949e+01 
3.405781e+01 2.553987e+01 
3.415761e+01 2.545940e+01 
3.425742e+01 2.537809e+01 
3.435722e+01 2.529592e+01 
3.445703e+01 2.521290e+01 
3.455683e+01 2.512902e+01 
3.465664e+01 2.504427e+01 
3.475645e+01 2.495864e+01 
3.485626e+01 2.487214e+01 
3.495607e+01 2.478475e+01 
3.505589e+01 2.469648e+01 
3.515570e+01 2.460732e+01 
3.525552e+01 2.451726e+01 
3.535534e+01 2.442629e+01 
3.545515e+01 2.433442e+01 
3.555497e+01 2.424163e+01 
3.565478e+01 2.414790e+01 
3.575460e+01 2.405321e+01 
3.585441e+01 2.395755e+01 
3.595423e+01 2.386090e+01 
3.605404e+01 2.376324e+01 
3.615385e+01 2.366455e+01 
3.625367e+01 2.356482e+01 
3.635251e+01 2.346500e+01 
3.645033e+01 2.336519e+01 
3.654712e+01 2.326538e+01 
3.664291e+01 2.316557e+01 
3.673770e+01 2.306576e+01 
3.683152e+01 2.296594e+01 
3.692437e+01 2.286613e+01 
3.701627e+01 2.276632e+01 
3.710723e+01 2.266651e+01 
3.719726e+01 2.256670e+01 
3.728638e+01 2.246689e+01 
3.737459e+01 2.236708e+01 
3.746191e+01 2.226727e+01 
3.754836e+01 2.216745e+01 
3.763394e+01 2.206764e+01 
3.771866e+01 2.196783e+01 
3.780254e+01 2.186802e+01 
3.788559e+01 2.176821e+01 
3.796781e+01 2.166840e+01 
3.804923e+01 2.156858e+01 
3.812985e+01 2.146877e+01 
3.820967e+01 2.136896e+01 
3.828872e+01 2.126914e+01 
3.836702e+01 2.116931e+01 
3.844466e+01 2.106946e+01 
3.852167e+01 2.096962e+01 
3.859807e+01 2.086977e+01 
3.867387e+01 2.076992e+01 
3.874907e+01 2.067007e+01 
3.882368e+01 2.057022e+01 
3.889770e+01 2.047038e+01 
3.897114e+01 2.037053e+01 
3.904400e+01 2.027068e+01 
3.911629e+01 2.017083e+01 
3.918801e+01 2.007098e+01 
3.925916e+01 1.997113e+01 
3.932976e+01 1.987129e+01 
3.939981e+01 1.977144e+01 
3.946930e+01 1.967159e+01 
3.953825e+01 1.957174e+01 
3.960666e+01 1.947189e+01 
3.967453e+01 1.937204e+01 
3.974187e+01 1.927219e+01 
3.980869e+01 1.917234e+01 
3.987498e+01 1.907250e+01 
3.994075e+01 1.897265e+01 
4.000601e+01 1.887280e+01 
4.007076e+01 1.877295e+01 
4.013500e+01 1.867310e+01 
4.019873e+01 1.857325e+01 
4.026197e+01 1.847340e+01 
4.032472e+01 1.837355e+01 
4.038697e+01 1.827370e+01 
4.044873e+01 1.817386e+01 
4.050996e+01 1.807401e+01 
4.057072e+01 1.797416e+01 
4.063099e+01 1.787431e+01 
4.069079e+01 1.777446e+01 
4.075011e+01 1.767461e+01 
4.080895e+01 1.757476e+01 
4.086733e+01 1.747492e+01 
4.092523e+01 1.737507e+01 
4.098267e+01 1.727522e+01 
4.103964e+01 1.717537e+01 
4.109615e+01 1.707553e+01 
4.115219e+01 1.697568e+01 
4.120777e+01 1.687583e+01 
4.126290e+01 1.677599e+01 
4.131756e+01 1.667614e+01 
4.137177e+01 1.657630e+01 
4.142553e+01 1.647645e+01 
4.147883e+01 1.637661e+01 
4.153168e+01 1.627676e+01 
4.158408e+01 1.617692e+01 
4.163604e+01 1.607708e+01 
4.168755e+01 1.597723e+01 
4.173862e+01 1.587739e+01 
4.178924e+01 1.577755e+01 
4.183942e+01 1.567770e+01 
4.188917e+01 1.557786e+01 
4.193847e+01 1.547802e+01 
4.198734e+01 1.537818e+01 
4.203577e+01 1.527834e+01 
4.208378e+01 1.517849e+01 
4.213134e+01 1.507865e+01 
4.217848e+01 1.497881e+01 
4.222519e+01 1.487897e+01 
4.227148e+01 1.477913e+01 
4.231734e+01 1.467929e+01 
4.236277e+01 1.457945e+01 
4.240778e+01 1.447961e+01 
4.245237e+01 1.437977e+01 
4.249654e+01 1.427993e+01 
4.254029e+01 1.418009e+01 
4.258362e+01 1.408025e+01 
4.262654e+01 1.398041e+01 
4.266905e+01 1.388058e+01 
4.271114e+01 1.378074e+01 
4.275282e+01 1.368090e+01 
4.279409e+01 1.358106e+01 
4.283495e+01 1.348122e+01 
4.287540e+01 1.338139e+01 
4.291545e+01 1.328155e+01 
4.295509e+01 1.318171e+01 
4.299433e+01 1.308187e+01 
4.303317e+01 1.298204e+01 
4.307160e+01 1.288220e+01 
4.310964e+01 1.278236e+01 
4.314728e+01 1.268252e+01 
4.318452e+01 1.258269e+01 
4.322137e+01 1.248285e+01 
4.325782e+01 1.238301e+01 
4.329388e+01 1.228318e+01 
4.332955e+01 1.218334e+01 
4.336482e+01 1.208350e+01 
4.339973e+01 1.198364e+01 
4.343431e+01 1.188376e+01 
4.346861e+01 1.178387e+01 
4.350265e+01 1.168399e+01 
4.353642e+01 1.158410e+01 
4.356992e+01 1.148421e+01 
4.360315e+01 1.138433e+01 
4.363613e+01 1.128444e+01 
4.366884e+01 1.118455e+01 
4.370128e+01 1.108467e+01 
4.373347e+01 1.098478e+01 
4.376539e+01 1.088491e+01 
4.379700e+01 1.078504e+01 
4.382831e+01 1.068517e+01 
4.385932e+01 1.058531e+01 
4.389002e+01 1.048544e+01 
4.392042e+01 1.038557e+01 
4.395052e+01 1.028570e+01 
4.398032e+01 1.018584e+01 
4.400981e+01 1.008597e+01 
4.403902e+01 9.986099e+00 
4.406792e+01 9.886230e+00 
4.409653e+01 9.786362e+00 
4.412485e+01 9.686492e+00 
4.415287e+01 9.586623e+00 
4.418060e+01 9.486753e+00 
4.420804e+01 9.386884e+00 
4.423519e+01 9.287014e+00 
4.426205e+01 9.187143e+00 
4.428862e+01 9.087273e+00 
4.431491e+01 8.987402e+00 
4.434091e+01 8.887532e+00 
4.436663e+01 8.787661e+00 
4.439206e+01 8.687790e+00 
4.441721e+01 8.587918e+00 
4.444208e+01 8.488047e+00 
4.446667e+01 8.388175e+00 
4.449098e+01 8.288303e+00 
4.451501e+01 8.188431e+00 
4.453877e+01 8.088559e+00 
4.456224e+01 7.988686e+00 
4.458544e+01 7.888813e+00 
4.460837e+01 7.788941e+00 
4.463102e+01 7.689068e+00 
4.465340e+01 7.589194e+00 
4.467551e+01 7.489321e+00 
4.469734e+01 7.389447e+00 
4.471891e+01 7.289574e+00 
4.474020e+01 7.189700e+00 
4.476123e+01 7.089826e+00 
4.478198e+01 6.989951e+00 
4.480247e+01 6.890077e+00 
4.482270e+01 6.790203e+00 
4.484265e+01 6.690328e+00 
4.486235e+01 6.590455e+00 
4.488177e+01 6.490585e+00 
4.490092e+01 6.390711e+00 
4.491980e+01 6.290841e+00 
4.493841e+01 6.190973e+00 
4.495675e+01 6.091104e+00 
4.497480e+01 5.991235e+00 
4.499258e+01 5.891367e+00 
4.501009e+01 5.791499e+00 
4.502732e+01 5.691631e+00 
4.504428e+01 5.591763e+00 
4.506095e+01 5.491896e+00 
4.507736e+01 5.392028e+00 
4.509349e+01 5.292161e+00 
4.510934e+01 5.192293e+00 
4.512492e+01 5.092426e+00 
4.514023e+01 4.992559e+00 
4.515526e+01 4.892692e+00 
4.517001e+01 4.792825e+00 
4.518449e+01 4.692958e+00 
4.519870e+01 4.593092e+00 
4.521263e+01 4.493225e+00 
4.522629e+01 4.393359e+00 
4.523967e+01 4.293493e+00 
4.525278e+01 4.193627e+00 
4.526562e+01 4.093761e+00 
4.527817e+01 3.993895e+00 
4.529046e+01 3.894030e+00 
4.530247e+01 3.794165e+00 
4.531420e+01 3.694300e+00 
4.532567e+01 3.594435e+00 
4.533685e+01 3.494570e+00 
4.534776e+01 3.394705e+00 
4.535840e+01 3.294841e+00 
4.536876e+01 3.194977e+00 
4.537884e+01 3.095113e+00 
4.538865e+01 2.995249e+00 
4.539818e+01 2.895385e+00 
4.540744e+01 2.795522e+00 
4.541642e+01 2.695658e+00 
4.542512e+01 2.595795e+00 
4.543355e+01 2.495932e+00 
4.544170e+01 2.396070e+00 
4.544958e+01 2.296207e+00 
4.545718e+01 2.196345e+00 
4.546450e+01 2.096483e+00 
4.547154e+01 1.996628e+00 
4.547829e+01 1.896780e+00 
4.548473e+01 1.796931e+00 
4.549087e+01 1.697082e+00 
4.549671e+01 1.597232e+00 
4.550225e+01 1.497382e+00 
4.550748e+01 1.397531e+00 
4.551242e+01 1.297680e+00 
4.551706e+01 1.197828e+00 
4.552140e+01 1.097976e+00 
4.552545e+01 9.981236e-01 
4.552920e+01 8.982707e-01 
4.553265e+01 7.984173e-01 
4.553582e+01 6.985635e-01 
4.553869e+01 5.987094e-01 
4.563865e+01 6.012906e-01 
4.563577e+01 7.014365e-01 
4.563260e+01 8.015827e-01 
4.562914e+01 9.017293e-01 
4.562538e+01 1.001876e+00 
4.562132e+01 1.102024e+00 
4.561697e+01 1.202172e+00 
4.561231e+01 1.302320e+00 
4.560736e+01 1.402469e+00 
4.560211e+01 1.502618e+00 
4.559656e+01 1.602768e+00 
4.559070e+01 1.702918e+00 
4.558454e+01 1.803069e+00 
4.557808e+01 1.903220e+00 
4.557131e+01 2.003372e+00 
4.556425e+01 2.103517e+00 
4.555691e+01 2.203655e+00 
4.554929e+01 2.303793e+00 
4.554140e+01 2.403930e+00 
4.553322e+01 2.504068e+00 
4.552477e+01 2.604205e+00 
4.551604e+01 2.704342e+00 
4.550704e+01 2.804478e+00 
4.549776e+01 2.904615e+00 
4.548820e+01 3.004751e+00 
4.547836e+01 3.104887e+00 
4.546825e+01 3.205023e+00 
4.545786e+01 3.305159e+00 
4.544720e+01 3.405295e+00 
4.543626e+01 3.505430e+00 
4.542504e+01 3.605565e+00 
4.541355e+01 3.705700e+00 
4.540179e+01 3.805835e+00 
4.538974e+01 3.905970e+00 
4.537743e+01 4.006105e+00 
4.536483e+01 4.106239e+00 
4.535197e+01 4.206373e+00 
4.533882e+01 4.306507e+00 
4.532540e+01 4.406641e+00 
4.531171e+01 4.506775e+00 
4.529774e+01 4.606908e+00 
4.528350e+01 4.707042e+00 
4.526898e+01 4.807175e+00 
4.525418e+01 4.907308e+00 
4.523911e+01 5.007441e+00 
4.522377e+01 5.107574e+00 
4.520815e+01 5.207707e+00 
4.519225e+01 5.307839e+00 
4.517608e+01 5.407972e+00 
4.515963e+01 5.508104e+00 
4.514291e+01 5.608237e+00 
4.512591e+01 5.708369e+00 
4.510863e+01 5.808501e+00 
4.509108e+01 5.908633e+00 
4.507325e+01 6.008765e+00 
4.505515e+01 6.108896e+00 
4.503677e+01 6.209027e+00 
4.501811e+01 6.309159e+00 
4.499918e+01 6.409289e+00 
4.497998e+01 6.509415e+00 
4.496051e+01 6.609545e+00 
4.494077e+01 6.709672e+00 
4.492076e+01 6.809797e+00 
4.490049e+01 6.909923e+00 
4.487994e+01 7.010049e+00 
4.485913e+01 7.110174e+00 
4.483806e+01 7.210300e+00 
4.481671e+01 7.310426e+00 
4.479509e+01 7.410553e+00 
4.477320e+01 7.510679e+00 
4.475104e+01 7.610806e+00 
4.472860e+01 7.710932e+00 
4.470589e+01 7.811059e+00 
4.468291e+01 7.911187e+00 
4.465965e+01 8.011314e+00 
4.463611e+01 8.111441e+00 
4.461230e+01 8.211569e+00 
4.458821e+01 8.311697e+00 
4.456383e+01 8.411825e+00 
4.453918e+01 8.511953e+00 
4.451425e+01 8.612082e+00 
4.448903e+01 8.712210e+00 
4.446353e+01 8.812339e+00 
4.443775e+01 8.912468e+00 
4.441168e+01 9.012598e+00 
4.438533e+01 9.112727e+00 
4.435869e+01 9.212857e+00 
4.433176e+01 9.312986e+00 
4.430454e+01 9.413116e+00 
4.427702e+01 9.513247e+00 
4.424922e+01 9.613377e+00 
4.422113e+01 9.713508e+00 
4.419274e+01 9.813638e+00 
4.416405e+01 9.913770e+00 
4.413507e+01 1.001390e+01 
4.410580e+01 1.011403e+01 
4.407622e+01 1.021416e+01 
4.404634e+01 1.031430e+01 
4.401617e+01 1.041443e+01 
4.398569e+01 1.051456e+01 
4.395490e+01 1.061469e+01 
4.392382e+01 1.071483e+01 
4.389242e+01 1.081496e+01 
4.386072e+01 1.091509e+01 
4.382872e+01 1.101522e+01 
4.379646e+01 1.111533e+01 
4.376394e+01 1.121545e+01 
4.373116e+01 1.131556e+01 
4.369811e+01 1.141567e+01 
4.366480e+01 1.151579e+01 
4.363122e+01 1.161590e+01 
4.359738e+01 1.171601e+01 
4.356327e+01 1.181613e+01 
4.352889e+01 1.191624e+01 
4.349423e+01 1.201636e+01 
4.345922e+01 1.211650e+01 
4.342383e+01 1.221666e+01 
4.338805e+01 1.231682e+01 
4.335187e+01 1.241699e+01 
4.331530e+01 1.251715e+01 
4.327834e+01 1.261731e+01 
4.324097e+01 1.271748e+01 
4.320321e+01 1.281764e+01 
4.316505e+01 1.291780e+01 
4.312649e+01 1.301796e+01 
4.308753e+01 1.311813e+01 
4.304816e+01 1.321829e+01 
4.300839e+01 1.331845e+01 
4.296821e+01 1.341861e+01 
4.292763e+01 1.351878e+01 
4.288664e+01 1.361894e+01 
4.284523e+01 1.371910e+01 
4.280342e+01 1.381926e+01 
4.276119e+01 1.391942e+01 
4.271855e+01 1.401959e+01 
4.267550e+01 1.411975e+01 
4.263202e+01 1.421991e+01 
4.258813e+01 1.432007e+01 
4.254382e+01 1.442023e+01 
4.249909e+01 1.452039e+01 
4.245393e+01 1.462055e+01 
4.240836e+01 1.472071e+01 
4.236235e+01 1.482087e+01 
4.231592e+01 1.492103e+01 
4.226906e+01 1.502119e+01 
4.222177e+01 1.512135e+01 
4.217405e+01 1.522151e+01 
4.212590e+01 1.532166e+01 
4.207731e+01 1.542182e+01 
4.202829e+01 1.552198e+01 
4.197883e+01 1.562214e+01 
4.192893e+01 1.572230e+01 
4.187859e+01 1.582245e+01 
4.182781e+01 1.592261e+01 
4.177658e+01 1.602277e+01 
4.172491e+01 1.612292e+01 
4.167279e+01 1.622308e+01 
4.162023e+01 1.632324e+01 
4.156721e+01 1.642339e+01 
4.151374e+01 1.652355e+01 
4.145982e+01 1.662370e+01 
4.140544e+01 1.672386e+01 
4.135061e+01 1.682401e+01 
4.129532e+01 1.692417e+01 
4.123957e+01 1.702432e+01 
4.118335e+01 1.712447e+01 
4.112667e+01 1.722463e+01 
4.106953e+01 1.732478e+01 
4.101192e+01 1.742493e+01 
4.095384e+01 1.752508e+01 
4.089528e+01 1.762524e+01 
4.083626e+01 1.772539e+01 
4.077676e+01 1.782554e+01 
4.071678e+01 1.792569e+01 
4.065633e+01 1.802584e+01 
4.059539e+01 1.812599e+01 
4.053397e+01 1.822614e+01 
4.047201e+01 1.832630e+01 
4.040957e+01 1.842645e+01 
4.034664e+01 1.852660e+01 
4.028321e+01 1.862675e+01 
4.021929e+01 1.872690e+01 
4.015485e+01 1.882705e+01 
4.008991e+01 1.892720e+01 
4.002446e+01 1.902735e+01 
3.995849e+01 1.912750e+01 
3.989200e+01 1.922766e+01 
3.982498e+01 1.932781e+01 
3.975744e+01 1.942796e+01 
3.968936e+01 1.952811e+01 
3.962075e+01 1.962826e+01 
3.955159e+01 1.972841e+01 
3.948188e+01 1.982856e+01 
3.941163e+01 1.992871e+01 
3.934082e+01 2.002887e+01 
3.926944e+01 2.012902e+01 
3.919751e+01 2.022917e+01 
3.912500e+01 2.032932e+01 
3.905192e+01 2.042947e+01 
3.897826e+01 2.052962e+01 
3.890401e+01 2.062978e+01 
3.882918e+01 2.072993e+01 
3.875375e+01 2.083008e+01 
3.867772e+01 2.093023e+01 
3.860109e+01 2.103038e+01 
3.852384e+01 2.113054e+01 
3.844597e+01 2.123069e+01 
3.836741e+01 2.133086e+01 
3.828807e+01 2.143104e+01 
3.820794e+01 2.153123e+01 
3.812703e+01 2.163142e+01 
3.804531e+01 2.173160e+01 
3.796277e+01 2.183179e+01 
3.787941e+01 2.193198e+01 
3.779522e+01 2.203217e+01 
3.771018e+01 2.213236e+01 
3.762428e+01 2.223255e+01 
3.753750e+01 2.233273e+01 
3.744985e+01 2.243292e+01 
3.736130e+01 2.253311e+01 
3.727185e+01 2.263330e+01 
3.718148e+01 2.273349e+01 
3.709018e+01 2.283368e+01 
3.699794e+01 2.293387e+01 
3.690474e+01 2.303406e+01 
3.681057e+01 2.313424e+01 
3.671541e+01 2.323443e+01 
3.661927e+01 2.333462e+01 
3.652211e+01 2.343481e+01 
3.642394e+01 2.353500e+01 
3.632472e+01 2.363518e+01 
3.622454e+01 2.373529e+01 
3.612435e+01 2.383435e+01 
3.602416e+01 2.393238e+01 
3.592398e+01 2.402939e+01 
3.582379e+01 2.412541e+01 
3.572361e+01 2.422045e+01 
3.562342e+01 2.431453e+01 
3.552324e+01 2.440766e+01 
3.542306e+01 2.449987e+01 
3.532287e+01 2.459117e+01 
3.522269e+01 2.468156e+01 
3.512251e+01 2.477106e+01 
3.502232e+01 2.485966e+01 
3.492213e+01 2.494738e+01 
3.482194e+01 2.503421e+01 
3.472175e+01 2.512016e+01 
3.462156e+01 2.520524e+01 
3.452137e+01 2.528945e+01 
3.442117e+01 2.537280e+01 
3.432098e+01 2.545529e+01 
3.422078e+01 2.553693e+01 
3.412058e+01 2.561771e+01 
3.402038e+01 2.569766e+01 
3.392018e+01 2.577676e+01 
3.381998e+01 2.585504e+01 
3.371977e+01 2.593248e+01 
3.361957e+01 2.600911e+01 
3.351936e+01 2.608492e+01 
3.341916e+01 2.615992e+01 
3.331895e+01 2.623411e+01 
3.321874e+01 2.630750e+01 
3.311853e+01 2.638010e+01 
3.301832e+01 2.645190e+01 
3.291811e+01 2.652293e+01 
3.281790e+01 2.659317e+01 
3.271768e+01 2.666265e+01 
3.261747e+01 2.673136e+01 
3.251726e+01 2.679930e+01 
3.241704e+01 2.686649e+01 
3.231682e+01 2.693294e+01 
3.221661e+01 2.699863e+01 
3.211639e+01 2.706360e+01 
3.201620e+01 2.712790e+01 
3.191603e+01 2.719162e+01 
3.181586e+01 2.725477e+01 
3.171569e+01 2.731736e+01 
3.161552e+01 2.737940e+01 
3.151535e+01 2.744088e+01 
3.141518e+01 2.750182e+01 
3.131501e+01 2.756221e+01 
3.121484e+01 2.762207e+01 
3.111467e+01 2.768139e+01 
3.101451e+01 2.774018e+01 
3.091434e+01 2.779845e+01 
3.081417e+01 2.785620e+01 
3.071399e+01 2.791341e+01 
3.061376e+01 2.796995e+01 
3.051350e+01 2.802572e+01 
3.041324e+01 2.808071e+01 
3.031298e+01 2.813494e+01 
3.021273e+01 2.818841e+01 
3.011247e+01 2.824114e+01 
3.001222e+01 2.829314e+01 
2.991196e+01 2.834442e+01 
2.981171e+01 2.839498e+01 
2.971147e+01 2.844485e+01 
2.961122e+01 2.849404e+01 
2.951097e+01 2.854254e+01 
2.941073e+01 2.859037e+01 
2.931049e+01 2.863755e+01 
2.921025e+01 2.868408e+01 
2.911001e+01 2.872996e+01 
2.900977e+01 2.877522e+01 
2.890954e+01 2.881986e+01 
2.880930e+01 2.886388e+01 
2.870907e+01 2.890729e+01 
2.860884e+01 2.895011e+01 
2.850861e+01 2.899235e+01 
2.840838e+01 2.903400e+01 
2.830816e+01 2.907508e+01 
2.820793e+01 2.911559e+01 
2.810771e+01 2.915555e+01 
2.800749e+01 2.919496e+01 
2.790727e+01 2.923382e+01 
2.780706e+01 2.927215e+01 
2.770684e+01 2.930995e+01 
2.760663e+01 2.934723e+01 
2.750642e+01 2.938399e+01 
2.740621e+01 2.942025e+01 
2.730600e+01 2.945600e+01 
2.720579e+01 2.949126e+01 
2.710558e+01 2.952602e+01 
2.700538e+01 2.956031e+01 
2.690518e+01 2.959411e+01 
2.680498e+01 2.962744e+01 
2.670478e+01 2.966031e+01 
2.660458e+01 2.969271e+01 
2.650439e+01 2.972466e+01 
2.640419e+01 2.975615e+01 
2.630400e+01 2.978721e+01 
2.620381e+01 2.981782e+01 
2.610362e+01 2.984800e+01 
2.600343e+01 2.987774e+01 
2.590324e+01 2.990706e+01 
2.580305e+01 2.993596e+01 
2.570287e+01 2.996445e+01 
2.560269e+01 2.999252e+01 
2.550251e+01 3.002019e+01 
2.540233e+01 3.004745e+01 
2.530215e+01 3.007432e+01 
2.520197e+01 3.010079e+01 
2.510179e+01 3.012687e+01 
2.500162e+01 3.015257e+01 
2.490145e+01 3.017788e+01 
2.480127e+01 3.020280e+01 
2.470106e+01 3.022727e+01 
2.460081e+01 3.025122e+01 
2.450057e+01 3.027465e+01 
2.440034e+01 3.029755e+01 
2.430010e+01 3.031995e+01 
2.419986e+01 3.034183e+01 
2.409962e+01 3.036319e+01 
2.399938e+01 3.038405e+01 
2.389914e+01 3.040439e+01 
2.379890e+01 3.042422e+01 
2.369866e+01 3.044355e+01 
2.359842e+01 3.046237e+01 
2.349818e+01 3.048068e+01 
2.339794e+01 3.049849e+01 
2.329770e+01 3.051580e+01 
2.319746e+01 3.053260e+01 
2.309722e+01 3.054890e+01 
2.299698e+01 3.056471e+01 
2.289674e+01 3.058002e+01 
2.279650e+01 3.059483e+01 
2.269627e+01 3.060914e+01 
2.259603e+01 3.062297e+01 
2.249579e+01 3.063630e+01 
2.239555e+01 3.064913e+01 
2.229531e+01 3.066148e+01 
2.219507e+01 3.067334e+01 
2.209483e+01 3.068471e+01 
2.199459e+01 3.069560e+01 
2.189436e+01 3.070600e+01 
2.179412e+01 3.071592e+01 
2.169388e+01 3.072536e+01 
2.159365e+01 3.073432e+01 
2.149341e+01 3.074279e+01 
2.139317e+01 3.075079e+01 
2.129294e+01 3.075831e+01 
2.119270e+01 3.076536e+01 
2.109247e+01 3.077194e+01 
2.099223e+01 3.077804e+01 
2.089200e+01 3.078367e+01 
2.079177e+01 3.078883e+01 
2.069154e+01 3.079353e+01 
2.059130e+01 3.079776e+01 
2.049107e+01 3.080152e+01 
2.039084e+01 3.080482e+01 
2.029061e+01 3.080766e+01 
2.019038e+01 3.081004e+01 
2.009015e+01 3.081196e+01 
1.998993e+01 3.081343e+01 
1.988970e+01 3.081444e+01 
1.978947e+01 3.081500e+01 
1.968925e+01 3.081510e+01 
1.958902e+01 3.081476e+01 
1.948880e+01 3.081396e+01 
1.938858e+01 3.081272e+01 
1.928836e+01 3.081104e+01 
1.918813e+01 3.080891e+01 
1.908791e+01 3.080634e+01 
1.898770e+01 3.080333e+01 
1.888748e+01 3.079989e+01 
1.878726e+01 3.079601e+01 
1.868704e+01 3.079169e+01 
1.858683e+01 3.078694e+01 
1.848662e+01 3.078177e+01 
1.838640e+01 3.077616e+01 
1.828619e+01 3.077013e+01 
1.818598e+01 3.076367e+01 
1.808574e+01 3.075672e+01 
1.798544e+01 3.074917e+01 
1.788514e+01 3.074101e+01 
1.778484e+01 3.073224e+01 
1.768454e+01 3.072286e+01 
1.758424e+01 3.071288e+01 
1.748395e+01 3.070230e+01 
1.738365e+01 3.069110e+01 
1.728335e+01 3.067930e+01 
1.718305e+01 3.066688e+01 
1.708276e+01 3.065386e+01 
1.698246e+01 3.064023e+01 
1.688217e+01 3.062599e+01 
1.678187e+01 3.061114e+01 
1.668158e+01 3.059568e+01 
1.658129e+01 3.057962e+01 
1.648099e+01 3.056294e+01 
1.638070e+01 3.054565e+01 
1.628041e+01 3.052776e+01 
1.618012e+01 3.050926e+01 
1.607984e+01 3.049015e+01 
1.597955e+01 3.047043e+01 
1.587926e+01 3.045010e+01 
1.577898e+01 3.042917e+01 
1.567870e+01 3.040763e+01 
1.557842e+01 3.038549e+01 
1.547814e+01 3.036275e+01 
1.537786e+01 3.033940e+01 
1.527758e+01 3.031544e+01 
1.517730e+01 3.029089e+01 
1.507703e+01 3.026574e+01 
1.497676e+01 3.023999e+01 
1.487649e+01 3.021364e+01 
1.477622e+01 3.018669e+01 
1.467595e+01 3.015915e+01 
1.457569e+01 3.013101e+01 
1.447542e+01 3.010229e+01 
1.437516e+01 3.007297e+01 
1.427490e+01 3.004307e+01 
1.417465e+01 3.001258e+01 
1.407439e+01 2.998150e+01 
1.397414e+01 2.994984e+01 
1.387389e+01 2.991761e+01 
1.377364e+01 2.988479e+01 
1.367339e+01 2.985140e+01 
1.357315e+01 2.981743e+01 
1.347291e+01 2.978289e+01 
1.337267e+01 2.974779e+01 
1.327242e+01 2.971207e+01 
1.317214e+01 2.967570e+01 
1.307188e+01 2.963867e+01 
1.297158e+01 2.960091e+01 
1.287122e+01 2.956225e+01 
1.277087e+01 2.952271e+01 
1.267051e+01 2.948228e+01 
1.257016e+01 2.944097e+01 
1.246981e+01 2.939878e+01 
1.236947e+01 2.935570e+01 
1.226914e+01 2.931177e+01 
1.216884e+01 2.926705e+01 
1.206854e+01 2.922156e+01 
1.196827e+01 2.917535e+01 
1.186800e+01 2.912841e+01 
1.176773e+01 2.908073e+01 
1.166746e+01 2.903232e+01 
1.156719e+01 2.898319e+01 
1.146693e+01 2.893333e+01 
1.136667e+01 2.888273e+01 
1.126641e+01 2.883142e+01 
1.116616e+01 2.877937e+01 
1.106591e+01 2.872661e+01 
1.096566e+01 2.867312e+01 
1.086541e+01 2.861892e+01 
1.076517e+01 2.856400e+01 
1.066493e+01 2.850837e+01 
1.056470e+01 2.845204e+01 
1.046447e+01 2.839500e+01 
1.036424e+01 2.833726e+01 
1.026401e+01 2.827882e+01 
1.016379e+01 2.821970e+01 
1.006357e+01 2.815989e+01 
9.963357e+00 2.809939e+01 
9.863145e+00 2.803822e+01 
9.762937e+00 2.797638e+01 
9.662734e+00 2.791388e+01 
9.562533e+00 2.785072e+01 
9.462336e+00 2.778690e+01 
9.362113e+00 2.772232e+01 
9.261790e+00 2.765658e+01 
9.161467e+00 2.758972e+01 
9.061147e+00 2.752174e+01 
8.960830e+00 2.745263e+01 
8.860517e+00 2.738239e+01 
8.760202e+00 2.731099e+01 
8.659859e+00 2.723829e+01 
8.559507e+00 2.716423e+01 
8.459157e+00 2.708882e+01 
8.358811e+00 2.701203e+01 
8.258468e+00 2.693386e+01 
8.158128e+00 2.685429e+01 
8.057792e+00 2.677331e+01 
7.957459e+00 2.669090e+01 
7.857129e+00 2.660704e+01 
7.756803e+00 2.652171e+01 
7.656481e+00 2.643492e+01 
7.556162e+00 2.634663e+01 
7.455847e+00 2.625683e+01 
7.355535e+00 2.616550e+01 
7.255227e+00 2.607263e+01 
7.154922e+00 2.597820e+01 
7.054621e+00 2.588219e+01 
6.954324e+00 2.578458e+01 
6.854054e+00 2.568552e+01 
6.753959e+00 2.558528e+01 
6.655030e+00 2.548508e+01 
6.557108e+00 2.538490e+01 
6.460137e+00 2.528472e+01 
6.364084e+00 2.518455e+01 
6.268915e+00 2.508439e+01 
6.174601e+00 2.498422e+01 
6.081112e+00 2.488406e+01 
5.988421e+00 2.478391e+01 
5.896501e+00 2.468376e+01 
5.805329e+00 2.458361e+01 
5.714892e+00 2.448346e+01 
5.625327e+00 2.438327e+01 
5.536732e+00 2.428307e+01 
5.449081e+00 2.418287e+01 
5.362322e+00 2.408268e+01 
5.276408e+00 2.398250e+01 
5.191293e+00 2.388232e+01 
5.106937e+00 2.378216e+01 
5.023392e+00 2.368197e+01 
4.941052e+00 2.358167e+01 
4.860258e+00 2.348130e+01 
4.781013e+00 2.338093e+01 
4.703257e+00 2.328057e+01 
4.626927e+00 2.318022e+01 
4.551961e+00 2.307987e+01 
4.478298e+00 2.297954e+01 
4.405887e+00 2.287921e+01 
4.334677e+00 2.277889e+01 
4.264615e+00 2.267858e+01 
4.195650e+00 2.257828e+01 
4.127744e+00 2.247798e+01 
4.060848e+00 2.237769e+01 
3.994920e+00 2.227742e+01 
3.929924e+00 2.217714e+01 
3.865820e+00 2.207688e+01 
3.802570e+00 2.197663e+01 
3.740143e+00 2.187638e+01 
3.678504e+00 2.177614e+01 
3.617621e+00 2.167590e+01 
3.557467e+00 2.157568e+01 
3.498007e+00 2.147546e+01 
3.439221e+00 2.137525e+01 
3.381079e+00 2.127504e+01 
3.323556e+00 2.117484e+01 
3.266630e+00 2.107465e+01 
3.210275e+00 2.097446e+01 
3.154472e+00 2.087428e+01 
3.099198e+00 2.077410e+01 
3.044446e+00 2.067393e+01 
2.990177e+00 2.057377e+01 
2.936348e+00 2.047362e+01 
2.882983e+00 2.037346e+01 
2.830173e+00 2.027326e+01 
2.777987e+00 2.017304e+01 
2.726443e+00 2.007281e+01 
2.675526e+00 1.997259e+01 
2.625226e+00 1.987238e+01 
2.575540e+00 1.977216e+01 
2.526464e+00 1.967194e+01 
2.477996e+00 1.957172e+01 
2.430131e+00 1.947150e+01 
2.382865e+00 1.937128e+01 
2.336193e+00 1.927106e+01 
2.290109e+00 1.917084e+01 
2.244608e+00 1.907062e+01 
2.199684e+00 1.897040e+01 
2.155330e+00 1.887018e+01 
2.111541e+00 1.876997e+01 
2.068318e+00 1.866975e+01 
2.025749e+00 1.856949e+01 
1.983944e+00 1.846918e+01 
1.942908e+00 1.836888e+01 
1.902616e+00 1.826859e+01 
1.863044e+00 1.816830e+01 
1.824168e+00 1.806802e+01 
1.785963e+00 1.796775e+01 
1.748409e+00 1.786748e+01 
1.711481e+00 1.776723e+01 
1.675152e+00 1.766698e+01 
1.639361e+00 1.756676e+01 
1.604038e+00 1.746657e+01 
1.569144e+00 1.736639e+01 
1.534658e+00 1.726622e+01 
1.500564e+00 1.716606e+01 
1.466848e+00 1.706590e+01 
1.433493e+00 1.696575e+01 
1.400491e+00 1.686560e+01 
1.367869e+00 1.676543e+01 
1.335760e+00 1.666520e+01 
1.304288e+00 1.656492e+01 
1.273452e+00 1.646464e+01 
1.243221e+00 1.636438e+01 
1.213560e+00 1.626413e+01 
1.184442e+00 1.616390e+01 
1.155818e+00 1.606368e+01 
1.127639e+00 1.596348e+01 
1.099872e+00 1.586330e+01 
1.072488e+00 1.576313e+01 
1.045460e+00 1.566297e+01 
1.018762e+00 1.556283e+01 
9.923695e-01 1.546269e+01 
9.662655e-01 1.536256e+01 
9.404524e-01 1.526243e+01 
9.149747e-01 1.516227e+01 
8.898739e-01 1.506210e+01 
8.651493e-01 1.496193e+01 
8.407328e-01 1.486179e+01 
8.165027e-01 1.476171e+01 
7.924370e-01 1.466164e+01 
7.686162e-01 1.456152e+01 
7.450650e-01 1.446140e+01 
7.217620e-01 1.436128e+01 
6.987115e-01 1.426117e+01 
6.759585e-01 1.416103e+01 
6.535486e-01 1.406086e+01 
6.315236e-01 1.396068e+01 
6.099333e-01 1.386048e+01 
5.888146e-01 1.376026e+01 
5.681988e-01 1.366002e+01 
5.480812e-01 1.355979e+01 
5.284446e-01 1.345956e+01 
5.093070e-01 1.335932e+01 
4.906962e-01 1.325907e+01 
4.726142e-01 1.315882e+01 
4.550600e-01 1.305857e+01 
4.380321e-01 1.295832e+01 
4.215545e-01 1.285806e+01 
4.056255e-01 1.275779e+01 
3.902292e-01 1.265754e+01 
3.753488e-01 1.255729e+01 
3.609609e-01 1.245705e+01 
3.472497e-01 1.235672e+01 
3.342840e-01 1.225635e+01 
3.219101e-01 1.215607e+01 
3.100689e-01 1.205581e+01 
2.986976e-01 1.195558e+01 
2.877382e-01 1.185538e+01 
2.772012e-01 1.175518e+01 
2.670821e-01 1.165497e+01 
3.665761e-01 1.164492e+01 
