-3.151207e+00 2.389170e+00 
-3.156316e+00 2.489113e+00 
-3.161540e+00 2.589040e+00 
-3.166909e+00 2.688952e+00 
-3.172454e+00 2.788848e+00 
-3.178207e+00 2.888729e+00 
-3.184198e+00 2.988595e+00 
-3.190458e+00 3.088447e+00 
-3.197031e+00 3.188544e+00 
-3.203396e+00 3.288459e+00 
-3.209929e+00 3.388325e+00 
-3.216739e+00 3.488302e+00 
-3.223594e+00 3.588270e+00 
-3.230514e+00 3.688232e+00 
-3.237509e+00 3.788170e+00 
-3.244627e+00 3.888087e+00 
-3.251912e+00 3.987991e+00 
-3.259389e+00 4.087883e+00 
-3.267082e+00 4.187763e+00 
-3.275017e+00 4.287650e+00 
-3.283182e+00 4.387547e+00 
-3.291555e+00 4.487453e+00 
-3.300119e+00 4.587365e+00 
-3.308857e+00 4.687253e+00 
-3.317818e+00 4.787091e+00 
-3.327107e+00 4.886950e+00 
-3.336685e+00 4.986826e+00 
-3.346515e+00 5.086714e+00 
-3.356573e+00 5.186613e+00 
-3.366836e+00 5.286525e+00 
-3.377282e+00 5.386448e+00 
-3.387884e+00 5.486377e+00 
-3.398626e+00 5.586275e+00 
-3.409575e+00 5.686154e+00 
-3.420769e+00 5.786033e+00 
-3.432208e+00 5.885910e+00 
-3.443889e+00 5.985698e+00 
-3.456001e+00 6.085482e+00 
-3.468554e+00 6.185264e+00 
-3.481552e+00 6.285045e+00 
-3.494997e+00 6.384825e+00 
-3.508895e+00 6.484603e+00 
-3.523253e+00 6.584401e+00 
-3.538019e+00 6.684153e+00 
-3.553323e+00 6.784076e+00 
-3.568757e+00 6.883813e+00 
-3.584713e+00 6.983410e+00 
-3.601528e+00 7.083141e+00 
-3.618896e+00 7.182837e+00 
-3.636891e+00 7.282483e+00 
-3.655626e+00 7.382121e+00 
-3.675117e+00 7.481738e+00 
-3.695412e+00 7.581332e+00 
-3.716565e+00 7.680900e+00 
-3.738636e+00 7.780453e+00 
-3.761660e+00 7.879982e+00 
-3.785693e+00 7.979473e+00 
-3.810819e+00 8.078921e+00 
-3.837144e+00 8.178320e+00 
-3.864801e+00 8.277733e+00 
-3.893794e+00 8.377229e+00 
-3.923917e+00 8.476695e+00 
-3.955205e+00 8.576001e+00 
-3.988028e+00 8.675117e+00 
-4.022867e+00 8.774101e+00 
-4.060092e+00 8.872982e+00 
-4.099995e+00 8.971727e+00 
-4.142990e+00 9.070328e+00 
-4.189533e+00 9.168715e+00 
-4.240349e+00 9.266858e+00 
-4.296302e+00 9.364611e+00 
-4.358869e+00 9.461780e+00 
-4.430843e+00 9.558358e+00 
-4.516642e+00 9.654553e+00 
-4.612069e+00 9.740868e+00 
-4.707439e+00 9.808677e+00 
-4.804217e+00 9.862468e+00 
-4.901138e+00 9.907490e+00 
-4.997899e+00 9.944805e+00 
-5.094492e+00 9.974645e+00 
-5.190916e+00 9.997135e+00 
-5.287175e+00 1.001231e+01 
-5.383277e+00 1.002013e+01 
-5.479235e+00 1.002044e+01 
-5.575132e+00 1.001298e+01 
-5.671619e+00 9.997335e+00 
-5.768749e+00 9.974298e+00 
-5.866333e+00 9.944904e+00 
-5.964349e+00 9.909827e+00 
-6.062744e+00 9.869807e+00 
-6.161262e+00 9.825663e+00 
-6.259819e+00 9.777571e+00 
-6.358408e+00 9.725442e+00 
-6.457034e+00 9.669159e+00 
-6.555696e+00 9.608596e+00 
-6.654420e+00 9.543594e+00 
-6.753278e+00 9.474032e+00 
-6.852233e+00 9.400140e+00 
-6.951223e+00 9.322072e+00 
-7.050240e+00 9.239721e+00 
-7.149277e+00 9.152923e+00 
-7.248331e+00 9.061467e+00 
-7.347424e+00 8.965071e+00 
-7.444313e+00 8.865849e+00 
-7.537312e+00 8.766409e+00 
-7.627506e+00 8.666972e+00 
-7.715005e+00 8.567531e+00 
-7.799933e+00 8.468085e+00 
-7.882404e+00 8.368635e+00 
-7.962522e+00 8.269180e+00 
-8.040384e+00 8.169721e+00 
-8.116077e+00 8.070260e+00 
-8.189679e+00 7.970795e+00 
-8.261262e+00 7.871327e+00 
-8.330897e+00 7.771856e+00 
-8.398645e+00 7.672382e+00 
-8.464564e+00 7.572905e+00 
-8.528709e+00 7.473426e+00 
-8.591129e+00 7.373945e+00 
-8.651872e+00 7.274461e+00 
-8.710983e+00 7.174976e+00 
-8.768502e+00 7.075487e+00 
-8.824468e+00 6.975997e+00 
-8.878918e+00 6.876505e+00 
-8.931885e+00 6.777011e+00 
-8.983404e+00 6.677515e+00 
-9.033504e+00 6.578017e+00 
-9.082214e+00 6.478517e+00 
-9.129562e+00 6.379013e+00 
-9.175578e+00 6.279518e+00 
-9.220279e+00 6.179978e+00 
-9.263813e+00 6.080363e+00 
-9.306372e+00 5.980708e+00 
-9.348057e+00 5.881038e+00 
-9.388906e+00 5.781375e+00 
-9.428912e+00 5.681708e+00 
-9.468091e+00 5.582042e+00 
-9.506446e+00 5.482378e+00 
-9.543982e+00 5.382715e+00 
-9.580701e+00 5.283053e+00 
-9.616608e+00 5.183392e+00 
-9.651705e+00 5.083732e+00 
-9.685997e+00 4.984073e+00 
-9.719487e+00 4.884416e+00 
-9.752178e+00 4.784759e+00 
-9.784075e+00 4.685103e+00 
-9.815179e+00 4.585449e+00 
-9.845495e+00 4.485795e+00 
-9.875025e+00 4.386141e+00 
-9.903774e+00 4.286489e+00 
-9.931744e+00 4.186837e+00 
-9.958938e+00 4.087186e+00 
-9.985361e+00 3.987535e+00 
-1.001101e+01 3.887886e+00 
-1.003590e+01 3.788236e+00 
-1.006002e+01 3.688587e+00 
-1.008339e+01 3.588938e+00 
-1.010600e+01 3.489290e+00 
-1.012785e+01 3.389642e+00 
-1.014895e+01 3.289995e+00 
-1.016930e+01 3.190347e+00 
-1.018891e+01 3.090700e+00 
-1.020778e+01 2.991053e+00 
-1.022590e+01 2.891406e+00 
-1.024329e+01 2.791759e+00 
-1.025994e+01 2.692112e+00 
-1.027586e+01 2.592465e+00 
-1.029106e+01 2.492818e+00 
-1.030552e+01 2.393170e+00 
-1.031926e+01 2.293523e+00 
-1.033228e+01 2.193875e+00 
-1.034458e+01 2.094223e+00 
-1.035618e+01 1.994549e+00 
-1.036711e+01 1.894883e+00 
-1.037737e+01 1.795216e+00 
-1.038695e+01 1.695548e+00 
-1.039586e+01 1.595879e+00 
-1.040410e+01 1.496209e+00 
-1.041168e+01 1.396537e+00 
-1.041860e+01 1.296864e+00 
-1.042487e+01 1.197189e+00 
-1.043048e+01 1.097514e+00 
-1.043544e+01 9.978367e-01 
-1.043976e+01 8.981584e-01 
-1.053969e+01 9.018416e-01 
-1.053535e+01 1.002163e+00 
-1.053036e+01 1.102486e+00 
-1.052471e+01 1.202811e+00 
-1.051840e+01 1.303136e+00 
-1.051144e+01 1.403463e+00 
-1.050381e+01 1.503791e+00 
-1.049552e+01 1.604121e+00 
-1.048655e+01 1.704452e+00 
-1.047691e+01 1.804784e+00 
-1.046659e+01 1.905117e+00 
-1.045558e+01 2.005451e+00 
-1.044391e+01 2.105777e+00 
-1.043153e+01 2.206125e+00 
-1.041842e+01 2.306477e+00 
-1.040458e+01 2.406830e+00 
-1.039002e+01 2.507182e+00 
-1.037472e+01 2.607535e+00 
-1.035869e+01 2.707888e+00 
-1.034192e+01 2.808241e+00 
-1.032441e+01 2.908594e+00 
-1.030616e+01 3.008947e+00 
-1.028717e+01 3.109300e+00 
-1.026742e+01 3.209653e+00 
-1.024693e+01 3.310005e+00 
-1.022568e+01 3.410358e+00 
-1.020367e+01 3.510710e+00 
-1.018091e+01 3.611062e+00 
-1.015738e+01 3.711413e+00 
-1.013309e+01 3.811764e+00 
-1.010803e+01 3.912114e+00 
-1.008220e+01 4.012465e+00 
-1.005560e+01 4.112814e+00 
-1.002822e+01 4.213163e+00 
-1.000005e+01 4.313511e+00 
-9.971107e+00 4.413859e+00 
-9.941374e+00 4.514205e+00 
-9.910850e+00 4.614551e+00 
-9.879533e+00 4.714897e+00 
-9.847419e+00 4.815241e+00 
-9.814506e+00 4.915584e+00 
-9.780788e+00 5.015927e+00 
-9.746264e+00 5.116268e+00 
-9.710930e+00 5.216608e+00 
-9.674782e+00 5.316947e+00 
-9.637816e+00 5.417285e+00 
-9.600030e+00 5.517622e+00 
-9.561419e+00 5.617958e+00 
-9.521980e+00 5.718292e+00 
-9.481709e+00 5.818625e+00 
-9.440587e+00 5.918962e+00 
-9.398628e+00 6.019292e+00 
-9.355778e+00 6.119637e+00 
-9.311911e+00 6.220022e+00 
-9.266803e+00 6.320482e+00 
-9.220327e+00 6.420987e+00 
-9.172513e+00 6.521483e+00 
-9.123320e+00 6.621983e+00 
-9.072722e+00 6.722485e+00 
-9.020688e+00 6.822989e+00 
-8.967189e+00 6.923495e+00 
-8.912192e+00 7.024003e+00 
-8.855659e+00 7.124513e+00 
-8.797557e+00 7.225024e+00 
-8.737844e+00 7.325539e+00 
-8.676479e+00 7.426055e+00 
-8.613416e+00 7.526574e+00 
-8.548608e+00 7.627095e+00 
-8.482006e+00 7.727618e+00 
-8.413550e+00 7.828144e+00 
-8.343185e+00 7.928673e+00 
-8.270847e+00 8.029205e+00 
-8.196464e+00 8.129740e+00 
-8.119963e+00 8.230279e+00 
-8.041265e+00 8.330820e+00 
-7.960281e+00 8.431365e+00 
-7.876911e+00 8.531915e+00 
-7.791051e+00 8.632469e+00 
-7.702584e+00 8.733028e+00 
-7.611384e+00 8.833591e+00 
-7.517352e+00 8.934151e+00 
-7.418976e+00 9.034929e+00 
-7.318069e+00 9.133138e+00 
-7.217123e+00 9.226387e+00 
-7.116160e+00 9.314918e+00 
-7.015177e+00 9.398948e+00 
-6.914167e+00 9.478652e+00 
-6.813122e+00 9.554149e+00 
-6.711980e+00 9.625367e+00 
-6.610705e+00 9.692107e+00 
-6.509367e+00 9.754372e+00 
-6.407992e+00 9.812283e+00 
-6.306582e+00 9.865963e+00 
-6.205138e+00 9.915524e+00 
-6.103657e+00 9.961055e+00 
-6.002051e+00 1.000245e+01 
-5.900068e+00 1.003904e+01 
-5.797652e+00 1.007003e+01 
-5.694782e+00 1.009462e+01 
-5.591268e+00 1.011167e+01 
-5.487166e+00 1.012012e+01 
-5.383123e+00 1.012013e+01 
-5.279226e+00 1.011200e+01 
-5.175485e+00 1.009594e+01 
-5.071908e+00 1.007206e+01 
-4.968501e+00 1.004039e+01 
-4.865262e+00 1.000083e+01 
-4.762183e+00 9.953204e+00 
-4.658961e+00 9.896141e+00 
-4.554331e+00 9.822515e+00 
-4.449758e+00 9.728893e+00 
-4.356364e+00 9.625088e+00 
-4.278783e+00 9.521666e+00 
-4.212279e+00 9.418835e+00 
-4.153591e+00 9.316588e+00 
-4.100749e+00 9.214731e+00 
-4.052607e+00 9.113118e+00 
-4.008339e+00 9.011718e+00 
-3.967382e+00 8.910464e+00 
-3.929284e+00 8.809345e+00 
-3.893704e+00 8.708329e+00 
-3.860278e+00 8.607445e+00 
-3.828540e+00 8.506751e+00 
-3.798088e+00 8.406216e+00 
-3.768795e+00 8.305713e+00 
-3.740804e+00 8.205126e+00 
-3.714153e+00 8.104525e+00 
-3.688740e+00 8.003973e+00 
-3.664457e+00 7.903464e+00 
-3.641209e+00 7.802993e+00 
-3.618936e+00 7.702546e+00 
-3.597596e+00 7.602114e+00 
-3.577131e+00 7.501708e+00 
-3.557487e+00 7.401325e+00 
-3.538613e+00 7.300963e+00 
-3.520488e+00 7.200609e+00 
-3.503012e+00 7.100305e+00 
-3.486105e+00 7.000036e+00 
-3.470016e+00 6.899633e+00 
-3.454500e+00 6.799369e+00 
-3.439172e+00 6.699293e+00 
-3.424331e+00 6.599045e+00 
-3.409914e+00 6.498843e+00 
-3.395954e+00 6.398621e+00 
-3.382448e+00 6.298401e+00 
-3.369392e+00 6.198182e+00 
-3.356783e+00 6.097964e+00 
-3.344618e+00 5.997748e+00 
-3.332886e+00 5.897536e+00 
-3.321418e+00 5.797413e+00 
-3.310197e+00 5.697292e+00 
-3.299222e+00 5.597171e+00 
-3.288457e+00 5.497069e+00 
-3.277840e+00 5.396998e+00 
-3.267378e+00 5.296921e+00 
-3.257096e+00 5.196833e+00 
-3.247018e+00 5.096732e+00 
-3.237166e+00 4.996620e+00 
-3.227564e+00 4.896496e+00 
-3.218248e+00 4.796354e+00 
-3.209257e+00 4.696193e+00 
-3.200499e+00 4.596080e+00 
-3.191920e+00 4.495993e+00 
-3.183532e+00 4.395899e+00 
-3.175349e+00 4.295796e+00 
-3.167396e+00 4.195683e+00 
-3.159684e+00 4.095563e+00 
-3.152191e+00 3.995455e+00 
-3.144892e+00 3.895359e+00 
-3.137761e+00 3.795276e+00 
-3.130758e+00 3.695214e+00 
-3.123833e+00 3.595176e+00 
-3.116973e+00 3.495144e+00 
-3.110160e+00 3.395121e+00 
-3.103609e+00 3.294987e+00 
-3.097233e+00 3.194902e+00 
-3.090673e+00 3.094999e+00 
-3.084394e+00 2.994851e+00 
-3.078387e+00 2.894717e+00 
-3.072620e+00 2.794598e+00 
-3.067063e+00 2.694494e+00 
-3.061684e+00 2.594406e+00 
-3.056453e+00 2.494333e+00 
-3.051338e+00 2.394276e+00 
-3.151207e+00 2.389170e+00 
