2.264317e+01 -5.987457e-01 
2.264067e+01 -6.985540e-01 
2.263778e+01 -7.983623e-01 
2.263451e+01 -8.981706e-01 
2.263085e+01 -9.979789e-01 
2.262682e+01 -1.097787e+00 
2.262240e+01 -1.197596e+00 
2.261759e+01 -1.297404e+00 
2.261240e+01 -1.397212e+00 
2.260683e+01 -1.497020e+00 
2.260087e+01 -1.596829e+00 
2.259453e+01 -1.696637e+00 
2.258780e+01 -1.796445e+00 
2.258069e+01 -1.896253e+00 
2.257318e+01 -1.996061e+00 
2.256530e+01 -2.095869e+00 
2.255702e+01 -2.195677e+00 
2.254836e+01 -2.295484e+00 
2.253931e+01 -2.395292e+00 
2.252987e+01 -2.495100e+00 
2.252004e+01 -2.594907e+00 
2.250982e+01 -2.694714e+00 
2.249921e+01 -2.794522e+00 
2.248821e+01 -2.894329e+00 
2.247682e+01 -2.994136e+00 
2.246503e+01 -3.093942e+00 
2.245285e+01 -3.193749e+00 
2.244028e+01 -3.293555e+00 
2.242730e+01 -3.393362e+00 
2.241394e+01 -3.493168e+00 
2.240017e+01 -3.592974e+00 
2.238600e+01 -3.692780e+00 
2.237144e+01 -3.792585e+00 
2.235647e+01 -3.892390e+00 
2.234110e+01 -3.992196e+00 
2.232533e+01 -4.092001e+00 
2.230916e+01 -4.191793e+00 
2.229256e+01 -4.291557e+00 
2.227547e+01 -4.391315e+00 
2.225788e+01 -4.491072e+00 
2.223977e+01 -4.590831e+00 
2.222116e+01 -4.690589e+00 
2.220205e+01 -4.790348e+00 
2.218242e+01 -4.890107e+00 
2.216228e+01 -4.989867e+00 
2.214164e+01 -5.089630e+00 
2.212049e+01 -5.189387e+00 
2.209883e+01 -5.289123e+00 
2.207660e+01 -5.388859e+00 
2.205380e+01 -5.488594e+00 
2.203044e+01 -5.588327e+00 
2.200649e+01 -5.688060e+00 
2.198197e+01 -5.787792e+00 
2.195686e+01 -5.887523e+00 
2.193116e+01 -5.987253e+00 
2.190487e+01 -6.086981e+00 
2.187797e+01 -6.186709e+00 
2.185047e+01 -6.286436e+00 
2.182237e+01 -6.386162e+00 
2.179364e+01 -6.485901e+00 
2.176433e+01 -6.585650e+00 
2.173444e+01 -6.685403e+00 
2.170399e+01 -6.785174e+00 
2.167301e+01 -6.884950e+00 
2.164152e+01 -6.984725e+00 
2.160951e+01 -7.084499e+00 
2.157698e+01 -7.184271e+00 
2.154391e+01 -7.284042e+00 
2.151031e+01 -7.383812e+00 
2.147618e+01 -7.483581e+00 
2.144149e+01 -7.583348e+00 
2.140625e+01 -7.683114e+00 
2.137046e+01 -7.782879e+00 
2.133410e+01 -7.882643e+00 
2.129717e+01 -7.982405e+00 
2.125967e+01 -8.082166e+00 
2.122158e+01 -8.181926e+00 
2.118291e+01 -8.281684e+00 
2.114363e+01 -8.381442e+00 
2.110376e+01 -8.481198e+00 
2.106328e+01 -8.580953e+00 
2.102218e+01 -8.680707e+00 
2.098046e+01 -8.780460e+00 
2.093811e+01 -8.880211e+00 
2.089512e+01 -8.979962e+00 
2.085149e+01 -9.079711e+00 
2.080720e+01 -9.179459e+00 
2.076226e+01 -9.279206e+00 
2.071664e+01 -9.378952e+00 
2.067036e+01 -9.478697e+00 
2.062338e+01 -9.578441e+00 
2.057572e+01 -9.678184e+00 
2.052735e+01 -9.777926e+00 
2.047828e+01 -9.877667e+00 
2.042849e+01 -9.977407e+00 
2.037797e+01 -1.007715e+01 
2.032671e+01 -1.017689e+01 
2.027472e+01 -1.027663e+01 
2.022199e+01 -1.037637e+01 
2.016849e+01 -1.047611e+01 
2.011424e+01 -1.057584e+01 
2.005920e+01 -1.067558e+01 
2.000338e+01 -1.077532e+01 
1.994677e+01 -1.087505e+01 
1.988935e+01 -1.097479e+01 
1.983112e+01 -1.107452e+01 
1.977206e+01 -1.117426e+01 
1.971216e+01 -1.127399e+01 
1.965141e+01 -1.137372e+01 
1.958980e+01 -1.147345e+01 
1.952732e+01 -1.157318e+01 
1.946396e+01 -1.167289e+01 
1.939964e+01 -1.177260e+01 
1.933431e+01 -1.187230e+01 
1.926795e+01 -1.197199e+01 
1.920054e+01 -1.207169e+01 
1.913207e+01 -1.217139e+01 
1.906250e+01 -1.227108e+01 
1.899181e+01 -1.237077e+01 
1.891999e+01 -1.247046e+01 
1.884701e+01 -1.257015e+01 
1.877284e+01 -1.266984e+01 
1.869746e+01 -1.276953e+01 
1.862085e+01 -1.286922e+01 
1.854297e+01 -1.296890e+01 
1.846380e+01 -1.306859e+01 
1.838331e+01 -1.316827e+01 
1.830146e+01 -1.326794e+01 
1.821819e+01 -1.336758e+01 
1.813335e+01 -1.346721e+01 
1.804679e+01 -1.356683e+01 
1.795847e+01 -1.366645e+01 
1.786834e+01 -1.376608e+01 
1.777635e+01 -1.386571e+01 
1.768246e+01 -1.396533e+01 
1.758661e+01 -1.406496e+01 
1.748875e+01 -1.416459e+01 
1.738912e+01 -1.426393e+01 
1.728950e+01 -1.436122e+01 
1.718986e+01 -1.445653e+01 
1.709023e+01 -1.454992e+01 
1.699061e+01 -1.464144e+01 
1.689102e+01 -1.473107e+01 
1.679144e+01 -1.481872e+01 
1.669186e+01 -1.490443e+01 
1.659228e+01 -1.498824e+01 
1.649269e+01 -1.507023e+01 
1.639311e+01 -1.515044e+01 
1.629352e+01 -1.522893e+01 
1.619393e+01 -1.530574e+01 
1.609434e+01 -1.538092e+01 
1.599475e+01 -1.545451e+01 
1.589515e+01 -1.552657e+01 
1.579556e+01 -1.559712e+01 
1.569596e+01 -1.566621e+01 
1.559636e+01 -1.573388e+01 
1.549675e+01 -1.580016e+01 
1.539715e+01 -1.586509e+01 
1.529754e+01 -1.592870e+01 
1.519792e+01 -1.599103e+01 
1.509831e+01 -1.605210e+01 
1.499867e+01 -1.611196e+01 
1.489904e+01 -1.617068e+01 
1.479938e+01 -1.622828e+01 
1.469973e+01 -1.628482e+01 
1.460007e+01 -1.634034e+01 
1.450041e+01 -1.639483e+01 
1.440074e+01 -1.644834e+01 
1.430108e+01 -1.650086e+01 
1.420141e+01 -1.655243e+01 
1.410177e+01 -1.660304e+01 
1.400218e+01 -1.665263e+01 
1.390267e+01 -1.670105e+01 
1.380316e+01 -1.674814e+01 
1.370366e+01 -1.679391e+01 
1.360415e+01 -1.683839e+01 
1.350463e+01 -1.688159e+01 
1.340512e+01 -1.692355e+01 
1.330560e+01 -1.696428e+01 
1.320607e+01 -1.700382e+01 
1.310655e+01 -1.704219e+01 
1.300702e+01 -1.707941e+01 
1.290747e+01 -1.711550e+01 
1.280792e+01 -1.715050e+01 
1.270836e+01 -1.718445e+01 
1.260880e+01 -1.721737e+01 
1.250923e+01 -1.724928e+01 
1.240966e+01 -1.728020e+01 
1.231008e+01 -1.731015e+01 
1.221051e+01 -1.733913e+01 
1.211093e+01 -1.736716e+01 
1.201135e+01 -1.739426e+01 
1.191177e+01 -1.742043e+01 
1.181218e+01 -1.744568e+01 
1.171259e+01 -1.747004e+01 
1.161300e+01 -1.749350e+01 
1.151340e+01 -1.751609e+01 
1.141381e+01 -1.753781e+01 
1.131421e+01 -1.755867e+01 
1.121461e+01 -1.757869e+01 
1.111500e+01 -1.759786e+01 
1.101539e+01 -1.761621e+01 
1.091578e+01 -1.763373e+01 
1.081617e+01 -1.765045e+01 
1.071663e+01 -1.766635e+01 
1.061715e+01 -1.768129e+01 
1.051773e+01 -1.769517e+01 
1.041833e+01 -1.770785e+01 
1.031892e+01 -1.771931e+01 
1.021950e+01 -1.772959e+01 
1.012008e+01 -1.773868e+01 
1.002066e+01 -1.774661e+01 
9.921221e+00 -1.775339e+01 
9.821780e+00 -1.775904e+01 
9.722332e+00 -1.776358e+01 
9.622876e+00 -1.776701e+01 
9.523413e+00 -1.776936e+01 
9.423945e+00 -1.777065e+01 
9.324477e+00 -1.777087e+01 
9.225012e+00 -1.777004e+01 
9.125541e+00 -1.776814e+01 
9.026063e+00 -1.776519e+01 
8.926579e+00 -1.776119e+01 
8.827086e+00 -1.775617e+01 
8.727587e+00 -1.775013e+01 
8.628080e+00 -1.774309e+01 
8.528566e+00 -1.773506e+01 
8.429044e+00 -1.772605e+01 
8.329515e+00 -1.771607e+01 
8.229979e+00 -1.770514e+01 
8.130436e+00 -1.769327e+01 
8.030960e+00 -1.768047e+01 
7.931529e+00 -1.766661e+01 
7.832099e+00 -1.765159e+01 
7.732660e+00 -1.763539e+01 
7.633213e+00 -1.761802e+01 
7.533758e+00 -1.759949e+01 
7.434294e+00 -1.757982e+01 
7.334822e+00 -1.755902e+01 
7.235412e+00 -1.753711e+01 
7.136100e+00 -1.751395e+01 
7.036861e+00 -1.748933e+01 
6.937610e+00 -1.746304e+01 
6.838328e+00 -1.743509e+01 
6.739017e+00 -1.740552e+01 
6.639678e+00 -1.737437e+01 
6.540310e+00 -1.734169e+01 
6.440913e+00 -1.730753e+01 
6.341489e+00 -1.727193e+01 
6.242037e+00 -1.723494e+01 
6.142558e+00 -1.719661e+01 
6.043054e+00 -1.715698e+01 
5.943524e+00 -1.711610e+01 
5.844034e+00 -1.707405e+01 
5.744719e+00 -1.703076e+01 
5.645446e+00 -1.698572e+01 
5.546166e+00 -1.693874e+01 
5.446876e+00 -1.688980e+01 
5.347577e+00 -1.683887e+01 
5.248267e+00 -1.678593e+01 
5.148944e+00 -1.673098e+01 
5.049614e+00 -1.667398e+01 
4.950335e+00 -1.661494e+01 
4.851140e+00 -1.655367e+01 
4.751933e+00 -1.648975e+01 
4.652695e+00 -1.642312e+01 
4.553424e+00 -1.635376e+01 
4.454121e+00 -1.628170e+01 
4.354786e+00 -1.620696e+01 
4.255468e+00 -1.612959e+01 
4.156284e+00 -1.604952e+01 
4.057136e+00 -1.596595e+01 
3.957958e+00 -1.587847e+01 
3.858743e+00 -1.578696e+01 
3.759493e+00 -1.569138e+01 
3.660834e+00 -1.559229e+01 
3.567224e+00 -1.549337e+01 
3.478949e+00 -1.539441e+01 
3.395375e+00 -1.529538e+01 
3.315951e+00 -1.519630e+01 
3.240238e+00 -1.509718e+01 
3.167886e+00 -1.499802e+01 
3.098603e+00 -1.489883e+01 
3.032156e+00 -1.479962e+01 
2.968379e+00 -1.470041e+01 
2.907152e+00 -1.460113e+01 
2.848201e+00 -1.450181e+01 
2.791342e+00 -1.440249e+01 
2.736528e+00 -1.430318e+01 
2.683714e+00 -1.420386e+01 
2.632863e+00 -1.410456e+01 
2.583948e+00 -1.400526e+01 
2.536940e+00 -1.390597e+01 
2.491823e+00 -1.380668e+01 
2.448572e+00 -1.370741e+01 
2.407168e+00 -1.360811e+01 
2.367437e+00 -1.350860e+01 
2.328801e+00 -1.340879e+01 
2.290653e+00 -1.330906e+01 
2.253257e+00 -1.320956e+01 
2.217001e+00 -1.310991e+01 
2.181566e+00 -1.301017e+01 
2.146736e+00 -1.291041e+01 
2.112489e+00 -1.281068e+01 
2.078880e+00 -1.271097e+01 
2.045958e+00 -1.261129e+01 
2.013805e+00 -1.251171e+01 
1.982626e+00 -1.241215e+01 
1.952421e+00 -1.231251e+01 
1.923024e+00 -1.221280e+01 
1.894245e+00 -1.211300e+01 
1.865915e+00 -1.201316e+01 
1.837956e+00 -1.191338e+01 
1.810522e+00 -1.181372e+01 
1.783816e+00 -1.171400e+01 
1.757729e+00 -1.161428e+01 
1.732298e+00 -1.151466e+01 
1.707718e+00 -1.141514e+01 
1.684176e+00 -1.131561e+01 
1.661600e+00 -1.121587e+01 
1.639560e+00 -1.111605e+01 
1.617903e+00 -1.101623e+01 
1.596633e+00 -1.091642e+01 
1.575764e+00 -1.081662e+01 
1.555353e+00 -1.071691e+01 
1.535571e+00 -1.061734e+01 
1.516698e+00 -1.051778e+01 
1.498718e+00 -1.041810e+01 
1.481389e+00 -1.031827e+01 
1.464397e+00 -1.021831e+01 
1.447483e+00 -1.011832e+01 
1.430602e+00 -1.001846e+01 
1.414048e+00 -9.918720e+00 
1.398032e+00 -9.819034e+00 
1.382673e+00 -9.719400e+00 
1.368071e+00 -9.619788e+00 
1.354264e+00 -9.520162e+00 
1.341209e+00 -9.420425e+00 
1.328688e+00 -9.320666e+00 
1.316667e+00 -9.220960e+00 
1.305239e+00 -9.121215e+00 
1.294314e+00 -9.021332e+00 
1.283618e+00 -8.921364e+00 
1.272984e+00 -8.821374e+00 
1.262370e+00 -8.721376e+00 
1.251761e+00 -8.621382e+00 
1.241168e+00 -8.521427e+00 
1.230675e+00 -8.421548e+00 
1.220446e+00 -8.321856e+00 
1.210850e+00 -8.222267e+00 
1.202076e+00 -8.122608e+00 
1.193981e+00 -8.022835e+00 
1.186336e+00 -7.922971e+00 
1.178959e+00 -7.823006e+00 
1.171643e+00 -7.722930e+00 
1.164169e+00 -7.622803e+00 
1.156437e+00 -7.522636e+00 
1.148372e+00 -7.422529e+00 
1.140097e+00 -7.322495e+00 
1.131758e+00 -7.222512e+00 
1.123457e+00 -7.122583e+00 
1.115304e+00 -7.022704e+00 
1.107398e+00 -6.922871e+00 
1.099830e+00 -6.823073e+00 
1.092667e+00 -6.723252e+00 
1.085858e+00 -6.623343e+00 
1.079230e+00 -6.523385e+00 
1.072686e+00 -6.423420e+00 
1.066213e+00 -6.323456e+00 
1.059812e+00 -6.223491e+00 
1.053482e+00 -6.123527e+00 
1.047224e+00 -6.023547e+00 
1.041004e+00 -5.923553e+00 
1.034797e+00 -5.823581e+00 
1.028652e+00 -5.723687e+00 
1.022721e+00 -5.623816e+00 
1.017047e+00 -5.523895e+00 
1.011530e+00 -5.423963e+00 
1.006154e+00 -5.324089e+00 
1.001030e+00 -5.224266e+00 
9.962616e-01 -5.124419e+00 
9.917945e-01 -5.024478e+00 
9.874439e-01 -4.924481e+00 
9.830991e-01 -4.824466e+00 
9.787228e-01 -4.724438e+00 
9.742912e-01 -4.624399e+00 
9.697804e-01 -4.524348e+00 
9.651672e-01 -4.424286e+00 
9.604300e-01 -4.324238e+00 
9.556012e-01 -4.224287e+00 
9.508712e-01 -4.124378e+00 
9.463250e-01 -4.024480e+00 
9.419842e-01 -3.924594e+00 
9.378711e-01 -3.824719e+00 
9.340063e-01 -3.724781e+00 
9.302628e-01 -3.624787e+00 
9.265316e-01 -3.524769e+00 
9.227652e-01 -3.424762e+00 
9.189842e-01 -3.324775e+00 
9.152312e-01 -3.224811e+00 
9.115501e-01 -3.124859e+00 
9.079650e-01 -3.024910e+00 
9.044823e-01 -2.924968e+00 
9.011155e-01 -2.825034e+00 
8.978818e-01 -2.725109e+00 
8.947972e-01 -2.625159e+00 
8.918102e-01 -2.525130e+00 
8.887623e-01 -2.425018e+00 
8.854911e-01 -2.324901e+00 
8.819866e-01 -2.224832e+00 
8.783480e-01 -2.124873e+00 
8.747911e-01 -2.024930e+00 
8.713486e-01 -1.924972e+00 
8.679903e-01 -1.825027e+00 
8.647418e-01 -1.725053e+00 
8.615459e-01 -1.625093e+00 
8.584302e-01 -1.525157e+00 
8.554429e-01 -1.425223e+00 
8.525868e-01 -1.325283e+00 
8.498500e-01 -1.225336e+00 
8.472204e-01 -1.125381e+00 
8.446791e-01 -1.025412e+00 
8.421994e-01 -9.253851e-01 
8.396648e-01 -8.253164e-01 
8.369926e-01 -7.252533e-01 
8.341946e-01 -6.252061e-01 
8.313024e-01 -5.251739e-01 
8.283461e-01 -4.251569e-01 
8.253561e-01 -3.251549e-01 
8.223634e-01 -2.251936e-01 
8.194501e-01 -1.252967e-01 
8.167585e-01 -2.665113e-02 
8.167402e-01 2.529668e-02 
8.194472e-01 1.251936e-01 
8.223623e-01 2.251549e-01 
8.253562e-01 3.251569e-01 
8.283466e-01 4.251739e-01 
8.313033e-01 5.252061e-01 
8.341960e-01 6.252533e-01 
8.369944e-01 7.253164e-01 
8.396666e-01 8.253851e-01 
8.422000e-01 9.254120e-01 
8.446783e-01 1.025381e+00 
8.472192e-01 1.125336e+00 
8.498486e-01 1.225283e+00 
8.525851e-01 1.325223e+00 
8.554410e-01 1.425157e+00 
8.584283e-01 1.525093e+00 
8.615447e-01 1.625053e+00 
8.647409e-01 1.725027e+00 
8.679884e-01 1.824972e+00 
8.713472e-01 1.924930e+00 
8.747891e-01 2.024873e+00 
8.783466e-01 2.124832e+00 
8.819891e-01 2.224901e+00 
8.854951e-01 2.325018e+00 
8.887659e-01 2.425130e+00 
8.918111e-01 2.525159e+00 
8.947957e-01 2.625109e+00 
8.978794e-01 2.725034e+00 
9.011133e-01 2.824968e+00 
9.044803e-01 2.924910e+00 
9.079632e-01 3.024859e+00 
9.115483e-01 3.124811e+00 
9.152299e-01 3.224775e+00 
9.189836e-01 3.324762e+00 
9.227655e-01 3.424769e+00 
9.265322e-01 3.524787e+00 
9.302626e-01 3.624781e+00 
9.340040e-01 3.724719e+00 
9.378661e-01 3.824594e+00 
9.419794e-01 3.924480e+00 
9.463204e-01 4.024378e+00 
9.508670e-01 4.124287e+00 
9.555989e-01 4.224238e+00 
9.604323e-01 4.324286e+00 
9.651701e-01 4.424348e+00 
9.697827e-01 4.524399e+00 
9.742929e-01 4.624438e+00 
9.787240e-01 4.724466e+00 
9.830997e-01 4.824481e+00 
9.874438e-01 4.924478e+00 
9.917919e-01 5.024419e+00 
9.962545e-01 5.124266e+00 
1.001022e+00 5.224089e+00 
1.006147e+00 5.323963e+00 
1.011526e+00 5.423895e+00 
1.017042e+00 5.523816e+00 
1.022713e+00 5.623687e+00 
1.028646e+00 5.723581e+00 
1.034795e+00 5.823553e+00 
1.041003e+00 5.923547e+00 
1.047222e+00 6.023527e+00 
1.053480e+00 6.123491e+00 
1.059810e+00 6.223456e+00 
1.066211e+00 6.323420e+00 
1.072684e+00 6.423385e+00 
1.079227e+00 6.523343e+00 
1.085852e+00 6.623252e+00 
1.092654e+00 6.723073e+00 
9.929108e-01 6.730230e+00 
9.860836e-01 6.630051e+00 
9.794463e-01 6.529959e+00 
9.728975e-01 6.429917e+00 
9.664202e-01 6.329882e+00 
9.600141e-01 6.229846e+00 
9.536798e-01 6.129811e+00 
9.474178e-01 6.029775e+00 
9.411963e-01 5.929755e+00 
9.349874e-01 5.829749e+00 
9.288343e-01 5.729721e+00 
9.228890e-01 5.629615e+00 
9.172031e-01 5.529486e+00 
9.116784e-01 5.429407e+00 
9.062916e-01 5.329339e+00 
9.011530e-01 5.229214e+00 
8.963684e-01 5.129036e+00 
8.918916e-01 5.028884e+00 
8.875383e-01 4.928824e+00 
8.831940e-01 4.828821e+00 
8.788196e-01 4.728837e+00 
8.743909e-01 4.628864e+00 
8.698842e-01 4.528903e+00 
8.652762e-01 4.428954e+00 
8.605442e-01 4.329016e+00 
8.557154e-01 4.229064e+00 
8.509789e-01 4.129016e+00 
8.464238e-01 4.028924e+00 
8.420737e-01 3.928822e+00 
8.379508e-01 3.828708e+00 
8.340786e-01 3.728583e+00 
8.303326e-01 3.628522e+00 
8.266017e-01 3.528515e+00 
8.228363e-01 3.428533e+00 
8.190551e-01 3.328541e+00 
8.153003e-01 3.228527e+00 
8.116161e-01 3.128491e+00 
8.080275e-01 3.028443e+00 
8.045410e-01 2.928392e+00 
8.011700e-01 2.828335e+00 
7.979318e-01 2.728268e+00 
7.948433e-01 2.628193e+00 
7.918556e-01 2.528144e+00 
7.888122e-01 2.428173e+00 
7.855484e-01 2.328284e+00 
7.820504e-01 2.228401e+00 
7.784128e-01 2.128470e+00 
7.748523e-01 2.028429e+00 
7.714064e-01 1.928372e+00 
7.680449e-01 1.828330e+00 
7.647937e-01 1.728275e+00 
7.615958e-01 1.628249e+00 
7.584769e-01 1.528209e+00 
7.554856e-01 1.428145e+00 
7.526259e-01 1.328079e+00 
7.498861e-01 1.228020e+00 
7.472538e-01 1.127966e+00 
7.447106e-01 1.027922e+00 
7.422307e-01 9.278903e-01 
7.396986e-01 8.279171e-01 
7.370300e-01 7.279858e-01 
7.342351e-01 6.280489e-01 
7.313451e-01 5.280962e-01 
7.283902e-01 4.281284e-01 
7.254009e-01 3.281454e-01 
7.224071e-01 2.281474e-01 
7.194897e-01 1.281086e-01 
7.167769e-01 2.800557e-02 
7.167585e-01 -2.665113e-02 
7.194868e-01 -1.280056e-01 
7.224059e-01 -2.281086e-01 
7.254009e-01 -3.281474e-01 
7.283908e-01 -4.281454e-01 
7.313460e-01 -5.281284e-01 
7.342364e-01 -6.280962e-01 
7.370317e-01 -7.280489e-01 
7.397004e-01 -8.279858e-01 
7.422314e-01 -9.279171e-01 
7.447098e-01 -1.027890e+00 
7.472527e-01 -1.127922e+00 
7.498846e-01 -1.227966e+00 
7.526242e-01 -1.328020e+00 
7.554837e-01 -1.428079e+00 
7.584749e-01 -1.528145e+00 
7.615945e-01 -1.628209e+00 
7.647928e-01 -1.728249e+00 
7.680430e-01 -1.828275e+00 
7.714050e-01 -1.928330e+00 
7.748503e-01 -2.028372e+00 
7.784113e-01 -2.128429e+00 
7.820528e-01 -2.228470e+00 
7.855524e-01 -2.328401e+00 
7.888157e-01 -2.428284e+00 
7.918565e-01 -2.528173e+00 
7.948418e-01 -2.628144e+00 
7.979294e-01 -2.728193e+00 
8.011678e-01 -2.828268e+00 
8.045390e-01 -2.928335e+00 
8.080257e-01 -3.028392e+00 
8.116144e-01 -3.128443e+00 
8.152990e-01 -3.228491e+00 
8.190546e-01 -3.328527e+00 
8.228366e-01 -3.428541e+00 
8.266024e-01 -3.528533e+00 
8.303324e-01 -3.628515e+00 
8.340763e-01 -3.728522e+00 
8.379458e-01 -3.828583e+00 
8.420689e-01 -3.928708e+00 
8.464192e-01 -4.028822e+00 
8.509746e-01 -4.128924e+00 
8.557131e-01 -4.229016e+00 
8.605465e-01 -4.329064e+00 
8.652791e-01 -4.429016e+00 
8.698865e-01 -4.528954e+00 
8.743926e-01 -4.628903e+00 
8.788208e-01 -4.728864e+00 
8.831946e-01 -4.828837e+00 
8.875381e-01 -4.928821e+00 
8.918890e-01 -5.028824e+00 
8.963613e-01 -5.128884e+00 
9.011442e-01 -5.229036e+00 
9.062850e-01 -5.329214e+00 
9.116747e-01 -5.429339e+00 
9.171987e-01 -5.529407e+00 
9.228815e-01 -5.629486e+00 
9.288279e-01 -5.729615e+00 
9.349856e-01 -5.829721e+00 
9.411959e-01 -5.929749e+00 
9.474166e-01 -6.029755e+00 
9.536776e-01 -6.129775e+00 
9.600118e-01 -6.229811e+00 
9.664179e-01 -6.329846e+00 
9.728952e-01 -6.429882e+00 
9.794435e-01 -6.529917e+00 
9.860775e-01 -6.629959e+00 
9.928983e-01 -6.730051e+00 
1.000086e+00 -6.830230e+00 
1.007684e+00 -6.930432e+00 
1.015617e+00 -7.030599e+00 
1.023789e+00 -7.130719e+00 
1.032101e+00 -7.230790e+00 
1.040443e+00 -7.330807e+00 
1.048712e+00 -7.430773e+00 
1.056760e+00 -7.530666e+00 
1.064466e+00 -7.630499e+00 
1.071920e+00 -7.730373e+00 
1.079225e+00 -7.830297e+00 
1.086607e+00 -7.930331e+00 
1.094273e+00 -8.030468e+00 
1.102404e+00 -8.130694e+00 
1.111235e+00 -8.231035e+00 
1.120907e+00 -8.331446e+00 
1.131197e+00 -8.431754e+00 
1.141715e+00 -8.531875e+00 
1.152318e+00 -8.631921e+00 
1.162928e+00 -8.731926e+00 
1.173543e+00 -8.831929e+00 
1.184178e+00 -8.931939e+00 
1.194882e+00 -9.031971e+00 
1.205831e+00 -9.132087e+00 
1.217316e+00 -9.232342e+00 
1.229407e+00 -9.332636e+00 
1.241987e+00 -9.432878e+00 
1.255110e+00 -9.533140e+00 
1.269017e+00 -9.633514e+00 
1.283731e+00 -9.733903e+00 
1.299199e+00 -9.834268e+00 
1.315314e+00 -9.934582e+00 
1.331952e+00 -1.003484e+01 
1.348882e+00 -1.013499e+01 
1.365798e+00 -1.023499e+01 
1.382803e+00 -1.033503e+01 
1.400192e+00 -1.043520e+01 
1.418286e+00 -1.053553e+01 
1.437320e+00 -1.063596e+01 
1.457269e+00 -1.073639e+01 
1.477796e+00 -1.083668e+01 
1.498750e+00 -1.093689e+01 
1.520099e+00 -1.103707e+01 
1.541834e+00 -1.113725e+01 
1.563952e+00 -1.123743e+01 
1.586643e+00 -1.133769e+01 
1.610403e+00 -1.143816e+01 
1.635214e+00 -1.153864e+01 
1.660837e+00 -1.163902e+01 
1.687072e+00 -1.173931e+01 
1.713925e+00 -1.183959e+01 
1.741542e+00 -1.193992e+01 
1.769623e+00 -1.204014e+01 
1.798042e+00 -1.214030e+01 
1.826940e+00 -1.224051e+01 
1.856502e+00 -1.234079e+01 
1.886927e+00 -1.244116e+01 
1.918375e+00 -1.254159e+01 
1.950795e+00 -1.264201e+01 
1.983924e+00 -1.274233e+01 
2.017728e+00 -1.284262e+01 
2.052157e+00 -1.294289e+01 
2.087155e+00 -1.304313e+01 
2.122770e+00 -1.314339e+01 
2.159284e+00 -1.324375e+01 
2.197045e+00 -1.334424e+01 
2.235401e+00 -1.344451e+01 
2.274180e+00 -1.354470e+01 
2.314296e+00 -1.364519e+01 
2.356272e+00 -1.374589e+01 
2.400143e+00 -1.384662e+01 
2.445897e+00 -1.394733e+01 
2.493563e+00 -1.404804e+01 
2.543153e+00 -1.414874e+01 
2.594702e+00 -1.424944e+01 
2.648234e+00 -1.435013e+01 
2.703789e+00 -1.445081e+01 
2.761415e+00 -1.455149e+01 
2.821155e+00 -1.465217e+01 
2.883262e+00 -1.475290e+01 
2.948034e+00 -1.485369e+01 
3.015511e+00 -1.495447e+01 
3.085899e+00 -1.505528e+01 
3.159452e+00 -1.515612e+01 
3.236476e+00 -1.525700e+01 
3.317344e+00 -1.535792e+01 
3.402519e+00 -1.545889e+01 
3.492588e+00 -1.555993e+01 
3.588192e+00 -1.566101e+01 
3.688620e+00 -1.576193e+01 
3.789370e+00 -1.585898e+01 
3.890155e+00 -1.595197e+01 
3.990977e+00 -1.604094e+01 
4.091829e+00 -1.612598e+01 
4.192645e+00 -1.620740e+01 
4.293327e+00 -1.628585e+01 
4.393992e+00 -1.636161e+01 
4.494688e+00 -1.643470e+01 
4.595418e+00 -1.650509e+01 
4.696180e+00 -1.657277e+01 
4.796973e+00 -1.663773e+01 
4.897778e+00 -1.670002e+01 
4.998498e+00 -1.675992e+01 
5.099169e+00 -1.681771e+01 
5.199846e+00 -1.687343e+01 
5.300535e+00 -1.692711e+01 
5.401236e+00 -1.697877e+01 
5.501947e+00 -1.702843e+01 
5.602667e+00 -1.707611e+01 
5.703394e+00 -1.712183e+01 
5.804078e+00 -1.716572e+01 
5.904589e+00 -1.720821e+01 
6.005058e+00 -1.724948e+01 
6.105555e+00 -1.728951e+01 
6.206076e+00 -1.732825e+01 
6.306624e+00 -1.736566e+01 
6.407200e+00 -1.740168e+01 
6.507803e+00 -1.743626e+01 
6.608435e+00 -1.746936e+01 
6.709096e+00 -1.750093e+01 
6.809785e+00 -1.753093e+01 
6.910503e+00 -1.755930e+01 
7.011252e+00 -1.758599e+01 
7.112012e+00 -1.761101e+01 
7.212701e+00 -1.763449e+01 
7.313291e+00 -1.765667e+01 
7.413819e+00 -1.767771e+01 
7.514355e+00 -1.769759e+01 
7.614900e+00 -1.771633e+01 
7.715453e+00 -1.773389e+01 
7.816014e+00 -1.775029e+01 
7.916584e+00 -1.776549e+01 
8.017153e+00 -1.777952e+01 
8.117677e+00 -1.779245e+01 
8.218133e+00 -1.780444e+01 
8.318597e+00 -1.781547e+01 
8.419069e+00 -1.782555e+01 
8.519547e+00 -1.783465e+01 
8.620033e+00 -1.784277e+01 
8.720526e+00 -1.784988e+01 
8.821026e+00 -1.785599e+01 
8.921534e+00 -1.786106e+01 
9.022049e+00 -1.786511e+01 
9.122572e+00 -1.786809e+01 
9.223101e+00 -1.787002e+01 
9.323636e+00 -1.787087e+01 
9.424168e+00 -1.787065e+01 
9.524700e+00 -1.786936e+01 
9.625237e+00 -1.786698e+01 
9.725781e+00 -1.786352e+01 
9.826333e+00 -1.785894e+01 
9.926892e+00 -1.785323e+01 
1.002746e+01 -1.784638e+01 
1.012803e+01 -1.783836e+01 
1.022861e+01 -1.782917e+01 
1.032919e+01 -1.781878e+01 
1.042978e+01 -1.780719e+01 
1.053038e+01 -1.779436e+01 
1.063096e+01 -1.778033e+01 
1.073148e+01 -1.776524e+01 
1.083194e+01 -1.774920e+01 
1.093233e+01 -1.773235e+01 
1.103272e+01 -1.771469e+01 
1.113311e+01 -1.769621e+01 
1.123351e+01 -1.767688e+01 
1.133391e+01 -1.765671e+01 
1.143431e+01 -1.763569e+01 
1.153471e+01 -1.761380e+01 
1.163511e+01 -1.759103e+01 
1.173552e+01 -1.756737e+01 
1.183593e+01 -1.754282e+01 
1.193635e+01 -1.751736e+01 
1.203676e+01 -1.749097e+01 
1.213718e+01 -1.746365e+01 
1.223760e+01 -1.743539e+01 
1.233803e+01 -1.740616e+01 
1.243845e+01 -1.737597e+01 
1.253888e+01 -1.734478e+01 
1.263932e+01 -1.731260e+01 
1.273975e+01 -1.727939e+01 
1.284019e+01 -1.724515e+01 
1.294064e+01 -1.720983e+01 
1.304110e+01 -1.717342e+01 
1.314157e+01 -1.713586e+01 
1.324204e+01 -1.709713e+01 
1.334252e+01 -1.705722e+01 
1.344300e+01 -1.701609e+01 
1.354348e+01 -1.697373e+01 
1.364397e+01 -1.693011e+01 
1.374446e+01 -1.688521e+01 
1.384495e+01 -1.683899e+01 
1.394545e+01 -1.679143e+01 
1.404593e+01 -1.674255e+01 
1.414634e+01 -1.669256e+01 
1.424670e+01 -1.664159e+01 
1.434703e+01 -1.658968e+01 
1.444737e+01 -1.653680e+01 
1.454771e+01 -1.648294e+01 
1.464805e+01 -1.642807e+01 
1.474839e+01 -1.637219e+01 
1.484873e+01 -1.631525e+01 
1.494908e+01 -1.625726e+01 
1.504944e+01 -1.619811e+01 
1.514981e+01 -1.613782e+01 
1.525019e+01 -1.607628e+01 
1.535058e+01 -1.601348e+01 
1.545097e+01 -1.594937e+01 
1.555136e+01 -1.588394e+01 
1.565176e+01 -1.581713e+01 
1.575215e+01 -1.574893e+01 
1.585255e+01 -1.567929e+01 
1.595296e+01 -1.560817e+01 
1.605336e+01 -1.553554e+01 
1.615377e+01 -1.546134e+01 
1.625418e+01 -1.538555e+01 
1.635459e+01 -1.530811e+01 
1.645500e+01 -1.522898e+01 
1.655542e+01 -1.514811e+01 
1.665584e+01 -1.506545e+01 
1.675625e+01 -1.498093e+01 
1.685667e+01 -1.489451e+01 
1.695709e+01 -1.480613e+01 
1.705750e+01 -1.471577e+01 
1.715788e+01 -1.462356e+01 
1.725825e+01 -1.452949e+01 
1.735862e+01 -1.443349e+01 
1.745899e+01 -1.433548e+01 
1.755936e+01 -1.423541e+01 
1.765795e+01 -1.413504e+01 
1.775452e+01 -1.403467e+01 
1.784912e+01 -1.393429e+01 
1.794181e+01 -1.383392e+01 
1.803262e+01 -1.373355e+01 
1.812162e+01 -1.363317e+01 
1.820884e+01 -1.353279e+01 
1.829433e+01 -1.343242e+01 
1.837820e+01 -1.333206e+01 
1.846059e+01 -1.323173e+01 
1.854160e+01 -1.313141e+01 
1.862128e+01 -1.303110e+01 
1.869965e+01 -1.293078e+01 
1.877675e+01 -1.283047e+01 
1.885260e+01 -1.273016e+01 
1.892724e+01 -1.262985e+01 
1.900068e+01 -1.252954e+01 
1.907295e+01 -1.242923e+01 
1.914407e+01 -1.232892e+01 
1.921407e+01 -1.222861e+01 
1.928297e+01 -1.212831e+01 
1.935079e+01 -1.202801e+01 
1.941756e+01 -1.192770e+01 
1.948328e+01 -1.182740e+01 
1.954799e+01 -1.172711e+01 
1.961172e+01 -1.162682e+01 
1.967454e+01 -1.152655e+01 
1.973649e+01 -1.142628e+01 
1.979756e+01 -1.132601e+01 
1.985779e+01 -1.122574e+01 
1.991716e+01 -1.112548e+01 
1.997571e+01 -1.102521e+01 
2.003344e+01 -1.092495e+01 
2.009035e+01 -1.082468e+01 
2.014647e+01 -1.072442e+01 
2.020179e+01 -1.062416e+01 
2.025634e+01 -1.052389e+01 
2.031011e+01 -1.042363e+01 
2.036313e+01 -1.032337e+01 
2.041539e+01 -1.022311e+01 
2.046691e+01 -1.012285e+01 
2.051770e+01 -1.002259e+01 
2.056775e+01 -9.922333e+00 
2.061708e+01 -9.822074e+00 
2.066570e+01 -9.721816e+00 
2.071361e+01 -9.621559e+00 
2.076082e+01 -9.521303e+00 
2.080735e+01 -9.421048e+00 
2.085320e+01 -9.320794e+00 
2.089837e+01 -9.220541e+00 
2.094288e+01 -9.120289e+00 
2.098674e+01 -9.020038e+00 
2.102994e+01 -8.919789e+00 
2.107251e+01 -8.819540e+00 
2.111444e+01 -8.719293e+00 
2.115574e+01 -8.619047e+00 
2.119642e+01 -8.518802e+00 
2.123649e+01 -8.418558e+00 
2.127595e+01 -8.318316e+00 
2.131482e+01 -8.218074e+00 
2.135309e+01 -8.117834e+00 
2.139078e+01 -8.017595e+00 
2.142788e+01 -7.917357e+00 
2.146441e+01 -7.817121e+00 
2.150038e+01 -7.716886e+00 
2.153578e+01 -7.616652e+00 
2.157063e+01 -7.516419e+00 
2.160493e+01 -7.416188e+00 
2.163868e+01 -7.315958e+00 
2.167190e+01 -7.215729e+00 
2.170458e+01 -7.115501e+00 
2.173674e+01 -7.015275e+00 
2.176837e+01 -6.915050e+00 
2.179949e+01 -6.814826e+00 
2.183008e+01 -6.714597e+00 
2.186012e+01 -6.614350e+00 
2.188958e+01 -6.514099e+00 
2.191846e+01 -6.413838e+00 
2.194672e+01 -6.313564e+00 
2.197437e+01 -6.213291e+00 
2.200142e+01 -6.113019e+00 
2.202785e+01 -6.012747e+00 
2.205369e+01 -5.912477e+00 
2.207894e+01 -5.812208e+00 
2.210360e+01 -5.711940e+00 
2.212767e+01 -5.611673e+00 
2.215117e+01 -5.511406e+00 
2.217408e+01 -5.411141e+00 
2.219643e+01 -5.310877e+00 
2.221821e+01 -5.210613e+00 
2.223946e+01 -5.110370e+00 
2.226021e+01 -5.010133e+00 
2.228044e+01 -4.909893e+00 
2.230016e+01 -4.809652e+00 
2.231938e+01 -4.709411e+00 
2.233808e+01 -4.609169e+00 
2.235627e+01 -4.508928e+00 
2.237395e+01 -4.408685e+00 
2.239112e+01 -4.308443e+00 
2.240780e+01 -4.208207e+00 
2.242405e+01 -4.107999e+00 
2.243988e+01 -4.007804e+00 
2.245531e+01 -3.907610e+00 
2.247033e+01 -3.807415e+00 
2.248496e+01 -3.707220e+00 
2.249918e+01 -3.607026e+00 
2.251300e+01 -3.506832e+00 
2.252642e+01 -3.406638e+00 
2.253944e+01 -3.306445e+00 
2.255207e+01 -3.206251e+00 
2.256430e+01 -3.106058e+00 
2.257613e+01 -3.005864e+00 
2.258757e+01 -2.905671e+00 
2.259861e+01 -2.805478e+00 
2.260926e+01 -2.705286e+00 
2.261952e+01 -2.605093e+00 
2.262939e+01 -2.504900e+00 
2.263887e+01 -2.404708e+00 
2.264795e+01 -2.304516e+00 
2.265665e+01 -2.204323e+00 
2.266496e+01 -2.104131e+00 
2.267287e+01 -2.003939e+00 
2.268040e+01 -1.903747e+00 
2.268755e+01 -1.803555e+00 
2.269430e+01 -1.703363e+00 
2.270067e+01 -1.603171e+00 
2.270665e+01 -1.502980e+00 
2.271225e+01 -1.402788e+00 
2.271746e+01 -1.302596e+00 
2.272228e+01 -1.202404e+00 
2.272672e+01 -1.102213e+00 
2.273077e+01 -1.002021e+00 
2.273444e+01 -9.018294e-01 
2.273772e+01 -8.016377e-01 
2.274062e+01 -7.014460e-01 
2.274314e+01 -6.012543e-01 
2.264317e+01 -5.987457e-01 
