9.853552e+00 -2.999546e-01 
9.853463e+00 -3.996354e-01 
9.852737e+00 -4.993160e-01 
9.851374e+00 -5.989964e-01 
9.849374e+00 -6.986767e-01 
9.846736e+00 -7.983437e-01 
9.843434e+00 -8.980041e-01 
9.839453e+00 -9.976745e-01 
9.834813e+00 -1.097368e+00 
9.829559e+00 -1.197062e+00 
9.823692e+00 -1.296754e+00 
9.817208e+00 -1.396446e+00 
9.810105e+00 -1.496138e+00 
9.802383e+00 -1.595829e+00 
9.794038e+00 -1.695519e+00 
9.785069e+00 -1.795210e+00 
9.775475e+00 -1.894899e+00 
9.765253e+00 -1.994589e+00 
9.754402e+00 -2.094279e+00 
9.742921e+00 -2.193968e+00 
9.730807e+00 -2.293657e+00 
9.718059e+00 -2.393346e+00 
9.704675e+00 -2.493036e+00 
9.690655e+00 -2.592718e+00 
9.675983e+00 -2.692394e+00 
9.660644e+00 -2.792064e+00 
9.644624e+00 -2.891732e+00 
9.627917e+00 -2.991388e+00 
9.610494e+00 -3.091040e+00 
9.592344e+00 -3.190689e+00 
9.573458e+00 -3.290334e+00 
9.553826e+00 -3.389977e+00 
9.533439e+00 -3.489616e+00 
9.512286e+00 -3.589252e+00 
9.490358e+00 -3.688886e+00 
9.467644e+00 -3.788517e+00 
9.444139e+00 -3.888133e+00 
9.419809e+00 -3.987716e+00 
9.394571e+00 -4.087304e+00 
9.368428e+00 -4.186898e+00 
9.341385e+00 -4.286496e+00 
9.313448e+00 -4.386101e+00 
9.284623e+00 -4.485712e+00 
9.254918e+00 -4.585330e+00 
9.224345e+00 -4.684951e+00 
9.192903e+00 -4.784574e+00 
9.160592e+00 -4.884200e+00 
9.127412e+00 -4.983824e+00 
9.093352e+00 -5.083446e+00 
9.058400e+00 -5.183066e+00 
9.022545e+00 -5.282685e+00 
8.985774e+00 -5.382302e+00 
8.948074e+00 -5.481917e+00 
8.909435e+00 -5.581532e+00 
8.869843e+00 -5.681145e+00 
8.829286e+00 -5.780757e+00 
8.787752e+00 -5.880368e+00 
8.745228e+00 -5.979979e+00 
8.701702e+00 -6.079589e+00 
8.657160e+00 -6.179199e+00 
8.611591e+00 -6.278808e+00 
8.564980e+00 -6.378417e+00 
8.517316e+00 -6.478026e+00 
8.468591e+00 -6.577623e+00 
8.418780e+00 -6.677158e+00 
8.367669e+00 -6.776684e+00 
8.315274e+00 -6.876086e+00 
8.261152e+00 -6.975475e+00 
8.205217e+00 -7.074863e+00 
8.147421e+00 -7.174253e+00 
8.087725e+00 -7.273641e+00 
8.026073e+00 -7.373029e+00 
7.962409e+00 -7.472416e+00 
7.896658e+00 -7.571832e+00 
7.828878e+00 -7.671245e+00 
7.759000e+00 -7.770656e+00 
7.686951e+00 -7.870064e+00 
7.612651e+00 -7.969473e+00 
7.536022e+00 -8.068882e+00 
7.456987e+00 -8.168294e+00 
7.375467e+00 -8.267708e+00 
7.291374e+00 -8.367126e+00 
7.204627e+00 -8.466545e+00 
7.115206e+00 -8.565878e+00 
7.022659e+00 -8.665020e+00 
6.925854e+00 -8.763927e+00 
6.827018e+00 -8.858826e+00 
6.728248e+00 -8.947807e+00 
6.629543e+00 -9.031061e+00 
6.530902e+00 -9.108777e+00 
6.432321e+00 -9.181135e+00 
6.333800e+00 -9.248311e+00 
6.235339e+00 -9.310463e+00 
6.136932e+00 -9.367736e+00 
6.038580e+00 -9.420276e+00 
5.940277e+00 -9.468202e+00 
5.842084e+00 -9.511612e+00 
5.744411e+00 -9.550319e+00 
5.647559e+00 -9.583296e+00 
5.550991e+00 -9.609251e+00 
5.454568e+00 -9.628016e+00 
5.358408e+00 -9.639610e+00 
5.262483e+00 -9.643750e+00 
5.166751e+00 -9.640090e+00 
5.071202e+00 -9.628212e+00 
4.975801e+00 -9.607495e+00 
4.880547e+00 -9.577096e+00 
4.785899e+00 -9.536012e+00 
4.691572e+00 -9.480865e+00 
4.595924e+00 -9.405343e+00 
4.499730e+00 -9.308994e+00 
4.420288e+00 -9.211853e+00 
4.351542e+00 -9.114195e+00 
4.290504e+00 -9.016182e+00 
4.235430e+00 -8.917884e+00 
4.185146e+00 -8.819385e+00 
4.138877e+00 -8.720732e+00 
4.096112e+00 -8.622066e+00 
4.056660e+00 -8.523306e+00 
4.020170e+00 -8.424404e+00 
3.986219e+00 -8.325320e+00 
3.954317e+00 -8.225994e+00 
3.923931e+00 -8.126574e+00 
3.894856e+00 -8.027155e+00 
3.867075e+00 -7.927718e+00 
3.840536e+00 -7.828258e+00 
3.815212e+00 -7.728924e+00 
3.791319e+00 -7.629518e+00 
3.768686e+00 -7.530021e+00 
3.747122e+00 -7.430487e+00 
3.726542e+00 -7.330920e+00 
3.706869e+00 -7.231306e+00 
3.687998e+00 -7.131647e+00 
3.669836e+00 -7.031946e+00 
3.652298e+00 -6.932234e+00 
3.635349e+00 -6.832458e+00 
3.618858e+00 -6.732639e+00 
3.602747e+00 -6.632840e+00 
3.587058e+00 -6.533073e+00 
3.571855e+00 -6.433336e+00 
3.557199e+00 -6.333627e+00 
3.543134e+00 -6.233872e+00 
3.529578e+00 -6.134160e+00 
3.516610e+00 -6.034438e+00 
3.504198e+00 -5.934616e+00 
3.492144e+00 -5.834751e+00 
3.480365e+00 -5.734878e+00 
3.468844e+00 -5.634986e+00 
3.457540e+00 -5.535078e+00 
3.446422e+00 -5.435159e+00 
3.435470e+00 -5.335243e+00 
3.424692e+00 -5.235350e+00 
3.414132e+00 -5.135468e+00 
3.403822e+00 -5.035692e+00 
3.393972e+00 -4.935986e+00 
3.384710e+00 -4.836216e+00 
3.375907e+00 -4.736378e+00 
3.367427e+00 -4.636479e+00 
3.359149e+00 -4.536543e+00 
3.350998e+00 -4.436598e+00 
3.342957e+00 -4.336641e+00 
3.335003e+00 -4.236676e+00 
3.327117e+00 -4.136701e+00 
3.319282e+00 -4.036717e+00 
3.311478e+00 -3.936731e+00 
3.303712e+00 -3.836857e+00 
3.296207e+00 -3.737093e+00 
3.289169e+00 -3.637213e+00 
3.282367e+00 -3.537250e+00 
3.275641e+00 -3.437306e+00 
3.269030e+00 -3.337391e+00 
3.262590e+00 -3.237496e+00 
3.256358e+00 -3.137541e+00 
3.250216e+00 -3.037572e+00 
3.244140e+00 -2.937664e+00 
3.238247e+00 -2.837745e+00 
3.232517e+00 -2.737803e+00 
3.226901e+00 -2.637855e+00 
3.221391e+00 -2.537902e+00 
3.215974e+00 -2.437944e+00 
3.210642e+00 -2.337981e+00 
3.205383e+00 -2.238012e+00 
3.200188e+00 -2.138039e+00 
3.195048e+00 -2.038089e+00 
3.190010e+00 -1.938195e+00 
3.185186e+00 -1.838305e+00 
3.180578e+00 -1.738367e+00 
3.176096e+00 -1.638419e+00 
3.171718e+00 -1.538476e+00 
3.167454e+00 -1.438534e+00 
3.163307e+00 -1.338592e+00 
3.159276e+00 -1.238650e+00 
3.155361e+00 -1.138706e+00 
3.151558e+00 -1.038751e+00 
3.147843e+00 -9.387856e-01 
3.144199e+00 -8.388177e-01 
3.140618e+00 -7.388481e-01 
3.137099e+00 -6.388779e-01 
3.133639e+00 -5.389116e-01 
3.130248e+00 -4.389500e-01 
3.126933e+00 -3.390053e-01 
3.123730e+00 -2.390714e-01 
3.120658e+00 -1.391235e-01 
3.117711e+00 -4.060722e-02 
3.117689e+00 3.912351e-02 
3.120657e+00 1.390714e-01 
3.123728e+00 2.390053e-01 
3.126931e+00 3.389500e-01 
3.130246e+00 4.389116e-01 
3.133638e+00 5.388779e-01 
3.137098e+00 6.388481e-01 
3.140617e+00 7.388177e-01 
3.144197e+00 8.387856e-01 
3.147842e+00 9.387505e-01 
3.151556e+00 1.038706e+00 
3.155359e+00 1.138650e+00 
3.159274e+00 1.238592e+00 
3.163305e+00 1.338534e+00 
3.063391e+00 1.342680e+00 
3.059355e+00 1.242622e+00 
3.055436e+00 1.142564e+00 
3.051628e+00 1.042509e+00 
3.047911e+00 9.424639e-01 
3.044264e+00 8.424288e-01 
3.040681e+00 7.423968e-01 
3.037160e+00 6.423663e-01 
3.033698e+00 5.423365e-01 
3.030304e+00 4.423028e-01 
3.026986e+00 3.422645e-01 
3.023779e+00 2.422092e-01 
3.020704e+00 1.421430e-01 
3.017733e+00 4.209093e-02 
3.017711e+00 -4.060722e-02 
3.020702e+00 -1.420909e-01 
3.023777e+00 -2.421430e-01 
3.026984e+00 -3.422092e-01 
3.030303e+00 -4.422645e-01 
3.033697e+00 -5.423028e-01 
3.037159e+00 -6.423365e-01 
3.040680e+00 -7.423663e-01 
3.044263e+00 -8.423968e-01 
3.047909e+00 -9.424288e-01 
3.051627e+00 -1.042464e+00 
3.055434e+00 -1.142509e+00 
3.059353e+00 -1.242564e+00 
3.063388e+00 -1.342622e+00 
3.067540e+00 -1.442680e+00 
3.071809e+00 -1.542738e+00 
3.076192e+00 -1.642796e+00 
3.080679e+00 -1.742847e+00 
3.085292e+00 -1.842910e+00 
3.090127e+00 -1.943019e+00 
3.095175e+00 -2.043125e+00 
3.100320e+00 -2.143175e+00 
3.105518e+00 -2.243202e+00 
3.110780e+00 -2.343234e+00 
3.116116e+00 -2.443271e+00 
3.121537e+00 -2.543313e+00 
3.127053e+00 -2.643360e+00 
3.132674e+00 -2.743412e+00 
3.138411e+00 -2.843469e+00 
3.144313e+00 -2.943551e+00 
3.150401e+00 -3.043643e+00 
3.156546e+00 -3.143673e+00 
3.162784e+00 -3.243719e+00 
3.169237e+00 -3.343824e+00 
3.175859e+00 -3.443909e+00 
3.182593e+00 -3.543965e+00 
3.189400e+00 -3.644002e+00 
3.196454e+00 -3.744121e+00 
3.203994e+00 -3.844358e+00 
3.211779e+00 -3.944483e+00 
3.219585e+00 -4.044498e+00 
3.227423e+00 -4.144514e+00 
3.235313e+00 -4.244539e+00 
3.243272e+00 -4.344573e+00 
3.251321e+00 -4.444617e+00 
3.259479e+00 -4.544671e+00 
3.267768e+00 -4.644735e+00 
3.276265e+00 -4.744836e+00 
3.285097e+00 -4.844999e+00 
3.294400e+00 -4.945229e+00 
3.304307e+00 -5.045523e+00 
3.314661e+00 -5.145746e+00 
3.325246e+00 -5.245864e+00 
3.336047e+00 -5.345971e+00 
3.347018e+00 -5.446055e+00 
3.358154e+00 -5.546137e+00 
3.369478e+00 -5.646228e+00 
3.381024e+00 -5.746336e+00 
3.392832e+00 -5.846463e+00 
3.404918e+00 -5.946599e+00 
3.417374e+00 -6.046777e+00 
3.430413e+00 -6.147055e+00 
3.444046e+00 -6.247342e+00 
3.458178e+00 -6.347587e+00 
3.472918e+00 -6.447878e+00 
3.488199e+00 -6.548141e+00 
3.503961e+00 -6.648374e+00 
3.520137e+00 -6.748576e+00 
3.536686e+00 -6.848757e+00 
3.553710e+00 -6.948981e+00 
3.571348e+00 -7.049268e+00 
3.589617e+00 -7.149568e+00 
3.608614e+00 -7.249909e+00 
3.628437e+00 -7.350294e+00 
3.649192e+00 -7.450727e+00 
3.670953e+00 -7.551193e+00 
3.693809e+00 -7.651696e+00 
3.717981e+00 -7.752291e+00 
3.743634e+00 -7.852957e+00 
3.770455e+00 -7.953496e+00 
3.798543e+00 -8.054060e+00 
3.827950e+00 -8.154640e+00 
3.858683e+00 -8.255220e+00 
3.891008e+00 -8.355895e+00 
3.925567e+00 -8.456810e+00 
3.962837e+00 -8.557908e+00 
4.003241e+00 -8.659148e+00 
4.047118e+00 -8.760483e+00 
4.094600e+00 -8.861829e+00 
4.146354e+00 -8.963330e+00 
4.203247e+00 -9.065032e+00 
4.266632e+00 -9.167019e+00 
4.338479e+00 -9.269362e+00 
4.422255e+00 -9.372220e+00 
4.525031e+00 -9.475871e+00 
4.629383e+00 -9.559176e+00 
4.735055e+00 -9.622121e+00 
4.840408e+00 -9.668686e+00 
4.945153e+00 -9.702682e+00 
5.049753e+00 -9.725885e+00 
5.154204e+00 -9.739300e+00 
5.258471e+00 -9.743670e+00 
5.362547e+00 -9.739524e+00 
5.466386e+00 -9.727316e+00 
5.569964e+00 -9.707434e+00 
5.673395e+00 -9.679901e+00 
5.776543e+00 -9.645016e+00 
5.878871e+00 -9.604599e+00 
5.980678e+00 -9.559678e+00 
6.082375e+00 -9.510176e+00 
6.184023e+00 -9.455954e+00 
6.285615e+00 -9.396905e+00 
6.387155e+00 -9.332887e+00 
6.488634e+00 -9.263772e+00 
6.590053e+00 -9.189406e+00 
6.691411e+00 -9.109625e+00 
6.792706e+00 -9.024260e+00 
6.893936e+00 -8.933136e+00 
6.995100e+00 -8.836073e+00 
7.094113e+00 -8.734980e+00 
7.188299e+00 -8.634122e+00 
7.278944e+00 -8.533455e+00 
7.366721e+00 -8.432874e+00 
7.451814e+00 -8.332292e+00 
7.534311e+00 -8.231706e+00 
7.614296e+00 -8.131118e+00 
7.691849e+00 -8.030527e+00 
7.767047e+00 -7.929936e+00 
7.839967e+00 -7.829344e+00 
7.910686e+00 -7.728755e+00 
7.979279e+00 -7.628168e+00 
8.045815e+00 -7.527584e+00 
8.110276e+00 -7.426971e+00 
8.172701e+00 -7.326359e+00 
8.233144e+00 -7.225747e+00 
8.291661e+00 -7.125137e+00 
8.348297e+00 -7.024525e+00 
8.403095e+00 -6.923914e+00 
8.456130e+00 -6.823316e+00 
8.507734e+00 -6.722842e+00 
8.558017e+00 -6.622377e+00 
8.607142e+00 -6.521974e+00 
8.655184e+00 -6.421583e+00 
8.702164e+00 -6.321192e+00 
8.748095e+00 -6.220801e+00 
8.792990e+00 -6.120411e+00 
8.836861e+00 -6.020021e+00 
8.879721e+00 -5.919632e+00 
8.921583e+00 -5.819243e+00 
8.962460e+00 -5.718855e+00 
9.002363e+00 -5.618468e+00 
9.041306e+00 -5.518083e+00 
9.079300e+00 -5.417698e+00 
9.116357e+00 -5.317315e+00 
9.152491e+00 -5.216934e+00 
9.187713e+00 -5.116554e+00 
9.222034e+00 -5.016176e+00 
9.255468e+00 -4.915800e+00 
9.288025e+00 -4.815426e+00 
9.319708e+00 -4.715049e+00 
9.350517e+00 -4.614670e+00 
9.380453e+00 -4.514288e+00 
9.409507e+00 -4.413899e+00 
9.437669e+00 -4.313504e+00 
9.464934e+00 -4.213102e+00 
9.491294e+00 -4.112696e+00 
9.516744e+00 -4.012284e+00 
9.541281e+00 -3.911867e+00 
9.564971e+00 -3.811483e+00 
9.587856e+00 -3.711114e+00 
9.609949e+00 -3.610748e+00 
9.631259e+00 -3.510384e+00 
9.651796e+00 -3.410023e+00 
9.671572e+00 -3.309666e+00 
9.690595e+00 -3.209311e+00 
9.708875e+00 -3.108960e+00 
9.726423e+00 -3.008612e+00 
9.743247e+00 -2.908268e+00 
9.759377e+00 -2.807936e+00 
9.774820e+00 -2.707606e+00 
9.789589e+00 -2.607282e+00 
9.803700e+00 -2.506964e+00 
9.817169e+00 -2.406654e+00 
9.829999e+00 -2.306343e+00 
9.842190e+00 -2.206032e+00 
9.853746e+00 -2.105721e+00 
9.864666e+00 -2.005411e+00 
9.874953e+00 -1.905101e+00 
9.884609e+00 -1.804790e+00 
9.893635e+00 -1.704481e+00 
9.902034e+00 -1.604171e+00 
9.909806e+00 -1.503862e+00 
9.916955e+00 -1.403554e+00 
9.923481e+00 -1.303246e+00 
9.929387e+00 -1.202938e+00 
9.934674e+00 -1.102632e+00 
9.939345e+00 -1.002325e+00 
9.943354e+00 -9.019959e-01 
9.946681e+00 -8.016563e-01 
9.949339e+00 -7.013233e-01 
9.951354e+00 -6.010036e-01 
9.952727e+00 -5.006840e-01 
9.953460e+00 -4.003646e-01 
9.953552e+00 -3.000454e-01 
9.853552e+00 -2.999546e-01 
