-3.443428e+01 -5.980337e-01 
-3.443036e+01 -6.978476e-01 
-3.442605e+01 -7.976618e-01 
-3.442138e+01 -8.974764e-01 
-3.441634e+01 -9.972912e-01 
-3.441092e+01 -1.097106e+00 
-3.440514e+01 -1.196922e+00 
-3.439898e+01 -1.296738e+00 
-3.439245e+01 -1.396554e+00 
-3.438556e+01 -1.496371e+00 
-3.437830e+01 -1.596187e+00 
-3.437066e+01 -1.696005e+00 
-3.436266e+01 -1.795823e+00 
-3.435429e+01 -1.895641e+00 
-3.434556e+01 -1.995459e+00 
-3.433645e+01 -2.095298e+00 
-3.432702e+01 -2.195149e+00 
-3.431729e+01 -2.295001e+00 
-3.430725e+01 -2.394854e+00 
-3.429692e+01 -2.494706e+00 
-3.428629e+01 -2.594559e+00 
-3.427536e+01 -2.694411e+00 
-3.426413e+01 -2.794263e+00 
-3.425260e+01 -2.894116e+00 
-3.424076e+01 -2.993968e+00 
-3.422863e+01 -3.093821e+00 
-3.421619e+01 -3.193673e+00 
-3.420345e+01 -3.293525e+00 
-3.419041e+01 -3.393377e+00 
-3.417707e+01 -3.493230e+00 
-3.416343e+01 -3.593076e+00 
-3.414947e+01 -3.692908e+00 
-3.413516e+01 -3.792740e+00 
-3.412051e+01 -3.892572e+00 
-3.410552e+01 -3.992404e+00 
-3.409017e+01 -4.092236e+00 
-3.407448e+01 -4.192068e+00 
-3.405844e+01 -4.291899e+00 
-3.404205e+01 -4.391730e+00 
-3.402531e+01 -4.491562e+00 
-3.400822e+01 -4.591393e+00 
-3.399077e+01 -4.691224e+00 
-3.397297e+01 -4.791055e+00 
-3.395482e+01 -4.890885e+00 
-3.393631e+01 -4.990716e+00 
-3.391745e+01 -5.090547e+00 
-3.389823e+01 -5.190377e+00 
-3.387865e+01 -5.290208e+00 
-3.385871e+01 -5.390038e+00 
-3.383841e+01 -5.489868e+00 
-3.381775e+01 -5.589698e+00 
-3.379673e+01 -5.689528e+00 
-3.377535e+01 -5.789358e+00 
-3.375361e+01 -5.889188e+00 
-3.373150e+01 -5.989017e+00 
-3.370902e+01 -6.088843e+00 
-3.368617e+01 -6.188667e+00 
-3.366294e+01 -6.288487e+00 
-3.363933e+01 -6.388294e+00 
-3.361530e+01 -6.488094e+00 
-3.359083e+01 -6.587893e+00 
-3.356592e+01 -6.687692e+00 
-3.354058e+01 -6.787491e+00 
-3.351479e+01 -6.887290e+00 
-3.348856e+01 -6.987088e+00 
-3.346188e+01 -7.086887e+00 
-3.343476e+01 -7.186685e+00 
-3.340719e+01 -7.286483e+00 
-3.337917e+01 -7.386281e+00 
-3.335069e+01 -7.486078e+00 
-3.332176e+01 -7.585876e+00 
-3.329237e+01 -7.685673e+00 
-3.326253e+01 -7.785470e+00 
-3.323222e+01 -7.885268e+00 
-3.320145e+01 -7.985065e+00 
-3.317021e+01 -8.084862e+00 
-3.313851e+01 -8.184659e+00 
-3.310634e+01 -8.284455e+00 
-3.307369e+01 -8.384252e+00 
-3.304058e+01 -8.484049e+00 
-3.300699e+01 -8.583846e+00 
-3.297292e+01 -8.683642e+00 
-3.293837e+01 -8.783439e+00 
-3.290334e+01 -8.883236e+00 
-3.286782e+01 -8.983033e+00 
-3.283182e+01 -9.082830e+00 
-3.279533e+01 -9.182627e+00 
-3.275835e+01 -9.282423e+00 
-3.272088e+01 -9.382221e+00 
-3.268291e+01 -9.482018e+00 
-3.264444e+01 -9.581815e+00 
-3.260548e+01 -9.681613e+00 
-3.256601e+01 -9.781410e+00 
-3.252605e+01 -9.881208e+00 
-3.248557e+01 -9.981006e+00 
-3.244459e+01 -1.008080e+01 
-3.240309e+01 -1.018060e+01 
-3.236109e+01 -1.028040e+01 
-3.231857e+01 -1.038020e+01 
-3.227553e+01 -1.048000e+01 
-3.223197e+01 -1.057980e+01 
-3.218790e+01 -1.067958e+01 
-3.214326e+01 -1.077936e+01 
-3.209803e+01 -1.087914e+01 
-3.205222e+01 -1.097891e+01 
-3.200581e+01 -1.107869e+01 
-3.195881e+01 -1.117847e+01 
-3.191121e+01 -1.127825e+01 
-3.186301e+01 -1.137803e+01 
-3.181421e+01 -1.147781e+01 
-3.176481e+01 -1.157760e+01 
-3.171479e+01 -1.167738e+01 
-3.166417e+01 -1.177716e+01 
-3.161293e+01 -1.187694e+01 
-3.156107e+01 -1.197673e+01 
-3.150859e+01 -1.207651e+01 
-3.145548e+01 -1.217629e+01 
-3.140175e+01 -1.227608e+01 
-3.134738e+01 -1.237586e+01 
-3.129237e+01 -1.247565e+01 
-3.123673e+01 -1.257543e+01 
-3.118043e+01 -1.267522e+01 
-3.112349e+01 -1.277500e+01 
-3.106589e+01 -1.287479e+01 
-3.100761e+01 -1.297460e+01 
-3.094874e+01 -1.307442e+01 
-3.088931e+01 -1.317424e+01 
-3.082932e+01 -1.327406e+01 
-3.076876e+01 -1.337388e+01 
-3.070761e+01 -1.347370e+01 
-3.064588e+01 -1.357352e+01 
-3.058357e+01 -1.367334e+01 
-3.052065e+01 -1.377316e+01 
-3.045714e+01 -1.387297e+01 
-3.039301e+01 -1.397279e+01 
-3.032827e+01 -1.407261e+01 
-3.026291e+01 -1.417242e+01 
-3.019692e+01 -1.427224e+01 
-3.013029e+01 -1.437206e+01 
-3.006302e+01 -1.447187e+01 
-2.999510e+01 -1.457169e+01 
-2.992652e+01 -1.467150e+01 
-2.985728e+01 -1.477131e+01 
-2.978737e+01 -1.487113e+01 
-2.971678e+01 -1.497094e+01 
-2.964550e+01 -1.507076e+01 
-2.957353e+01 -1.517057e+01 
-2.950085e+01 -1.527038e+01 
-2.942746e+01 -1.537019e+01 
-2.935335e+01 -1.547001e+01 
-2.927852e+01 -1.556982e+01 
-2.920294e+01 -1.566963e+01 
-2.912663e+01 -1.576944e+01 
-2.904955e+01 -1.586925e+01 
-2.897172e+01 -1.596906e+01 
-2.889313e+01 -1.606886e+01 
-2.881369e+01 -1.616864e+01 
-2.873334e+01 -1.626842e+01 
-2.865207e+01 -1.636821e+01 
-2.856987e+01 -1.646799e+01 
-2.848673e+01 -1.656778e+01 
-2.840263e+01 -1.666756e+01 
-2.831756e+01 -1.676735e+01 
-2.823151e+01 -1.686713e+01 
-2.814447e+01 -1.696692e+01 
-2.805642e+01 -1.706670e+01 
-2.796734e+01 -1.716649e+01 
-2.787723e+01 -1.726628e+01 
-2.778606e+01 -1.736606e+01 
-2.769383e+01 -1.746585e+01 
-2.760051e+01 -1.756564e+01 
-2.750610e+01 -1.766542e+01 
-2.741057e+01 -1.776521e+01 
-2.731392e+01 -1.786500e+01 
-2.721611e+01 -1.796479e+01 
-2.711714e+01 -1.806458e+01 
-2.701735e+01 -1.816401e+01 
-2.691756e+01 -1.826226e+01 
-2.681777e+01 -1.835936e+01 
-2.671798e+01 -1.845533e+01 
-2.661819e+01 -1.855020e+01 
-2.651839e+01 -1.864399e+01 
-2.641861e+01 -1.873670e+01 
-2.631885e+01 -1.882831e+01 
-2.621913e+01 -1.891869e+01 
-2.611940e+01 -1.900774e+01 
-2.601968e+01 -1.909548e+01 
-2.591995e+01 -1.918194e+01 
-2.582022e+01 -1.926714e+01 
-2.572049e+01 -1.935112e+01 
-2.562077e+01 -1.943389e+01 
-2.552104e+01 -1.951549e+01 
-2.542131e+01 -1.959592e+01 
-2.532158e+01 -1.967523e+01 
-2.522185e+01 -1.975342e+01 
-2.512211e+01 -1.983052e+01 
-2.502238e+01 -1.990655e+01 
-2.492265e+01 -1.998153e+01 
-2.482291e+01 -2.005547e+01 
-2.472318e+01 -2.012840e+01 
-2.462344e+01 -2.020034e+01 
-2.452371e+01 -2.027129e+01 
-2.442397e+01 -2.034128e+01 
-2.432423e+01 -2.041032e+01 
-2.422449e+01 -2.047842e+01 
-2.412475e+01 -2.054561e+01 
-2.402501e+01 -2.061189e+01 
-2.392527e+01 -2.067729e+01 
-2.382553e+01 -2.074180e+01 
-2.372579e+01 -2.080546e+01 
-2.362604e+01 -2.086826e+01 
-2.352630e+01 -2.093023e+01 
-2.342655e+01 -2.099137e+01 
-2.332681e+01 -2.105169e+01 
-2.322706e+01 -2.111122e+01 
-2.312731e+01 -2.116995e+01 
-2.302756e+01 -2.122790e+01 
-2.292781e+01 -2.128507e+01 
-2.282808e+01 -2.134148e+01 
-2.272835e+01 -2.139708e+01 
-2.262863e+01 -2.145187e+01 
-2.252890e+01 -2.150585e+01 
-2.242917e+01 -2.155904e+01 
-2.232944e+01 -2.161144e+01 
-2.222971e+01 -2.166306e+01 
-2.212998e+01 -2.171392e+01 
-2.203025e+01 -2.176402e+01 
-2.193052e+01 -2.181337e+01 
-2.183079e+01 -2.186198e+01 
-2.173105e+01 -2.190987e+01 
-2.163132e+01 -2.195703e+01 
-2.153158e+01 -2.200348e+01 
-2.143185e+01 -2.204922e+01 
-2.133211e+01 -2.209427e+01 
-2.123237e+01 -2.213863e+01 
-2.113263e+01 -2.218231e+01 
-2.103289e+01 -2.222532e+01 
-2.093315e+01 -2.226766e+01 
-2.083341e+01 -2.230934e+01 
-2.073366e+01 -2.235037e+01 
-2.063392e+01 -2.239076e+01 
-2.053417e+01 -2.243052e+01 
-2.043442e+01 -2.246964e+01 
-2.033468e+01 -2.250814e+01 
-2.023493e+01 -2.254603e+01 
-2.013518e+01 -2.258330e+01 
-2.003542e+01 -2.261998e+01 
-1.993567e+01 -2.265605e+01 
-1.983592e+01 -2.269153e+01 
-1.973616e+01 -2.272643e+01 
-1.963640e+01 -2.276076e+01 
-1.953665e+01 -2.279450e+01 
-1.943689e+01 -2.282769e+01 
-1.933713e+01 -2.286031e+01 
-1.923737e+01 -2.289237e+01 
-1.913761e+01 -2.292388e+01 
-1.903789e+01 -2.295483e+01 
-1.893823e+01 -2.298511e+01 
-1.883858e+01 -2.301462e+01 
-1.873893e+01 -2.304334e+01 
-1.863928e+01 -2.307127e+01 
-1.853963e+01 -2.309842e+01 
-1.843998e+01 -2.312480e+01 
-1.834032e+01 -2.315042e+01 
-1.824067e+01 -2.317528e+01 
-1.814101e+01 -2.319940e+01 
-1.804135e+01 -2.322278e+01 
-1.794168e+01 -2.324543e+01 
-1.784202e+01 -2.326736e+01 
-1.774235e+01 -2.328858e+01 
-1.764268e+01 -2.330908e+01 
-1.754301e+01 -2.332889e+01 
-1.744334e+01 -2.334800e+01 
-1.734366e+01 -2.336642e+01 
-1.724399e+01 -2.338417e+01 
-1.714431e+01 -2.340124e+01 
-1.704463e+01 -2.341764e+01 
-1.694494e+01 -2.343339e+01 
-1.684526e+01 -2.344848e+01 
-1.674558e+01 -2.346293e+01 
-1.664592e+01 -2.347671e+01 
-1.654628e+01 -2.348979e+01 
-1.644663e+01 -2.350214e+01 
-1.634698e+01 -2.351377e+01 
-1.624734e+01 -2.352469e+01 
-1.614769e+01 -2.353489e+01 
-1.604804e+01 -2.354438e+01 
-1.594838e+01 -2.355316e+01 
-1.584873e+01 -2.356125e+01 
-1.574908e+01 -2.356864e+01 
-1.564942e+01 -2.357533e+01 
-1.554976e+01 -2.358134e+01 
-1.545010e+01 -2.358667e+01 
-1.535043e+01 -2.359132e+01 
-1.525077e+01 -2.359530e+01 
-1.515110e+01 -2.359861e+01 
-1.505143e+01 -2.360126e+01 
-1.495176e+01 -2.360325e+01 
-1.485208e+01 -2.360459e+01 
-1.475240e+01 -2.360528e+01 
-1.465272e+01 -2.360534e+01 
-1.455304e+01 -2.360475e+01 
-1.445335e+01 -2.360354e+01 
-1.435366e+01 -2.360170e+01 
-1.425397e+01 -2.359924e+01 
-1.415427e+01 -2.359617e+01 
-1.405457e+01 -2.359249e+01 
-1.395488e+01 -2.358821e+01 
-1.385520e+01 -2.358333e+01 
-1.375554e+01 -2.357780e+01 
-1.365589e+01 -2.357157e+01 
-1.355623e+01 -2.356466e+01 
-1.345656e+01 -2.355707e+01 
-1.335689e+01 -2.354880e+01 
-1.325721e+01 -2.353987e+01 
-1.315756e+01 -2.353029e+01 
-1.305794e+01 -2.352001e+01 
-1.295833e+01 -2.350896e+01 
-1.285872e+01 -2.349711e+01 
-1.275911e+01 -2.348447e+01 
-1.265949e+01 -2.347103e+01 
-1.255987e+01 -2.345681e+01 
-1.246025e+01 -2.344181e+01 
-1.236063e+01 -2.342603e+01 
-1.226100e+01 -2.340947e+01 
-1.216137e+01 -2.339214e+01 
-1.206173e+01 -2.337404e+01 
-1.196209e+01 -2.335517e+01 
-1.186245e+01 -2.333555e+01 
-1.176280e+01 -2.331516e+01 
-1.166315e+01 -2.329403e+01 
-1.156350e+01 -2.327214e+01 
-1.146384e+01 -2.324952e+01 
-1.136418e+01 -2.322615e+01 
-1.126452e+01 -2.320204e+01 
-1.116485e+01 -2.317720e+01 
-1.106518e+01 -2.315164e+01 
-1.096550e+01 -2.312535e+01 
-1.086582e+01 -2.309834e+01 
-1.076614e+01 -2.307062e+01 
-1.066645e+01 -2.304219e+01 
-1.056676e+01 -2.301306e+01 
-1.046707e+01 -2.298322e+01 
-1.036737e+01 -2.295269e+01 
-1.026767e+01 -2.292147e+01 
-1.016796e+01 -2.288956e+01 
-1.006825e+01 -2.285697e+01 
-9.968538e+00 -2.282370e+01 
-9.868820e+00 -2.278976e+01 
-9.769103e+00 -2.275516e+01 
-9.669451e+00 -2.271991e+01 
-9.569833e+00 -2.268384e+01 
-9.470201e+00 -2.264684e+01 
-9.370556e+00 -2.260895e+01 
-9.270946e+00 -2.257020e+01 
-9.171405e+00 -2.253051e+01 
-9.071905e+00 -2.248970e+01 
-8.972404e+00 -2.244762e+01 
-8.872896e+00 -2.240425e+01 
-8.773385e+00 -2.235960e+01 
-8.673867e+00 -2.231366e+01 
-8.574344e+00 -2.226643e+01 
-8.474814e+00 -2.221790e+01 
-8.375277e+00 -2.216806e+01 
-8.275733e+00 -2.211692e+01 
-8.176180e+00 -2.206448e+01 
-8.076622e+00 -2.201073e+01 
-7.977055e+00 -2.195568e+01 
-7.877452e+00 -2.189931e+01 
-7.777861e+00 -2.184174e+01 
-7.678246e+00 -2.178289e+01 
-7.578621e+00 -2.172282e+01 
-7.479003e+00 -2.166156e+01 
-7.379335e+00 -2.159902e+01 
-7.279679e+00 -2.153539e+01 
-7.180025e+00 -2.147061e+01 
-7.080351e+00 -2.140464e+01 
-6.980669e+00 -2.133753e+01 
-6.880986e+00 -2.126930e+01 
-6.781294e+00 -2.119993e+01 
-6.681596e+00 -2.112944e+01 
-6.581892e+00 -2.105783e+01 
-6.482181e+00 -2.098510e+01 
-6.382465e+00 -2.091127e+01 
-6.282742e+00 -2.083633e+01 
-6.183013e+00 -2.076030e+01 
-6.083277e+00 -2.068319e+01 
-5.983536e+00 -2.060499e+01 
-5.883788e+00 -2.052572e+01 
-5.784097e+00 -2.044544e+01 
-5.684512e+00 -2.036393e+01 
-5.584931e+00 -2.028062e+01 
-5.485400e+00 -2.019548e+01 
-5.385875e+00 -2.010817e+01 
-5.286340e+00 -2.001860e+01 
-5.186795e+00 -1.992673e+01 
-5.087241e+00 -1.983253e+01 
-4.987676e+00 -1.973595e+01 
-4.888102e+00 -1.963698e+01 
-4.790305e+00 -1.953740e+01 
-4.694763e+00 -1.943781e+01 
-4.601349e+00 -1.933821e+01 
-4.509945e+00 -1.923860e+01 
-4.420443e+00 -1.913898e+01 
-4.332744e+00 -1.903935e+01 
-4.246751e+00 -1.893971e+01 
-4.162362e+00 -1.884005e+01 
-4.079478e+00 -1.874038e+01 
-3.998014e+00 -1.864069e+01 
-3.917876e+00 -1.854099e+01 
-3.838956e+00 -1.844126e+01 
-3.761133e+00 -1.834150e+01 
-3.684250e+00 -1.824172e+01 
-3.608256e+00 -1.814194e+01 
-3.533105e+00 -1.804214e+01 
-3.458754e+00 -1.794234e+01 
-3.385179e+00 -1.784255e+01 
-3.312455e+00 -1.774285e+01 
-3.240906e+00 -1.764323e+01 
-3.170840e+00 -1.754374e+01 
-3.102625e+00 -1.744427e+01 
-3.036251e+00 -1.734478e+01 
-2.971614e+00 -1.724527e+01 
-2.908596e+00 -1.714574e+01 
-2.847095e+00 -1.704619e+01 
-2.787018e+00 -1.694661e+01 
-2.728279e+00 -1.684703e+01 
-2.670803e+00 -1.674742e+01 
-2.614518e+00 -1.664780e+01 
-2.559362e+00 -1.654816e+01 
-2.505276e+00 -1.644852e+01 
-2.452204e+00 -1.634885e+01 
-2.400099e+00 -1.624918e+01 
-2.348927e+00 -1.614952e+01 
-2.298770e+00 -1.604997e+01 
-2.249876e+00 -1.595047e+01 
-2.202345e+00 -1.585095e+01 
-2.156088e+00 -1.575140e+01 
-2.111015e+00 -1.565180e+01 
-2.066975e+00 -1.555216e+01 
-2.023840e+00 -1.545249e+01 
-1.981552e+00 -1.535281e+01 
-1.940085e+00 -1.525313e+01 
-1.899410e+00 -1.515344e+01 
-1.859496e+00 -1.505372e+01 
-1.820276e+00 -1.495397e+01 
-1.781677e+00 -1.485423e+01 
-1.743708e+00 -1.475449e+01 
-1.706379e+00 -1.465475e+01 
-1.669691e+00 -1.455502e+01 
-1.633643e+00 -1.445529e+01 
-1.598235e+00 -1.435556e+01 
-1.563470e+00 -1.425583e+01 
-1.529353e+00 -1.415611e+01 
-1.495881e+00 -1.405637e+01 
-1.463016e+00 -1.395659e+01 
-1.430645e+00 -1.385678e+01 
-1.398690e+00 -1.375692e+01 
-1.367041e+00 -1.365700e+01 
-1.335616e+00 -1.355722e+01 
-1.304703e+00 -1.345746e+01 
-1.274343e+00 -1.335772e+01 
-1.244582e+00 -1.325799e+01 
-1.215451e+00 -1.315834e+01 
-1.187117e+00 -1.305872e+01 
-1.159639e+00 -1.295914e+01 
-1.133117e+00 -1.285960e+01 
-1.107598e+00 -1.276007e+01 
-1.083100e+00 -1.266054e+01 
-1.059632e+00 -1.256102e+01 
-1.037190e+00 -1.246147e+01 
-1.015675e+00 -1.236179e+01 
-9.948414e-01 -1.226208e+01 
-9.746159e-01 -1.216236e+01 
-9.549985e-01 -1.206265e+01 
-9.359820e-01 -1.196293e+01 
-9.175652e-01 -1.186326e+01 
-8.998369e-01 -1.176364e+01 
-8.829204e-01 -1.166404e+01 
-8.668161e-01 -1.156441e+01 
-8.514840e-01 -1.146477e+01 
-8.368823e-01 -1.136510e+01 
-8.229598e-01 -1.126540e+01 
-8.096574e-01 -1.116569e+01 
-7.969393e-01 -1.106596e+01 
-7.847674e-01 -1.096619e+01 
-7.730608e-01 -1.086636e+01 
-7.616977e-01 -1.076652e+01 
-7.506566e-01 -1.066667e+01 
-7.399226e-01 -1.056682e+01 
-7.294813e-01 -1.046695e+01 
-7.193078e-01 -1.036705e+01 
-7.093442e-01 -1.026714e+01 
-6.995467e-01 -1.016722e+01 
-6.899194e-01 -1.006736e+01 
-6.805796e-01 -9.967504e+00 
-6.715319e-01 -9.867658e+00 
-6.627965e-01 -9.767817e+00 
-6.543778e-01 -9.667932e+00 
-6.461915e-01 -9.568046e+00 
-6.382370e-01 -9.468164e+00 
-6.305195e-01 -9.368284e+00 
-6.230451e-01 -9.268408e+00 
-6.158193e-01 -9.168528e+00 
-6.088321e-01 -9.068611e+00 
-6.020084e-01 -8.968650e+00 
-5.952637e-01 -8.868688e+00 
-5.885959e-01 -8.768725e+00 
-5.820017e-01 -8.668755e+00 
-5.754671e-01 -8.568777e+00 
-5.689769e-01 -8.468787e+00 
-5.625075e-01 -8.368800e+00 
-5.560667e-01 -8.268873e+00 
-5.497752e-01 -8.168975e+00 
-5.436891e-01 -8.069092e+00 
-5.378396e-01 -7.969222e+00 
-5.322484e-01 -7.869318e+00 
-5.268464e-01 -7.769329e+00 
-5.214655e-01 -7.669328e+00 
-5.160822e-01 -7.569336e+00 
-5.107158e-01 -7.469354e+00 
-5.053855e-01 -7.369381e+00 
-5.001100e-01 -7.269417e+00 
-4.949074e-01 -7.169455e+00 
-4.897793e-01 -7.069467e+00 
-4.846748e-01 -6.969470e+00 
-4.795816e-01 -6.869571e+00 
-4.746924e-01 -6.769683e+00 
-4.700257e-01 -6.669767e+00 
-4.655270e-01 -6.569832e+00 
-4.611557e-01 -6.469859e+00 
-4.568398e-01 -6.369883e+00 
-4.525718e-01 -6.269910e+00 
-4.483578e-01 -6.169943e+00 
-4.442102e-01 -6.069982e+00 
-4.401409e-01 -5.970027e+00 
-4.361619e-01 -5.870077e+00 
-4.322820e-01 -5.770110e+00 
-4.284685e-01 -5.670118e+00 
-4.246714e-01 -5.570155e+00 
-4.209477e-01 -5.470177e+00 
-4.172684e-01 -5.370185e+00 
-4.136045e-01 -5.270179e+00 
-4.099277e-01 -5.170163e+00 
-4.062187e-01 -5.070156e+00 
-4.024967e-01 -4.970173e+00 
-3.988084e-01 -4.870192e+00 
-3.951582e-01 -4.770208e+00 
-3.915401e-01 -4.670217e+00 
-3.879403e-01 -4.570207e+00 
-3.843209e-01 -4.470195e+00 
-3.806790e-01 -4.370231e+00 
-3.771106e-01 -4.270313e+00 
-3.737069e-01 -4.170430e+00 
-3.705361e-01 -4.070483e+00 
-3.674696e-01 -3.970501e+00 
-3.644401e-01 -3.870521e+00 
-3.614490e-01 -3.770544e+00 
-3.585049e-01 -3.670571e+00 
-3.556145e-01 -3.570557e+00 
-3.526936e-01 -3.470493e+00 
-3.496441e-01 -3.370415e+00 
-3.464377e-01 -3.270338e+00 
-3.430790e-01 -3.170285e+00 
-3.396137e-01 -3.070231e+00 
-3.360409e-01 -2.970200e+00 
-3.324079e-01 -2.870249e+00 
-3.288741e-01 -2.770297e+00 
-3.254367e-01 -2.670344e+00 
-3.220931e-01 -2.570390e+00 
-3.188405e-01 -2.470434e+00 
-3.156761e-01 -2.370477e+00 
-3.125974e-01 -2.270518e+00 
-3.096016e-01 -2.170558e+00 
-3.066859e-01 -2.070591e+00 
-3.038361e-01 -1.970591e+00 
-3.009833e-01 -1.870535e+00 
-2.980191e-01 -1.770477e+00 
-2.949395e-01 -1.670451e+00 
-2.918093e-01 -1.570474e+00 
-2.887267e-01 -1.470544e+00 
-2.857834e-01 -1.370602e+00 
-2.829558e-01 -1.270648e+00 
-2.802202e-01 -1.170676e+00 
-2.775388e-01 -1.070669e+00 
-2.748425e-01 -9.706404e-01 
-2.720899e-01 -8.706123e-01 
-2.692812e-01 -7.705899e-01 
-2.664283e-01 -6.705925e-01 
-2.635812e-01 -5.706082e-01 
-2.607648e-01 -4.706055e-01 
-2.579431e-01 -3.706060e-01 
-2.551246e-01 -2.706799e-01 
-2.524546e-01 -1.707870e-01 
-2.500113e-01 -7.201576e-02 
-2.499962e-01 7.078696e-02 
-2.524518e-01 1.706799e-01 
-2.551226e-01 2.706060e-01 
-2.579431e-01 3.706055e-01 
-2.607649e-01 4.706082e-01 
-2.635807e-01 5.705925e-01 
-2.664283e-01 6.705899e-01 
-2.692819e-01 7.706123e-01 
-2.720907e-01 8.706404e-01 
-2.748433e-01 9.706685e-01 
-2.775390e-01 1.070676e+00 
-2.802194e-01 1.170648e+00 
-2.829546e-01 1.270602e+00 
-2.857818e-01 1.370544e+00 
-2.887246e-01 1.470474e+00 
-2.918085e-01 1.570451e+00 
-2.949403e-01 1.670477e+00 
-2.980209e-01 1.770535e+00 
-3.009850e-01 1.870591e+00 
-3.038361e-01 1.970591e+00 
-3.066849e-01 2.070558e+00 
-3.096004e-01 2.170518e+00 
-3.125961e-01 2.270477e+00 
-3.156748e-01 2.370434e+00 
-3.188390e-01 2.470390e+00 
-3.220916e-01 2.570344e+00 
-3.254351e-01 2.670297e+00 
-3.288724e-01 2.770249e+00 
-3.324061e-01 2.870200e+00 
-3.360420e-01 2.970231e+00 
-3.396156e-01 3.070285e+00 
-3.430808e-01 3.170338e+00 
-3.464402e-01 3.270415e+00 
-3.496465e-01 3.370493e+00 
-3.526955e-01 3.470557e+00 
-3.556149e-01 3.570571e+00 
-3.585041e-01 3.670544e+00 
-3.614483e-01 3.770521e+00 
-3.644395e-01 3.870501e+00 
-3.674690e-01 3.970483e+00 
-3.705345e-01 4.070430e+00 
-3.737030e-01 4.170313e+00 
-3.771078e-01 4.270231e+00 
-3.806777e-01 4.370195e+00 
-3.843213e-01 4.470207e+00 
-3.879406e-01 4.570217e+00 
-3.915398e-01 4.670208e+00 
-3.951576e-01 4.770192e+00 
-3.988077e-01 4.870173e+00 
-4.024961e-01 4.970156e+00 
-4.062189e-01 5.070163e+00 
-4.099283e-01 5.170179e+00 
-4.136048e-01 5.270185e+00 
-4.172681e-01 5.370177e+00 
-4.209469e-01 5.470155e+00 
-4.246700e-01 5.570118e+00 
-4.284683e-01 5.670110e+00 
-4.322807e-01 5.770077e+00 
-4.361599e-01 5.870027e+00 
-4.401391e-01 5.969982e+00 
-4.442086e-01 6.069943e+00 
-4.483565e-01 6.169910e+00 
-4.525706e-01 6.269883e+00 
-4.568388e-01 6.369859e+00 
-4.611545e-01 6.469832e+00 
-4.655242e-01 6.569767e+00 
-4.700219e-01 6.669683e+00 
-4.746871e-01 6.769571e+00 
-4.795766e-01 6.869470e+00 
-4.846746e-01 6.969467e+00 
-4.897787e-01 7.069455e+00 
-4.949055e-01 7.169417e+00 
-5.001081e-01 7.269381e+00 
-5.053841e-01 7.369354e+00 
-5.107149e-01 7.469336e+00 
-5.160817e-01 7.569328e+00 
-5.214655e-01 7.669329e+00 
-5.268458e-01 7.769318e+00 
-5.322431e-01 7.869222e+00 
-5.378322e-01 7.969092e+00 
-5.436821e-01 8.068975e+00 
-5.497689e-01 8.168873e+00 
-5.560620e-01 8.268800e+00 
-5.625067e-01 8.368787e+00 
-5.689763e-01 8.468777e+00 
-5.754656e-01 8.568755e+00 
-5.819997e-01 8.668725e+00 
-5.885935e-01 8.768688e+00 
-5.952611e-01 8.868650e+00 
-6.020057e-01 8.968611e+00 
-6.088263e-01 9.068528e+00 
-6.158108e-01 9.168408e+00 
-6.230360e-01 9.268284e+00 
-6.305104e-01 9.368164e+00 
-6.382278e-01 9.468046e+00 
-6.461822e-01 9.567932e+00 
-6.543682e-01 9.667817e+00 
-6.627829e-01 9.767658e+00 
-6.715182e-01 9.867504e+00 
-6.805663e-01 9.967360e+00 
-6.899059e-01 1.006722e+01 
-5.903674e-01 1.007681e+01 
-5.810009e-01 9.976672e+00 
-5.719262e-01 9.876528e+00 
-5.631634e-01 9.776374e+00 
-5.547215e-01 9.676215e+00 
-5.465163e-01 9.576100e+00 
-5.385434e-01 9.475985e+00 
-5.308075e-01 9.375868e+00 
-5.233148e-01 9.275747e+00 
-5.160715e-01 9.175623e+00 
-5.090700e-01 9.075504e+00 
-5.022379e-01 8.975421e+00 
-4.954880e-01 8.875382e+00 
-4.888152e-01 8.775343e+00 
-4.822165e-01 8.675307e+00 
-4.756785e-01 8.575277e+00 
-4.691863e-01 8.475254e+00 
-4.627153e-01 8.375244e+00 
-4.562691e-01 8.275232e+00 
-4.499666e-01 8.175158e+00 
-4.438672e-01 8.075057e+00 
-4.380033e-01 7.974939e+00 
-4.323993e-01 7.874810e+00 
-4.269914e-01 7.774713e+00 
-4.216100e-01 7.674702e+00 
-4.162263e-01 7.574704e+00 
-4.108586e-01 7.474696e+00 
-4.055259e-01 7.374678e+00 
-4.002471e-01 7.274651e+00 
-3.950406e-01 7.174615e+00 
-3.899099e-01 7.074577e+00 
-3.848046e-01 6.974565e+00 
-3.797063e-01 6.874562e+00 
-3.748067e-01 6.774460e+00 
-3.701308e-01 6.674348e+00 
-3.656253e-01 6.574264e+00 
-3.612499e-01 6.474200e+00 
-3.569319e-01 6.374172e+00 
-3.526617e-01 6.274148e+00 
-3.484452e-01 6.174122e+00 
-3.442946e-01 6.074089e+00 
-3.402218e-01 5.974050e+00 
-3.362391e-01 5.874005e+00 
-3.323559e-01 5.773955e+00 
-3.285409e-01 5.673921e+00 
-3.247420e-01 5.573914e+00 
-3.210162e-01 5.473877e+00 
-3.173357e-01 5.373854e+00 
-3.136718e-01 5.273846e+00 
-3.099958e-01 5.173853e+00 
-3.062876e-01 5.073869e+00 
-3.025653e-01 4.973876e+00 
-2.988757e-01 4.873859e+00 
-2.952242e-01 4.773840e+00 
-2.916052e-01 4.673824e+00 
-2.880053e-01 4.573814e+00 
-2.843867e-01 4.473824e+00 
-2.807440e-01 4.373836e+00 
-2.771715e-01 4.273800e+00 
-2.737610e-01 4.173719e+00 
-2.705848e-01 4.073601e+00 
-2.675160e-01 3.973549e+00 
-2.644854e-01 3.873530e+00 
-2.614931e-01 3.773511e+00 
-2.585474e-01 3.673488e+00 
-2.556567e-01 3.573460e+00 
-2.527381e-01 3.473475e+00 
-2.496929e-01 3.373539e+00 
-2.464915e-01 3.273617e+00 
-2.431371e-01 3.173693e+00 
-2.396755e-01 3.073746e+00 
-2.361057e-01 2.973800e+00 
-2.324721e-01 2.873832e+00 
-2.289348e-01 2.773782e+00 
-2.254942e-01 2.673734e+00 
-2.221475e-01 2.573687e+00 
-2.188919e-01 2.473642e+00 
-2.157249e-01 2.373598e+00 
-2.126435e-01 2.273555e+00 
-2.096453e-01 2.173514e+00 
-2.067274e-01 2.073473e+00 
-2.038767e-01 1.973440e+00 
-2.010256e-01 1.873441e+00 
-1.980647e-01 1.773496e+00 
-1.949877e-01 1.673554e+00 
-1.918575e-01 1.573580e+00 
-1.887722e-01 1.473557e+00 
-1.858251e-01 1.373488e+00 
-1.829945e-01 1.273430e+00 
-1.802568e-01 1.173383e+00 
-1.775749e-01 1.073356e+00 
-1.748796e-01 9.733630e-01 
-1.721285e-01 8.733912e-01 
-1.693213e-01 7.734192e-01 
-1.664689e-01 6.734417e-01 
-1.636213e-01 5.734390e-01 
-1.608046e-01 4.734233e-01 
-1.579829e-01 3.734261e-01 
-1.551623e-01 2.734255e-01 
-1.524875e-01 1.733517e-01 
-1.500264e-01 7.324457e-02 
-1.500113e-01 -7.201576e-02 
-1.524848e-01 -1.732446e-01 
-1.551603e-01 -2.733517e-01 
-1.579829e-01 -3.734255e-01 
-1.608046e-01 -4.734261e-01 
-1.636208e-01 -5.734233e-01 
-1.664689e-01 -6.734390e-01 
-1.693219e-01 -7.734417e-01 
-1.721293e-01 -8.734192e-01 
-1.748804e-01 -9.733912e-01 
-1.775751e-01 -1.073363e+00 
-1.802561e-01 -1.173356e+00 
-1.829933e-01 -1.273383e+00 
-1.858234e-01 -1.373430e+00 
-1.887701e-01 -1.473488e+00 
-1.918568e-01 -1.573557e+00 
-1.949885e-01 -1.673580e+00 
-1.980665e-01 -1.773554e+00 
-2.010272e-01 -1.873496e+00 
-2.038767e-01 -1.973441e+00 
-2.067264e-01 -2.073440e+00 
-2.096441e-01 -2.173473e+00 
-2.126423e-01 -2.273514e+00 
-2.157235e-01 -2.373555e+00 
-2.188905e-01 -2.473598e+00 
-2.221460e-01 -2.573642e+00 
-2.254926e-01 -2.673687e+00 
-2.289332e-01 -2.773734e+00 
-2.324703e-01 -2.873782e+00 
-2.361069e-01 -2.973832e+00 
-2.396774e-01 -3.073800e+00 
-2.431389e-01 -3.173746e+00 
-2.464940e-01 -3.273693e+00 
-2.496954e-01 -3.373617e+00 
-2.527400e-01 -3.473539e+00 
-2.556571e-01 -3.573475e+00 
-2.585466e-01 -3.673460e+00 
-2.614924e-01 -3.773488e+00 
-2.644848e-01 -3.873511e+00 
-2.675154e-01 -3.973530e+00 
-2.705831e-01 -4.073549e+00 
-2.737572e-01 -4.173601e+00 
-2.771686e-01 -4.273719e+00 
-2.807427e-01 -4.373800e+00 
-2.843872e-01 -4.473836e+00 
-2.880057e-01 -4.573824e+00 
-2.916048e-01 -4.673814e+00 
-2.952236e-01 -4.773824e+00 
-2.988750e-01 -4.873840e+00 
-3.025647e-01 -4.973859e+00 
-3.062879e-01 -5.073876e+00 
-3.099964e-01 -5.173869e+00 
-3.136721e-01 -5.273853e+00 
-3.173354e-01 -5.373846e+00 
-3.210153e-01 -5.473854e+00 
-3.247407e-01 -5.573877e+00 
-3.285406e-01 -5.673914e+00 
-3.323546e-01 -5.773921e+00 
-3.362371e-01 -5.873955e+00 
-3.402200e-01 -5.974005e+00 
-3.442930e-01 -6.074050e+00 
-3.484438e-01 -6.174089e+00 
-3.526605e-01 -6.274122e+00 
-3.569309e-01 -6.374148e+00 
-3.612487e-01 -6.474172e+00 
-3.656225e-01 -6.574200e+00 
-3.701269e-01 -6.674264e+00 
-3.748013e-01 -6.774348e+00 
-3.797012e-01 -6.874460e+00 
-3.848045e-01 -6.974562e+00 
-3.899093e-01 -7.074565e+00 
-3.950387e-01 -7.174577e+00 
-4.002452e-01 -7.274615e+00 
-4.055245e-01 -7.374651e+00 
-4.108576e-01 -7.474678e+00 
-4.162259e-01 -7.574696e+00 
-4.216101e-01 -7.674704e+00 
-4.269908e-01 -7.774702e+00 
-4.323940e-01 -7.874713e+00 
-4.379959e-01 -7.974810e+00 
-4.438602e-01 -8.074939e+00 
-4.499603e-01 -8.175057e+00 
-4.562644e-01 -8.275158e+00 
-4.627145e-01 -8.375232e+00 
-4.691856e-01 -8.475244e+00 
-4.756771e-01 -8.575254e+00 
-4.822146e-01 -8.675277e+00 
-4.888128e-01 -8.775307e+00 
-4.954854e-01 -8.875343e+00 
-5.022352e-01 -8.975382e+00 
-5.090642e-01 -9.075421e+00 
-5.160629e-01 -9.175504e+00 
-5.233057e-01 -9.275623e+00 
-5.307984e-01 -9.375747e+00 
-5.385342e-01 -9.475868e+00 
-5.465071e-01 -9.575985e+00 
-5.547120e-01 -9.676100e+00 
-5.631498e-01 -9.776215e+00 
-5.719125e-01 -9.876374e+00 
-5.809876e-01 -9.976528e+00 
-5.903539e-01 -1.007667e+01 
-6.000082e-01 -1.017681e+01 
-6.098214e-01 -1.027690e+01 
-6.198013e-01 -1.037698e+01 
-6.299959e-01 -1.047708e+01 
-6.404647e-01 -1.057721e+01 
-6.512294e-01 -1.067736e+01 
-6.623035e-01 -1.077751e+01 
-6.737022e-01 -1.087767e+01 
-6.854479e-01 -1.097784e+01 
-6.976752e-01 -1.107807e+01 
-7.104606e-01 -1.117834e+01 
-7.238379e-01 -1.127863e+01 
-7.378432e-01 -1.137893e+01 
-7.525401e-01 -1.147926e+01 
-7.679791e-01 -1.157962e+01 
-7.842016e-01 -1.167999e+01 
-8.012483e-01 -1.178039e+01 
-8.191121e-01 -1.188078e+01 
-8.376462e-01 -1.198110e+01 
-8.567686e-01 -1.208138e+01 
-8.764966e-01 -1.218167e+01 
-8.968371e-01 -1.228195e+01 
-9.177882e-01 -1.238224e+01 
-9.394412e-01 -1.248256e+01 
-9.620788e-01 -1.258301e+01 
-9.857695e-01 -1.268349e+01 
-1.010496e+00 -1.278397e+01 
-1.036249e+00 -1.288443e+01 
-1.063010e+00 -1.298489e+01 
-1.090719e+00 -1.308532e+01 
-1.119265e+00 -1.318569e+01 
-1.148599e+00 -1.328604e+01 
-1.178518e+00 -1.338631e+01 
-1.209037e+00 -1.348658e+01 
-1.240097e+00 -1.358682e+01 
-1.271660e+00 -1.368704e+01 
-1.303357e+00 -1.378711e+01 
-1.335402e+00 -1.388725e+01 
-1.367894e+00 -1.398744e+01 
-1.400900e+00 -1.408766e+01 
-1.434549e+00 -1.418792e+01 
-1.468854e+00 -1.428820e+01 
-1.503807e+00 -1.438847e+01 
-1.539406e+00 -1.448874e+01 
-1.575646e+00 -1.458901e+01 
-1.612527e+00 -1.468928e+01 
-1.650052e+00 -1.478954e+01 
-1.688219e+00 -1.488980e+01 
-1.727016e+00 -1.499006e+01 
-1.766430e+00 -1.509031e+01 
-1.806571e+00 -1.519060e+01 
-1.847495e+00 -1.529090e+01 
-1.889222e+00 -1.539122e+01 
-1.931781e+00 -1.549154e+01 
-1.975200e+00 -1.559187e+01 
-2.019549e+00 -1.569223e+01 
-2.064983e+00 -1.579263e+01 
-2.111657e+00 -1.589309e+01 
-2.159639e+00 -1.599356e+01 
-2.209019e+00 -1.609407e+01 
-2.259620e+00 -1.619451e+01 
-2.311140e+00 -1.629485e+01 
-2.363582e+00 -1.639518e+01 
-2.417010e+00 -1.649552e+01 
-2.471473e+00 -1.659587e+01 
-2.527029e+00 -1.669623e+01 
-2.583737e+00 -1.679661e+01 
-2.641664e+00 -1.689700e+01 
-2.700883e+00 -1.699742e+01 
-2.761471e+00 -1.709785e+01 
-2.823520e+00 -1.719829e+01 
-2.887123e+00 -1.729876e+01 
-2.952388e+00 -1.739925e+01 
-3.019437e+00 -1.749976e+01 
-3.088368e+00 -1.760029e+01 
-3.159145e+00 -1.770080e+01 
-3.231231e+00 -1.780118e+01 
-3.304388e+00 -1.790148e+01 
-3.378264e+00 -1.800169e+01 
-3.452912e+00 -1.810189e+01 
-3.528374e+00 -1.820209e+01 
-3.604695e+00 -1.830231e+01 
-3.681921e+00 -1.840253e+01 
-3.760107e+00 -1.850277e+01 
-3.839460e+00 -1.860304e+01 
-3.920070e+00 -1.870334e+01 
-4.002045e+00 -1.880365e+01 
-4.085472e+00 -1.890398e+01 
-4.170435e+00 -1.900433e+01 
-4.257036e+00 -1.910468e+01 
-4.345380e+00 -1.920505e+01 
-4.435556e+00 -1.930543e+01 
-4.527667e+00 -1.940582e+01 
-4.621822e+00 -1.950622e+01 
-4.718141e+00 -1.960663e+01 
-4.816754e+00 -1.970705e+01 
-4.917179e+00 -1.980688e+01 
-5.017615e+00 -1.990431e+01 
-5.118060e+00 -1.999937e+01 
-5.218516e+00 -2.009209e+01 
-5.318981e+00 -2.018251e+01 
-5.419455e+00 -2.027065e+01 
-5.519924e+00 -2.035661e+01 
-5.620343e+00 -2.044063e+01 
-5.720758e+00 -2.052282e+01 
-5.821067e+00 -2.060361e+01 
-5.921320e+00 -2.068328e+01 
-6.021578e+00 -2.076188e+01 
-6.121843e+00 -2.083941e+01 
-6.222114e+00 -2.091586e+01 
-6.322391e+00 -2.099121e+01 
-6.422674e+00 -2.106547e+01 
-6.522963e+00 -2.113862e+01 
-6.623259e+00 -2.121066e+01 
-6.723561e+00 -2.128158e+01 
-6.823869e+00 -2.135138e+01 
-6.924186e+00 -2.142005e+01 
-7.024504e+00 -2.148759e+01 
-7.124831e+00 -2.155400e+01 
-7.225176e+00 -2.161923e+01 
-7.325520e+00 -2.168330e+01 
-7.425852e+00 -2.174626e+01 
-7.526234e+00 -2.180800e+01 
-7.626609e+00 -2.186853e+01 
-7.726994e+00 -2.192784e+01 
-7.827403e+00 -2.198589e+01 
-7.927800e+00 -2.204271e+01 
-8.028234e+00 -2.209825e+01 
-8.128676e+00 -2.215247e+01 
-8.229123e+00 -2.220539e+01 
-8.329578e+00 -2.225701e+01 
-8.430042e+00 -2.230731e+01 
-8.530512e+00 -2.235631e+01 
-8.630988e+00 -2.240401e+01 
-8.731470e+00 -2.245040e+01 
-8.831959e+00 -2.249549e+01 
-8.932452e+00 -2.253929e+01 
-9.032950e+00 -2.258180e+01 
-9.133451e+00 -2.262303e+01 
-9.233909e+00 -2.266309e+01 
-9.334299e+00 -2.270215e+01 
-9.434654e+00 -2.274031e+01 
-9.535023e+00 -2.277758e+01 
-9.635405e+00 -2.281393e+01 
-9.735752e+00 -2.284943e+01 
-9.836035e+00 -2.288424e+01 
-9.936317e+00 -2.291837e+01 
-1.003660e+01 -2.295183e+01 
-1.013689e+01 -2.298461e+01 
-1.023719e+01 -2.301671e+01 
-1.033748e+01 -2.304812e+01 
-1.043779e+01 -2.307884e+01 
-1.053809e+01 -2.310886e+01 
-1.063840e+01 -2.313818e+01 
-1.073871e+01 -2.316679e+01 
-1.083903e+01 -2.319469e+01 
-1.093935e+01 -2.322187e+01 
-1.103968e+01 -2.324833e+01 
-1.114000e+01 -2.327407e+01 
-1.124034e+01 -2.329907e+01 
-1.134067e+01 -2.332334e+01 
-1.144101e+01 -2.334687e+01 
-1.154136e+01 -2.336966e+01 
-1.164170e+01 -2.339170e+01 
-1.174205e+01 -2.341299e+01 
-1.184241e+01 -2.343352e+01 
-1.194276e+01 -2.345329e+01 
-1.204313e+01 -2.347229e+01 
-1.214349e+01 -2.349053e+01 
-1.224386e+01 -2.350799e+01 
-1.234423e+01 -2.352467e+01 
-1.244460e+01 -2.354058e+01 
-1.254498e+01 -2.355570e+01 
-1.264536e+01 -2.357003e+01 
-1.274575e+01 -2.358357e+01 
-1.284613e+01 -2.359631e+01 
-1.294652e+01 -2.360826e+01 
-1.304691e+01 -2.361940e+01 
-1.314729e+01 -2.362976e+01 
-1.324764e+01 -2.363941e+01 
-1.334797e+01 -2.364840e+01 
-1.344829e+01 -2.365673e+01 
-1.354863e+01 -2.366437e+01 
-1.364897e+01 -2.367133e+01 
-1.374931e+01 -2.367760e+01 
-1.384966e+01 -2.368317e+01 
-1.394998e+01 -2.368809e+01 
-1.405028e+01 -2.369240e+01 
-1.415058e+01 -2.369610e+01 
-1.425089e+01 -2.369920e+01 
-1.435119e+01 -2.370167e+01 
-1.445151e+01 -2.370352e+01 
-1.455182e+01 -2.370475e+01 
-1.465213e+01 -2.370534e+01 
-1.475245e+01 -2.370528e+01 
-1.485277e+01 -2.370459e+01 
-1.495310e+01 -2.370324e+01 
-1.505343e+01 -2.370124e+01 
-1.515376e+01 -2.369858e+01 
-1.525409e+01 -2.369525e+01 
-1.535442e+01 -2.369124e+01 
-1.545476e+01 -2.368656e+01 
-1.555510e+01 -2.368120e+01 
-1.565544e+01 -2.367515e+01 
-1.575578e+01 -2.366841e+01 
-1.585612e+01 -2.366097e+01 
-1.595647e+01 -2.365284e+01 
-1.605682e+01 -2.364399e+01 
-1.615717e+01 -2.363444e+01 
-1.625752e+01 -2.362417e+01 
-1.635787e+01 -2.361318e+01 
-1.645822e+01 -2.360147e+01 
-1.655858e+01 -2.358903e+01 
-1.665893e+01 -2.357586e+01 
-1.675928e+01 -2.356198e+01 
-1.685960e+01 -2.354745e+01 
-1.695991e+01 -2.353226e+01 
-1.706023e+01 -2.351642e+01 
-1.716055e+01 -2.349991e+01 
-1.726087e+01 -2.348273e+01 
-1.736119e+01 -2.346487e+01 
-1.746152e+01 -2.344633e+01 
-1.756184e+01 -2.342710e+01 
-1.766217e+01 -2.340716e+01 
-1.776250e+01 -2.338652e+01 
-1.786284e+01 -2.336517e+01 
-1.796317e+01 -2.334310e+01 
-1.806351e+01 -2.332030e+01 
-1.816385e+01 -2.329676e+01 
-1.826419e+01 -2.327248e+01 
-1.836453e+01 -2.324745e+01 
-1.846488e+01 -2.322165e+01 
-1.856522e+01 -2.319509e+01 
-1.866557e+01 -2.316775e+01 
-1.876592e+01 -2.313963e+01 
-1.886627e+01 -2.311071e+01 
-1.896663e+01 -2.308100e+01 
-1.906696e+01 -2.305051e+01 
-1.916725e+01 -2.301939e+01 
-1.926749e+01 -2.298773e+01 
-1.936773e+01 -2.295551e+01 
-1.946797e+01 -2.292273e+01 
-1.956821e+01 -2.288939e+01 
-1.966845e+01 -2.285548e+01 
-1.976869e+01 -2.282099e+01 
-1.986894e+01 -2.278593e+01 
-1.996918e+01 -2.275027e+01 
-2.006943e+01 -2.271401e+01 
-2.016968e+01 -2.267716e+01 
-2.026993e+01 -2.263970e+01 
-2.037018e+01 -2.260163e+01 
-2.047043e+01 -2.256293e+01 
-2.057068e+01 -2.252361e+01 
-2.067094e+01 -2.248366e+01 
-2.077119e+01 -2.244306e+01 
-2.087145e+01 -2.240182e+01 
-2.097171e+01 -2.235992e+01 
-2.107197e+01 -2.231737e+01 
-2.117222e+01 -2.227414e+01 
-2.127248e+01 -2.223023e+01 
-2.137275e+01 -2.218564e+01 
-2.147301e+01 -2.214036e+01 
-2.157327e+01 -2.209437e+01 
-2.167354e+01 -2.204768e+01 
-2.177380e+01 -2.200027e+01 
-2.187407e+01 -2.195213e+01 
-2.197434e+01 -2.190326e+01 
-2.207460e+01 -2.185364e+01 
-2.217487e+01 -2.180328e+01 
-2.227514e+01 -2.175215e+01 
-2.237541e+01 -2.170024e+01 
-2.247568e+01 -2.164756e+01 
-2.257596e+01 -2.159409e+01 
-2.267623e+01 -2.153981e+01 
-2.277650e+01 -2.148473e+01 
-2.287678e+01 -2.142882e+01 
-2.297704e+01 -2.137212e+01 
-2.307729e+01 -2.131465e+01 
-2.317754e+01 -2.125641e+01 
-2.327780e+01 -2.119739e+01 
-2.337805e+01 -2.113757e+01 
-2.347830e+01 -2.107694e+01 
-2.357856e+01 -2.101549e+01 
-2.367881e+01 -2.095321e+01 
-2.377907e+01 -2.089008e+01 
-2.387933e+01 -2.082610e+01 
-2.397958e+01 -2.076125e+01 
-2.407984e+01 -2.069552e+01 
-2.418010e+01 -2.062890e+01 
-2.428036e+01 -2.056136e+01 
-2.438062e+01 -2.049290e+01 
-2.448088e+01 -2.042350e+01 
-2.458115e+01 -2.035315e+01 
-2.468141e+01 -2.028182e+01 
-2.478168e+01 -2.020951e+01 
-2.488194e+01 -2.013620e+01 
-2.498221e+01 -2.006186e+01 
-2.508247e+01 -1.998648e+01 
-2.518274e+01 -1.991005e+01 
-2.528301e+01 -1.983254e+01 
-2.538328e+01 -1.975392e+01 
-2.548355e+01 -1.967419e+01 
-2.558382e+01 -1.959332e+01 
-2.568409e+01 -1.951129e+01 
-2.578436e+01 -1.942807e+01 
-2.588463e+01 -1.934364e+01 
-2.598491e+01 -1.925797e+01 
-2.608518e+01 -1.917104e+01 
-2.618545e+01 -1.908282e+01 
-2.628573e+01 -1.899328e+01 
-2.638600e+01 -1.890241e+01 
-2.648625e+01 -1.881036e+01 
-2.658646e+01 -1.871725e+01 
-2.668667e+01 -1.862307e+01 
-2.678688e+01 -1.852781e+01 
-2.688709e+01 -1.843143e+01 
-2.698730e+01 -1.833393e+01 
-2.708751e+01 -1.823526e+01 
-2.718772e+01 -1.813542e+01 
-2.728711e+01 -1.803521e+01 
-2.738533e+01 -1.793500e+01 
-2.748240e+01 -1.783479e+01 
-2.757834e+01 -1.773458e+01 
-2.767315e+01 -1.763436e+01 
-2.776687e+01 -1.753415e+01 
-2.785950e+01 -1.743394e+01 
-2.795105e+01 -1.733372e+01 
-2.804156e+01 -1.723351e+01 
-2.813102e+01 -1.713330e+01 
-2.821945e+01 -1.703308e+01 
-2.830687e+01 -1.693287e+01 
-2.839329e+01 -1.683265e+01 
-2.847873e+01 -1.673244e+01 
-2.856319e+01 -1.663222e+01 
-2.864670e+01 -1.653201e+01 
-2.872925e+01 -1.643179e+01 
-2.881088e+01 -1.633158e+01 
-2.889157e+01 -1.623136e+01 
-2.897136e+01 -1.613114e+01 
-2.905028e+01 -1.603094e+01 
-2.912841e+01 -1.593075e+01 
-2.920578e+01 -1.583056e+01 
-2.928238e+01 -1.573037e+01 
-2.935824e+01 -1.563018e+01 
-2.943336e+01 -1.552999e+01 
-2.950775e+01 -1.542981e+01 
-2.958141e+01 -1.532962e+01 
-2.965437e+01 -1.522943e+01 
-2.972661e+01 -1.512924e+01 
-2.979816e+01 -1.502906e+01 
-2.986901e+01 -1.492887e+01 
-2.993919e+01 -1.482869e+01 
-3.000869e+01 -1.472850e+01 
-3.007752e+01 -1.462831e+01 
-3.014569e+01 -1.452813e+01 
-3.021321e+01 -1.442794e+01 
-3.028009e+01 -1.432776e+01 
-3.034632e+01 -1.422758e+01 
-3.041193e+01 -1.412739e+01 
-3.047691e+01 -1.402721e+01 
-3.054127e+01 -1.392703e+01 
-3.060502e+01 -1.382684e+01 
-3.066816e+01 -1.372666e+01 
-3.073071e+01 -1.362648e+01 
-3.079266e+01 -1.352630e+01 
-3.085403e+01 -1.342612e+01 
-3.091481e+01 -1.332594e+01 
-3.097502e+01 -1.322576e+01 
-3.103467e+01 -1.312558e+01 
-3.109374e+01 -1.302540e+01 
-3.115225e+01 -1.292521e+01 
-3.121010e+01 -1.282500e+01 
-3.126729e+01 -1.272478e+01 
-3.132382e+01 -1.262457e+01 
-3.137971e+01 -1.252435e+01 
-3.143496e+01 -1.242414e+01 
-3.148956e+01 -1.232392e+01 
-3.154353e+01 -1.222371e+01 
-3.159687e+01 -1.212349e+01 
-3.164957e+01 -1.202327e+01 
-3.170166e+01 -1.192306e+01 
-3.175312e+01 -1.182284e+01 
-3.180397e+01 -1.172262e+01 
-3.185421e+01 -1.162240e+01 
-3.190383e+01 -1.152219e+01 
-3.195285e+01 -1.142197e+01 
-3.200126e+01 -1.132175e+01 
-3.204907e+01 -1.122153e+01 
-3.209628e+01 -1.112131e+01 
-3.214289e+01 -1.102109e+01 
-3.218891e+01 -1.092086e+01 
-3.223434e+01 -1.082064e+01 
-3.227918e+01 -1.072042e+01 
-3.232344e+01 -1.062020e+01 
-3.236718e+01 -1.052000e+01 
-3.241039e+01 -1.041980e+01 
-3.245308e+01 -1.031960e+01 
-3.249526e+01 -1.021940e+01 
-3.253692e+01 -1.011920e+01 
-3.257807e+01 -1.001899e+01 
-3.261871e+01 -9.918792e+00 
-3.265885e+01 -9.818590e+00 
-3.269847e+01 -9.718387e+00 
-3.273760e+01 -9.618185e+00 
-3.277622e+01 -9.517982e+00 
-3.281434e+01 -9.417779e+00 
-3.285197e+01 -9.317577e+00 
-3.288910e+01 -9.217373e+00 
-3.292574e+01 -9.117170e+00 
-3.296189e+01 -9.016967e+00 
-3.299755e+01 -8.916764e+00 
-3.303272e+01 -8.816561e+00 
-3.306741e+01 -8.716358e+00 
-3.310162e+01 -8.616154e+00 
-3.313535e+01 -8.515951e+00 
-3.316860e+01 -8.415748e+00 
-3.320138e+01 -8.315545e+00 
-3.323369e+01 -8.215341e+00 
-3.326552e+01 -8.115138e+00 
-3.329688e+01 -8.014935e+00 
-3.332778e+01 -7.914732e+00 
-3.335821e+01 -7.814530e+00 
-3.338818e+01 -7.714327e+00 
-3.341769e+01 -7.614124e+00 
-3.344674e+01 -7.513922e+00 
-3.347533e+01 -7.413719e+00 
-3.350347e+01 -7.313517e+00 
-3.353115e+01 -7.213315e+00 
-3.355838e+01 -7.113113e+00 
-3.358517e+01 -7.012912e+00 
-3.361150e+01 -6.912710e+00 
-3.363740e+01 -6.812509e+00 
-3.366284e+01 -6.712308e+00 
-3.368785e+01 -6.612107e+00 
-3.371242e+01 -6.511906e+00 
-3.373655e+01 -6.411706e+00 
-3.376026e+01 -6.311513e+00 
-3.378357e+01 -6.211333e+00 
-3.380650e+01 -6.111157e+00 
-3.382906e+01 -6.010983e+00 
-3.385124e+01 -5.910812e+00 
-3.387306e+01 -5.810642e+00 
-3.389452e+01 -5.710472e+00 
-3.391561e+01 -5.610302e+00 
-3.393634e+01 -5.510132e+00 
-3.395670e+01 -5.409962e+00 
-3.397671e+01 -5.309792e+00 
-3.399636e+01 -5.209623e+00 
-3.401564e+01 -5.109453e+00 
-3.403457e+01 -5.009284e+00 
-3.405314e+01 -4.909115e+00 
-3.407136e+01 -4.808945e+00 
-3.408922e+01 -4.708776e+00 
-3.410672e+01 -4.608607e+00 
-3.412387e+01 -4.508438e+00 
-3.414067e+01 -4.408270e+00 
-3.415712e+01 -4.308101e+00 
-3.417322e+01 -4.207932e+00 
-3.418896e+01 -4.107764e+00 
-3.420436e+01 -4.007596e+00 
-3.421940e+01 -3.907428e+00 
-3.423410e+01 -3.807260e+00 
-3.424846e+01 -3.707092e+00 
-3.426246e+01 -3.606924e+00 
-3.427615e+01 -3.506770e+00 
-3.428953e+01 -3.406623e+00 
-3.430261e+01 -3.306475e+00 
-3.431539e+01 -3.206327e+00 
-3.432786e+01 -3.106179e+00 
-3.434003e+01 -3.006032e+00 
-3.435190e+01 -2.905884e+00 
-3.436347e+01 -2.805737e+00 
-3.437473e+01 -2.705589e+00 
-3.438570e+01 -2.605441e+00 
-3.439636e+01 -2.505294e+00 
-3.440672e+01 -2.405146e+00 
-3.441679e+01 -2.304999e+00 
-3.442655e+01 -2.204851e+00 
-3.443601e+01 -2.104702e+00 
-3.444514e+01 -2.004541e+00 
-3.445391e+01 -1.904359e+00 
-3.446231e+01 -1.804177e+00 
-3.447034e+01 -1.703995e+00 
-3.447800e+01 -1.603813e+00 
-3.448530e+01 -1.503629e+00 
-3.449222e+01 -1.403446e+00 
-3.449877e+01 -1.303262e+00 
-3.450495e+01 -1.203078e+00 
-3.451076e+01 -1.102894e+00 
-3.451619e+01 -1.002709e+00 
-3.452125e+01 -9.025236e-01 
-3.452595e+01 -8.023382e-01 
-3.453026e+01 -7.021524e-01 
-3.453421e+01 -6.019663e-01 
-3.443428e+01 -5.980337e-01 
