-1.123452e+00 7.122512e+00 
-1.131756e+00 7.222495e+00 
-1.140100e+00 7.322529e+00 
-1.148380e+00 7.422636e+00 
-1.156450e+00 7.522803e+00 
-1.164179e+00 7.622930e+00 
-1.171648e+00 7.723006e+00 
-1.178956e+00 7.822971e+00 
-1.186326e+00 7.922835e+00 
-1.193963e+00 8.022608e+00 
-1.202047e+00 8.122267e+00 
-1.210812e+00 8.221856e+00 
-1.220416e+00 8.321548e+00 
-1.230662e+00 8.421427e+00 
-1.241163e+00 8.521382e+00 
-1.251760e+00 8.621376e+00 
-1.262370e+00 8.721374e+00 
-1.272983e+00 8.821364e+00 
-1.283614e+00 8.921332e+00 
-1.294301e+00 9.021215e+00 
-1.305210e+00 9.120960e+00 
-1.316632e+00 9.220666e+00 
-1.328658e+00 9.320425e+00 
-1.341175e+00 9.420162e+00 
-1.354214e+00 9.519788e+00 
-1.368015e+00 9.619400e+00 
-1.382618e+00 9.719034e+00 
-1.397983e+00 9.818720e+00 
-1.414006e+00 9.918465e+00 
-1.430577e+00 1.001832e+01 
-1.447482e+00 1.011831e+01 
-1.464391e+00 1.021827e+01 
-1.481360e+00 1.031810e+01 
-1.498661e+00 1.041778e+01 
-1.516618e+00 1.051734e+01 
-1.535487e+00 1.061691e+01 
-1.555295e+00 1.071662e+01 
-1.575721e+00 1.081642e+01 
-1.596593e+00 1.091623e+01 
-1.617864e+00 1.101605e+01 
-1.639521e+00 1.111587e+01 
-1.661543e+00 1.121561e+01 
-1.684067e+00 1.131514e+01 
-1.707602e+00 1.141466e+01 
-1.732202e+00 1.151428e+01 
-1.757655e+00 1.161400e+01 
-1.783742e+00 1.171372e+01 
-1.810430e+00 1.181338e+01 
-1.837895e+00 1.191316e+01 
-1.865870e+00 1.201300e+01 
-1.894186e+00 1.211280e+01 
-1.922941e+00 1.221251e+01 
-1.952311e+00 1.231215e+01 
-1.982492e+00 1.241171e+01 
-2.013671e+00 1.251129e+01 
-2.045854e+00 1.261097e+01 
-2.078782e+00 1.271068e+01 
-2.112398e+00 1.281041e+01 
-2.146652e+00 1.291017e+01 
-2.181475e+00 1.300991e+01 
-2.216872e+00 1.310956e+01 
-2.253075e+00 1.320906e+01 
-2.290549e+00 1.330879e+01 
-2.328730e+00 1.340860e+01 
-2.367245e+00 1.350811e+01 
-2.406882e+00 1.360741e+01 
-2.448262e+00 1.370668e+01 
-2.491504e+00 1.380597e+01 
-2.536611e+00 1.390526e+01 
-2.583611e+00 1.400456e+01 
-2.632514e+00 1.410386e+01 
-2.683355e+00 1.420318e+01 
-2.736157e+00 1.430249e+01 
-2.790959e+00 1.440181e+01 
-2.847806e+00 1.450113e+01 
-2.906712e+00 1.460041e+01 
-2.967882e+00 1.469962e+01 
-3.031641e+00 1.479883e+01 
-3.098050e+00 1.489802e+01 
-3.167286e+00 1.499718e+01 
-3.239583e+00 1.509630e+01 
-3.315229e+00 1.519538e+01 
-3.394574e+00 1.529441e+01 
-3.478052e+00 1.539337e+01 
-3.566227e+00 1.549229e+01 
-3.659949e+00 1.559138e+01 
-3.758743e+00 1.569064e+01 
-3.857958e+00 1.578622e+01 
-3.957136e+00 1.587772e+01 
-4.056284e+00 1.596522e+01 
-4.155468e+00 1.604885e+01 
-4.254786e+00 1.612905e+01 
-4.354121e+00 1.620645e+01 
-4.453424e+00 1.628119e+01 
-4.552695e+00 1.635324e+01 
-4.651933e+00 1.642260e+01 
-4.751140e+00 1.648923e+01 
-4.850335e+00 1.655316e+01 
-4.949614e+00 1.661450e+01 
-5.048944e+00 1.667358e+01 
-5.148267e+00 1.673059e+01 
-5.247577e+00 1.678556e+01 
-5.346876e+00 1.683850e+01 
-5.446166e+00 1.688944e+01 
-5.545446e+00 1.693839e+01 
-5.644719e+00 1.698538e+01 
-5.744034e+00 1.703046e+01 
-5.843524e+00 1.707383e+01 
-5.943054e+00 1.711590e+01 
-6.042558e+00 1.715678e+01 
-6.142037e+00 1.719640e+01 
-6.241489e+00 1.723473e+01 
-6.340913e+00 1.727172e+01 
-6.440310e+00 1.730732e+01 
-6.539678e+00 1.734148e+01 
-6.639017e+00 1.737416e+01 
-6.738328e+00 1.740531e+01 
-6.837610e+00 1.743488e+01 
-6.936861e+00 1.746284e+01 
-7.036100e+00 1.748913e+01 
-7.135412e+00 1.751379e+01 
-7.234822e+00 1.753697e+01 
-7.334294e+00 1.755891e+01 
-7.433758e+00 1.757972e+01 
-7.533213e+00 1.759939e+01 
-7.632660e+00 1.761792e+01 
-7.732099e+00 1.763529e+01 
-7.831529e+00 1.765150e+01 
-7.930960e+00 1.766653e+01 
-8.030436e+00 1.768040e+01 
-8.129979e+00 1.769321e+01 
-8.229515e+00 1.770509e+01 
-8.329044e+00 1.771602e+01 
-8.428566e+00 1.772600e+01 
-8.528080e+00 1.773502e+01 
-8.627587e+00 1.774305e+01 
-8.727086e+00 1.775010e+01 
-8.826579e+00 1.775614e+01 
-8.926063e+00 1.776117e+01 
-9.025541e+00 1.776517e+01 
-9.125012e+00 1.776813e+01 
-9.224477e+00 1.777003e+01 
-9.323945e+00 1.777087e+01 
-9.423413e+00 1.777065e+01 
-9.522876e+00 1.776937e+01 
-9.622332e+00 1.776703e+01 
-9.721780e+00 1.776360e+01 
-9.821221e+00 1.775907e+01 
-9.920656e+00 1.775342e+01 
-1.002008e+01 1.774665e+01 
-1.011950e+01 1.773873e+01 
-1.021892e+01 1.772964e+01 
-1.031833e+01 1.771938e+01 
-1.041773e+01 1.770792e+01 
-1.051715e+01 1.769524e+01 
-1.061663e+01 1.768137e+01 
-1.071617e+01 1.766642e+01 
-1.081578e+01 1.765051e+01 
-1.091539e+01 1.763380e+01 
-1.101500e+01 1.761628e+01 
-1.111461e+01 1.759793e+01 
-1.121421e+01 1.757876e+01 
-1.131381e+01 1.755875e+01 
-1.141340e+01 1.753790e+01 
-1.151300e+01 1.751618e+01 
-1.161259e+01 1.749360e+01 
-1.171218e+01 1.747014e+01 
-1.181177e+01 1.744579e+01 
-1.191135e+01 1.742053e+01 
-1.201093e+01 1.739437e+01 
-1.211051e+01 1.736728e+01 
-1.221008e+01 1.733925e+01 
-1.230966e+01 1.731027e+01 
-1.240923e+01 1.728033e+01 
-1.250880e+01 1.724942e+01 
-1.260836e+01 1.721751e+01 
-1.270792e+01 1.718459e+01 
-1.280747e+01 1.715066e+01 
-1.290702e+01 1.711566e+01 
-1.300655e+01 1.707958e+01 
-1.310607e+01 1.704237e+01 
-1.320560e+01 1.700401e+01 
-1.330512e+01 1.696448e+01 
-1.340463e+01 1.692375e+01 
-1.350415e+01 1.688180e+01 
-1.360366e+01 1.683860e+01 
-1.370316e+01 1.679413e+01 
-1.380267e+01 1.674837e+01 
-1.390218e+01 1.670128e+01 
-1.400177e+01 1.665283e+01 
-1.410141e+01 1.660322e+01 
-1.420108e+01 1.655260e+01 
-1.430074e+01 1.650104e+01 
-1.440041e+01 1.644852e+01 
-1.450007e+01 1.639502e+01 
-1.459973e+01 1.634052e+01 
-1.469938e+01 1.628502e+01 
-1.479904e+01 1.622848e+01 
-1.489867e+01 1.617090e+01 
-1.499831e+01 1.611218e+01 
-1.509792e+01 1.605234e+01 
-1.519754e+01 1.599127e+01 
-1.529715e+01 1.592895e+01 
-1.539675e+01 1.586534e+01 
-1.549636e+01 1.580042e+01 
-1.559596e+01 1.573415e+01 
-1.569556e+01 1.566649e+01 
-1.579515e+01 1.559740e+01 
-1.589475e+01 1.552686e+01 
-1.599434e+01 1.545481e+01 
-1.609393e+01 1.538122e+01 
-1.619352e+01 1.530605e+01 
-1.629311e+01 1.522925e+01 
-1.639269e+01 1.515077e+01 
-1.649228e+01 1.507057e+01 
-1.659186e+01 1.498859e+01 
-1.669144e+01 1.490478e+01 
-1.679102e+01 1.481908e+01 
-1.689061e+01 1.473143e+01 
-1.699023e+01 1.464178e+01 
-1.708986e+01 1.455026e+01 
-1.718950e+01 1.445688e+01 
-1.728912e+01 1.436158e+01 
-1.738875e+01 1.426430e+01 
-1.748839e+01 1.416496e+01 
-1.758625e+01 1.406533e+01 
-1.768210e+01 1.396571e+01 
-1.777600e+01 1.386608e+01 
-1.786799e+01 1.376645e+01 
-1.795813e+01 1.366683e+01 
-1.804646e+01 1.356721e+01 
-1.813303e+01 1.346758e+01 
-1.821789e+01 1.336794e+01 
-1.830119e+01 1.326827e+01 
-1.838305e+01 1.316859e+01 
-1.846355e+01 1.306890e+01 
-1.854272e+01 1.296922e+01 
-1.862060e+01 1.286953e+01 
-1.869722e+01 1.276984e+01 
-1.877261e+01 1.267015e+01 
-1.884678e+01 1.257046e+01 
-1.891976e+01 1.247077e+01 
-1.899159e+01 1.237108e+01 
-1.906228e+01 1.227139e+01 
-1.913186e+01 1.217169e+01 
-1.920034e+01 1.207199e+01 
-1.926775e+01 1.197230e+01 
-1.933411e+01 1.187260e+01 
-1.939944e+01 1.177289e+01 
-1.946377e+01 1.167318e+01 
-1.952715e+01 1.157345e+01 
-1.958963e+01 1.147372e+01 
-1.965125e+01 1.137399e+01 
-1.971200e+01 1.127426e+01 
-1.977190e+01 1.117452e+01 
-1.983096e+01 1.107479e+01 
-1.988920e+01 1.097505e+01 
-1.994662e+01 1.087532e+01 
-2.000324e+01 1.077558e+01 
-2.005906e+01 1.067584e+01 
-2.011409e+01 1.057611e+01 
-2.016835e+01 1.047637e+01 
-2.022185e+01 1.037663e+01 
-2.027459e+01 1.027689e+01 
-2.032658e+01 1.017715e+01 
-2.037784e+01 1.007741e+01 
-2.042836e+01 9.977667e+00 
-2.047815e+01 9.877926e+00 
-2.052723e+01 9.778184e+00 
-2.057559e+01 9.678441e+00 
-2.062326e+01 9.578697e+00 
-2.067024e+01 9.478952e+00 
-2.071653e+01 9.379206e+00 
-2.076214e+01 9.279459e+00 
-2.080709e+01 9.179711e+00 
-2.085138e+01 9.079962e+00 
-2.089501e+01 8.980211e+00 
-2.093800e+01 8.880460e+00 
-2.098036e+01 8.780707e+00 
-2.102208e+01 8.680953e+00 
-2.106318e+01 8.581198e+00 
-2.110366e+01 8.481442e+00 
-2.114354e+01 8.381684e+00 
-2.118281e+01 8.281926e+00 
-2.122149e+01 8.182166e+00 
-2.125958e+01 8.082405e+00 
-2.129708e+01 7.982643e+00 
-2.133401e+01 7.882879e+00 
-2.137037e+01 7.783114e+00 
-2.140617e+01 7.683348e+00 
-2.144141e+01 7.583581e+00 
-2.147610e+01 7.483812e+00 
-2.151024e+01 7.384042e+00 
-2.154384e+01 7.284271e+00 
-2.157690e+01 7.184499e+00 
-2.160944e+01 7.084725e+00 
-2.164145e+01 6.984950e+00 
-2.167294e+01 6.885174e+00 
-2.170392e+01 6.785403e+00 
-2.173437e+01 6.685650e+00 
-2.176425e+01 6.585901e+00 
-2.179357e+01 6.486162e+00 
-2.182229e+01 6.386436e+00 
-2.185040e+01 6.286709e+00 
-2.187790e+01 6.186981e+00 
-2.190479e+01 6.087253e+00 
-2.193109e+01 5.987523e+00 
-2.195679e+01 5.887792e+00 
-2.198190e+01 5.788060e+00 
-2.200643e+01 5.688327e+00 
-2.203037e+01 5.588594e+00 
-2.205374e+01 5.488859e+00 
-2.207654e+01 5.389123e+00 
-2.209877e+01 5.289387e+00 
-2.212044e+01 5.189630e+00 
-2.214159e+01 5.089867e+00 
-2.216223e+01 4.990107e+00 
-2.218237e+01 4.890348e+00 
-2.220200e+01 4.790589e+00 
-2.222112e+01 4.690831e+00 
-2.223973e+01 4.591072e+00 
-2.225783e+01 4.491315e+00 
-2.227543e+01 4.391557e+00 
-2.229252e+01 4.291793e+00 
-2.230913e+01 4.192001e+00 
-2.232530e+01 4.092196e+00 
-2.234107e+01 3.992390e+00 
-2.235644e+01 3.892585e+00 
-2.237141e+01 3.792780e+00 
-2.238598e+01 3.692974e+00 
-2.240014e+01 3.593168e+00 
-2.241391e+01 3.493362e+00 
-2.242728e+01 3.393555e+00 
-2.244025e+01 3.293749e+00 
-2.245283e+01 3.193942e+00 
-2.246501e+01 3.094136e+00 
-2.247680e+01 2.994329e+00 
-2.248819e+01 2.894522e+00 
-2.249919e+01 2.794714e+00 
-2.250980e+01 2.694907e+00 
-2.252002e+01 2.595100e+00 
-2.252985e+01 2.495292e+00 
-2.253929e+01 2.395484e+00 
-2.254834e+01 2.295677e+00 
-2.255701e+01 2.195869e+00 
-2.256528e+01 2.096061e+00 
-2.257317e+01 1.996253e+00 
-2.258067e+01 1.896445e+00 
-2.258779e+01 1.796637e+00 
-2.259452e+01 1.696829e+00 
-2.260086e+01 1.597020e+00 
-2.260682e+01 1.497212e+00 
-2.261239e+01 1.397404e+00 
-2.261758e+01 1.297596e+00 
-2.262239e+01 1.197787e+00 
-2.262681e+01 1.097979e+00 
-2.263085e+01 9.981706e-01 
-2.263450e+01 8.983623e-01 
-2.263777e+01 7.985540e-01 
-2.264066e+01 6.987457e-01 
-2.264317e+01 5.989375e-01 
-2.274314e+01 6.010625e-01 
-2.274063e+01 7.012543e-01 
-2.273773e+01 8.014460e-01 
-2.273445e+01 9.016377e-01 
-2.273078e+01 1.001829e+00 
-2.272673e+01 1.102021e+00 
-2.272229e+01 1.202213e+00 
-2.271747e+01 1.302404e+00 
-2.271226e+01 1.402596e+00 
-2.270666e+01 1.502788e+00 
-2.270068e+01 1.602980e+00 
-2.269431e+01 1.703171e+00 
-2.268756e+01 1.803363e+00 
-2.268042e+01 1.903555e+00 
-2.267289e+01 2.003747e+00 
-2.266497e+01 2.103939e+00 
-2.265667e+01 2.204131e+00 
-2.264797e+01 2.304323e+00 
-2.263888e+01 2.404516e+00 
-2.262941e+01 2.504708e+00 
-2.261954e+01 2.604900e+00 
-2.260928e+01 2.705093e+00 
-2.259863e+01 2.805286e+00 
-2.258759e+01 2.905478e+00 
-2.257615e+01 3.005671e+00 
-2.256432e+01 3.105864e+00 
-2.255209e+01 3.206058e+00 
-2.253947e+01 3.306251e+00 
-2.252644e+01 3.406445e+00 
-2.251302e+01 3.506638e+00 
-2.249920e+01 3.606832e+00 
-2.248498e+01 3.707026e+00 
-2.247036e+01 3.807220e+00 
-2.245534e+01 3.907415e+00 
-2.243991e+01 4.007610e+00 
-2.242408e+01 4.107804e+00 
-2.240784e+01 4.207999e+00 
-2.239116e+01 4.308207e+00 
-2.237399e+01 4.408443e+00 
-2.235631e+01 4.508685e+00 
-2.233812e+01 4.608928e+00 
-2.231942e+01 4.709169e+00 
-2.230021e+01 4.809411e+00 
-2.228049e+01 4.909652e+00 
-2.226026e+01 5.009893e+00 
-2.223951e+01 5.110133e+00 
-2.221826e+01 5.210370e+00 
-2.219649e+01 5.310613e+00 
-2.217414e+01 5.410877e+00 
-2.215123e+01 5.511141e+00 
-2.212774e+01 5.611406e+00 
-2.210366e+01 5.711673e+00 
-2.207901e+01 5.811940e+00 
-2.205376e+01 5.912208e+00 
-2.202793e+01 6.012477e+00 
-2.200149e+01 6.112747e+00 
-2.197445e+01 6.213019e+00 
-2.194680e+01 6.313291e+00 
-2.191854e+01 6.413564e+00 
-2.188966e+01 6.513838e+00 
-2.186019e+01 6.614099e+00 
-2.183016e+01 6.714350e+00 
-2.179956e+01 6.814597e+00 
-2.176844e+01 6.914826e+00 
-2.173681e+01 7.015050e+00 
-2.170466e+01 7.115275e+00 
-2.167197e+01 7.215501e+00 
-2.163876e+01 7.315729e+00 
-2.160501e+01 7.415958e+00 
-2.157071e+01 7.516188e+00 
-2.153586e+01 7.616419e+00 
-2.150046e+01 7.716652e+00 
-2.146450e+01 7.816886e+00 
-2.142797e+01 7.917121e+00 
-2.139087e+01 8.017357e+00 
-2.135318e+01 8.117595e+00 
-2.131491e+01 8.217834e+00 
-2.127605e+01 8.318074e+00 
-2.123659e+01 8.418316e+00 
-2.119652e+01 8.518558e+00 
-2.115584e+01 8.618802e+00 
-2.111454e+01 8.719047e+00 
-2.107261e+01 8.819293e+00 
-2.103005e+01 8.919540e+00 
-2.098685e+01 9.019789e+00 
-2.094299e+01 9.120038e+00 
-2.089849e+01 9.220289e+00 
-2.085331e+01 9.320541e+00 
-2.080747e+01 9.420794e+00 
-2.076094e+01 9.521048e+00 
-2.071373e+01 9.621303e+00 
-2.066582e+01 9.721559e+00 
-2.061721e+01 9.821816e+00 
-2.056788e+01 9.922074e+00 
-2.051783e+01 1.002233e+01 
-2.046704e+01 1.012259e+01 
-2.041552e+01 1.022285e+01 
-2.036326e+01 1.032311e+01 
-2.031025e+01 1.042337e+01 
-2.025648e+01 1.052363e+01 
-2.020193e+01 1.062389e+01 
-2.014661e+01 1.072416e+01 
-2.009050e+01 1.082442e+01 
-2.003359e+01 1.092468e+01 
-1.997586e+01 1.102495e+01 
-1.991732e+01 1.112521e+01 
-1.985794e+01 1.122548e+01 
-1.979773e+01 1.132574e+01 
-1.973665e+01 1.142601e+01 
-1.967471e+01 1.152628e+01 
-1.961189e+01 1.162655e+01 
-1.954817e+01 1.172682e+01 
-1.948348e+01 1.182711e+01 
-1.941775e+01 1.192740e+01 
-1.935100e+01 1.202770e+01 
-1.928318e+01 1.212801e+01 
-1.921428e+01 1.222831e+01 
-1.914429e+01 1.232861e+01 
-1.907317e+01 1.242892e+01 
-1.900090e+01 1.252923e+01 
-1.892747e+01 1.262954e+01 
-1.885284e+01 1.272985e+01 
-1.877699e+01 1.283016e+01 
-1.869989e+01 1.293047e+01 
-1.862152e+01 1.303078e+01 
-1.854185e+01 1.313110e+01 
-1.846085e+01 1.323141e+01 
-1.837847e+01 1.333173e+01 
-1.829463e+01 1.343206e+01 
-1.820916e+01 1.353242e+01 
-1.812195e+01 1.363279e+01 
-1.803296e+01 1.373317e+01 
-1.794215e+01 1.383355e+01 
-1.784947e+01 1.393392e+01 
-1.775487e+01 1.403429e+01 
-1.765831e+01 1.413467e+01 
-1.755973e+01 1.423504e+01 
-1.745936e+01 1.433512e+01 
-1.735899e+01 1.443313e+01 
-1.725862e+01 1.452914e+01 
-1.715825e+01 1.462322e+01 
-1.705788e+01 1.471542e+01 
-1.695750e+01 1.480576e+01 
-1.685709e+01 1.489415e+01 
-1.675667e+01 1.498058e+01 
-1.665625e+01 1.506510e+01 
-1.655584e+01 1.514777e+01 
-1.645542e+01 1.522865e+01 
-1.635500e+01 1.530779e+01 
-1.625459e+01 1.538524e+01 
-1.615418e+01 1.546104e+01 
-1.605377e+01 1.553524e+01 
-1.595336e+01 1.560788e+01 
-1.585296e+01 1.567900e+01 
-1.575255e+01 1.574865e+01 
-1.565215e+01 1.581686e+01 
-1.555176e+01 1.588367e+01 
-1.545136e+01 1.594912e+01 
-1.535097e+01 1.601323e+01 
-1.525058e+01 1.607604e+01 
-1.515019e+01 1.613759e+01 
-1.504981e+01 1.619790e+01 
-1.494944e+01 1.625705e+01 
-1.484908e+01 1.631506e+01 
-1.474873e+01 1.637199e+01 
-1.464839e+01 1.642789e+01 
-1.454805e+01 1.648276e+01 
-1.444771e+01 1.653663e+01 
-1.434737e+01 1.658951e+01 
-1.424703e+01 1.664142e+01 
-1.414670e+01 1.669238e+01 
-1.404634e+01 1.674235e+01 
-1.394593e+01 1.679120e+01 
-1.384545e+01 1.683876e+01 
-1.374495e+01 1.688499e+01 
-1.364446e+01 1.692990e+01 
-1.354397e+01 1.697353e+01 
-1.344348e+01 1.701589e+01 
-1.334300e+01 1.705702e+01 
-1.324252e+01 1.709695e+01 
-1.314204e+01 1.713568e+01 
-1.304157e+01 1.717325e+01 
-1.294110e+01 1.720967e+01 
-1.284064e+01 1.724500e+01 
-1.274019e+01 1.727924e+01 
-1.263975e+01 1.731246e+01 
-1.253932e+01 1.734465e+01 
-1.243888e+01 1.737584e+01 
-1.233845e+01 1.740604e+01 
-1.223803e+01 1.743527e+01 
-1.213760e+01 1.746354e+01 
-1.203718e+01 1.749086e+01 
-1.193676e+01 1.751725e+01 
-1.183635e+01 1.754272e+01 
-1.173593e+01 1.756727e+01 
-1.163552e+01 1.759093e+01 
-1.153511e+01 1.761371e+01 
-1.143471e+01 1.763560e+01 
-1.133431e+01 1.765663e+01 
-1.123391e+01 1.767680e+01 
-1.113351e+01 1.769613e+01 
-1.103311e+01 1.771462e+01 
-1.093272e+01 1.773229e+01 
-1.083233e+01 1.774913e+01 
-1.073194e+01 1.776517e+01 
-1.063148e+01 1.778026e+01 
-1.053096e+01 1.779428e+01 
-1.043038e+01 1.780711e+01 
-1.032978e+01 1.781872e+01 
-1.022919e+01 1.782911e+01 
-1.012861e+01 1.783831e+01 
-1.002803e+01 1.784633e+01 
-9.927457e+00 1.785319e+01 
-9.826892e+00 1.785891e+01 
-9.726333e+00 1.786349e+01 
-9.625781e+00 1.786697e+01 
-9.525237e+00 1.786935e+01 
-9.424700e+00 1.787064e+01 
-9.324168e+00 1.787087e+01 
-9.223636e+00 1.787003e+01 
-9.123101e+00 1.786811e+01 
-9.022572e+00 1.786512e+01 
-8.922049e+00 1.786109e+01 
-8.821534e+00 1.785601e+01 
-8.721026e+00 1.784991e+01 
-8.620526e+00 1.784280e+01 
-8.520033e+00 1.783469e+01 
-8.419547e+00 1.782559e+01 
-8.319069e+00 1.781552e+01 
-8.218597e+00 1.780449e+01 
-8.118133e+00 1.779251e+01 
-8.017677e+00 1.777959e+01 
-7.917153e+00 1.776557e+01 
-7.816584e+00 1.775038e+01 
-7.716014e+00 1.773399e+01 
-7.615453e+00 1.771643e+01 
-7.514900e+00 1.769770e+01 
-7.414355e+00 1.767782e+01 
-7.313819e+00 1.765679e+01 
-7.213291e+00 1.763463e+01 
-7.112701e+00 1.761117e+01 
-7.012012e+00 1.758619e+01 
-6.911252e+00 1.755950e+01 
-6.810503e+00 1.753114e+01 
-6.709785e+00 1.750115e+01 
-6.609096e+00 1.746958e+01 
-6.508435e+00 1.743647e+01 
-6.407803e+00 1.740189e+01 
-6.307200e+00 1.736587e+01 
-6.206624e+00 1.732846e+01 
-6.106076e+00 1.728971e+01 
-6.005555e+00 1.724968e+01 
-5.905058e+00 1.720840e+01 
-5.804589e+00 1.716594e+01 
-5.704078e+00 1.712213e+01 
-5.603394e+00 1.707645e+01 
-5.502667e+00 1.702878e+01 
-5.401947e+00 1.697913e+01 
-5.301236e+00 1.692748e+01 
-5.200535e+00 1.687380e+01 
-5.099846e+00 1.681809e+01 
-4.999169e+00 1.676032e+01 
-4.898498e+00 1.670045e+01 
-4.797778e+00 1.663824e+01 
-4.696973e+00 1.657329e+01 
-4.596180e+00 1.650561e+01 
-4.495418e+00 1.643522e+01 
-4.394688e+00 1.636212e+01 
-4.293992e+00 1.628635e+01 
-4.193327e+00 1.620794e+01 
-4.092645e+00 1.612665e+01 
-3.991829e+00 1.604167e+01 
-3.890977e+00 1.595271e+01 
-3.790155e+00 1.585972e+01 
-3.689370e+00 1.576266e+01 
-3.589077e+00 1.566193e+01 
-3.493585e+00 1.556101e+01 
-3.403416e+00 1.545993e+01 
-3.318145e+00 1.535889e+01 
-3.237198e+00 1.525792e+01 
-3.160108e+00 1.515700e+01 
-3.086499e+00 1.505612e+01 
-3.016064e+00 1.495528e+01 
-2.948549e+00 1.485447e+01 
-2.883760e+00 1.475369e+01 
-2.821595e+00 1.465290e+01 
-2.761810e+00 1.455217e+01 
-2.704172e+00 1.445149e+01 
-2.648604e+00 1.435081e+01 
-2.595061e+00 1.425013e+01 
-2.543502e+00 1.414944e+01 
-2.493901e+00 1.404874e+01 
-2.446226e+00 1.394804e+01 
-2.400461e+00 1.384733e+01 
-2.356583e+00 1.374662e+01 
-2.314582e+00 1.364589e+01 
-2.274373e+00 1.354519e+01 
-2.235472e+00 1.344470e+01 
-2.197149e+00 1.334451e+01 
-2.159466e+00 1.324424e+01 
-2.122899e+00 1.314375e+01 
-2.087245e+00 1.304339e+01 
-2.052241e+00 1.294313e+01 
-2.017819e+00 1.284289e+01 
-1.984021e+00 1.274262e+01 
-1.950899e+00 1.264233e+01 
-1.918508e+00 1.254201e+01 
-1.887061e+00 1.244159e+01 
-1.856612e+00 1.234116e+01 
-1.827022e+00 1.224079e+01 
-1.798101e+00 1.214051e+01 
-1.769668e+00 1.204030e+01 
-1.741603e+00 1.194014e+01 
-1.714016e+00 1.183992e+01 
-1.687146e+00 1.173959e+01 
-1.660911e+00 1.163931e+01 
-1.635309e+00 1.153902e+01 
-1.610519e+00 1.143864e+01 
-1.586752e+00 1.133816e+01 
-1.564010e+00 1.123769e+01 
-1.541873e+00 1.113743e+01 
-1.520138e+00 1.103725e+01 
-1.498789e+00 1.093707e+01 
-1.477839e+00 1.083689e+01 
-1.457326e+00 1.073668e+01 
-1.437404e+00 1.063639e+01 
-1.418367e+00 1.053596e+01 
-1.400249e+00 1.043553e+01 
-1.382833e+00 1.033520e+01 
-1.365805e+00 1.023503e+01 
-1.348883e+00 1.013499e+01 
-1.331976e+00 1.003499e+01 
-1.315355e+00 9.934837e+00 
-1.299249e+00 9.834582e+00 
-1.283786e+00 9.734268e+00 
-1.269073e+00 9.633903e+00 
-1.255160e+00 9.533514e+00 
-1.242021e+00 9.433140e+00 
-1.229437e+00 9.332878e+00 
-1.217351e+00 9.232636e+00 
-1.205860e+00 9.132342e+00 
-1.194894e+00 9.032087e+00 
-1.184182e+00 8.931971e+00 
-1.173544e+00 8.831939e+00 
-1.162929e+00 8.731929e+00 
-1.152319e+00 8.631926e+00 
-1.141720e+00 8.531921e+00 
-1.131209e+00 8.431875e+00 
-1.120938e+00 8.331754e+00 
-1.111273e+00 8.231446e+00 
-1.102433e+00 8.131035e+00 
-1.094291e+00 8.030694e+00 
-1.086618e+00 7.930468e+00 
-1.079227e+00 7.830331e+00 
-1.071914e+00 7.730297e+00 
-1.064456e+00 7.630373e+00 
-1.056746e+00 7.530499e+00 
-1.048703e+00 7.430666e+00 
-1.040440e+00 7.330773e+00 
-1.032102e+00 7.230807e+00 
-1.023795e+00 7.130790e+00 
-1.123452e+00 7.122512e+00 
