7.887692e-01 8.074574e+00 
7.954838e-01 8.174445e+00 
8.024586e-01 8.274319e+00 
8.096877e-01 8.374198e+00 
8.171586e-01 8.474072e+00 
8.248837e-01 8.573938e+00 
8.328790e-01 8.673798e+00 
8.411600e-01 8.773699e+00 
8.496393e-01 8.873600e+00 
8.583168e-01 8.973467e+00 
8.672684e-01 9.073388e+00 
8.763788e-01 9.173314e+00 
8.856376e-01 9.273226e+00 
8.950742e-01 9.373123e+00 
9.047176e-01 9.472996e+00 
9.146126e-01 9.572824e+00 
9.248572e-01 9.672651e+00 
9.354539e-01 9.772492e+00 
9.463740e-01 9.872349e+00 
9.575865e-01 9.972208e+00 
9.690800e-01 1.007201e+01 
9.809647e-01 1.017181e+01 
9.932744e-01 1.027160e+01 
1.006013e+00 1.037139e+01 
1.019177e+00 1.047117e+01 
1.032776e+00 1.057086e+01 
1.047001e+00 1.067050e+01 
1.061960e+00 1.077014e+01 
1.077672e+00 1.086977e+01 
1.094141e+00 1.096942e+01 
1.111356e+00 1.106908e+01 
1.129280e+00 1.116877e+01 
1.147867e+00 1.126852e+01 
1.166988e+00 1.136831e+01 
1.186559e+00 1.146812e+01 
1.206515e+00 1.156782e+01 
1.227046e+00 1.166734e+01 
1.248609e+00 1.176682e+01 
1.271276e+00 1.186632e+01 
1.295017e+00 1.196585e+01 
1.319801e+00 1.206538e+01 
1.345607e+00 1.216494e+01 
1.372396e+00 1.226454e+01 
1.400079e+00 1.236414e+01 
1.428653e+00 1.246379e+01 
1.458045e+00 1.256349e+01 
1.488122e+00 1.266320e+01 
1.518808e+00 1.276278e+01 
1.550454e+00 1.286231e+01 
1.583187e+00 1.296188e+01 
1.616943e+00 1.306153e+01 
1.651562e+00 1.316124e+01 
1.686891e+00 1.326100e+01 
1.722799e+00 1.336082e+01 
1.759160e+00 1.346069e+01 
1.795849e+00 1.356062e+01 
1.832739e+00 1.366060e+01 
1.869683e+00 1.376056e+01 
1.906632e+00 1.386033e+01 
1.944060e+00 1.395984e+01 
1.982670e+00 1.405934e+01 
2.022529e+00 1.415886e+01 
2.063587e+00 1.425838e+01 
2.105851e+00 1.435792e+01 
2.149351e+00 1.445752e+01 
2.193912e+00 1.455716e+01 
2.239408e+00 1.465679e+01 
2.285884e+00 1.475639e+01 
2.333403e+00 1.485596e+01 
2.382051e+00 1.495546e+01 
2.432064e+00 1.505492e+01 
2.483594e+00 1.515438e+01 
2.536683e+00 1.525382e+01 
2.591407e+00 1.535325e+01 
2.647812e+00 1.545267e+01 
2.705979e+00 1.555204e+01 
2.766082e+00 1.565136e+01 
2.828381e+00 1.575067e+01 
2.892999e+00 1.585006e+01 
2.959805e+00 1.594958e+01 
3.028308e+00 1.604909e+01 
3.098546e+00 1.614859e+01 
3.170638e+00 1.624806e+01 
3.244708e+00 1.634750e+01 
3.320941e+00 1.644692e+01 
3.399510e+00 1.654631e+01 
3.480598e+00 1.664569e+01 
3.564406e+00 1.674503e+01 
3.651163e+00 1.684435e+01 
3.741132e+00 1.694364e+01 
3.834630e+00 1.704291e+01 
3.932145e+00 1.714231e+01 
4.031743e+00 1.724042e+01 
4.131341e+00 1.733635e+01 
4.230912e+00 1.743015e+01 
4.330461e+00 1.752176e+01 
4.429991e+00 1.761112e+01 
4.529503e+00 1.769825e+01 
4.628996e+00 1.778311e+01 
4.728445e+00 1.786568e+01 
4.827868e+00 1.794587e+01 
4.927273e+00 1.802365e+01 
5.026660e+00 1.809904e+01 
5.126029e+00 1.817205e+01 
5.225382e+00 1.824270e+01 
5.324721e+00 1.831100e+01 
5.424046e+00 1.837697e+01 
5.523359e+00 1.844066e+01 
5.622662e+00 1.850209e+01 
5.722067e+00 1.856137e+01 
5.821560e+00 1.861884e+01 
5.921017e+00 1.867476e+01 
6.020492e+00 1.872907e+01 
6.120081e+00 1.878192e+01 
6.219723e+00 1.883361e+01 
6.319360e+00 1.888429e+01 
6.418987e+00 1.893394e+01 
6.518604e+00 1.898256e+01 
6.618212e+00 1.903013e+01 
6.717809e+00 1.907664e+01 
6.817397e+00 1.912207e+01 
6.916974e+00 1.916642e+01 
7.016542e+00 1.920966e+01 
7.116098e+00 1.925179e+01 
7.215644e+00 1.929279e+01 
7.315171e+00 1.933265e+01 
7.414687e+00 1.937133e+01 
7.514209e+00 1.940884e+01 
7.613681e+00 1.944517e+01 
7.713133e+00 1.948023e+01 
7.812590e+00 1.951400e+01 
7.912025e+00 1.954651e+01 
8.011515e+00 1.957772e+01 
8.111031e+00 1.960779e+01 
8.210531e+00 1.963675e+01 
8.310022e+00 1.966460e+01 
8.409512e+00 1.969131e+01 
8.508999e+00 1.971690e+01 
8.608485e+00 1.974137e+01 
8.707968e+00 1.976473e+01 
8.807450e+00 1.978698e+01 
8.906930e+00 1.980812e+01 
9.006409e+00 1.982816e+01 
9.105886e+00 1.984711e+01 
9.205361e+00 1.986495e+01 
9.304835e+00 1.988171e+01 
9.404308e+00 1.989738e+01 
9.503779e+00 1.991196e+01 
9.603249e+00 1.992546e+01 
9.702717e+00 1.993788e+01 
9.802184e+00 1.994922e+01 
9.901650e+00 1.995947e+01 
1.000111e+01 1.996865e+01 
1.010060e+01 1.997675e+01 
1.020014e+01 1.998383e+01 
1.029971e+01 1.998998e+01 
1.039927e+01 1.999527e+01 
1.049883e+01 1.999968e+01 
1.059838e+01 2.000321e+01 
1.069793e+01 2.000585e+01 
1.079747e+01 2.000759e+01 
1.089700e+01 2.000841e+01 
1.099653e+01 2.000830e+01 
1.109616e+01 2.000726e+01 
1.119581e+01 2.000547e+01 
1.129546e+01 2.000299e+01 
1.139511e+01 1.999981e+01 
1.149475e+01 1.999593e+01 
1.159439e+01 1.999132e+01 
1.169402e+01 1.998599e+01 
1.179365e+01 1.997993e+01 
1.189328e+01 1.997312e+01 
1.199290e+01 1.996557e+01 
1.209252e+01 1.995725e+01 
1.219213e+01 1.994817e+01 
1.229175e+01 1.993832e+01 
1.239135e+01 1.992768e+01 
1.249096e+01 1.991624e+01 
1.259056e+01 1.990401e+01 
1.269017e+01 1.989097e+01 
1.278976e+01 1.987711e+01 
1.288936e+01 1.986243e+01 
1.298895e+01 1.984691e+01 
1.308854e+01 1.983055e+01 
1.318813e+01 1.981335e+01 
1.328772e+01 1.979528e+01 
1.338730e+01 1.977635e+01 
1.348689e+01 1.975655e+01 
1.358647e+01 1.973587e+01 
1.368605e+01 1.971430e+01 
1.378563e+01 1.969183e+01 
1.388521e+01 1.966845e+01 
1.398479e+01 1.964417e+01 
1.408436e+01 1.961896e+01 
1.418394e+01 1.959283e+01 
1.428352e+01 1.956577e+01 
1.438309e+01 1.953776e+01 
1.448267e+01 1.950880e+01 
1.458225e+01 1.947889e+01 
1.468181e+01 1.944801e+01 
1.478136e+01 1.941614e+01 
1.488090e+01 1.938324e+01 
1.498044e+01 1.934926e+01 
1.508002e+01 1.931416e+01 
1.517968e+01 1.927805e+01 
1.527933e+01 1.924112e+01 
1.537897e+01 1.920333e+01 
1.547861e+01 1.916467e+01 
1.557825e+01 1.912512e+01 
1.567789e+01 1.908468e+01 
1.577753e+01 1.904333e+01 
1.587716e+01 1.900105e+01 
1.597680e+01 1.895784e+01 
1.607643e+01 1.891368e+01 
1.617606e+01 1.886856e+01 
1.627569e+01 1.882245e+01 
1.637532e+01 1.877536e+01 
1.647494e+01 1.872725e+01 
1.657457e+01 1.867813e+01 
1.667419e+01 1.862796e+01 
1.677382e+01 1.857674e+01 
1.687344e+01 1.852444e+01 
1.697306e+01 1.847106e+01 
1.707269e+01 1.841657e+01 
1.717231e+01 1.836096e+01 
1.727193e+01 1.830421e+01 
1.737155e+01 1.824630e+01 
1.747117e+01 1.818720e+01 
1.757078e+01 1.812690e+01 
1.767040e+01 1.806538e+01 
1.777002e+01 1.800262e+01 
1.786964e+01 1.793859e+01 
1.796926e+01 1.787328e+01 
1.806888e+01 1.780665e+01 
1.816850e+01 1.773868e+01 
1.826811e+01 1.766936e+01 
1.836773e+01 1.759864e+01 
1.846735e+01 1.752650e+01 
1.856697e+01 1.745292e+01 
1.866659e+01 1.737787e+01 
1.876621e+01 1.730131e+01 
1.886583e+01 1.722320e+01 
1.896545e+01 1.714353e+01 
1.906508e+01 1.706223e+01 
1.916475e+01 1.697933e+01 
1.926443e+01 1.689496e+01 
1.936410e+01 1.680911e+01 
1.946377e+01 1.672175e+01 
1.956345e+01 1.663285e+01 
1.966312e+01 1.654237e+01 
1.976280e+01 1.645026e+01 
1.986247e+01 1.635650e+01 
1.996215e+01 1.626104e+01 
2.006182e+01 1.616383e+01 
2.016150e+01 1.606484e+01 
2.026008e+01 1.596516e+01 
2.035691e+01 1.586548e+01 
2.045204e+01 1.576580e+01 
2.054552e+01 1.566611e+01 
2.063740e+01 1.556643e+01 
2.072772e+01 1.546674e+01 
2.081652e+01 1.536706e+01 
2.090384e+01 1.526737e+01 
2.098972e+01 1.516768e+01 
2.107420e+01 1.506798e+01 
2.115731e+01 1.496829e+01 
2.123909e+01 1.486859e+01 
2.131957e+01 1.476890e+01 
2.139876e+01 1.466921e+01 
2.147666e+01 1.456954e+01 
2.155324e+01 1.446988e+01 
2.162845e+01 1.437022e+01 
2.170234e+01 1.427056e+01 
2.177493e+01 1.417090e+01 
2.184627e+01 1.407123e+01 
2.191639e+01 1.397154e+01 
2.198540e+01 1.387184e+01 
2.205335e+01 1.377214e+01 
2.212027e+01 1.367243e+01 
2.218617e+01 1.357273e+01 
2.225106e+01 1.347302e+01 
2.231498e+01 1.337331e+01 
2.237793e+01 1.327360e+01 
2.243993e+01 1.317389e+01 
2.250100e+01 1.307417e+01 
2.256116e+01 1.297446e+01 
2.262042e+01 1.287474e+01 
2.267879e+01 1.277502e+01 
2.273629e+01 1.267530e+01 
2.279294e+01 1.257558e+01 
2.284874e+01 1.247586e+01 
2.290372e+01 1.237614e+01 
2.295788e+01 1.227641e+01 
2.301123e+01 1.217669e+01 
2.306380e+01 1.207696e+01 
2.311558e+01 1.197723e+01 
2.316660e+01 1.187750e+01 
2.321686e+01 1.177777e+01 
2.326637e+01 1.167803e+01 
2.331515e+01 1.157830e+01 
2.336320e+01 1.147856e+01 
2.341054e+01 1.137882e+01 
2.345717e+01 1.127908e+01 
2.350311e+01 1.117934e+01 
2.354836e+01 1.107960e+01 
2.359293e+01 1.097986e+01 
2.363683e+01 1.088011e+01 
2.368007e+01 1.078037e+01 
2.372266e+01 1.068062e+01 
2.376461e+01 1.058087e+01 
2.380591e+01 1.048112e+01 
2.384659e+01 1.038137e+01 
2.388665e+01 1.028162e+01 
2.392609e+01 1.018186e+01 
2.396492e+01 1.008211e+01 
2.400315e+01 9.982350e+00 
2.404079e+01 9.882593e+00 
2.407784e+01 9.782836e+00 
2.411429e+01 9.683098e+00 
2.415012e+01 9.583358e+00 
2.418533e+01 9.483617e+00 
2.421992e+01 9.383874e+00 
2.425391e+01 9.284128e+00 
2.428730e+01 9.184378e+00 
2.432011e+01 9.084622e+00 
2.435236e+01 8.984861e+00 
2.438405e+01 8.885097e+00 
2.441520e+01 8.785330e+00 
2.444582e+01 8.685560e+00 
2.447592e+01 8.585788e+00 
2.450550e+01 8.486013e+00 
2.453457e+01 8.386235e+00 
2.456315e+01 8.286455e+00 
2.459123e+01 8.186673e+00 
2.461882e+01 8.086888e+00 
2.464594e+01 7.987102e+00 
2.467258e+01 7.887312e+00 
2.469876e+01 7.787521e+00 
2.472449e+01 7.687727e+00 
2.474975e+01 7.587932e+00 
2.477458e+01 7.488134e+00 
2.479896e+01 7.388334e+00 
2.482291e+01 7.288532e+00 
2.484642e+01 7.188728e+00 
2.486952e+01 7.088922e+00 
2.489220e+01 6.989114e+00 
2.491446e+01 6.889304e+00 
2.493632e+01 6.789492e+00 
2.495778e+01 6.689679e+00 
2.497884e+01 6.589863e+00 
2.499950e+01 6.490046e+00 
2.501978e+01 6.390227e+00 
2.503968e+01 6.290406e+00 
2.505919e+01 6.190584e+00 
2.507834e+01 6.090759e+00 
2.509711e+01 5.990934e+00 
2.511552e+01 5.891106e+00 
2.513356e+01 5.791268e+00 
2.515127e+01 5.691430e+00 
2.516863e+01 5.591636e+00 
2.518557e+01 5.491830e+00 
2.520210e+01 5.392011e+00 
2.521826e+01 5.292179e+00 
2.523407e+01 5.192335e+00 
2.524956e+01 5.092478e+00 
2.526476e+01 4.992610e+00 
2.527968e+01 4.892729e+00 
2.529437e+01 4.792837e+00 
2.530883e+01 4.692933e+00 
2.532308e+01 4.593120e+00 
2.533694e+01 4.493322e+00 
2.535039e+01 4.393515e+00 
2.536345e+01 4.293699e+00 
2.537613e+01 4.193876e+00 
2.538845e+01 4.094044e+00 
2.540043e+01 3.994203e+00 
2.541209e+01 3.894355e+00 
2.542343e+01 3.794499e+00 
2.543449e+01 3.694634e+00 
2.544527e+01 3.594762e+00 
2.545579e+01 3.494888e+00 
2.546605e+01 3.395017e+00 
2.547606e+01 3.295146e+00 
2.548580e+01 3.195276e+00 
2.549528e+01 3.095407e+00 
2.550449e+01 2.995538e+00 
2.551344e+01 2.895670e+00 
2.552212e+01 2.795802e+00 
2.553053e+01 2.695936e+00 
2.553868e+01 2.596070e+00 
2.554655e+01 2.496204e+00 
2.555416e+01 2.396340e+00 
2.556149e+01 2.296476e+00 
2.556854e+01 2.196614e+00 
2.557532e+01 2.096752e+00 
2.558182e+01 1.996891e+00 
2.558804e+01 1.897032e+00 
2.559398e+01 1.797173e+00 
2.559964e+01 1.697316e+00 
2.560501e+01 1.597459e+00 
2.561009e+01 1.497604e+00 
2.561488e+01 1.397750e+00 
2.561938e+01 1.297897e+00 
2.562358e+01 1.198046e+00 
2.562748e+01 1.098196e+00 
2.563109e+01 9.983470e-01 
2.563439e+01 8.984998e-01 
2.563739e+01 7.986540e-01 
2.564008e+01 6.988099e-01 
2.564246e+01 5.989672e-01 
2.574244e+01 6.010328e-01 
2.574005e+01 7.011901e-01 
2.573735e+01 8.013460e-01 
2.573435e+01 9.015002e-01 
2.573104e+01 1.001653e+00 
2.572742e+01 1.101804e+00 
2.572350e+01 1.201954e+00 
2.571929e+01 1.302103e+00 
2.571478e+01 1.402250e+00 
2.570997e+01 1.502396e+00 
2.570488e+01 1.602541e+00 
2.569949e+01 1.702684e+00 
2.569382e+01 1.802827e+00 
2.568787e+01 1.902968e+00 
2.568163e+01 2.003109e+00 
2.567511e+01 2.103248e+00 
2.566831e+01 2.203386e+00 
2.566124e+01 2.303524e+00 
2.565389e+01 2.403660e+00 
2.564627e+01 2.503796e+00 
2.563837e+01 2.603930e+00 
2.563020e+01 2.704064e+00 
2.562177e+01 2.804198e+00 
2.561306e+01 2.904330e+00 
2.560409e+01 3.004462e+00 
2.559485e+01 3.104593e+00 
2.558535e+01 3.204724e+00 
2.557559e+01 3.304854e+00 
2.556556e+01 3.404983e+00 
2.555527e+01 3.505112e+00 
2.554472e+01 3.605238e+00 
2.553391e+01 3.705366e+00 
2.552283e+01 3.805501e+00 
2.551145e+01 3.905645e+00 
2.549976e+01 4.005797e+00 
2.548774e+01 4.105956e+00 
2.547538e+01 4.206124e+00 
2.546265e+01 4.306301e+00 
2.544955e+01 4.406485e+00 
2.543605e+01 4.506678e+00 
2.542213e+01 4.606880e+00 
2.540782e+01 4.707067e+00 
2.539333e+01 4.807163e+00 
2.537862e+01 4.907271e+00 
2.536366e+01 5.007390e+00 
2.534842e+01 5.107522e+00 
2.533289e+01 5.207665e+00 
2.531703e+01 5.307821e+00 
2.530081e+01 5.407989e+00 
2.528422e+01 5.508170e+00 
2.526722e+01 5.608364e+00 
2.524979e+01 5.708570e+00 
2.523203e+01 5.808732e+00 
2.521392e+01 5.908894e+00 
2.519545e+01 6.009066e+00 
2.517661e+01 6.109241e+00 
2.515740e+01 6.209416e+00 
2.513782e+01 6.309594e+00 
2.511785e+01 6.409773e+00 
2.509750e+01 6.509954e+00 
2.507676e+01 6.610137e+00 
2.505562e+01 6.710321e+00 
2.503409e+01 6.810508e+00 
2.501215e+01 6.910696e+00 
2.498980e+01 7.010886e+00 
2.496703e+01 7.111078e+00 
2.494385e+01 7.211272e+00 
2.492024e+01 7.311468e+00 
2.489620e+01 7.411666e+00 
2.487172e+01 7.511866e+00 
2.484680e+01 7.612068e+00 
2.482143e+01 7.712273e+00 
2.479560e+01 7.812479e+00 
2.476931e+01 7.912688e+00 
2.474256e+01 8.012898e+00 
2.471532e+01 8.113112e+00 
2.468761e+01 8.213327e+00 
2.465941e+01 8.313545e+00 
2.463071e+01 8.413765e+00 
2.460151e+01 8.513987e+00 
2.457179e+01 8.614212e+00 
2.454156e+01 8.714440e+00 
2.451080e+01 8.814670e+00 
2.447951e+01 8.914903e+00 
2.444766e+01 9.015139e+00 
2.441526e+01 9.115378e+00 
2.438229e+01 9.215622e+00 
2.434873e+01 9.315872e+00 
2.431457e+01 9.416126e+00 
2.427980e+01 9.516383e+00 
2.424442e+01 9.616642e+00 
2.420841e+01 9.716902e+00 
2.417176e+01 9.817164e+00 
2.413453e+01 9.917407e+00 
2.409672e+01 1.001765e+01 
2.405830e+01 1.011789e+01 
2.401928e+01 1.021814e+01 
2.397964e+01 1.031838e+01 
2.393939e+01 1.041863e+01 
2.389851e+01 1.051888e+01 
2.385700e+01 1.061913e+01 
2.381484e+01 1.071938e+01 
2.377204e+01 1.081963e+01 
2.372858e+01 1.091989e+01 
2.368446e+01 1.102014e+01 
2.363966e+01 1.112040e+01 
2.359418e+01 1.122066e+01 
2.354800e+01 1.132092e+01 
2.350113e+01 1.142118e+01 
2.345354e+01 1.152144e+01 
2.340524e+01 1.162170e+01 
2.335620e+01 1.172197e+01 
2.330643e+01 1.182223e+01 
2.325590e+01 1.192250e+01 
2.320461e+01 1.202277e+01 
2.315254e+01 1.212304e+01 
2.309970e+01 1.222331e+01 
2.304605e+01 1.232359e+01 
2.299159e+01 1.242386e+01 
2.293632e+01 1.252414e+01 
2.288020e+01 1.262442e+01 
2.282324e+01 1.272470e+01 
2.276542e+01 1.282498e+01 
2.270672e+01 1.292526e+01 
2.264713e+01 1.302554e+01 
2.258663e+01 1.312583e+01 
2.252521e+01 1.322611e+01 
2.246285e+01 1.332640e+01 
2.239954e+01 1.342669e+01 
2.233525e+01 1.352698e+01 
2.226998e+01 1.362727e+01 
2.220370e+01 1.372757e+01 
2.213639e+01 1.382786e+01 
2.206804e+01 1.392816e+01 
2.199862e+01 1.402846e+01 
2.192806e+01 1.412877e+01 
2.185625e+01 1.422910e+01 
2.178317e+01 1.432944e+01 
2.170878e+01 1.442978e+01 
2.163306e+01 1.453012e+01 
2.155596e+01 1.463046e+01 
2.147755e+01 1.473079e+01 
2.139787e+01 1.483110e+01 
2.131691e+01 1.493141e+01 
2.123463e+01 1.503171e+01 
2.115101e+01 1.513202e+01 
2.106602e+01 1.523232e+01 
2.097960e+01 1.533263e+01 
2.089174e+01 1.543294e+01 
2.080239e+01 1.553326e+01 
2.071151e+01 1.563357e+01 
2.061905e+01 1.573389e+01 
2.052498e+01 1.583420e+01 
2.042925e+01 1.593452e+01 
2.033181e+01 1.603484e+01 
2.023261e+01 1.613516e+01 
2.013229e+01 1.623479e+01 
2.003197e+01 1.633263e+01 
1.993164e+01 1.642872e+01 
1.983132e+01 1.652310e+01 
1.973099e+01 1.661581e+01 
1.963067e+01 1.670689e+01 
1.953034e+01 1.679638e+01 
1.943001e+01 1.688431e+01 
1.932969e+01 1.697073e+01 
1.922936e+01 1.705565e+01 
1.912903e+01 1.713911e+01 
1.902867e+01 1.722101e+01 
1.892829e+01 1.730130e+01 
1.882791e+01 1.738000e+01 
1.872753e+01 1.745716e+01 
1.862715e+01 1.753279e+01 
1.852676e+01 1.760694e+01 
1.842638e+01 1.767963e+01 
1.832600e+01 1.775090e+01 
1.822562e+01 1.782076e+01 
1.812524e+01 1.788925e+01 
1.802486e+01 1.795640e+01 
1.792447e+01 1.802222e+01 
1.782409e+01 1.808674e+01 
1.772371e+01 1.814999e+01 
1.762333e+01 1.821199e+01 
1.752295e+01 1.827275e+01 
1.742257e+01 1.833230e+01 
1.732219e+01 1.839066e+01 
1.722181e+01 1.844785e+01 
1.712143e+01 1.850389e+01 
1.702105e+01 1.855880e+01 
1.692067e+01 1.861259e+01 
1.682030e+01 1.866528e+01 
1.671992e+01 1.871689e+01 
1.661955e+01 1.876744e+01 
1.651917e+01 1.881694e+01 
1.641880e+01 1.886541e+01 
1.631843e+01 1.891286e+01 
1.621806e+01 1.895931e+01 
1.611769e+01 1.900477e+01 
1.601732e+01 1.904927e+01 
1.591695e+01 1.909280e+01 
1.581659e+01 1.913539e+01 
1.571622e+01 1.917704e+01 
1.561586e+01 1.921778e+01 
1.551550e+01 1.925761e+01 
1.541514e+01 1.929656e+01 
1.531479e+01 1.933462e+01 
1.521444e+01 1.937182e+01 
1.511409e+01 1.940818e+01 
1.501368e+01 1.944357e+01 
1.491321e+01 1.947787e+01 
1.481275e+01 1.951109e+01 
1.471230e+01 1.954325e+01 
1.461187e+01 1.957440e+01 
1.451144e+01 1.960457e+01 
1.441102e+01 1.963378e+01 
1.431060e+01 1.966203e+01 
1.421017e+01 1.968933e+01 
1.410975e+01 1.971569e+01 
1.400933e+01 1.974111e+01 
1.390890e+01 1.976561e+01 
1.380848e+01 1.978918e+01 
1.370806e+01 1.981184e+01 
1.360764e+01 1.983360e+01 
1.350723e+01 1.985446e+01 
1.340681e+01 1.987443e+01 
1.330639e+01 1.989352e+01 
1.320598e+01 1.991174e+01 
1.310557e+01 1.992909e+01 
1.300516e+01 1.994559e+01 
1.290475e+01 1.996123e+01 
1.280435e+01 1.997604e+01 
1.270395e+01 1.999001e+01 
1.260355e+01 2.000316e+01 
1.250315e+01 2.001550e+01 
1.240276e+01 2.002702e+01 
1.230237e+01 2.003775e+01 
1.220198e+01 2.004769e+01 
1.210160e+01 2.005684e+01 
1.200122e+01 2.006522e+01 
1.190084e+01 2.007284e+01 
1.180047e+01 2.007970e+01 
1.170009e+01 2.008581e+01 
1.159973e+01 2.009118e+01 
1.149937e+01 2.009582e+01 
1.139901e+01 2.009974e+01 
1.129865e+01 2.010294e+01 
1.119830e+01 2.010544e+01 
1.109795e+01 2.010724e+01 
1.099758e+01 2.010830e+01 
1.089711e+01 2.010841e+01 
1.079665e+01 2.010759e+01 
1.069619e+01 2.010584e+01 
1.059573e+01 2.010318e+01 
1.049528e+01 2.009962e+01 
1.039484e+01 2.009517e+01 
1.029441e+01 2.008984e+01 
1.019397e+01 2.008364e+01 
1.009351e+01 2.007650e+01 
9.993000e+00 2.006832e+01 
9.892464e+00 2.005905e+01 
9.791930e+00 2.004869e+01 
9.691397e+00 2.003724e+01 
9.590865e+00 2.002469e+01 
9.490335e+00 2.001106e+01 
9.389806e+00 1.999632e+01 
9.289278e+00 1.998049e+01 
9.188753e+00 1.996357e+01 
9.088228e+00 1.994553e+01 
8.987705e+00 1.992640e+01 
8.887184e+00 1.990615e+01 
8.786664e+00 1.988480e+01 
8.686146e+00 1.986232e+01 
8.585629e+00 1.983873e+01 
8.485115e+00 1.981401e+01 
8.384602e+00 1.978816e+01 
8.284092e+00 1.976117e+01 
8.183583e+00 1.973305e+01 
8.083083e+00 1.970380e+01 
7.982599e+00 1.967345e+01 
7.882089e+00 1.964192e+01 
7.781524e+00 1.960906e+01 
7.680981e+00 1.957492e+01 
7.580433e+00 1.953948e+01 
7.479905e+00 1.950277e+01 
7.379427e+00 1.946491e+01 
7.278943e+00 1.942586e+01 
7.178469e+00 1.938562e+01 
7.078016e+00 1.934426e+01 
6.977572e+00 1.930176e+01 
6.877140e+00 1.925814e+01 
6.776717e+00 1.921343e+01 
6.676305e+00 1.916762e+01 
6.575902e+00 1.912074e+01 
6.475510e+00 1.907280e+01 
6.375127e+00 1.902381e+01 
6.274754e+00 1.897379e+01 
6.174391e+00 1.892274e+01 
6.074032e+00 1.887068e+01 
5.973622e+00 1.881741e+01 
5.873097e+00 1.876253e+01 
5.772554e+00 1.870601e+01 
5.672047e+00 1.864796e+01 
5.571452e+00 1.858798e+01 
5.470755e+00 1.852571e+01 
5.370068e+00 1.846116e+01 
5.269393e+00 1.839430e+01 
5.168732e+00 1.832510e+01 
5.068085e+00 1.825356e+01 
4.967454e+00 1.817963e+01 
4.866841e+00 1.810333e+01 
4.766246e+00 1.802462e+01 
4.665669e+00 1.794352e+01 
4.565118e+00 1.786005e+01 
4.464611e+00 1.777433e+01 
4.364123e+00 1.768637e+01 
4.263653e+00 1.759616e+01 
4.163201e+00 1.750374e+01 
4.062773e+00 1.740914e+01 
3.962371e+00 1.731244e+01 
3.861969e+00 1.721355e+01 
3.763250e+00 1.711295e+01 
3.668343e+00 1.701221e+01 
3.577064e+00 1.691150e+01 
3.489097e+00 1.681082e+01 
3.404167e+00 1.671017e+01 
3.322035e+00 1.660954e+01 
3.242494e+00 1.650894e+01 
3.165355e+00 1.640835e+01 
3.090443e+00 1.630780e+01 
3.017577e+00 1.620727e+01 
2.946615e+00 1.610677e+01 
2.877436e+00 1.600628e+01 
2.809973e+00 1.590580e+01 
2.744546e+00 1.580518e+01 
2.681372e+00 1.570450e+01 
2.620428e+00 1.560382e+01 
2.561512e+00 1.550319e+01 
2.504433e+00 1.540260e+01 
2.449076e+00 1.530204e+01 
2.395380e+00 1.520148e+01 
2.343276e+00 1.510093e+01 
2.292712e+00 1.500039e+01 
2.243567e+00 1.489989e+01 
2.195635e+00 1.479946e+01 
2.148788e+00 1.469907e+01 
2.102948e+00 1.459870e+01 
2.058065e+00 1.449834e+01 
2.014211e+00 1.439794e+01 
1.971543e+00 1.429747e+01 
1.930087e+00 1.419700e+01 
1.889839e+00 1.409652e+01 
1.850834e+00 1.399602e+01 
1.813034e+00 1.389553e+01 
1.775908e+00 1.379529e+01 
1.738939e+00 1.369526e+01 
1.702032e+00 1.359524e+01 
1.665288e+00 1.349516e+01 
1.628833e+00 1.339503e+01 
1.592794e+00 1.329485e+01 
1.557298e+00 1.319462e+01 
1.522475e+00 1.309433e+01 
1.488474e+00 1.299397e+01 
1.455456e+00 1.289354e+01 
1.423509e+00 1.279308e+01 
1.392558e+00 1.269265e+01 
1.362306e+00 1.259237e+01 
1.332735e+00 1.249207e+01 
1.303954e+00 1.239171e+01 
1.276049e+00 1.229132e+01 
1.249040e+00 1.219092e+01 
1.223000e+00 1.209047e+01 
1.197981e+00 1.199001e+01 
1.174006e+00 1.188953e+01 
1.151108e+00 1.178903e+01 
1.129316e+00 1.168852e+01 
1.108578e+00 1.158803e+01 
1.088504e+00 1.148774e+01 
1.068857e+00 1.138755e+01 
1.049654e+00 1.128734e+01 
1.030972e+00 1.118709e+01 
1.012934e+00 1.108678e+01 
9.956006e-01 1.098644e+01 
9.790106e-01 1.088608e+01 
9.631808e-01 1.078572e+01 
9.481097e-01 1.068535e+01 
9.337799e-01 1.058500e+01 
9.200946e-01 1.048469e+01 
9.068722e-01 1.038447e+01 
8.940794e-01 1.028426e+01 
8.817170e-01 1.018405e+01 
8.697818e-01 1.008384e+01 
8.582431e-01 9.983648e+00 
8.469985e-01 9.883507e+00 
8.360466e-01 9.783364e+00 
8.254157e-01 9.683205e+00 
8.151351e-01 9.583033e+00 
8.052053e-01 9.482860e+00 
7.955372e-01 9.382734e+00 
7.860808e-01 9.282630e+00 
7.768055e-01 9.182542e+00 
7.676814e-01 9.082468e+00 
7.587157e-01 8.982390e+00 
7.500147e-01 8.882256e+00 
7.415183e-01 8.782157e+00 
7.332208e-01 8.682059e+00 
7.252027e-01 8.581919e+00 
7.174565e-01 8.481784e+00 
7.099663e-01 8.381658e+00 
7.027195e-01 8.281538e+00 
6.957268e-01 8.181411e+00 
6.889945e-01 8.081282e+00 
7.887692e-01 8.074574e+00 
