7.607717e-01 1.787687e+01 
9.600231e-01 1.787078e+01 
1.159320e+00 1.786270e+01 
1.358625e+00 1.785274e+01 
1.557928e+00 1.784092e+01 
1.757229e+00 1.782725e+01 
1.956527e+00 1.781170e+01 
2.155823e+00 1.779426e+01 
2.355116e+00 1.777493e+01 
2.554406e+00 1.775369e+01 
2.753694e+00 1.773054e+01 
2.952979e+00 1.770544e+01 
3.152261e+00 1.767840e+01 
3.351539e+00 1.764940e+01 
3.550815e+00 1.761841e+01 
3.750088e+00 1.758543e+01 
3.949358e+00 1.755043e+01 
4.148536e+00 1.751341e+01 
4.347646e+00 1.747410e+01 
4.546747e+00 1.743228e+01 
4.745839e+00 1.738791e+01 
4.944925e+00 1.734093e+01 
5.144002e+00 1.729132e+01 
5.343074e+00 1.723901e+01 
5.542138e+00 1.718397e+01 
5.741203e+00 1.712613e+01 
5.940281e+00 1.706548e+01 
6.139353e+00 1.700201e+01 
6.338419e+00 1.693568e+01 
6.537479e+00 1.686643e+01 
6.736532e+00 1.679420e+01 
6.935580e+00 1.671893e+01 
7.134622e+00 1.664054e+01 
7.333658e+00 1.655897e+01 
7.532690e+00 1.647415e+01 
7.731716e+00 1.638600e+01 
7.930558e+00 1.629453e+01 
8.129324e+00 1.619895e+01 
8.328067e+00 1.609885e+01 
8.526787e+00 1.599403e+01 
8.725485e+00 1.588423e+01 
8.924164e+00 1.576922e+01 
9.122826e+00 1.564872e+01 
9.321473e+00 1.552245e+01 
9.520109e+00 1.539009e+01 
9.718737e+00 1.525134e+01 
9.917361e+00 1.510583e+01 
1.011604e+01 1.495316e+01 
1.031462e+01 1.479335e+01 
1.051298e+01 1.462558e+01 
1.071126e+01 1.444774e+01 
1.090951e+01 1.425843e+01 
1.110384e+01 1.406027e+01 
1.128543e+01 1.386213e+01 
1.145530e+01 1.366399e+01 
1.161439e+01 1.346584e+01 
1.176354e+01 1.326768e+01 
1.190308e+01 1.307013e+01 
1.203109e+01 1.287283e+01 
1.214756e+01 1.267550e+01 
1.225343e+01 1.247813e+01 
1.234953e+01 1.228069e+01 
1.243662e+01 1.208318e+01 
1.251538e+01 1.188558e+01 
1.258609e+01 1.168898e+01 
1.264640e+01 1.149224e+01 
1.269708e+01 1.129574e+01 
1.273771e+01 1.110001e+01 
1.276664e+01 1.090449e+01 
1.278365e+01 1.070906e+01 
1.278868e+01 1.051365e+01 
1.278177e+01 1.031857e+01 
1.276229e+01 1.012513e+01 
1.272537e+01 9.931913e+00 
1.266926e+01 9.738229e+00 
1.259482e+01 9.546270e+00 
1.249342e+01 9.354934e+00 
1.235599e+01 9.163708e+00 
1.216805e+01 8.972251e+00 
1.197384e+01 8.835059e+00 
1.178019e+01 8.723256e+00 
1.158358e+01 8.633723e+00 
1.138574e+01 8.555170e+00 
1.118531e+01 8.482700e+00 
1.098587e+01 8.409187e+00 
1.078467e+01 8.336838e+00 
1.058431e+01 8.260902e+00 
1.038150e+01 8.182791e+00 
1.017888e+01 8.095197e+00 
9.977435e+00 7.998823e+00 
9.775338e+00 7.896713e+00 
9.575748e+00 7.787869e+00 
9.377404e+00 7.681273e+00 
9.180156e+00 7.581472e+00 
8.981420e+00 7.490932e+00 
8.783195e+00 7.404991e+00 
8.587015e+00 7.325758e+00 
8.391950e+00 7.258979e+00 
8.195755e+00 7.206640e+00 
7.998065e+00 7.164871e+00 
7.799347e+00 7.129385e+00 
7.599916e+00 7.097339e+00 
7.401364e+00 7.066983e+00 
7.201886e+00 7.040469e+00 
7.002931e+00 7.015436e+00 
6.804343e+00 6.993270e+00 
6.605414e+00 6.974876e+00 
6.405905e+00 6.959315e+00 
6.206135e+00 6.945054e+00 
6.006495e+00 6.931418e+00 
5.807161e+00 6.918763e+00 
5.607374e+00 6.907866e+00 
5.407844e+00 6.897552e+00 
5.208381e+00 6.888494e+00 
5.008814e+00 6.880864e+00 
4.808214e+00 6.874354e+00 
4.608443e+00 6.866273e+00 
4.408931e+00 6.858811e+00 
4.209381e+00 6.852647e+00 
4.009246e+00 6.847670e+00 
3.809577e+00 6.842344e+00 
3.609933e+00 6.837899e+00 
3.409358e+00 6.834385e+00 
3.209764e+00 6.829360e+00 
3.010258e+00 6.825415e+00 
2.810336e+00 6.822783e+00 
2.610160e+00 6.820356e+00 
2.410469e+00 6.817463e+00 
2.210952e+00 6.815395e+00 
2.010929e+00 6.814613e+00 
1.810851e+00 6.813769e+00 
1.610766e+00 6.812717e+00 
1.411344e+00 6.811440e+00 
1.211587e+00 6.811703e+00 
1.011704e+00 6.812614e+00 
8.115112e-01 6.813837e+00 
6.116123e-01 6.814544e+00 
4.119671e-01 6.815520e+00 
2.119815e-01 6.817444e+00 
1.173258e-02 6.819409e+00 
-1.880426e-01 6.820705e+00 
-3.878314e-01 6.822601e+00 
-5.881672e-01 6.825066e+00 
-7.884389e-01 6.826634e+00 
-9.879698e-01 6.827472e+00 
-1.187306e+00 6.829554e+00 
-1.387377e+00 6.833419e+00 
-1.587742e+00 6.837099e+00 
-1.589767e+00 6.687112e+00 
-1.390132e+00 6.683444e+00 
-1.190203e+00 6.679582e+00 
-9.895390e-01 6.677480e+00 
-7.890699e-01 6.676635e+00 
-5.893417e-01 6.675071e+00 
-3.896774e-01 6.672613e+00 
-1.894662e-01 6.670712e+00 
1.075855e-02 6.669412e+00 
2.105096e-01 6.667451e+00 
4.105240e-01 6.665527e+00 
6.108788e-01 6.664546e+00 
8.109800e-01 6.663837e+00 
1.010787e+00 6.662617e+00 
1.210904e+00 6.661704e+00 
1.411147e+00 6.661440e+00 
1.611725e+00 6.662720e+00 
1.811640e+00 6.663771e+00 
2.011562e+00 6.664614e+00 
2.211539e+00 6.665396e+00 
2.412022e+00 6.667471e+00 
2.612332e+00 6.670371e+00 
2.812155e+00 6.672795e+00 
3.012233e+00 6.675428e+00 
3.212728e+00 6.679389e+00 
3.413133e+00 6.684433e+00 
3.612558e+00 6.687922e+00 
3.812914e+00 6.692381e+00 
4.013245e+00 6.697723e+00 
4.213110e+00 6.702694e+00 
4.413560e+00 6.708882e+00 
4.614048e+00 6.716377e+00 
4.814277e+00 6.724477e+00 
5.013677e+00 6.730943e+00 
5.214110e+00 6.738603e+00 
5.414647e+00 6.747706e+00 
5.615117e+00 6.758066e+00 
5.815330e+00 6.768985e+00 
6.015996e+00 6.781719e+00 
6.216356e+00 6.795403e+00 
6.416586e+00 6.809696e+00 
6.617077e+00 6.825330e+00 
6.818148e+00 6.843906e+00 
7.019560e+00 6.866360e+00 
7.220606e+00 6.891641e+00 
7.421127e+00 6.918290e+00 
7.622575e+00 6.949060e+00 
7.823144e+00 6.981285e+00 
8.024426e+00 7.017206e+00 
8.226736e+00 7.059875e+00 
8.430541e+00 7.114028e+00 
8.635476e+00 7.183802e+00 
8.839296e+00 7.265877e+00 
9.041071e+00 7.353303e+00 
9.242335e+00 7.444966e+00 
9.445087e+00 7.547410e+00 
9.646744e+00 7.655734e+00 
9.847153e+00 7.765022e+00 
1.004506e+01 7.864931e+00 
1.024361e+01 7.959879e+00 
1.044099e+01 8.045091e+00 
1.063818e+01 8.120910e+00 
1.083783e+01 8.196574e+00 
1.103662e+01 8.268032e+00 
1.123718e+01 8.341956e+00 
1.143675e+01 8.414107e+00 
1.163891e+01 8.494301e+00 
1.184230e+01 8.586719e+00 
1.204865e+01 8.705041e+00 
1.225444e+01 8.849622e+00 
1.246258e+01 9.058166e+00 
1.261490e+01 9.266939e+00 
1.272713e+01 9.475603e+00 
1.280897e+01 9.683645e+00 
1.286938e+01 9.889960e+00 
1.290958e+01 1.009674e+01 
1.293100e+01 1.030331e+01 
1.293858e+01 1.050822e+01 
1.293360e+01 1.071281e+01 
1.291608e+01 1.091739e+01 
1.288610e+01 1.112186e+01 
1.284396e+01 1.132613e+01 
1.279166e+01 1.152964e+01 
1.272952e+01 1.173289e+01 
1.265655e+01 1.193629e+01 
1.257597e+01 1.213869e+01 
1.248679e+01 1.234118e+01 
1.238832e+01 1.254374e+01 
1.227977e+01 1.274637e+01 
1.216029e+01 1.294904e+01 
1.202894e+01 1.315174e+01 
1.188608e+01 1.335419e+01 
1.173425e+01 1.355603e+01 
1.157228e+01 1.375788e+01 
1.139932e+01 1.395974e+01 
1.121444e+01 1.416160e+01 
1.101662e+01 1.436344e+01 
1.081487e+01 1.455620e+01 
1.061315e+01 1.473723e+01 
1.041151e+01 1.490787e+01 
1.021009e+01 1.507001e+01 
1.000877e+01 1.522476e+01 
9.807392e+00 1.537234e+01 
9.606020e+00 1.551305e+01 
9.404656e+00 1.564727e+01 
9.203303e+00 1.577530e+01 
9.001965e+00 1.589746e+01 
8.800644e+00 1.601404e+01 
8.599342e+00 1.612531e+01 
8.398062e+00 1.623152e+01 
8.196804e+00 1.633291e+01 
7.995571e+00 1.642971e+01 
7.794412e+00 1.652227e+01 
7.593439e+00 1.661130e+01 
7.392470e+00 1.669696e+01 
7.191507e+00 1.677933e+01 
6.990549e+00 1.685849e+01 
6.789596e+00 1.693450e+01 
6.588650e+00 1.700743e+01 
6.387709e+00 1.707735e+01 
6.186775e+00 1.714432e+01 
5.985847e+00 1.720839e+01 
5.784926e+00 1.726962e+01 
5.583990e+00 1.732801e+01 
5.383055e+00 1.738358e+01 
5.182126e+00 1.743639e+01 
4.981204e+00 1.748648e+01 
4.780289e+00 1.753390e+01 
4.579382e+00 1.757869e+01 
4.378483e+00 1.762090e+01 
4.177592e+00 1.766057e+01 
3.976771e+00 1.769790e+01 
3.776041e+00 1.773317e+01 
3.575313e+00 1.776640e+01 
3.374589e+00 1.779762e+01 
3.173868e+00 1.782684e+01 
2.973150e+00 1.785408e+01 
2.772435e+00 1.787936e+01 
2.571722e+00 1.790269e+01 
2.371013e+00 1.792409e+01 
2.170306e+00 1.794356e+01 
1.969602e+00 1.796112e+01 
1.768900e+00 1.797679e+01 
1.568201e+00 1.799057e+01 
1.367504e+00 1.800248e+01 
1.166809e+00 1.801251e+01 
9.661055e-01 1.802066e+01 
7.653570e-01 1.802680e+01 
7.607717e-01 1.787687e+01 
