-2.304736e+00 4.182048e+00 
-2.310364e+00 4.281994e+00 
-2.316101e+00 4.381945e+00 
-2.321937e+00 4.481901e+00 
-2.327861e+00 4.581862e+00 
-2.333863e+00 4.681813e+00 
-2.339961e+00 4.781723e+00 
-2.346236e+00 4.881571e+00 
-2.352825e+00 4.981545e+00 
-2.359457e+00 5.081388e+00 
-2.366408e+00 5.181272e+00 
-2.373593e+00 5.281180e+00 
-2.380965e+00 5.381095e+00 
-2.388509e+00 5.481013e+00 
-2.396218e+00 5.580943e+00 
-2.404069e+00 5.680882e+00 
-2.412044e+00 5.780829e+00 
-2.420128e+00 5.880782e+00 
-2.428306e+00 5.980743e+00 
-2.436564e+00 6.080710e+00 
-2.444895e+00 6.180759e+00 
-2.453125e+00 6.280798e+00 
-2.461265e+00 6.380688e+00 
-2.469632e+00 6.480623e+00 
-2.478119e+00 6.580439e+00 
-2.486972e+00 6.680199e+00 
-2.496316e+00 6.780014e+00 
-2.506039e+00 6.879875e+00 
-2.516047e+00 6.979763e+00 
-2.526286e+00 7.079683e+00 
-2.536687e+00 7.179609e+00 
-2.547237e+00 7.279534e+00 
-2.557939e+00 7.379459e+00 
-2.568795e+00 7.479384e+00 
-2.579803e+00 7.579309e+00 
-2.590958e+00 7.679189e+00 
-2.602358e+00 7.779068e+00 
-2.613995e+00 7.878864e+00 
-2.626044e+00 7.978633e+00 
-2.638566e+00 8.078411e+00 
-2.651548e+00 8.178237e+00 
-2.664887e+00 8.278074e+00 
-2.678572e+00 8.377984e+00 
-2.692444e+00 8.477906e+00 
-2.706473e+00 8.577810e+00 
-2.720698e+00 8.677703e+00 
-2.735145e+00 8.777605e+00 
-2.749793e+00 8.877492e+00 
-2.764668e+00 8.977346e+00 
-2.779834e+00 9.077125e+00 
-2.795451e+00 9.176878e+00 
-2.811575e+00 9.276593e+00 
-2.828281e+00 9.376260e+00 
-2.845674e+00 9.475892e+00 
-2.863853e+00 9.575615e+00 
-2.882604e+00 9.675286e+00 
-2.902041e+00 9.774929e+00 
-2.922231e+00 9.874571e+00 
-2.943195e+00 9.974271e+00 
-2.964803e+00 1.007400e+01 
-2.986979e+00 1.017365e+01 
-3.009890e+00 1.027328e+01 
-3.033635e+00 1.037300e+01 
-3.057991e+00 1.047272e+01 
-3.082917e+00 1.057236e+01 
-3.108628e+00 1.067192e+01 
-3.135316e+00 1.077155e+01 
-3.162757e+00 1.087097e+01 
-3.191491e+00 1.097032e+01 
-3.221682e+00 1.106967e+01 
-3.253344e+00 1.116896e+01 
-3.286634e+00 1.126821e+01 
-3.321663e+00 1.136740e+01 
-3.358591e+00 1.146649e+01 
-3.397677e+00 1.156548e+01 
-3.439199e+00 1.166426e+01 
-3.483792e+00 1.176297e+01 
-3.531784e+00 1.186158e+01 
-3.583569e+00 1.196005e+01 
-3.639760e+00 1.205845e+01 
-3.700830e+00 1.215671e+01 
-3.767391e+00 1.225455e+01 
-3.841625e+00 1.235212e+01 
-3.926472e+00 1.245019e+01 
-4.020765e+00 1.254826e+01 
-4.118603e+00 1.263945e+01 
-4.216230e+00 1.272047e+01 
-4.313641e+00 1.279190e+01 
-4.410729e+00 1.285414e+01 
-4.508089e+00 1.290760e+01 
-4.606259e+00 1.295411e+01 
-4.704672e+00 1.299598e+01 
-4.803059e+00 1.303391e+01 
-4.901402e+00 1.306800e+01 
-4.999691e+00 1.309828e+01 
-5.097921e+00 1.312475e+01 
-5.196093e+00 1.314740e+01 
-5.294196e+00 1.316620e+01 
-5.392224e+00 1.318111e+01 
-5.490504e+00 1.319207e+01 
-5.589223e+00 1.319962e+01 
-5.688019e+00 1.320464e+01 
-5.786793e+00 1.320726e+01 
-5.885540e+00 1.320747e+01 
-5.984261e+00 1.320520e+01 
-6.082959e+00 1.320040e+01 
-6.181636e+00 1.319302e+01 
-6.280454e+00 1.318298e+01 
-6.379499e+00 1.317052e+01 
-6.478603e+00 1.315611e+01 
-6.577721e+00 1.313986e+01 
-6.676850e+00 1.312178e+01 
-6.775989e+00 1.310187e+01 
-6.875140e+00 1.308014e+01 
-6.974304e+00 1.305658e+01 
-7.073481e+00 1.303122e+01 
-7.172671e+00 1.300404e+01 
-7.271907e+00 1.297504e+01 
-7.371214e+00 1.294429e+01 
-7.470527e+00 1.291195e+01 
-7.569834e+00 1.287802e+01 
-7.669137e+00 1.284245e+01 
-7.768433e+00 1.280520e+01 
-7.867724e+00 1.276625e+01 
-7.967009e+00 1.272553e+01 
-8.066290e+00 1.268301e+01 
-8.165566e+00 1.263863e+01 
-8.264837e+00 1.259234e+01 
-8.364104e+00 1.254409e+01 
-8.463366e+00 1.249382e+01 
-8.562625e+00 1.244146e+01 
-8.661880e+00 1.238695e+01 
-8.761131e+00 1.233021e+01 
-8.860380e+00 1.227116e+01 
-8.959699e+00 1.220969e+01 
-9.059128e+00 1.214591e+01 
-9.158644e+00 1.208014e+01 
-9.258172e+00 1.201268e+01 
-9.357698e+00 1.194355e+01 
-9.457221e+00 1.187269e+01 
-9.556741e+00 1.180006e+01 
-9.656258e+00 1.172559e+01 
-9.755773e+00 1.164923e+01 
-9.855286e+00 1.157091e+01 
-9.954796e+00 1.149056e+01 
-1.005430e+01 1.140812e+01 
-1.015381e+01 1.132349e+01 
-1.025332e+01 1.123662e+01 
-1.035282e+01 1.114739e+01 
-1.045232e+01 1.105573e+01 
-1.055182e+01 1.096152e+01 
-1.065132e+01 1.086467e+01 
-1.075070e+01 1.076516e+01 
-1.084736e+01 1.066566e+01 
-1.094138e+01 1.056616e+01 
-1.103291e+01 1.046662e+01 
-1.112220e+01 1.036703e+01 
-1.120960e+01 1.026739e+01 
-1.129535e+01 1.016775e+01 
-1.137945e+01 1.006811e+01 
-1.146196e+01 9.968480e+00 
-1.154287e+01 9.868854e+00 
-1.162220e+01 9.769235e+00 
-1.169996e+01 9.669615e+00 
-1.177619e+01 9.569994e+00 
-1.185092e+01 9.470383e+00 
-1.192415e+01 9.370781e+00 
-1.199589e+01 9.271174e+00 
-1.206617e+01 9.171571e+00 
-1.213501e+01 9.071974e+00 
-1.220242e+01 8.972382e+00 
-1.226842e+01 8.872791e+00 
-1.233302e+01 8.773204e+00 
-1.239623e+01 8.673621e+00 
-1.245808e+01 8.574041e+00 
-1.251857e+01 8.474464e+00 
-1.257772e+01 8.374890e+00 
-1.263555e+01 8.275319e+00 
-1.269207e+01 8.175750e+00 
-1.274729e+01 8.076182e+00 
-1.280126e+01 7.976569e+00 
-1.285412e+01 7.876925e+00 
-1.290597e+01 7.777254e+00 
-1.295690e+01 7.677563e+00 
-1.300696e+01 7.577874e+00 
-1.305615e+01 7.478187e+00 
-1.310449e+01 7.378501e+00 
-1.315196e+01 7.278818e+00 
-1.319858e+01 7.179137e+00 
-1.324435e+01 7.079458e+00 
-1.328927e+01 6.979780e+00 
-1.333334e+01 6.880104e+00 
-1.337658e+01 6.780429e+00 
-1.341898e+01 6.680756e+00 
-1.346054e+01 6.581085e+00 
-1.350127e+01 6.481414e+00 
-1.354118e+01 6.381745e+00 
-1.358027e+01 6.282077e+00 
-1.361854e+01 6.182410e+00 
-1.365600e+01 6.082744e+00 
-1.369265e+01 5.983079e+00 
-1.372850e+01 5.883414e+00 
-1.376354e+01 5.783751e+00 
-1.379779e+01 5.684088e+00 
-1.383125e+01 5.584425e+00 
-1.386392e+01 5.484763e+00 
-1.389581e+01 5.385101e+00 
-1.392692e+01 5.285440e+00 
-1.395726e+01 5.185779e+00 
-1.398683e+01 5.086118e+00 
-1.401563e+01 4.986457e+00 
-1.404368e+01 4.886795e+00 
-1.407097e+01 4.787128e+00 
-1.409753e+01 4.687440e+00 
-1.412340e+01 4.587752e+00 
-1.414859e+01 4.488064e+00 
-1.417310e+01 4.388376e+00 
-1.419693e+01 4.288687e+00 
-1.422008e+01 4.188999e+00 
-1.424257e+01 4.089310e+00 
-1.426439e+01 3.989621e+00 
-1.428555e+01 3.889931e+00 
-1.430604e+01 3.790241e+00 
-1.432588e+01 3.690550e+00 
-1.434507e+01 3.590859e+00 
-1.436361e+01 3.491168e+00 
-1.438150e+01 3.391476e+00 
-1.439875e+01 3.291783e+00 
-1.441536e+01 3.192089e+00 
-1.443134e+01 3.092395e+00 
-1.444668e+01 2.992700e+00 
-1.446140e+01 2.893004e+00 
-1.447549e+01 2.793307e+00 
-1.448895e+01 2.693610e+00 
-1.450180e+01 2.593911e+00 
-1.451403e+01 2.494212e+00 
-1.452565e+01 2.394510e+00 
-1.453667e+01 2.294808e+00 
-1.454708e+01 2.195069e+00 
-1.455697e+01 2.095325e+00 
-1.456634e+01 1.995575e+00 
-1.457520e+01 1.895824e+00 
-1.458356e+01 1.796072e+00 
-1.459142e+01 1.696320e+00 
-1.459878e+01 1.596568e+00 
-1.460565e+01 1.496815e+00 
-1.461202e+01 1.397061e+00 
-1.461789e+01 1.297307e+00 
-1.462327e+01 1.197552e+00 
-1.462816e+01 1.097797e+00 
-1.463256e+01 9.980418e-01 
-1.463647e+01 8.982857e-01 
-1.463990e+01 7.985291e-01 
-1.464283e+01 6.987719e-01 
-1.474280e+01 7.012281e-01 
-1.473985e+01 8.014709e-01 
-1.473641e+01 9.017143e-01 
-1.473249e+01 1.001958e+00 
-1.472807e+01 1.102203e+00 
-1.472315e+01 1.202448e+00 
-1.471775e+01 1.302693e+00 
-1.471184e+01 1.402939e+00 
-1.470545e+01 1.503185e+00 
-1.469855e+01 1.603432e+00 
-1.469115e+01 1.703680e+00 
-1.468325e+01 1.803928e+00 
-1.467485e+01 1.904176e+00 
-1.466594e+01 2.004425e+00 
-1.465653e+01 2.104675e+00 
-1.464660e+01 2.204931e+00 
-1.463613e+01 2.305192e+00 
-1.462505e+01 2.405490e+00 
-1.461336e+01 2.505788e+00 
-1.460106e+01 2.606089e+00 
-1.458813e+01 2.706390e+00 
-1.457459e+01 2.806693e+00 
-1.456041e+01 2.906996e+00 
-1.454561e+01 3.007300e+00 
-1.453018e+01 3.107605e+00 
-1.451410e+01 3.207911e+00 
-1.449739e+01 3.308217e+00 
-1.448004e+01 3.408524e+00 
-1.446204e+01 3.508832e+00 
-1.444339e+01 3.609141e+00 
-1.442408e+01 3.709450e+00 
-1.440412e+01 3.809759e+00 
-1.438350e+01 3.910069e+00 
-1.436221e+01 4.010379e+00 
-1.434026e+01 4.110690e+00 
-1.431763e+01 4.211001e+00 
-1.429433e+01 4.311313e+00 
-1.427036e+01 4.411624e+00 
-1.424570e+01 4.511936e+00 
-1.422036e+01 4.612248e+00 
-1.419432e+01 4.712560e+00 
-1.416760e+01 4.812872e+00 
-1.414013e+01 4.913205e+00 
-1.411189e+01 5.013543e+00 
-1.408290e+01 5.113882e+00 
-1.405313e+01 5.214221e+00 
-1.402259e+01 5.314560e+00 
-1.399127e+01 5.414899e+00 
-1.395917e+01 5.515237e+00 
-1.392628e+01 5.615575e+00 
-1.389259e+01 5.715912e+00 
-1.385811e+01 5.816249e+00 
-1.382284e+01 5.916586e+00 
-1.378675e+01 6.016921e+00 
-1.374986e+01 6.117256e+00 
-1.371215e+01 6.217590e+00 
-1.367363e+01 6.317923e+00 
-1.363428e+01 6.418255e+00 
-1.359411e+01 6.518586e+00 
-1.355311e+01 6.618915e+00 
-1.351127e+01 6.719244e+00 
-1.346860e+01 6.819571e+00 
-1.342509e+01 6.919896e+00 
-1.338073e+01 7.020220e+00 
-1.333552e+01 7.120542e+00 
-1.328946e+01 7.220863e+00 
-1.324254e+01 7.321182e+00 
-1.319477e+01 7.421499e+00 
-1.314614e+01 7.521813e+00 
-1.309663e+01 7.622126e+00 
-1.304627e+01 7.722437e+00 
-1.299503e+01 7.822746e+00 
-1.294284e+01 7.923075e+00 
-1.288960e+01 8.023431e+00 
-1.283521e+01 8.123818e+00 
-1.277952e+01 8.224250e+00 
-1.272252e+01 8.324681e+00 
-1.266420e+01 8.425110e+00 
-1.260454e+01 8.525536e+00 
-1.254354e+01 8.625959e+00 
-1.248118e+01 8.726379e+00 
-1.241744e+01 8.826796e+00 
-1.235231e+01 8.927209e+00 
-1.228579e+01 9.027618e+00 
-1.221783e+01 9.128026e+00 
-1.214843e+01 9.228429e+00 
-1.207760e+01 9.328826e+00 
-1.200530e+01 9.429219e+00 
-1.193149e+01 9.529617e+00 
-1.185618e+01 9.630006e+00 
-1.177937e+01 9.730385e+00 
-1.170102e+01 9.830765e+00 
-1.162109e+01 9.931146e+00 
-1.153958e+01 1.003152e+01 
-1.145648e+01 1.013189e+01 
-1.137176e+01 1.023225e+01 
-1.128540e+01 1.033261e+01 
-1.119738e+01 1.043297e+01 
-1.110736e+01 1.053338e+01 
-1.101499e+01 1.063384e+01 
-1.092004e+01 1.073434e+01 
-1.082243e+01 1.083484e+01 
-1.072208e+01 1.093533e+01 
-1.062158e+01 1.103318e+01 
-1.052107e+01 1.112834e+01 
-1.042058e+01 1.122094e+01 
-1.032008e+01 1.131106e+01 
-1.021958e+01 1.139882e+01 
-1.011909e+01 1.148429e+01 
-1.001860e+01 1.156756e+01 
-9.918110e+00 1.164871e+01 
-9.817622e+00 1.172781e+01 
-9.717137e+00 1.180493e+01 
-9.616655e+00 1.188013e+01 
-9.516175e+00 1.195347e+01 
-9.415697e+00 1.202501e+01 
-9.315223e+00 1.209481e+01 
-9.214751e+00 1.216291e+01 
-9.114267e+00 1.222933e+01 
-9.013696e+00 1.229386e+01 
-8.913016e+00 1.235619e+01 
-8.812264e+00 1.241615e+01 
-8.711515e+00 1.247376e+01 
-8.610770e+00 1.252911e+01 
-8.510029e+00 1.258226e+01 
-8.409292e+00 1.263330e+01 
-8.308559e+00 1.268228e+01 
-8.207830e+00 1.272926e+01 
-8.107106e+00 1.277430e+01 
-8.006386e+00 1.281745e+01 
-7.905672e+00 1.285877e+01 
-7.804963e+00 1.289829e+01 
-7.704259e+00 1.293608e+01 
-7.603561e+00 1.297216e+01 
-7.502869e+00 1.300658e+01 
-7.402182e+00 1.303938e+01 
-7.301488e+00 1.307056e+01 
-7.200724e+00 1.310002e+01 
-7.099915e+00 1.312766e+01 
-6.999092e+00 1.315346e+01 
-6.898255e+00 1.317743e+01 
-6.797406e+00 1.319955e+01 
-6.696545e+00 1.321982e+01 
-6.595674e+00 1.323823e+01 
-6.494793e+00 1.325479e+01 
-6.393896e+00 1.326948e+01 
-6.292941e+00 1.328219e+01 
-6.191759e+00 1.329250e+01 
-6.090436e+00 1.330012e+01 
-5.989134e+00 1.330508e+01 
-5.887855e+00 1.330744e+01 
-5.786602e+00 1.330726e+01 
-5.685376e+00 1.330460e+01 
-5.584172e+00 1.329950e+01 
-5.482891e+00 1.329178e+01 
-5.381171e+00 1.328050e+01 
-5.279200e+00 1.326507e+01 
-5.177303e+00 1.324562e+01 
-5.075474e+00 1.322220e+01 
-4.973705e+00 1.319484e+01 
-4.871993e+00 1.316358e+01 
-4.770336e+00 1.312841e+01 
-4.668723e+00 1.308930e+01 
-4.567136e+00 1.304614e+01 
-4.465307e+00 1.299799e+01 
-4.362667e+00 1.294183e+01 
-4.259754e+00 1.287614e+01 
-4.157165e+00 1.280117e+01 
-4.054792e+00 1.271644e+01 
-3.952631e+00 1.262146e+01 
-3.854423e+00 1.251953e+01 
-3.766037e+00 1.241759e+01 
-3.687855e+00 1.231517e+01 
-3.618182e+00 1.221301e+01 
-3.554847e+00 1.211127e+01 
-3.496746e+00 1.200967e+01 
-3.443288e+00 1.190814e+01 
-3.393886e+00 1.180675e+01 
-3.348076e+00 1.170545e+01 
-3.305496e+00 1.160424e+01 
-3.265584e+00 1.150323e+01 
-3.227961e+00 1.140232e+01 
-3.192343e+00 1.130151e+01 
-3.158537e+00 1.120076e+01 
-3.126411e+00 1.110005e+01 
-3.095813e+00 1.099940e+01 
-3.066695e+00 1.089875e+01 
-3.038922e+00 1.079817e+01 
-3.012034e+00 1.069780e+01 
-2.986094e+00 1.059736e+01 
-2.960981e+00 1.049699e+01 
-2.936491e+00 1.039672e+01 
-2.912610e+00 1.029644e+01 
-2.889523e+00 1.019607e+01 
-2.867190e+00 1.009572e+01 
-2.845463e+00 9.995447e+00 
-2.824371e+00 9.895148e+00 
-2.804033e+00 9.794790e+00 
-2.784454e+00 9.694433e+00 
-2.765577e+00 9.594104e+00 
-2.747296e+00 9.493827e+00 
-2.729771e+00 9.393458e+00 
-2.712951e+00 9.293126e+00 
-2.696733e+00 9.192841e+00 
-2.681037e+00 9.092593e+00 
-2.665804e+00 8.992373e+00 
-2.650884e+00 8.892227e+00 
-2.636203e+00 8.792114e+00 
-2.621727e+00 8.692016e+00 
-2.607471e+00 8.591908e+00 
-2.593415e+00 8.491812e+00 
-2.579522e+00 8.391734e+00 
-2.565812e+00 8.291645e+00 
-2.552429e+00 8.191481e+00 
-2.539401e+00 8.091307e+00 
-2.526823e+00 7.991085e+00 
-2.514716e+00 7.890855e+00 
-2.503031e+00 7.790650e+00 
-2.491603e+00 7.690529e+00 
-2.480421e+00 7.590409e+00 
-2.469396e+00 7.490334e+00 
-2.458524e+00 7.390259e+00 
-2.447805e+00 7.290184e+00 
-2.437239e+00 7.190109e+00 
-2.426823e+00 7.090035e+00 
-2.416568e+00 6.989956e+00 
-2.406538e+00 6.889844e+00 
-2.396787e+00 6.789705e+00 
-2.387407e+00 6.689520e+00 
-2.378511e+00 6.589279e+00 
-2.369992e+00 6.489096e+00 
-2.361614e+00 6.389031e+00 
-2.353456e+00 6.288920e+00 
-2.345231e+00 6.188959e+00 
-2.336909e+00 6.089008e+00 
-2.328645e+00 5.988976e+00 
-2.320461e+00 5.888936e+00 
-2.312370e+00 5.788890e+00 
-2.304386e+00 5.688836e+00 
-2.296525e+00 5.588775e+00 
-2.288805e+00 5.488705e+00 
-2.281248e+00 5.388624e+00 
-2.273864e+00 5.288538e+00 
-2.266665e+00 5.188446e+00 
-2.259698e+00 5.088330e+00 
-2.253045e+00 4.988173e+00 
-2.246452e+00 4.888148e+00 
-2.240158e+00 4.787995e+00 
-2.234049e+00 4.687905e+00 
-2.228041e+00 4.587856e+00 
-2.222112e+00 4.487817e+00 
-2.216271e+00 4.387774e+00 
-2.210528e+00 4.287724e+00 
-2.204894e+00 4.187670e+00 
-2.304736e+00 4.182048e+00 
