-1.295029e+01 -3.992807e-01 
-1.294885e+01 -4.989788e-01 
-1.294682e+01 -5.986770e-01 
-1.294418e+01 -6.983752e-01 
-1.294094e+01 -7.980735e-01 
-1.293710e+01 -8.977719e-01 
-1.293265e+01 -9.974704e-01 
-1.292760e+01 -1.097169e+00 
-1.292195e+01 -1.196868e+00 
-1.291569e+01 -1.296567e+00 
-1.290883e+01 -1.396267e+00 
-1.290137e+01 -1.495966e+00 
-1.289330e+01 -1.595667e+00 
-1.288463e+01 -1.695367e+00 
-1.287535e+01 -1.795068e+00 
-1.286547e+01 -1.894769e+00 
-1.285498e+01 -1.994467e+00 
-1.284388e+01 -2.094184e+00 
-1.283220e+01 -2.193901e+00 
-1.281995e+01 -2.293618e+00 
-1.280711e+01 -2.393334e+00 
-1.279370e+01 -2.493031e+00 
-1.277968e+01 -2.592696e+00 
-1.276496e+01 -2.692360e+00 
-1.274955e+01 -2.792024e+00 
-1.273345e+01 -2.891687e+00 
-1.271665e+01 -2.991350e+00 
-1.269914e+01 -3.091014e+00 
-1.268093e+01 -3.190677e+00 
-1.266202e+01 -3.290340e+00 
-1.264240e+01 -3.390003e+00 
-1.262206e+01 -3.489666e+00 
-1.260101e+01 -3.589328e+00 
-1.257923e+01 -3.688991e+00 
-1.255674e+01 -3.788654e+00 
-1.253352e+01 -3.888321e+00 
-1.250958e+01 -3.987989e+00 
-1.248491e+01 -4.087659e+00 
-1.245953e+01 -4.187329e+00 
-1.243342e+01 -4.286997e+00 
-1.240658e+01 -4.386662e+00 
-1.237899e+01 -4.486325e+00 
-1.235066e+01 -4.585986e+00 
-1.232156e+01 -4.685644e+00 
-1.229169e+01 -4.785303e+00 
-1.226104e+01 -4.884960e+00 
-1.222961e+01 -4.984618e+00 
-1.219739e+01 -5.084275e+00 
-1.216438e+01 -5.183932e+00 
-1.213056e+01 -5.283588e+00 
-1.209593e+01 -5.383244e+00 
-1.206049e+01 -5.482900e+00 
-1.202422e+01 -5.582556e+00 
-1.198712e+01 -5.682212e+00 
-1.194919e+01 -5.781868e+00 
-1.191041e+01 -5.881523e+00 
-1.187078e+01 -5.981179e+00 
-1.183029e+01 -6.080835e+00 
-1.178894e+01 -6.180491e+00 
-1.174671e+01 -6.280148e+00 
-1.170360e+01 -6.379805e+00 
-1.165960e+01 -6.479462e+00 
-1.161470e+01 -6.579120e+00 
-1.156890e+01 -6.678778e+00 
-1.152218e+01 -6.778437e+00 
-1.147455e+01 -6.878096e+00 
-1.142598e+01 -6.977757e+00 
-1.137648e+01 -7.077418e+00 
-1.132604e+01 -7.177066e+00 
-1.127463e+01 -7.276663e+00 
-1.122209e+01 -7.376224e+00 
-1.116828e+01 -7.475783e+00 
-1.111317e+01 -7.575340e+00 
-1.105673e+01 -7.674896e+00 
-1.099893e+01 -7.774451e+00 
-1.093976e+01 -7.874004e+00 
-1.087917e+01 -7.973556e+00 
-1.081713e+01 -8.073108e+00 
-1.075362e+01 -8.172658e+00 
-1.068861e+01 -8.272208e+00 
-1.062205e+01 -8.371758e+00 
-1.055391e+01 -8.471308e+00 
-1.048416e+01 -8.570857e+00 
-1.041276e+01 -8.670407e+00 
-1.033967e+01 -8.769957e+00 
-1.026484e+01 -8.869508e+00 
-1.018824e+01 -8.969060e+00 
-1.010983e+01 -9.068612e+00 
-1.002955e+01 -9.168166e+00 
-9.947354e+00 -9.267722e+00 
-9.863203e+00 -9.367279e+00 
-9.777042e+00 -9.466838e+00 
-9.688817e+00 -9.566400e+00 
-9.598473e+00 -9.665964e+00 
-9.505952e+00 -9.765530e+00 
-9.411196e+00 -9.865099e+00 
-9.314141e+00 -9.964672e+00 
-9.214723e+00 -1.006425e+01 
-9.115149e+00 -1.016160e+01 
-9.015585e+00 -1.025667e+01 
-8.916039e+00 -1.034946e+01 
-8.816514e+00 -1.043996e+01 
-8.717106e+00 -1.052807e+01 
-8.617782e+00 -1.061336e+01 
-8.518511e+00 -1.069560e+01 
-8.419316e+00 -1.077468e+01 
-8.320136e+00 -1.085049e+01 
-8.220955e+00 -1.092313e+01 
-8.121770e+00 -1.099275e+01 
-8.022579e+00 -1.105948e+01 
-7.923388e+00 -1.112345e+01 
-7.824190e+00 -1.118478e+01 
-7.724986e+00 -1.124357e+01 
-7.625780e+00 -1.129992e+01 
-7.526566e+00 -1.135391e+01 
-7.427350e+00 -1.140563e+01 
-7.328126e+00 -1.145516e+01 
-7.228902e+00 -1.150256e+01 
-7.129670e+00 -1.154790e+01 
-7.030436e+00 -1.159123e+01 
-6.931197e+00 -1.163261e+01 
-6.831955e+00 -1.167209e+01 
-6.732711e+00 -1.170972e+01 
-6.633462e+00 -1.174552e+01 
-6.534218e+00 -1.177955e+01 
-6.435244e+00 -1.181174e+01 
-6.336807e+00 -1.184145e+01 
-6.238589e+00 -1.186765e+01 
-6.140378e+00 -1.189001e+01 
-6.042213e+00 -1.190863e+01 
-5.944103e+00 -1.192348e+01 
-5.846018e+00 -1.193452e+01 
-5.747929e+00 -1.194175e+01 
-5.649835e+00 -1.194522e+01 
-5.551730e+00 -1.194494e+01 
-5.453612e+00 -1.194095e+01 
-5.355478e+00 -1.193324e+01 
-5.257325e+00 -1.192181e+01 
-5.159151e+00 -1.190664e+01 
-5.060953e+00 -1.188773e+01 
-4.963195e+00 -1.186515e+01 
-4.866476e+00 -1.183812e+01 
-4.770141e+00 -1.180392e+01 
-4.673693e+00 -1.176083e+01 
-4.577085e+00 -1.170810e+01 
-4.480270e+00 -1.164483e+01 
-4.383211e+00 -1.156993e+01 
-4.285886e+00 -1.148212e+01 
-4.192941e+00 -1.138468e+01 
-4.111529e+00 -1.128659e+01 
-4.037801e+00 -1.118843e+01 
-3.970827e+00 -1.109032e+01 
-3.910027e+00 -1.099197e+01 
-3.854237e+00 -1.089344e+01 
-3.802679e+00 -1.079483e+01 
-3.754861e+00 -1.069601e+01 
-3.710207e+00 -1.059722e+01 
-3.668591e+00 -1.049830e+01 
-3.629631e+00 -1.039928e+01 
-3.593051e+00 -1.030023e+01 
-3.558716e+00 -1.020113e+01 
-3.526548e+00 -1.010228e+01 
-3.496876e+00 -1.000304e+01 
-3.468877e+00 -9.903640e+00 
-3.442142e+00 -9.804015e+00 
-3.416252e+00 -9.704465e+00 
-3.391339e+00 -9.604880e+00 
-3.367329e+00 -9.505296e+00 
-3.344214e+00 -9.405698e+00 
-3.321959e+00 -9.306076e+00 
-3.300508e+00 -9.206441e+00 
-3.279833e+00 -9.106797e+00 
-3.259910e+00 -9.007145e+00 
-3.240726e+00 -8.907521e+00 
-3.222309e+00 -8.807774e+00 
-3.204423e+00 -8.708031e+00 
-3.187073e+00 -8.608281e+00 
-3.170243e+00 -8.508518e+00 
-3.153902e+00 -8.408741e+00 
-3.138021e+00 -8.308948e+00 
-3.122565e+00 -8.209132e+00 
-3.107499e+00 -8.109369e+00 
-3.092915e+00 -8.009572e+00 
-3.078764e+00 -7.909881e+00 
-3.065240e+00 -7.810138e+00 
-3.052235e+00 -7.710338e+00 
-3.039635e+00 -7.610504e+00 
-3.027371e+00 -7.510644e+00 
-3.015389e+00 -7.410754e+00 
-3.003629e+00 -7.310836e+00 
-2.992034e+00 -7.210891e+00 
-2.980547e+00 -7.110919e+00 
-2.969117e+00 -7.010957e+00 
-2.957779e+00 -6.911117e+00 
-2.946776e+00 -6.811357e+00 
-2.936259e+00 -6.711594e+00 
-2.926220e+00 -6.611800e+00 
-2.916592e+00 -6.511940e+00 
-2.907240e+00 -6.412019e+00 
-2.898041e+00 -6.312008e+00 
-2.888822e+00 -6.212021e+00 
-2.879631e+00 -6.112058e+00 
-2.870534e+00 -6.012323e+00 
-2.861962e+00 -5.912435e+00 
-2.853608e+00 -5.812472e+00 
-2.845328e+00 -5.712482e+00 
-2.837067e+00 -5.612494e+00 
-2.828832e+00 -5.512515e+00 
-2.820640e+00 -5.412547e+00 
-2.812513e+00 -5.312587e+00 
-2.804469e+00 -5.212638e+00 
-2.796526e+00 -5.112697e+00 
-2.788704e+00 -5.012765e+00 
-2.781021e+00 -4.912843e+00 
-2.773496e+00 -4.812933e+00 
-2.766151e+00 -4.713034e+00 
-2.759013e+00 -4.613170e+00 
-2.752142e+00 -4.513192e+00 
-2.745323e+00 -4.413323e+00 
-2.738767e+00 -4.313468e+00 
-2.732500e+00 -4.213594e+00 
-2.726487e+00 -4.113708e+00 
-2.720701e+00 -4.013801e+00 
-2.715101e+00 -3.913876e+00 
-2.709652e+00 -3.813935e+00 
-2.704319e+00 -3.713977e+00 
-2.699069e+00 -3.614002e+00 
-2.693868e+00 -3.513989e+00 
-2.688639e+00 -3.413930e+00 
-2.683291e+00 -3.313869e+00 
-2.677819e+00 -3.213809e+00 
-2.672229e+00 -3.113751e+00 
-2.666522e+00 -3.013699e+00 
-2.660715e+00 -2.913752e+00 
-2.655022e+00 -2.813932e+00 
-2.649690e+00 -2.714122e+00 
-2.644738e+00 -2.614298e+00 
-2.640139e+00 -2.514457e+00 
-2.635857e+00 -2.414552e+00 
-2.631760e+00 -2.314541e+00 
-2.627640e+00 -2.214517e+00 
-2.623473e+00 -2.114501e+00 
-2.619272e+00 -2.014491e+00 
-2.615053e+00 -1.914488e+00 
-2.610829e+00 -1.814492e+00 
-2.606613e+00 -1.714503e+00 
-2.602422e+00 -1.614589e+00 
-2.598403e+00 -1.514644e+00 
-2.594492e+00 -1.414682e+00 
-2.590658e+00 -1.314755e+00 
-2.586971e+00 -1.214845e+00 
-2.583463e+00 -1.114887e+00 
-2.580039e+00 -1.014943e+00 
-2.576729e+00 -9.150109e-01 
-2.573554e+00 -8.150812e-01 
-2.570520e+00 -7.151534e-01 
-2.567629e+00 -6.151698e-01 
-2.564769e+00 -5.151455e-01 
-2.561860e+00 -4.150902e-01 
-2.558840e+00 -3.150338e-01 
-2.555708e+00 -2.150127e-01 
-2.552535e+00 -1.150176e-01 
-2.549396e+00 -1.659865e-02 
-2.549371e+00 1.501757e-02 
-2.552535e+00 1.150127e-01 
-2.555709e+00 2.150338e-01 
-2.558842e+00 3.150902e-01 
-2.561862e+00 4.151455e-01 
-2.564770e+00 5.151698e-01 
-2.567628e+00 6.151534e-01 
-2.570518e+00 7.150812e-01 
-2.573552e+00 8.150109e-01 
-2.576727e+00 9.149433e-01 
-2.580037e+00 1.014887e+00 
-2.583461e+00 1.114845e+00 
-2.586968e+00 1.214755e+00 
-2.590655e+00 1.314682e+00 
-2.594490e+00 1.414644e+00 
-2.598401e+00 1.514589e+00 
-2.602419e+00 1.614503e+00 
-2.606612e+00 1.714492e+00 
-2.610828e+00 1.814488e+00 
-2.615053e+00 1.914491e+00 
-2.619273e+00 2.014501e+00 
-2.623473e+00 2.114517e+00 
-2.627641e+00 2.214541e+00 
-2.631761e+00 2.314552e+00 
-2.635853e+00 2.414457e+00 
-2.640132e+00 2.514298e+00 
-2.644730e+00 2.614122e+00 
-2.649680e+00 2.713932e+00 
-2.655012e+00 2.813752e+00 
-2.660712e+00 2.913699e+00 
-2.666525e+00 3.013751e+00 
-2.672232e+00 3.113809e+00 
-2.677823e+00 3.213869e+00 
-2.683294e+00 3.313930e+00 
-2.688642e+00 3.413989e+00 
-2.588779e+00 3.419208e+00 
-2.583437e+00 3.319267e+00 
-2.577972e+00 3.219329e+00 
-2.572388e+00 3.119388e+00 
-2.566687e+00 3.019446e+00 
-2.560880e+00 2.919499e+00 
-2.555175e+00 2.819445e+00 
-2.549823e+00 2.719266e+00 
-2.544853e+00 2.619076e+00 
-2.540238e+00 2.518899e+00 
-2.535944e+00 2.418740e+00 
-2.531844e+00 2.318645e+00 
-2.527726e+00 2.218657e+00 
-2.523560e+00 2.118680e+00 
-2.519361e+00 2.018697e+00 
-2.515142e+00 1.918706e+00 
-2.510918e+00 1.818709e+00 
-2.506701e+00 1.718705e+00 
-2.502506e+00 1.618694e+00 
-2.498481e+00 1.518608e+00 
-2.494567e+00 1.418553e+00 
-2.490728e+00 1.318516e+00 
-2.487036e+00 1.218442e+00 
-2.483523e+00 1.118352e+00 
-2.480096e+00 1.018310e+00 
-2.476782e+00 9.182540e-01 
-2.473602e+00 8.181864e-01 
-2.470564e+00 7.181161e-01 
-2.467670e+00 6.180439e-01 
-2.464811e+00 5.180275e-01 
-2.461904e+00 4.180518e-01 
-2.458887e+00 3.181071e-01 
-2.455758e+00 2.181635e-01 
-2.452585e+00 1.181846e-01 
-2.449421e+00 1.817972e-02 
-2.449396e+00 -1.659865e-02 
-2.452585e+00 -1.181797e-01 
-2.455759e+00 -2.181846e-01 
-2.458889e+00 -3.181635e-01 
-2.461906e+00 -4.181071e-01 
-2.464811e+00 -5.180518e-01 
-2.467670e+00 -6.180275e-01 
-2.470562e+00 -7.180439e-01 
-2.473600e+00 -8.181161e-01 
-2.476779e+00 -9.181864e-01 
-2.480094e+00 -1.018254e+00 
-2.483521e+00 -1.118310e+00 
-2.487032e+00 -1.218352e+00 
-2.490726e+00 -1.318442e+00 
-2.494565e+00 -1.418516e+00 
-2.498479e+00 -1.518553e+00 
-2.502503e+00 -1.618608e+00 
-2.506701e+00 -1.718694e+00 
-2.510917e+00 -1.818705e+00 
-2.515142e+00 -1.918709e+00 
-2.519361e+00 -2.018706e+00 
-2.523561e+00 -2.118697e+00 
-2.527727e+00 -2.218680e+00 
-2.531845e+00 -2.318657e+00 
-2.535940e+00 -2.418645e+00 
-2.540231e+00 -2.518740e+00 
-2.544844e+00 -2.618899e+00 
-2.549813e+00 -2.719076e+00 
-2.555165e+00 -2.819266e+00 
-2.560877e+00 -2.919445e+00 
-2.566690e+00 -3.019499e+00 
-2.572391e+00 -3.119446e+00 
-2.577975e+00 -3.219388e+00 
-2.583440e+00 -3.319329e+00 
-2.588782e+00 -3.419267e+00 
-2.594004e+00 -3.519208e+00 
-2.599204e+00 -3.619195e+00 
-2.604456e+00 -3.719221e+00 
-2.609794e+00 -3.819262e+00 
-2.615250e+00 -3.919321e+00 
-2.620858e+00 -4.019396e+00 
-2.626654e+00 -4.119489e+00 
-2.632681e+00 -4.219603e+00 
-2.638963e+00 -4.319730e+00 
-2.645538e+00 -4.419874e+00 
-2.652375e+00 -4.520005e+00 
-2.659249e+00 -4.620027e+00 
-2.666405e+00 -4.720163e+00 
-2.673765e+00 -4.820265e+00 
-2.681303e+00 -4.920354e+00 
-2.688998e+00 -5.020432e+00 
-2.696831e+00 -5.120501e+00 
-2.704783e+00 -5.220560e+00 
-2.712835e+00 -5.320610e+00 
-2.720969e+00 -5.420651e+00 
-2.729166e+00 -5.520682e+00 
-2.737405e+00 -5.620704e+00 
-2.745668e+00 -5.720716e+00 
-2.753949e+00 -5.820725e+00 
-2.762310e+00 -5.920763e+00 
-2.770901e+00 -6.020874e+00 
-2.780044e+00 -6.121140e+00 
-2.789242e+00 -6.221177e+00 
-2.798464e+00 -6.321189e+00 
-2.807660e+00 -6.421178e+00 
-2.817027e+00 -6.521258e+00 
-2.826681e+00 -6.621397e+00 
-2.836762e+00 -6.721603e+00 
-2.847327e+00 -6.821840e+00 
-2.858382e+00 -6.922080e+00 
-2.869755e+00 -7.022240e+00 
-2.881194e+00 -7.122279e+00 
-2.892688e+00 -7.222306e+00 
-2.904296e+00 -7.322361e+00 
-2.916075e+00 -7.422443e+00 
-2.928082e+00 -7.522553e+00 
-2.940381e+00 -7.622694e+00 
-2.953022e+00 -7.722859e+00 
-2.966078e+00 -7.823059e+00 
-2.979671e+00 -7.923316e+00 
-2.993908e+00 -8.023625e+00 
-3.008549e+00 -8.123828e+00 
-3.023686e+00 -8.224065e+00 
-3.039198e+00 -8.324249e+00 
-3.055145e+00 -8.424457e+00 
-3.071557e+00 -8.524679e+00 
-3.088466e+00 -8.624916e+00 
-3.105902e+00 -8.725166e+00 
-3.123879e+00 -8.825424e+00 
-3.142388e+00 -8.925676e+00 
-3.161714e+00 -9.026053e+00 
-3.181773e+00 -9.126400e+00 
-3.202593e+00 -9.226756e+00 
-3.224199e+00 -9.327122e+00 
-3.246620e+00 -9.427499e+00 
-3.269918e+00 -9.527901e+00 
-3.294125e+00 -9.628317e+00 
-3.319241e+00 -9.728732e+00 
-3.345361e+00 -9.829182e+00 
-3.372294e+00 -9.929557e+00 
-3.400620e+00 -1.003015e+01 
-3.430738e+00 -1.013092e+01 
-3.463619e+00 -1.023206e+01 
-3.498558e+00 -1.033296e+01 
-3.535821e+00 -1.043392e+01 
-3.575532e+00 -1.053490e+01 
-3.618027e+00 -1.063598e+01 
-3.663730e+00 -1.073718e+01 
-3.712658e+00 -1.083837e+01 
-3.765608e+00 -1.093975e+01 
-3.822996e+00 -1.104122e+01 
-3.885753e+00 -1.114288e+01 
-3.955187e+00 -1.124477e+01 
-4.031545e+00 -1.134661e+01 
-4.115961e+00 -1.144851e+01 
-4.213468e+00 -1.155108e+01 
-4.316142e+00 -1.164411e+01 
-4.419084e+00 -1.172392e+01 
-4.522268e+00 -1.179174e+01 
-4.625660e+00 -1.184854e+01 
-4.729213e+00 -1.189516e+01 
-4.832878e+00 -1.193230e+01 
-4.936159e+00 -1.196143e+01 
-5.038401e+00 -1.198515e+01 
-5.140203e+00 -1.200483e+01 
-5.242029e+00 -1.202063e+01 
-5.343876e+00 -1.203256e+01 
-5.445742e+00 -1.204064e+01 
-5.547624e+00 -1.204486e+01 
-5.649519e+00 -1.204522e+01 
-5.751424e+00 -1.204169e+01 
-5.853336e+00 -1.203425e+01 
-5.955251e+00 -1.202285e+01 
-6.057141e+00 -1.200751e+01 
-6.158975e+00 -1.198827e+01 
-6.260764e+00 -1.196516e+01 
-6.362547e+00 -1.193808e+01 
-6.464110e+00 -1.190748e+01 
-6.565135e+00 -1.187465e+01 
-6.665891e+00 -1.184012e+01 
-6.766642e+00 -1.180378e+01 
-6.867398e+00 -1.176560e+01 
-6.968156e+00 -1.172553e+01 
-7.068917e+00 -1.168353e+01 
-7.169684e+00 -1.163954e+01 
-7.270452e+00 -1.159352e+01 
-7.371227e+00 -1.154539e+01 
-7.472003e+00 -1.149511e+01 
-7.572788e+00 -1.144258e+01 
-7.673574e+00 -1.138775e+01 
-7.774367e+00 -1.133053e+01 
-7.875164e+00 -1.127081e+01 
-7.975966e+00 -1.120852e+01 
-8.076774e+00 -1.114352e+01 
-8.177584e+00 -1.107572e+01 
-8.278398e+00 -1.100499e+01 
-8.379217e+00 -1.093117e+01 
-8.480037e+00 -1.085414e+01 
-8.580842e+00 -1.077380e+01 
-8.681572e+00 -1.069037e+01 
-8.782248e+00 -1.060394e+01 
-8.882839e+00 -1.051480e+01 
-8.983315e+00 -1.042345e+01 
-9.083769e+00 -1.032982e+01 
-9.184205e+00 -1.023393e+01 
-9.284631e+00 -1.013575e+01 
-9.384906e+00 -1.003533e+01 
-9.482804e+00 -9.934901e+00 
-9.578390e+00 -9.834470e+00 
-9.671726e+00 -9.734036e+00 
-9.762871e+00 -9.633600e+00 
-9.851883e+00 -9.533162e+00 
-9.938816e+00 -9.432721e+00 
-1.002372e+01 -9.332278e+00 
-1.010666e+01 -9.231834e+00 
-1.018767e+01 -9.131388e+00 
-1.026680e+01 -9.030940e+00 
-1.034410e+01 -8.930492e+00 
-1.041960e+01 -8.830043e+00 
-1.049337e+01 -8.729593e+00 
-1.056542e+01 -8.629143e+00 
-1.063581e+01 -8.528692e+00 
-1.070457e+01 -8.428242e+00 
-1.077174e+01 -8.327792e+00 
-1.083735e+01 -8.227342e+00 
-1.090144e+01 -8.126892e+00 
-1.096404e+01 -8.026444e+00 
-1.102518e+01 -7.925996e+00 
-1.108489e+01 -7.825549e+00 
-1.114321e+01 -7.725104e+00 
-1.120016e+01 -7.624660e+00 
-1.125577e+01 -7.524217e+00 
-1.131006e+01 -7.423776e+00 
-1.136307e+01 -7.323337e+00 
-1.141490e+01 -7.222934e+00 
-1.146570e+01 -7.122582e+00 
-1.151554e+01 -7.022243e+00 
-1.156444e+01 -6.921904e+00 
-1.161241e+01 -6.821563e+00 
-1.165944e+01 -6.721222e+00 
-1.170556e+01 -6.620880e+00 
-1.175077e+01 -6.520538e+00 
-1.179508e+01 -6.420195e+00 
-1.183849e+01 -6.319852e+00 
-1.188101e+01 -6.219509e+00 
-1.192265e+01 -6.119165e+00 
-1.196342e+01 -6.018821e+00 
-1.200333e+01 -5.918477e+00 
-1.204238e+01 -5.818132e+00 
-1.208058e+01 -5.717788e+00 
-1.211793e+01 -5.617444e+00 
-1.215446e+01 -5.517100e+00 
-1.219015e+01 -5.416756e+00 
-1.222502e+01 -5.316412e+00 
-1.225907e+01 -5.216068e+00 
-1.229232e+01 -5.115725e+00 
-1.232476e+01 -5.015382e+00 
-1.235641e+01 -4.915040e+00 
-1.238727e+01 -4.814697e+00 
-1.241735e+01 -4.714356e+00 
-1.244665e+01 -4.614014e+00 
-1.247518e+01 -4.513675e+00 
-1.250296e+01 -4.413338e+00 
-1.252998e+01 -4.313003e+00 
-1.255626e+01 -4.212671e+00 
-1.258182e+01 -4.112341e+00 
-1.260665e+01 -4.012011e+00 
-1.263075e+01 -3.911679e+00 
-1.265413e+01 -3.811346e+00 
-1.267678e+01 -3.711009e+00 
-1.269870e+01 -3.610672e+00 
-1.271990e+01 -3.510334e+00 
-1.274038e+01 -3.409997e+00 
-1.276014e+01 -3.309660e+00 
-1.277918e+01 -3.209323e+00 
-1.279751e+01 -3.108986e+00 
-1.281514e+01 -3.008650e+00 
-1.283206e+01 -2.908313e+00 
-1.284827e+01 -2.807976e+00 
-1.286379e+01 -2.707640e+00 
-1.287860e+01 -2.607304e+00 
-1.289273e+01 -2.506969e+00 
-1.290622e+01 -2.406666e+00 
-1.291913e+01 -2.306382e+00 
-1.293145e+01 -2.206099e+00 
-1.294320e+01 -2.105816e+00 
-1.295437e+01 -2.005533e+00 
-1.296492e+01 -1.905231e+00 
-1.297486e+01 -1.804932e+00 
-1.298420e+01 -1.704633e+00 
-1.299292e+01 -1.604333e+00 
-1.300104e+01 -1.504034e+00 
-1.300855e+01 -1.403733e+00 
-1.301546e+01 -1.303433e+00 
-1.302175e+01 -1.203132e+00 
-1.302744e+01 -1.102831e+00 
-1.303252e+01 -1.002530e+00 
-1.303700e+01 -9.022281e-01 
-1.304087e+01 -8.019265e-01 
-1.304413e+01 -7.016248e-01 
-1.304678e+01 -6.013230e-01 
-1.304883e+01 -5.010212e-01 
-1.305028e+01 -4.007193e-01 
-1.295029e+01 -3.992807e-01 
