4.953937e+01 -5.987888e-01 
4.953694e+01 -6.986926e-01 
4.953433e+01 -7.985948e-01 
4.953152e+01 -8.984953e-01 
4.952852e+01 -9.983942e-01 
4.952531e+01 -1.098291e+00 
4.952189e+01 -1.198187e+00 
4.951827e+01 -1.298081e+00 
4.951443e+01 -1.397973e+00 
4.951038e+01 -1.497864e+00 
4.950611e+01 -1.597753e+00 
4.950161e+01 -1.697641e+00 
4.949690e+01 -1.797526e+00 
4.949195e+01 -1.897419e+00 
4.948678e+01 -1.997319e+00 
4.948142e+01 -2.097220e+00 
4.947586e+01 -2.197122e+00 
4.947010e+01 -2.297024e+00 
4.946414e+01 -2.396927e+00 
4.945799e+01 -2.496831e+00 
4.945165e+01 -2.596736e+00 
4.944511e+01 -2.696642e+00 
4.943839e+01 -2.796548e+00 
4.943147e+01 -2.896455e+00 
4.942437e+01 -2.996363e+00 
4.941709e+01 -3.096272e+00 
4.940962e+01 -3.196182e+00 
4.940196e+01 -3.296092e+00 
4.939413e+01 -3.396004e+00 
4.938612e+01 -3.495916e+00 
4.937793e+01 -3.595829e+00 
4.936957e+01 -3.695743e+00 
4.936103e+01 -3.795658e+00 
4.935232e+01 -3.895573e+00 
4.934344e+01 -3.995490e+00 
4.933439e+01 -4.095407e+00 
4.932517e+01 -4.195326e+00 
4.931579e+01 -4.295245e+00 
4.930625e+01 -4.395165e+00 
4.929654e+01 -4.495085e+00 
4.928667e+01 -4.594997e+00 
4.927662e+01 -4.694896e+00 
4.926637e+01 -4.794782e+00 
4.925589e+01 -4.894658e+00 
4.924516e+01 -4.994533e+00 
4.923417e+01 -5.094407e+00 
4.922293e+01 -5.194281e+00 
4.921143e+01 -5.294156e+00 
4.919968e+01 -5.394030e+00 
4.918767e+01 -5.493903e+00 
4.917540e+01 -5.593777e+00 
4.916287e+01 -5.693651e+00 
4.915009e+01 -5.793524e+00 
4.913704e+01 -5.893398e+00 
4.912374e+01 -5.993271e+00 
4.911017e+01 -6.093144e+00 
4.909635e+01 -6.193017e+00 
4.908226e+01 -6.292890e+00 
4.906791e+01 -6.392762e+00 
4.905330e+01 -6.492635e+00 
4.903843e+01 -6.592507e+00 
4.902329e+01 -6.692379e+00 
4.900789e+01 -6.792251e+00 
4.899222e+01 -6.892123e+00 
4.897629e+01 -6.991995e+00 
4.896009e+01 -7.091866e+00 
4.894363e+01 -7.191738e+00 
4.892689e+01 -7.291609e+00 
4.890989e+01 -7.391480e+00 
4.889262e+01 -7.491350e+00 
4.887508e+01 -7.591221e+00 
4.885727e+01 -7.691091e+00 
4.883918e+01 -7.790961e+00 
4.882083e+01 -7.890831e+00 
4.880220e+01 -7.990701e+00 
4.878330e+01 -8.090571e+00 
4.876412e+01 -8.190440e+00 
4.874466e+01 -8.290309e+00 
4.872493e+01 -8.390178e+00 
4.870493e+01 -8.490047e+00 
4.868464e+01 -8.589915e+00 
4.866407e+01 -8.689783e+00 
4.864323e+01 -8.789651e+00 
4.862210e+01 -8.889519e+00 
4.860069e+01 -8.989387e+00 
4.857900e+01 -9.089254e+00 
4.855702e+01 -9.189121e+00 
4.853476e+01 -9.288988e+00 
4.851221e+01 -9.388854e+00 
4.848937e+01 -9.488720e+00 
4.846625e+01 -9.588586e+00 
4.844283e+01 -9.688452e+00 
4.841913e+01 -9.788317e+00 
4.839513e+01 -9.888183e+00 
4.837084e+01 -9.988047e+00 
4.834625e+01 -1.008791e+01 
4.832137e+01 -1.018778e+01 
4.829619e+01 -1.028764e+01 
4.827072e+01 -1.038750e+01 
4.824494e+01 -1.048737e+01 
4.821887e+01 -1.058723e+01 
4.819249e+01 -1.068709e+01 
4.816581e+01 -1.078696e+01 
4.813882e+01 -1.088682e+01 
4.811153e+01 -1.098668e+01 
4.808393e+01 -1.108656e+01 
4.805606e+01 -1.118644e+01 
4.802791e+01 -1.128631e+01 
4.799949e+01 -1.138619e+01 
4.797079e+01 -1.148607e+01 
4.794182e+01 -1.158595e+01 
4.791256e+01 -1.168582e+01 
4.788303e+01 -1.178570e+01 
4.785321e+01 -1.188557e+01 
4.782312e+01 -1.198545e+01 
4.779274e+01 -1.208533e+01 
4.776208e+01 -1.218520e+01 
4.773114e+01 -1.228508e+01 
4.769991e+01 -1.238495e+01 
4.766839e+01 -1.248483e+01 
4.763659e+01 -1.258470e+01 
4.760450e+01 -1.268458e+01 
4.757212e+01 -1.278445e+01 
4.753945e+01 -1.288433e+01 
4.750648e+01 -1.298420e+01 
4.747323e+01 -1.308408e+01 
4.743968e+01 -1.318395e+01 
4.740584e+01 -1.328383e+01 
4.737170e+01 -1.338370e+01 
4.733727e+01 -1.348358e+01 
4.730253e+01 -1.358345e+01 
4.726750e+01 -1.368333e+01 
4.723217e+01 -1.378320e+01 
4.719654e+01 -1.388307e+01 
4.716061e+01 -1.398295e+01 
4.712438e+01 -1.408282e+01 
4.708784e+01 -1.418269e+01 
4.705099e+01 -1.428257e+01 
4.701384e+01 -1.438244e+01 
4.697639e+01 -1.448232e+01 
4.693862e+01 -1.458219e+01 
4.690054e+01 -1.468206e+01 
4.686216e+01 -1.478194e+01 
4.682346e+01 -1.488181e+01 
4.678445e+01 -1.498168e+01 
4.674513e+01 -1.508155e+01 
4.670549e+01 -1.518143e+01 
4.666553e+01 -1.528130e+01 
4.662526e+01 -1.538117e+01 
4.658467e+01 -1.548105e+01 
4.654376e+01 -1.558092e+01 
4.650253e+01 -1.568079e+01 
4.646097e+01 -1.578067e+01 
4.641910e+01 -1.588054e+01 
4.637690e+01 -1.598041e+01 
4.633437e+01 -1.608028e+01 
4.629152e+01 -1.618016e+01 
4.624834e+01 -1.628003e+01 
4.620483e+01 -1.637990e+01 
4.616100e+01 -1.647978e+01 
4.611683e+01 -1.657965e+01 
4.607232e+01 -1.667952e+01 
4.602749e+01 -1.677940e+01 
4.598232e+01 -1.687927e+01 
4.593681e+01 -1.697914e+01 
4.589097e+01 -1.707901e+01 
4.584479e+01 -1.717889e+01 
4.579827e+01 -1.727876e+01 
4.575141e+01 -1.737863e+01 
4.570420e+01 -1.747851e+01 
4.565666e+01 -1.757838e+01 
4.560877e+01 -1.767825e+01 
4.556053e+01 -1.777813e+01 
4.551195e+01 -1.787800e+01 
4.546302e+01 -1.797788e+01 
4.541375e+01 -1.807772e+01 
4.536407e+01 -1.817755e+01 
4.531391e+01 -1.827738e+01 
4.526329e+01 -1.837722e+01 
4.521218e+01 -1.847705e+01 
4.516060e+01 -1.857688e+01 
4.510854e+01 -1.867671e+01 
4.505599e+01 -1.877655e+01 
4.500297e+01 -1.887638e+01 
4.494946e+01 -1.897621e+01 
4.489546e+01 -1.907605e+01 
4.484098e+01 -1.917588e+01 
4.478600e+01 -1.927572e+01 
4.473054e+01 -1.937555e+01 
4.467458e+01 -1.947538e+01 
4.461809e+01 -1.957521e+01 
4.456111e+01 -1.967505e+01 
4.450362e+01 -1.977489e+01 
4.444563e+01 -1.987472e+01 
4.438713e+01 -1.997456e+01 
4.432811e+01 -2.007439e+01 
4.426858e+01 -2.017423e+01 
4.420853e+01 -2.027406e+01 
4.414794e+01 -2.037390e+01 
4.408683e+01 -2.047373e+01 
4.402518e+01 -2.057356e+01 
4.396299e+01 -2.067340e+01 
4.390026e+01 -2.077323e+01 
4.383697e+01 -2.087306e+01 
4.377314e+01 -2.097290e+01 
4.370874e+01 -2.107273e+01 
4.364378e+01 -2.117256e+01 
4.357825e+01 -2.127240e+01 
4.351215e+01 -2.137223e+01 
4.344547e+01 -2.147206e+01 
4.337821e+01 -2.157189e+01 
4.331036e+01 -2.167173e+01 
4.324192e+01 -2.177156e+01 
4.317287e+01 -2.187139e+01 
4.310322e+01 -2.197122e+01 
4.303297e+01 -2.207106e+01 
4.296209e+01 -2.217089e+01 
4.289060e+01 -2.227072e+01 
4.281848e+01 -2.237055e+01 
4.274573e+01 -2.247038e+01 
4.267234e+01 -2.257022e+01 
4.259830e+01 -2.267005e+01 
4.252362e+01 -2.276988e+01 
4.244828e+01 -2.286971e+01 
4.237228e+01 -2.296955e+01 
4.229561e+01 -2.306938e+01 
4.221827e+01 -2.316921e+01 
4.214025e+01 -2.326904e+01 
4.206154e+01 -2.336888e+01 
4.198214e+01 -2.346871e+01 
4.190203e+01 -2.356854e+01 
4.182122e+01 -2.366837e+01 
4.173970e+01 -2.376821e+01 
4.165745e+01 -2.386804e+01 
4.157448e+01 -2.396787e+01 
4.149077e+01 -2.406771e+01 
4.140632e+01 -2.416754e+01 
4.132112e+01 -2.426738e+01 
4.123516e+01 -2.436721e+01 
4.114844e+01 -2.446704e+01 
4.106094e+01 -2.456688e+01 
4.097266e+01 -2.466671e+01 
4.088360e+01 -2.476655e+01 
4.079374e+01 -2.486639e+01 
4.070307e+01 -2.496622e+01 
4.061159e+01 -2.506606e+01 
4.051929e+01 -2.516589e+01 
4.042616e+01 -2.526573e+01 
4.033219e+01 -2.536557e+01 
4.023737e+01 -2.546540e+01 
4.014169e+01 -2.556524e+01 
4.004515e+01 -2.566508e+01 
3.994773e+01 -2.576492e+01 
3.984943e+01 -2.586476e+01 
3.975023e+01 -2.596460e+01 
3.965039e+01 -2.606417e+01 
3.955055e+01 -2.616285e+01 
3.945071e+01 -2.626064e+01 
3.935087e+01 -2.635757e+01 
3.925103e+01 -2.645363e+01 
3.915119e+01 -2.654886e+01 
3.905135e+01 -2.664325e+01 
3.895150e+01 -2.673683e+01 
3.885166e+01 -2.682960e+01 
3.875182e+01 -2.692158e+01 
3.865197e+01 -2.701278e+01 
3.855213e+01 -2.710320e+01 
3.845228e+01 -2.719287e+01 
3.835244e+01 -2.728180e+01 
3.825259e+01 -2.736998e+01 
3.815275e+01 -2.745744e+01 
3.805291e+01 -2.754418e+01 
3.795311e+01 -2.763014e+01 
3.785332e+01 -2.771516e+01 
3.775353e+01 -2.779925e+01 
3.765374e+01 -2.788240e+01 
3.755394e+01 -2.796466e+01 
3.745416e+01 -2.804601e+01 
3.735437e+01 -2.812645e+01 
3.725459e+01 -2.820598e+01 
3.715481e+01 -2.828462e+01 
3.705503e+01 -2.836236e+01 
3.695522e+01 -2.843923e+01 
3.685541e+01 -2.851533e+01 
3.675560e+01 -2.859068e+01 
3.665579e+01 -2.866530e+01 
3.655597e+01 -2.873920e+01 
3.645616e+01 -2.881239e+01 
3.635635e+01 -2.888486e+01 
3.625653e+01 -2.895664e+01 
3.615672e+01 -2.902773e+01 
3.605691e+01 -2.909813e+01 
3.595709e+01 -2.916785e+01 
3.585728e+01 -2.923690e+01 
3.575746e+01 -2.930528e+01 
3.565765e+01 -2.937301e+01 
3.555784e+01 -2.944008e+01 
3.545802e+01 -2.950650e+01 
3.535821e+01 -2.957229e+01 
3.525839e+01 -2.963744e+01 
3.515858e+01 -2.970197e+01 
3.505876e+01 -2.976587e+01 
3.495895e+01 -2.982915e+01 
3.485914e+01 -2.989182e+01 
3.475932e+01 -2.995389e+01 
3.465951e+01 -3.001535e+01 
3.455969e+01 -3.007622e+01 
3.445988e+01 -3.013649e+01 
3.436006e+01 -3.019618e+01 
3.426025e+01 -3.025529e+01 
3.416043e+01 -3.031382e+01 
3.406061e+01 -3.037178e+01 
3.396080e+01 -3.042918e+01 
3.386098e+01 -3.048601e+01 
3.376117e+01 -3.054228e+01 
3.366135e+01 -3.059800e+01 
3.356154e+01 -3.065316e+01 
3.346172e+01 -3.070778e+01 
3.336190e+01 -3.076186e+01 
3.326209e+01 -3.081541e+01 
3.316227e+01 -3.086841e+01 
3.306245e+01 -3.092089e+01 
3.296264e+01 -3.097285e+01 
3.286282e+01 -3.102428e+01 
3.276300e+01 -3.107519e+01 
3.266318e+01 -3.112559e+01 
3.256337e+01 -3.117548e+01 
3.246355e+01 -3.122486e+01 
3.236373e+01 -3.127373e+01 
3.226391e+01 -3.132211e+01 
3.216410e+01 -3.136999e+01 
3.206428e+01 -3.141738e+01 
3.196446e+01 -3.146427e+01 
3.186464e+01 -3.151068e+01 
3.176482e+01 -3.155661e+01 
3.166500e+01 -3.160206e+01 
3.156518e+01 -3.164703e+01 
3.146536e+01 -3.169152e+01 
3.136554e+01 -3.173555e+01 
3.126572e+01 -3.177911e+01 
3.116590e+01 -3.182220e+01 
3.106608e+01 -3.186483e+01 
3.096626e+01 -3.190700e+01 
3.086644e+01 -3.194872e+01 
3.076661e+01 -3.198999e+01 
3.066679e+01 -3.203080e+01 
3.056697e+01 -3.207117e+01 
3.046715e+01 -3.211110e+01 
3.036732e+01 -3.215058e+01 
3.026750e+01 -3.218963e+01 
3.016768e+01 -3.222824e+01 
3.006785e+01 -3.226641e+01 
2.996803e+01 -3.230416e+01 
2.986820e+01 -3.234148e+01 
2.976838e+01 -3.237838e+01 
2.966855e+01 -3.241485e+01 
2.956873e+01 -3.245090e+01 
2.946895e+01 -3.248651e+01 
2.936919e+01 -3.252158e+01 
2.926942e+01 -3.255610e+01 
2.916966e+01 -3.259006e+01 
2.906988e+01 -3.262349e+01 
2.897011e+01 -3.265638e+01 
2.887033e+01 -3.268874e+01 
2.877056e+01 -3.272059e+01 
2.867078e+01 -3.275193e+01 
2.857099e+01 -3.278276e+01 
2.847121e+01 -3.281310e+01 
2.837142e+01 -3.284295e+01 
2.827163e+01 -3.287232e+01 
2.817184e+01 -3.290122e+01 
2.807205e+01 -3.292964e+01 
2.797225e+01 -3.295761e+01 
2.787245e+01 -3.298512e+01 
2.777265e+01 -3.301218e+01 
2.767285e+01 -3.303880e+01 
2.757305e+01 -3.306498e+01 
2.747324e+01 -3.309073e+01 
2.737343e+01 -3.311605e+01 
2.727362e+01 -3.314095e+01 
2.717381e+01 -3.316544e+01 
2.707400e+01 -3.318952e+01 
2.697422e+01 -3.321318e+01 
2.687447e+01 -3.323636e+01 
2.677473e+01 -3.325899e+01 
2.667499e+01 -3.328107e+01 
2.657525e+01 -3.330260e+01 
2.647550e+01 -3.332358e+01 
2.637576e+01 -3.334402e+01 
2.627602e+01 -3.336391e+01 
2.617627e+01 -3.338326e+01 
2.607653e+01 -3.340207e+01 
2.597678e+01 -3.342035e+01 
2.587703e+01 -3.343810e+01 
2.577729e+01 -3.345531e+01 
2.567754e+01 -3.347200e+01 
2.557779e+01 -3.348816e+01 
2.547804e+01 -3.350380e+01 
2.537830e+01 -3.351892e+01 
2.527855e+01 -3.353352e+01 
2.517880e+01 -3.354761e+01 
2.507905e+01 -3.356118e+01 
2.497929e+01 -3.357425e+01 
2.487954e+01 -3.358680e+01 
2.477979e+01 -3.359885e+01 
2.468004e+01 -3.361040e+01 
2.458028e+01 -3.362144e+01 
2.448053e+01 -3.363199e+01 
2.438077e+01 -3.364204e+01 
2.428101e+01 -3.365159e+01 
2.418126e+01 -3.366066e+01 
2.408150e+01 -3.366923e+01 
2.398174e+01 -3.367732e+01 
2.388198e+01 -3.368492e+01 
2.378222e+01 -3.369205e+01 
2.368245e+01 -3.369869e+01 
2.358269e+01 -3.370485e+01 
2.348293e+01 -3.371054e+01 
2.338316e+01 -3.371576e+01 
2.328340e+01 -3.372051e+01 
2.318363e+01 -3.372479e+01 
2.308386e+01 -3.372860e+01 
2.298409e+01 -3.373195e+01 
2.288432e+01 -3.373484e+01 
2.278455e+01 -3.373727e+01 
2.268478e+01 -3.373924e+01 
2.258500e+01 -3.374076e+01 
2.248523e+01 -3.374183e+01 
2.238545e+01 -3.374245e+01 
2.228567e+01 -3.374262e+01 
2.218590e+01 -3.374235e+01 
2.208612e+01 -3.374164e+01 
2.198634e+01 -3.374048e+01 
2.188655e+01 -3.373889e+01 
2.178677e+01 -3.373686e+01 
2.168699e+01 -3.373440e+01 
2.158720e+01 -3.373151e+01 
2.148741e+01 -3.372819e+01 
2.138762e+01 -3.372445e+01 
2.128784e+01 -3.372028e+01 
2.118804e+01 -3.371569e+01 
2.108825e+01 -3.371068e+01 
2.098846e+01 -3.370525e+01 
2.088866e+01 -3.369941e+01 
2.078887e+01 -3.369316e+01 
2.068907e+01 -3.368650e+01 
2.058927e+01 -3.367943e+01 
2.048947e+01 -3.367196e+01 
2.038967e+01 -3.366408e+01 
2.028987e+01 -3.365581e+01 
2.019006e+01 -3.364713e+01 
2.009026e+01 -3.363806e+01 
1.999045e+01 -3.362860e+01 
1.989064e+01 -3.361875e+01 
1.979083e+01 -3.360851e+01 
1.969102e+01 -3.359788e+01 
1.959121e+01 -3.358687e+01 
1.949140e+01 -3.357547e+01 
1.939159e+01 -3.356370e+01 
1.929180e+01 -3.355154e+01 
1.919201e+01 -3.353895e+01 
1.909223e+01 -3.352591e+01 
1.899245e+01 -3.351243e+01 
1.889266e+01 -3.349851e+01 
1.879287e+01 -3.348415e+01 
1.869309e+01 -3.346935e+01 
1.859330e+01 -3.345411e+01 
1.849350e+01 -3.343844e+01 
1.839372e+01 -3.342233e+01 
1.829399e+01 -3.340579e+01 
1.819430e+01 -3.338870e+01 
1.809462e+01 -3.337096e+01 
1.799494e+01 -3.335254e+01 
1.789525e+01 -3.333346e+01 
1.779557e+01 -3.331372e+01 
1.769588e+01 -3.329330e+01 
1.759620e+01 -3.327222e+01 
1.749651e+01 -3.325047e+01 
1.739682e+01 -3.322805e+01 
1.729713e+01 -3.320495e+01 
1.719744e+01 -3.318119e+01 
1.709774e+01 -3.315675e+01 
1.699802e+01 -3.313166e+01 
1.689827e+01 -3.310595e+01 
1.679851e+01 -3.307968e+01 
1.669874e+01 -3.305288e+01 
1.659897e+01 -3.302557e+01 
1.649920e+01 -3.299775e+01 
1.639942e+01 -3.296942e+01 
1.629965e+01 -3.294057e+01 
1.619987e+01 -3.291122e+01 
1.610010e+01 -3.288136e+01 
1.600032e+01 -3.285099e+01 
1.590054e+01 -3.282010e+01 
1.580077e+01 -3.278871e+01 
1.570099e+01 -3.275680e+01 
1.560120e+01 -3.272439e+01 
1.550142e+01 -3.269147e+01 
1.540164e+01 -3.265804e+01 
1.530185e+01 -3.262409e+01 
1.520207e+01 -3.258965e+01 
1.510228e+01 -3.255469e+01 
1.500249e+01 -3.251923e+01 
1.490270e+01 -3.248326e+01 
1.480291e+01 -3.244678e+01 
1.470312e+01 -3.240981e+01 
1.460332e+01 -3.237232e+01 
1.450353e+01 -3.233434e+01 
1.440373e+01 -3.229586e+01 
1.430393e+01 -3.225687e+01 
1.420413e+01 -3.221739e+01 
1.410433e+01 -3.217741e+01 
1.400453e+01 -3.213693e+01 
1.390472e+01 -3.209596e+01 
1.380491e+01 -3.205449e+01 
1.370511e+01 -3.201253e+01 
1.360530e+01 -3.197009e+01 
1.350548e+01 -3.192715e+01 
1.340567e+01 -3.188373e+01 
1.330585e+01 -3.183982e+01 
1.320604e+01 -3.179543e+01 
1.310622e+01 -3.175056e+01 
1.300640e+01 -3.170522e+01 
1.290658e+01 -3.165939e+01 
1.280676e+01 -3.161310e+01 
1.270703e+01 -3.156634e+01 
1.260731e+01 -3.151886e+01 
1.250759e+01 -3.147063e+01 
1.240786e+01 -3.142163e+01 
1.230814e+01 -3.137187e+01 
1.220841e+01 -3.132133e+01 
1.210869e+01 -3.127001e+01 
1.200896e+01 -3.121792e+01 
1.190923e+01 -3.116504e+01 
1.180950e+01 -3.111137e+01 
1.170977e+01 -3.105690e+01 
1.161004e+01 -3.100164e+01 
1.151030e+01 -3.094558e+01 
1.141057e+01 -3.088871e+01 
1.131083e+01 -3.083104e+01 
1.121109e+01 -3.077256e+01 
1.111135e+01 -3.071326e+01 
1.101163e+01 -3.065314e+01 
1.091191e+01 -3.059216e+01 
1.081219e+01 -3.053025e+01 
1.071247e+01 -3.046741e+01 
1.061274e+01 -3.040365e+01 
1.051301e+01 -3.033898e+01 
1.041327e+01 -3.027339e+01 
1.031353e+01 -3.020690e+01 
1.021378e+01 -3.013952e+01 
1.011403e+01 -3.007123e+01 
1.001427e+01 -3.000207e+01 
9.914502e+00 -2.993203e+01 
9.814732e+00 -2.986113e+01 
9.714956e+00 -2.978937e+01 
9.615175e+00 -2.971677e+01 
9.515388e+00 -2.964333e+01 
9.415596e+00 -2.956906e+01 
9.315799e+00 -2.949399e+01 
9.215996e+00 -2.941811e+01 
9.116188e+00 -2.934145e+01 
9.016374e+00 -2.926401e+01 
8.916587e+00 -2.918583e+01 
8.816891e+00 -2.910685e+01 
8.717194e+00 -2.902659e+01 
8.617493e+00 -2.894504e+01 
8.517787e+00 -2.886219e+01 
8.418075e+00 -2.877804e+01 
8.318359e+00 -2.869258e+01 
8.218637e+00 -2.860581e+01 
8.118910e+00 -2.851773e+01 
8.019178e+00 -2.842834e+01 
7.919441e+00 -2.833764e+01 
7.819698e+00 -2.824562e+01 
7.719949e+00 -2.815230e+01 
7.620195e+00 -2.805767e+01 
7.520436e+00 -2.796174e+01 
7.420677e+00 -2.786451e+01 
7.320938e+00 -2.776598e+01 
7.221453e+00 -2.766625e+01 
7.123421e+00 -2.756651e+01 
7.026798e+00 -2.746676e+01 
6.931544e+00 -2.736702e+01 
6.837620e+00 -2.726727e+01 
6.744989e+00 -2.716752e+01 
6.653616e+00 -2.706777e+01 
6.563465e+00 -2.696802e+01 
6.474504e+00 -2.686826e+01 
6.386700e+00 -2.676850e+01 
6.300023e+00 -2.666874e+01 
6.214442e+00 -2.656898e+01 
6.129930e+00 -2.646921e+01 
6.046458e+00 -2.636944e+01 
5.964000e+00 -2.626967e+01 
5.882532e+00 -2.616990e+01 
5.802028e+00 -2.607012e+01 
5.722464e+00 -2.597034e+01 
5.643816e+00 -2.587056e+01 
5.566064e+00 -2.577078e+01 
5.489185e+00 -2.567099e+01 
5.413159e+00 -2.557121e+01 
5.337964e+00 -2.547141e+01 
5.263583e+00 -2.537162e+01 
5.189996e+00 -2.527183e+01 
5.117187e+00 -2.517203e+01 
5.045150e+00 -2.507223e+01 
4.973874e+00 -2.497245e+01 
4.903411e+00 -2.487267e+01 
4.833783e+00 -2.477295e+01 
4.765179e+00 -2.467325e+01 
4.697627e+00 -2.457354e+01 
4.631089e+00 -2.447383e+01 
4.565530e+00 -2.437411e+01 
4.500914e+00 -2.427438e+01 
4.437211e+00 -2.417465e+01 
4.374388e+00 -2.407491e+01 
4.312414e+00 -2.397516e+01 
4.251261e+00 -2.387541e+01 
4.190900e+00 -2.377565e+01 
4.131303e+00 -2.367589e+01 
4.072444e+00 -2.357612e+01 
4.014298e+00 -2.347634e+01 
3.956840e+00 -2.337656e+01 
3.900046e+00 -2.327678e+01 
3.843893e+00 -2.317698e+01 
3.788360e+00 -2.307718e+01 
3.733424e+00 -2.297738e+01 
3.679065e+00 -2.287757e+01 
3.625265e+00 -2.277776e+01 
3.572002e+00 -2.267794e+01 
3.519259e+00 -2.257811e+01 
3.467019e+00 -2.247828e+01 
3.415263e+00 -2.237845e+01 
3.363976e+00 -2.227861e+01 
3.313141e+00 -2.217876e+01 
3.262744e+00 -2.207892e+01 
3.212768e+00 -2.197906e+01 
3.163201e+00 -2.187921e+01 
3.114028e+00 -2.177935e+01 
3.065236e+00 -2.167948e+01 
3.016812e+00 -2.157961e+01 
2.968743e+00 -2.147974e+01 
2.921018e+00 -2.137986e+01 
2.873626e+00 -2.127998e+01 
2.826554e+00 -2.118010e+01 
2.779793e+00 -2.108021e+01 
2.733351e+00 -2.098036e+01 
2.687384e+00 -2.088066e+01 
2.642228e+00 -2.078098e+01 
2.597867e+00 -2.068124e+01 
2.554196e+00 -2.058151e+01 
2.511221e+00 -2.048178e+01 
2.468930e+00 -2.038200e+01 
2.427165e+00 -2.028213e+01 
2.385720e+00 -2.018226e+01 
2.344602e+00 -2.008239e+01 
2.303819e+00 -1.998253e+01 
2.263379e+00 -1.988267e+01 
2.223287e+00 -1.978281e+01 
2.183549e+00 -1.968295e+01 
2.144170e+00 -1.958310e+01 
2.105154e+00 -1.948325e+01 
2.066504e+00 -1.938340e+01 
2.028222e+00 -1.928355e+01 
1.990310e+00 -1.918370e+01 
1.952769e+00 -1.908385e+01 
1.915601e+00 -1.898400e+01 
1.878819e+00 -1.888420e+01 
1.842533e+00 -1.878446e+01 
1.806870e+00 -1.868472e+01 
1.771820e+00 -1.858497e+01 
1.737360e+00 -1.848521e+01 
1.703471e+00 -1.838545e+01 
1.670134e+00 -1.828568e+01 
1.637330e+00 -1.818590e+01 
1.605040e+00 -1.808612e+01 
1.573248e+00 -1.798633e+01 
1.541935e+00 -1.788653e+01 
1.511085e+00 -1.778673e+01 
1.480681e+00 -1.768691e+01 
1.450699e+00 -1.758707e+01 
1.421053e+00 -1.748718e+01 
1.391651e+00 -1.738728e+01 
1.362473e+00 -1.728737e+01 
1.333509e+00 -1.718747e+01 
1.304759e+00 -1.708758e+01 
1.276279e+00 -1.698777e+01 
1.248236e+00 -1.688800e+01 
1.220713e+00 -1.678823e+01 
1.193698e+00 -1.668845e+01 
1.167164e+00 -1.658865e+01 
1.141084e+00 -1.648885e+01 
1.115434e+00 -1.638904e+01 
1.090193e+00 -1.628922e+01 
1.065339e+00 -1.618938e+01 
1.040853e+00 -1.608955e+01 
1.016719e+00 -1.598970e+01 
9.929090e-01 -1.588984e+01 
9.693950e-01 -1.578996e+01 
9.461504e-01 -1.569008e+01 
9.231502e-01 -1.559018e+01 
9.003719e-01 -1.549027e+01 
8.777927e-01 -1.539036e+01 
8.553912e-01 -1.529043e+01 
8.331473e-01 -1.519050e+01 
8.110476e-01 -1.509058e+01 
7.891247e-01 -1.499069e+01 
7.674450e-01 -1.489082e+01 
7.460090e-01 -1.479078e+01 
7.245269e-01 -1.469087e+01 
7.032249e-01 -1.459096e+01 
6.821065e-01 -1.449103e+01 
6.611618e-01 -1.439114e+01 
6.404428e-01 -1.429127e+01 
6.200031e-01 -1.419142e+01 
5.998931e-01 -1.409159e+01 
5.801521e-01 -1.399178e+01 
5.608160e-01 -1.389199e+01 
5.419184e-01 -1.379221e+01 
5.234942e-01 -1.369246e+01 
5.055770e-01 -1.359271e+01 
4.881829e-01 -1.349293e+01 
4.712455e-01 -1.339316e+01 
4.547935e-01 -1.329339e+01 
4.388301e-01 -1.319366e+01 
4.234129e-01 -1.309393e+01 
4.085523e-01 -1.299418e+01 
3.942046e-01 -1.289441e+01 
3.803366e-01 -1.279463e+01 
3.669235e-01 -1.269485e+01 
3.539433e-01 -1.259505e+01 
3.413764e-01 -1.249524e+01 
3.292271e-01 -1.239561e+01 
3.178245e-01 -1.229590e+01 
3.069997e-01 -1.219616e+01 
2.967003e-01 -1.209640e+01 
2.868793e-01 -1.199661e+01 
2.774930e-01 -1.189681e+01 
2.685002e-01 -1.179698e+01 
2.598471e-01 -1.169706e+01 
2.513601e-01 -1.159723e+01 
2.432195e-01 -1.149737e+01 
2.353536e-01 -1.139751e+01 
2.277708e-01 -1.129766e+01 
2.204858e-01 -1.119781e+01 
2.135116e-01 -1.109797e+01 
2.068595e-01 -1.099814e+01 
2.005384e-01 -1.089830e+01 
1.945270e-01 -1.079825e+01 
1.884269e-01 -1.069822e+01 
1.822661e-01 -1.059826e+01 
1.761961e-01 -1.049830e+01 
1.701984e-01 -1.039834e+01 
1.642771e-01 -1.029838e+01 
1.584381e-01 -1.019842e+01 
1.526897e-01 -1.009848e+01 
1.470611e-01 -9.998556e+00 
1.415793e-01 -9.898632e+00 
1.362514e-01 -9.798715e+00 
1.310874e-01 -9.698754e+00 
1.260615e-01 -9.600762e+00 
1.250000e-01 -9.501295e+00 
1.250000e-01 -9.401295e+00 
1.250000e-01 -9.301295e+00 
1.250000e-01 -9.201295e+00 
1.250000e-01 -9.101295e+00 
1.250000e-01 -9.001295e+00 
1.250000e-01 -8.901295e+00 
1.250000e-01 -8.801295e+00 
1.250000e-01 -8.701295e+00 
1.250000e-01 -8.601295e+00 
1.250000e-01 -8.501295e+00 
1.250000e-01 -8.401295e+00 
1.250000e-01 -8.301295e+00 
1.250000e-01 -8.201295e+00 
1.250000e-01 -8.101295e+00 
1.250000e-01 -8.001295e+00 
1.250000e-01 -7.901295e+00 
1.250000e-01 -7.801295e+00 
1.250000e-01 -7.701295e+00 
1.250000e-01 -7.601295e+00 
1.250000e-01 -7.501295e+00 
1.250000e-01 -7.401295e+00 
1.250000e-01 -7.301295e+00 
1.250000e-01 -7.201295e+00 
1.250000e-01 -7.101295e+00 
1.250000e-01 -7.001295e+00 
1.250000e-01 -6.901295e+00 
1.250000e-01 -6.801295e+00 
1.250000e-01 -6.701295e+00 
1.250000e-01 -6.601295e+00 
1.250000e-01 -6.501295e+00 
1.250000e-01 -6.401295e+00 
1.250000e-01 -6.301295e+00 
1.250000e-01 -6.201295e+00 
1.250000e-01 -6.101295e+00 
1.250000e-01 -6.001295e+00 
1.250000e-01 -5.901295e+00 
1.250000e-01 -5.801295e+00 
1.250000e-01 -5.701295e+00 
1.250000e-01 -5.601295e+00 
1.250000e-01 -5.501295e+00 
1.250000e-01 -5.401295e+00 
1.250000e-01 -5.301295e+00 
1.250000e-01 -5.201295e+00 
1.250000e-01 -5.101295e+00 
1.250000e-01 -5.001295e+00 
1.250000e-01 -4.901295e+00 
1.250000e-01 -4.801295e+00 
1.250000e-01 -4.701295e+00 
1.250000e-01 -4.601295e+00 
1.250000e-01 -4.501295e+00 
1.250000e-01 -4.401295e+00 
1.250000e-01 -4.301295e+00 
1.250000e-01 -4.201295e+00 
1.250000e-01 -4.101295e+00 
1.250000e-01 -4.001295e+00 
1.250000e-01 -3.901295e+00 
1.250000e-01 -3.801295e+00 
1.250000e-01 -3.701295e+00 
1.250000e-01 -3.601295e+00 
1.250000e-01 -3.501295e+00 
1.250000e-01 -3.401295e+00 
1.250000e-01 -3.301295e+00 
1.250000e-01 -3.201295e+00 
1.250000e-01 -3.101295e+00 
1.250000e-01 -3.001295e+00 
1.250000e-01 -2.901295e+00 
1.250000e-01 -2.801295e+00 
1.250000e-01 -2.701295e+00 
1.250000e-01 -2.601295e+00 
1.250000e-01 -2.501295e+00 
1.250000e-01 -2.401295e+00 
1.250000e-01 -2.301295e+00 
1.250000e-01 -2.201295e+00 
1.250000e-01 -2.101295e+00 
1.250000e-01 -2.001295e+00 
1.250000e-01 -1.901295e+00 
1.250000e-01 -1.801295e+00 
1.250000e-01 -1.701295e+00 
1.250000e-01 -1.601295e+00 
1.250000e-01 -1.501295e+00 
1.250000e-01 -1.401295e+00 
1.250000e-01 -1.301295e+00 
1.250000e-01 -1.201295e+00 
1.250000e-01 -1.101295e+00 
1.250000e-01 -1.001295e+00 
1.250000e-01 -9.012946e-01 
1.250000e-01 -8.012946e-01 
1.250000e-01 -7.012946e-01 
1.250000e-01 -6.012946e-01 
1.250000e-01 -5.012946e-01 
1.250000e-01 -4.012946e-01 
1.250000e-01 -3.012946e-01 
1.250000e-01 -2.012946e-01 
1.250000e-01 -1.012946e-01 
1.250000e-01 -1.294585e-03 
1.250000e-01 1.294585e-03 
1.250000e-01 1.012946e-01 
1.250000e-01 2.012946e-01 
1.250000e-01 3.012946e-01 
1.250000e-01 4.012946e-01 
1.250000e-01 5.012946e-01 
1.250000e-01 6.012946e-01 
1.250000e-01 7.012946e-01 
1.250000e-01 8.012946e-01 
1.250000e-01 9.012946e-01 
1.250000e-01 1.001295e+00 
1.250000e-01 1.101295e+00 
1.250000e-01 1.201295e+00 
1.250000e-01 1.301295e+00 
1.250000e-01 1.401295e+00 
1.250000e-01 1.501295e+00 
1.250000e-01 1.601295e+00 
1.250000e-01 1.701295e+00 
1.250000e-01 1.801295e+00 
1.250000e-01 1.901295e+00 
1.250000e-01 2.001295e+00 
1.250000e-01 2.101295e+00 
1.250000e-01 2.201295e+00 
1.250000e-01 2.301295e+00 
1.250000e-01 2.401295e+00 
1.250000e-01 2.501295e+00 
1.250000e-01 2.601295e+00 
1.250000e-01 2.701295e+00 
1.250000e-01 2.801295e+00 
1.250000e-01 2.901295e+00 
1.250000e-01 3.001295e+00 
1.250000e-01 3.101295e+00 
1.250000e-01 3.201295e+00 
1.250000e-01 3.301295e+00 
1.250000e-01 3.401295e+00 
1.250000e-01 3.501295e+00 
1.250000e-01 3.601295e+00 
1.250000e-01 3.701295e+00 
1.250000e-01 3.801295e+00 
1.250000e-01 3.901295e+00 
1.250000e-01 4.001295e+00 
1.250000e-01 4.101295e+00 
1.250000e-01 4.201295e+00 
1.250000e-01 4.301295e+00 
1.250000e-01 4.401295e+00 
1.250000e-01 4.501295e+00 
1.250000e-01 4.601295e+00 
1.250000e-01 4.701295e+00 
1.250000e-01 4.801295e+00 
1.250000e-01 4.901295e+00 
1.250000e-01 5.001295e+00 
1.250000e-01 5.101295e+00 
1.250000e-01 5.201295e+00 
1.250000e-01 5.301295e+00 
1.250000e-01 5.401295e+00 
1.250000e-01 5.501295e+00 
1.250000e-01 5.601295e+00 
1.250000e-01 5.701295e+00 
1.250000e-01 5.801295e+00 
1.250000e-01 5.901295e+00 
1.250000e-01 6.001295e+00 
1.250000e-01 6.101295e+00 
1.250000e-01 6.201295e+00 
1.250000e-01 6.301295e+00 
1.250000e-01 6.401295e+00 
1.250000e-01 6.501295e+00 
1.250000e-01 6.601295e+00 
1.250000e-01 6.701295e+00 
1.250000e-01 6.801295e+00 
1.250000e-01 6.901295e+00 
1.250000e-01 7.001295e+00 
1.250000e-01 7.101295e+00 
1.250000e-01 7.201295e+00 
1.250000e-01 7.301295e+00 
1.250000e-01 7.401295e+00 
1.250000e-01 7.501295e+00 
1.250000e-01 7.601295e+00 
1.250000e-01 7.701295e+00 
1.250000e-01 7.801295e+00 
1.250000e-01 7.901295e+00 
1.250000e-01 8.001295e+00 
1.250000e-01 8.101295e+00 
1.250000e-01 8.201295e+00 
1.250000e-01 8.301295e+00 
1.250000e-01 8.401295e+00 
1.250000e-01 8.501295e+00 
1.250000e-01 8.601295e+00 
1.250000e-01 8.701295e+00 
1.250000e-01 8.801295e+00 
1.250000e-01 8.901295e+00 
1.250000e-01 9.001295e+00 
1.250000e-01 9.101295e+00 
1.250000e-01 9.201295e+00 
1.250000e-01 9.301295e+00 
1.250000e-01 9.401295e+00 
1.249972e-01 9.500762e+00 
1.259997e-01 9.598754e+00 
1.310854e-01 9.698715e+00 
1.362471e-01 9.798632e+00 
1.415752e-01 9.898556e+00 
1.470570e-01 9.998483e+00 
1.526863e-01 1.009842e+01 
1.584355e-01 1.019838e+01 
1.642747e-01 1.029834e+01 
1.701962e-01 1.039830e+01 
1.761939e-01 1.049826e+01 
1.822633e-01 1.059822e+01 
1.884289e-01 1.069825e+01 
1.945297e-01 1.079830e+01 
2.005285e-01 1.089814e+01 
2.068488e-01 1.099797e+01 
2.135007e-01 1.109781e+01 
2.204747e-01 1.119766e+01 
2.277598e-01 1.129751e+01 
2.353427e-01 1.139737e+01 
2.432086e-01 1.149723e+01 
1.435392e-01 1.150536e+01 
1.356515e-01 1.140522e+01 
1.280468e-01 1.130508e+01 
1.207398e-01 1.120493e+01 
1.137437e-01 1.110478e+01 
1.070700e-01 1.100462e+01 
1.007283e-01 1.090445e+01 
9.470972e-02 1.080429e+01 
8.861433e-02 1.070434e+01 
8.245271e-02 1.060437e+01 
7.637779e-02 1.050433e+01 
7.037567e-02 1.040429e+01 
6.444966e-02 1.030425e+01 
5.860567e-02 1.020421e+01 
5.285128e-02 1.010417e+01 
4.721525e-02 1.000411e+01 
4.172533e-02 9.904033e+00 
3.638895e-02 9.803957e+00 
3.121859e-02 9.703874e+00 
2.612891e-02 9.603835e+00 
2.500283e-02 9.501827e+00 
2.500000e-02 9.401295e+00 
2.500000e-02 9.301295e+00 
2.500000e-02 9.201295e+00 
2.500000e-02 9.101295e+00 
2.500000e-02 9.001295e+00 
2.500000e-02 8.901295e+00 
2.500000e-02 8.801295e+00 
2.500000e-02 8.701295e+00 
2.500000e-02 8.601295e+00 
2.500000e-02 8.501295e+00 
2.500000e-02 8.401295e+00 
2.500000e-02 8.301295e+00 
2.500000e-02 8.201295e+00 
2.500000e-02 8.101295e+00 
2.500000e-02 8.001295e+00 
2.500000e-02 7.901295e+00 
2.500000e-02 7.801295e+00 
2.500000e-02 7.701295e+00 
2.500000e-02 7.601295e+00 
2.500000e-02 7.501295e+00 
2.500000e-02 7.401295e+00 
2.500000e-02 7.301295e+00 
2.500000e-02 7.201295e+00 
2.500000e-02 7.101295e+00 
2.500000e-02 7.001295e+00 
2.500000e-02 6.901295e+00 
2.500000e-02 6.801295e+00 
2.500000e-02 6.701295e+00 
2.500000e-02 6.601295e+00 
2.500000e-02 6.501295e+00 
2.500000e-02 6.401295e+00 
2.500000e-02 6.301295e+00 
2.500000e-02 6.201295e+00 
2.500000e-02 6.101295e+00 
2.500000e-02 6.001295e+00 
2.500000e-02 5.901295e+00 
2.500000e-02 5.801295e+00 
2.500000e-02 5.701295e+00 
2.500000e-02 5.601295e+00 
2.500000e-02 5.501295e+00 
2.500000e-02 5.401295e+00 
2.500000e-02 5.301295e+00 
2.500000e-02 5.201295e+00 
2.500000e-02 5.101295e+00 
2.500000e-02 5.001295e+00 
2.500000e-02 4.901295e+00 
2.500000e-02 4.801295e+00 
2.500000e-02 4.701295e+00 
2.500000e-02 4.601295e+00 
2.500000e-02 4.501295e+00 
2.500000e-02 4.401295e+00 
2.500000e-02 4.301295e+00 
2.500000e-02 4.201295e+00 
2.500000e-02 4.101295e+00 
2.500000e-02 4.001295e+00 
2.500000e-02 3.901295e+00 
2.500000e-02 3.801295e+00 
2.500000e-02 3.701295e+00 
2.500000e-02 3.601295e+00 
2.500000e-02 3.501295e+00 
2.500000e-02 3.401295e+00 
2.500000e-02 3.301295e+00 
2.500000e-02 3.201295e+00 
2.500000e-02 3.101295e+00 
2.500000e-02 3.001295e+00 
2.500000e-02 2.901295e+00 
2.500000e-02 2.801295e+00 
2.500000e-02 2.701295e+00 
2.500000e-02 2.601295e+00 
2.500000e-02 2.501295e+00 
2.500000e-02 2.401295e+00 
2.500000e-02 2.301295e+00 
2.500000e-02 2.201295e+00 
2.500000e-02 2.101295e+00 
2.500000e-02 2.001295e+00 
2.500000e-02 1.901295e+00 
2.500000e-02 1.801295e+00 
2.500000e-02 1.701295e+00 
2.500000e-02 1.601295e+00 
2.500000e-02 1.501295e+00 
2.500000e-02 1.401295e+00 
2.500000e-02 1.301295e+00 
2.500000e-02 1.201295e+00 
2.500000e-02 1.101295e+00 
2.500000e-02 1.001295e+00 
2.500000e-02 9.012946e-01 
2.500000e-02 8.012946e-01 
2.500000e-02 7.012946e-01 
2.500000e-02 6.012946e-01 
2.500000e-02 5.012946e-01 
2.500000e-02 4.012946e-01 
2.500000e-02 3.012946e-01 
2.500000e-02 2.012946e-01 
2.500000e-02 1.012946e-01 
2.500000e-02 1.294585e-03 
2.500000e-02 -1.294585e-03 
2.500000e-02 -1.012946e-01 
2.500000e-02 -2.012946e-01 
2.500000e-02 -3.012946e-01 
2.500000e-02 -4.012946e-01 
2.500000e-02 -5.012946e-01 
2.500000e-02 -6.012946e-01 
2.500000e-02 -7.012946e-01 
2.500000e-02 -8.012946e-01 
2.500000e-02 -9.012946e-01 
2.500000e-02 -1.001295e+00 
2.500000e-02 -1.101295e+00 
2.500000e-02 -1.201295e+00 
2.500000e-02 -1.301295e+00 
2.500000e-02 -1.401295e+00 
2.500000e-02 -1.501295e+00 
2.500000e-02 -1.601295e+00 
2.500000e-02 -1.701295e+00 
2.500000e-02 -1.801295e+00 
2.500000e-02 -1.901295e+00 
2.500000e-02 -2.001295e+00 
2.500000e-02 -2.101295e+00 
2.500000e-02 -2.201295e+00 
2.500000e-02 -2.301295e+00 
2.500000e-02 -2.401295e+00 
2.500000e-02 -2.501295e+00 
2.500000e-02 -2.601295e+00 
2.500000e-02 -2.701295e+00 
2.500000e-02 -2.801295e+00 
2.500000e-02 -2.901295e+00 
2.500000e-02 -3.001295e+00 
2.500000e-02 -3.101295e+00 
2.500000e-02 -3.201295e+00 
2.500000e-02 -3.301295e+00 
2.500000e-02 -3.401295e+00 
2.500000e-02 -3.501295e+00 
2.500000e-02 -3.601295e+00 
2.500000e-02 -3.701295e+00 
2.500000e-02 -3.801295e+00 
2.500000e-02 -3.901295e+00 
2.500000e-02 -4.001295e+00 
2.500000e-02 -4.101295e+00 
2.500000e-02 -4.201295e+00 
2.500000e-02 -4.301295e+00 
2.500000e-02 -4.401295e+00 
2.500000e-02 -4.501295e+00 
2.500000e-02 -4.601295e+00 
2.500000e-02 -4.701295e+00 
2.500000e-02 -4.801295e+00 
2.500000e-02 -4.901295e+00 
2.500000e-02 -5.001295e+00 
2.500000e-02 -5.101295e+00 
2.500000e-02 -5.201295e+00 
2.500000e-02 -5.301295e+00 
2.500000e-02 -5.401295e+00 
2.500000e-02 -5.501295e+00 
2.500000e-02 -5.601295e+00 
2.500000e-02 -5.701295e+00 
2.500000e-02 -5.801295e+00 
2.500000e-02 -5.901295e+00 
2.500000e-02 -6.001295e+00 
2.500000e-02 -6.101295e+00 
2.500000e-02 -6.201295e+00 
2.500000e-02 -6.301295e+00 
2.500000e-02 -6.401295e+00 
2.500000e-02 -6.501295e+00 
2.500000e-02 -6.601295e+00 
2.500000e-02 -6.701295e+00 
2.500000e-02 -6.801295e+00 
2.500000e-02 -6.901295e+00 
2.500000e-02 -7.001295e+00 
2.500000e-02 -7.101295e+00 
2.500000e-02 -7.201295e+00 
2.500000e-02 -7.301295e+00 
2.500000e-02 -7.401295e+00 
2.500000e-02 -7.501295e+00 
2.500000e-02 -7.601295e+00 
2.500000e-02 -7.701295e+00 
2.500000e-02 -7.801295e+00 
2.500000e-02 -7.901295e+00 
2.500000e-02 -8.001295e+00 
2.500000e-02 -8.101295e+00 
2.500000e-02 -8.201295e+00 
2.500000e-02 -8.301295e+00 
2.500000e-02 -8.401295e+00 
2.500000e-02 -8.501295e+00 
2.500000e-02 -8.601295e+00 
2.500000e-02 -8.701295e+00 
2.500000e-02 -8.801295e+00 
2.500000e-02 -8.901295e+00 
2.500000e-02 -9.001295e+00 
2.500000e-02 -9.101295e+00 
2.500000e-02 -9.201295e+00 
2.500000e-02 -9.301295e+00 
2.500000e-02 -9.401295e+00 
2.500000e-02 -9.501295e+00 
2.606716e-02 -9.601827e+00 
3.121659e-02 -9.703835e+00 
3.638461e-02 -9.803874e+00 
4.172119e-02 -9.903957e+00 
4.721119e-02 -1.000403e+01 
5.284791e-02 -1.010411e+01 
5.860308e-02 -1.020417e+01 
6.444726e-02 -1.030421e+01 
7.037341e-02 -1.040425e+01 
7.637562e-02 -1.050429e+01 
8.244992e-02 -1.060433e+01 
8.861633e-02 -1.070437e+01 
9.471241e-02 -1.080434e+01 
1.007184e-01 -1.090429e+01 
1.070593e-01 -1.100445e+01 
1.137328e-01 -1.110462e+01 
1.207288e-01 -1.120478e+01 
1.280359e-01 -1.130493e+01 
1.356407e-01 -1.140508e+01 
1.435283e-01 -1.150522e+01 
1.516907e-01 -1.160536e+01 
1.602065e-01 -1.170553e+01 
1.688731e-01 -1.180561e+01 
1.778963e-01 -1.190578e+01 
1.873186e-01 -1.200598e+01 
1.971811e-01 -1.210619e+01 
2.075283e-01 -1.220643e+01 
2.184082e-01 -1.230669e+01 
2.298745e-01 -1.240697e+01 
2.421116e-01 -1.250735e+01 
2.547267e-01 -1.260754e+01 
2.677587e-01 -1.270774e+01 
2.812279e-01 -1.280796e+01 
2.951567e-01 -1.290818e+01 
3.095706e-01 -1.300841e+01 
3.245044e-01 -1.310866e+01 
3.400038e-01 -1.320893e+01 
3.560502e-01 -1.330920e+01 
3.725780e-01 -1.340943e+01 
3.895934e-01 -1.350966e+01 
4.070626e-01 -1.360988e+01 
4.250694e-01 -1.371013e+01 
4.435814e-01 -1.381038e+01 
4.625627e-01 -1.391060e+01 
4.819779e-01 -1.401081e+01 
5.017935e-01 -1.411100e+01 
5.219724e-01 -1.421117e+01 
5.424745e-01 -1.431132e+01 
5.632467e-01 -1.441145e+01 
5.842345e-01 -1.451155e+01 
6.053862e-01 -1.461163e+01 
6.267250e-01 -1.471172e+01 
6.482431e-01 -1.481180e+01 
6.696648e-01 -1.491177e+01 
6.914008e-01 -1.501190e+01 
7.133724e-01 -1.511201e+01 
7.355069e-01 -1.521209e+01 
7.577800e-01 -1.531216e+01 
7.802147e-01 -1.541223e+01 
8.028315e-01 -1.551232e+01 
8.256522e-01 -1.561241e+01 
8.487000e-01 -1.571251e+01 
8.719975e-01 -1.581263e+01 
8.955704e-01 -1.591275e+01 
9.194457e-01 -1.601289e+01 
9.436520e-01 -1.611304e+01 
9.682174e-01 -1.621320e+01 
9.931548e-01 -1.631337e+01 
1.018485e+00 -1.641355e+01 
1.044230e+00 -1.651374e+01 
1.070412e+00 -1.661394e+01 
1.097056e+00 -1.671414e+01 
1.124188e+00 -1.681436e+01 
1.151836e+00 -1.691459e+01 
1.180009e+00 -1.701482e+01 
1.208597e+00 -1.711501e+01 
1.237410e+00 -1.721512e+01 
1.266427e+00 -1.731522e+01 
1.295662e+00 -1.741531e+01 
1.325121e+00 -1.751541e+01 
1.354832e+00 -1.761552e+01 
1.384906e+00 -1.771567e+01 
1.415424e+00 -1.781586e+01 
1.446396e+00 -1.791606e+01 
1.477835e+00 -1.801626e+01 
1.509759e+00 -1.811647e+01 
1.542187e+00 -1.821669e+01 
1.575136e+00 -1.831691e+01 
1.608625e+00 -1.841714e+01 
1.642674e+00 -1.851738e+01 
1.677300e+00 -1.861762e+01 
1.712525e+00 -1.871787e+01 
1.748371e+00 -1.881813e+01 
1.784845e+00 -1.891839e+01 
1.821770e+00 -1.901858e+01 
1.859052e+00 -1.911874e+01 
1.896707e+00 -1.921889e+01 
1.934734e+00 -1.931904e+01 
1.973131e+00 -1.941919e+01 
2.011897e+00 -1.951934e+01 
2.051028e+00 -1.961949e+01 
2.090521e+00 -1.971964e+01 
2.130373e+00 -1.981978e+01 
2.170578e+00 -1.991992e+01 
2.211131e+00 -2.002006e+01 
2.252025e+00 -2.012020e+01 
2.293251e+00 -2.022033e+01 
2.334802e+00 -2.032046e+01 
2.376672e+00 -2.042058e+01 
2.419150e+00 -2.052081e+01 
2.462360e+00 -2.062108e+01 
2.506264e+00 -2.072135e+01 
2.550858e+00 -2.082161e+01 
2.596292e+00 -2.092192e+01 
2.642539e+00 -2.102223e+01 
2.689121e+00 -2.112238e+01 
2.735987e+00 -2.122249e+01 
2.783167e+00 -2.132261e+01 
2.830673e+00 -2.142273e+01 
2.878515e+00 -2.152285e+01 
2.926705e+00 -2.162298e+01 
2.975255e+00 -2.172311e+01 
3.024179e+00 -2.182324e+01 
3.073488e+00 -2.192338e+01 
3.123196e+00 -2.202353e+01 
3.173318e+00 -2.212367e+01 
3.223868e+00 -2.222382e+01 
3.274861e+00 -2.232398e+01 
3.326313e+00 -2.242414e+01 
3.378239e+00 -2.252431e+01 
3.430657e+00 -2.262448e+01 
3.483584e+00 -2.272465e+01 
3.537038e+00 -2.282483e+01 
3.591038e+00 -2.292502e+01 
3.645604e+00 -2.302521e+01 
3.700754e+00 -2.312540e+01 
3.756511e+00 -2.322561e+01 
3.812896e+00 -2.332581e+01 
3.869931e+00 -2.342603e+01 
3.927639e+00 -2.352625e+01 
3.986045e+00 -2.362647e+01 
4.045174e+00 -2.372670e+01 
4.105051e+00 -2.382694e+01 
4.165704e+00 -2.392718e+01 
4.227160e+00 -2.402743e+01 
4.289447e+00 -2.412768e+01 
4.352597e+00 -2.422794e+01 
4.416639e+00 -2.432821e+01 
4.481605e+00 -2.442848e+01 
4.547530e+00 -2.452876e+01 
4.614446e+00 -2.462905e+01 
4.682389e+00 -2.472934e+01 
4.751401e+00 -2.482964e+01 
4.821420e+00 -2.492992e+01 
4.892187e+00 -2.503014e+01 
4.963778e+00 -2.513036e+01 
5.036104e+00 -2.523056e+01 
5.109211e+00 -2.533076e+01 
5.183097e+00 -2.543097e+01 
5.257786e+00 -2.553118e+01 
5.333293e+00 -2.563138e+01 
5.409640e+00 -2.573160e+01 
5.486847e+00 -2.583181e+01 
5.564936e+00 -2.593203e+01 
5.643926e+00 -2.603225e+01 
5.723842e+00 -2.613247e+01 
5.804705e+00 -2.623269e+01 
5.886542e+00 -2.633292e+01 
5.969376e+00 -2.643315e+01 
6.053233e+00 -2.653338e+01 
6.138139e+00 -2.663361e+01 
6.224122e+00 -2.673385e+01 
6.311212e+00 -2.683409e+01 
6.399438e+00 -2.693433e+01 
6.488831e+00 -2.703457e+01 
6.579424e+00 -2.713482e+01 
6.671249e+00 -2.723507e+01 
6.764343e+00 -2.733532e+01 
6.858739e+00 -2.743557e+01 
6.954477e+00 -2.753583e+01 
7.051595e+00 -2.763608e+01 
7.150134e+00 -2.773634e+01 
7.250137e+00 -2.783660e+01 
7.350399e+00 -2.793565e+01 
7.450639e+00 -2.803335e+01 
7.550880e+00 -2.812975e+01 
7.651126e+00 -2.822485e+01 
7.751378e+00 -2.831865e+01 
7.851635e+00 -2.841114e+01 
7.951897e+00 -2.850232e+01 
8.052165e+00 -2.859220e+01 
8.152438e+00 -2.868076e+01 
8.252717e+00 -2.876802e+01 
8.353000e+00 -2.885397e+01 
8.453289e+00 -2.893861e+01 
8.553583e+00 -2.902196e+01 
8.653881e+00 -2.910400e+01 
8.754184e+00 -2.918474e+01 
8.854489e+00 -2.926421e+01 
8.954701e+00 -2.934272e+01 
9.054888e+00 -2.942046e+01 
9.155080e+00 -2.949742e+01 
9.255277e+00 -2.957359e+01 
9.355479e+00 -2.964898e+01 
9.455687e+00 -2.972355e+01 
9.555901e+00 -2.979731e+01 
9.656119e+00 -2.987023e+01 
9.756343e+00 -2.994232e+01 
9.856573e+00 -3.001355e+01 
9.956809e+00 -3.008392e+01 
1.005705e+01 -3.015342e+01 
1.015730e+01 -3.022203e+01 
1.025755e+01 -3.028977e+01 
1.035780e+01 -3.035660e+01 
1.045807e+01 -3.042253e+01 
1.055833e+01 -3.048756e+01 
1.065860e+01 -3.055167e+01 
1.075888e+01 -3.061485e+01 
1.085916e+01 -3.067712e+01 
1.095945e+01 -3.073845e+01 
1.105972e+01 -3.079890e+01 
1.115999e+01 -3.085851e+01 
1.126025e+01 -3.091730e+01 
1.136051e+01 -3.097528e+01 
1.146077e+01 -3.103245e+01 
1.156104e+01 -3.108881e+01 
1.166130e+01 -3.114437e+01 
1.176157e+01 -3.119913e+01 
1.186184e+01 -3.125309e+01 
1.196211e+01 -3.130627e+01 
1.206239e+01 -3.135865e+01 
1.216266e+01 -3.141025e+01 
1.226294e+01 -3.146107e+01 
1.236321e+01 -3.151111e+01 
1.246349e+01 -3.156038e+01 
1.256377e+01 -3.160888e+01 
1.266405e+01 -3.165663e+01 
1.276431e+01 -3.170364e+01 
1.286450e+01 -3.175011e+01 
1.296468e+01 -3.179610e+01 
1.306486e+01 -3.184161e+01 
1.316504e+01 -3.188664e+01 
1.326522e+01 -3.193120e+01 
1.336541e+01 -3.197526e+01 
1.346559e+01 -3.201885e+01 
1.356578e+01 -3.206195e+01 
1.366597e+01 -3.210456e+01 
1.376616e+01 -3.214668e+01 
1.386635e+01 -3.218830e+01 
1.396655e+01 -3.222944e+01 
1.406675e+01 -3.227007e+01 
1.416694e+01 -3.231021e+01 
1.426714e+01 -3.234986e+01 
1.436734e+01 -3.238900e+01 
1.446755e+01 -3.242764e+01 
1.456775e+01 -3.246578e+01 
1.466796e+01 -3.250342e+01 
1.476816e+01 -3.254055e+01 
1.486837e+01 -3.257718e+01 
1.496858e+01 -3.261330e+01 
1.506879e+01 -3.264892e+01 
1.516901e+01 -3.268402e+01 
1.526922e+01 -3.271862e+01 
1.536944e+01 -3.275271e+01 
1.546965e+01 -3.278629e+01 
1.556987e+01 -3.281935e+01 
1.567009e+01 -3.285191e+01 
1.577031e+01 -3.288396e+01 
1.587053e+01 -3.291549e+01 
1.597075e+01 -3.294651e+01 
1.607098e+01 -3.297702e+01 
1.617120e+01 -3.300702e+01 
1.627143e+01 -3.303651e+01 
1.637165e+01 -3.306548e+01 
1.647188e+01 -3.309394e+01 
1.657211e+01 -3.312189e+01 
1.667234e+01 -3.314933e+01 
1.677257e+01 -3.317626e+01 
1.687281e+01 -3.320265e+01 
1.697306e+01 -3.322849e+01 
1.707333e+01 -3.325373e+01 
1.717364e+01 -3.327831e+01 
1.727394e+01 -3.330223e+01 
1.737425e+01 -3.332547e+01 
1.747456e+01 -3.334803e+01 
1.757488e+01 -3.336992e+01 
1.767519e+01 -3.339114e+01 
1.777551e+01 -3.341168e+01 
1.787582e+01 -3.343156e+01 
1.797614e+01 -3.345076e+01 
1.807645e+01 -3.346929e+01 
1.817677e+01 -3.348716e+01 
1.827709e+01 -3.350435e+01 
1.837736e+01 -3.352098e+01 
1.847757e+01 -3.353716e+01 
1.857778e+01 -3.355290e+01 
1.867799e+01 -3.356820e+01 
1.877820e+01 -3.358306e+01 
1.887841e+01 -3.359749e+01 
1.897863e+01 -3.361147e+01 
1.907884e+01 -3.362501e+01 
1.917906e+01 -3.363810e+01 
1.927928e+01 -3.365075e+01 
1.937949e+01 -3.366297e+01 
1.947968e+01 -3.367479e+01 
1.957987e+01 -3.368622e+01 
1.968005e+01 -3.369728e+01 
1.978024e+01 -3.370794e+01 
1.988043e+01 -3.371823e+01 
1.998063e+01 -3.372812e+01 
2.008082e+01 -3.373762e+01 
2.018101e+01 -3.374672e+01 
2.028121e+01 -3.375543e+01 
2.038141e+01 -3.376374e+01 
2.048160e+01 -3.377165e+01 
2.058180e+01 -3.377915e+01 
2.068201e+01 -3.378625e+01 
2.078221e+01 -3.379294e+01 
2.088241e+01 -3.379922e+01 
2.098262e+01 -3.380508e+01 
2.108282e+01 -3.381053e+01 
2.118303e+01 -3.381556e+01 
2.128324e+01 -3.382017e+01 
2.138345e+01 -3.382436e+01 
2.148366e+01 -3.382812e+01 
2.158388e+01 -3.383146e+01 
2.168409e+01 -3.383436e+01 
2.178430e+01 -3.383683e+01 
2.188452e+01 -3.383887e+01 
2.198474e+01 -3.384047e+01 
2.208496e+01 -3.384163e+01 
2.218518e+01 -3.384235e+01 
2.228540e+01 -3.384262e+01 
2.238562e+01 -3.384245e+01 
2.248585e+01 -3.384183e+01 
2.258607e+01 -3.384076e+01 
2.268630e+01 -3.383923e+01 
2.278653e+01 -3.383725e+01 
2.288676e+01 -3.383481e+01 
2.298698e+01 -3.383191e+01 
2.308722e+01 -3.382854e+01 
2.318745e+01 -3.382471e+01 
2.328768e+01 -3.382042e+01 
2.338791e+01 -3.381565e+01 
2.348815e+01 -3.381041e+01 
2.358838e+01 -3.380469e+01 
2.368862e+01 -3.379850e+01 
2.378886e+01 -3.379183e+01 
2.388910e+01 -3.378467e+01 
2.398934e+01 -3.377703e+01 
2.408958e+01 -3.376890e+01 
2.418982e+01 -3.376029e+01 
2.429006e+01 -3.375118e+01 
2.439031e+01 -3.374158e+01 
2.449055e+01 -3.373148e+01 
2.459079e+01 -3.372089e+01 
2.469104e+01 -3.370979e+01 
2.479129e+01 -3.369819e+01 
2.489153e+01 -3.368608e+01 
2.499178e+01 -3.367346e+01 
2.509203e+01 -3.366034e+01 
2.519228e+01 -3.364670e+01 
2.529253e+01 -3.363254e+01 
2.539278e+01 -3.361787e+01 
2.549303e+01 -3.360267e+01 
2.559328e+01 -3.358696e+01 
2.569353e+01 -3.357071e+01 
2.579379e+01 -3.355394e+01 
2.589404e+01 -3.353664e+01 
2.599430e+01 -3.351881e+01 
2.609455e+01 -3.350043e+01 
2.619480e+01 -3.348153e+01 
2.629506e+01 -3.346208e+01 
2.639532e+01 -3.344208e+01 
2.649557e+01 -3.342155e+01 
2.659583e+01 -3.340046e+01 
2.669609e+01 -3.337882e+01 
2.679634e+01 -3.335663e+01 
2.689660e+01 -3.333388e+01 
2.699686e+01 -3.331058e+01 
2.709707e+01 -3.328682e+01 
2.719726e+01 -3.326265e+01 
2.729745e+01 -3.323807e+01 
2.739764e+01 -3.321308e+01 
2.749783e+01 -3.318766e+01 
2.759803e+01 -3.316181e+01 
2.769822e+01 -3.313553e+01 
2.779842e+01 -3.310880e+01 
2.789862e+01 -3.308163e+01 
2.799882e+01 -3.305401e+01 
2.809903e+01 -3.302593e+01 
2.819924e+01 -3.299739e+01 
2.829944e+01 -3.296838e+01 
2.839965e+01 -3.293888e+01 
2.849987e+01 -3.290891e+01 
2.860008e+01 -3.287844e+01 
2.870030e+01 -3.284747e+01 
2.880052e+01 -3.281599e+01 
2.890074e+01 -3.278401e+01 
2.900096e+01 -3.275150e+01 
2.910119e+01 -3.271846e+01 
2.920142e+01 -3.268488e+01 
2.930165e+01 -3.265076e+01 
2.940188e+01 -3.261609e+01 
2.950212e+01 -3.258085e+01 
2.960234e+01 -3.254509e+01 
2.970252e+01 -3.250891e+01 
2.980270e+01 -3.247230e+01 
2.990287e+01 -3.243528e+01 
3.000305e+01 -3.239783e+01 
3.010322e+01 -3.235995e+01 
3.020340e+01 -3.232164e+01 
3.030357e+01 -3.228289e+01 
3.040375e+01 -3.224371e+01 
3.050393e+01 -3.220409e+01 
3.060411e+01 -3.216402e+01 
3.070428e+01 -3.212351e+01 
3.080446e+01 -3.208255e+01 
3.090464e+01 -3.204114e+01 
3.100482e+01 -3.199927e+01 
3.110500e+01 -3.195695e+01 
3.120518e+01 -3.191416e+01 
3.130536e+01 -3.187092e+01 
3.140553e+01 -3.182720e+01 
3.150571e+01 -3.178302e+01 
3.160589e+01 -3.173836e+01 
3.170608e+01 -3.169323e+01 
3.180626e+01 -3.164762e+01 
3.190644e+01 -3.160153e+01 
3.200662e+01 -3.155495e+01 
3.210680e+01 -3.150789e+01 
3.220698e+01 -3.146033e+01 
3.230716e+01 -3.141228e+01 
3.240734e+01 -3.136372e+01 
3.250753e+01 -3.131467e+01 
3.260771e+01 -3.126511e+01 
3.270789e+01 -3.121504e+01 
3.280807e+01 -3.116446e+01 
3.290826e+01 -3.111336e+01 
3.300844e+01 -3.106174e+01 
3.310862e+01 -3.100960e+01 
3.320881e+01 -3.095693e+01 
3.330899e+01 -3.090372e+01 
3.340917e+01 -3.084999e+01 
3.350936e+01 -3.079571e+01 
3.360954e+01 -3.074089e+01 
3.370972e+01 -3.068552e+01 
3.380991e+01 -3.062960e+01 
3.391009e+01 -3.057312e+01 
3.401028e+01 -3.051608e+01 
3.411046e+01 -3.045848e+01 
3.421065e+01 -3.040030e+01 
3.431083e+01 -3.034156e+01 
3.441101e+01 -3.028223e+01 
3.451120e+01 -3.022232e+01 
3.461138e+01 -3.016182e+01 
3.471157e+01 -3.010073e+01 
3.481175e+01 -3.003904e+01 
3.491194e+01 -2.997674e+01 
3.501213e+01 -2.991384e+01 
3.511231e+01 -2.985032e+01 
3.521250e+01 -2.978619e+01 
3.531268e+01 -2.972142e+01 
3.541287e+01 -2.965603e+01 
3.551305e+01 -2.959000e+01 
3.561324e+01 -2.952333e+01 
3.571342e+01 -2.945601e+01 
3.581361e+01 -2.938803e+01 
3.591380e+01 -2.931939e+01 
3.601398e+01 -2.925009e+01 
3.611417e+01 -2.918011e+01 
3.621436e+01 -2.910944e+01 
3.631454e+01 -2.903810e+01 
3.641473e+01 -2.896605e+01 
3.651492e+01 -2.889330e+01 
3.661510e+01 -2.881985e+01 
3.671529e+01 -2.874567e+01 
3.681548e+01 -2.867077e+01 
3.691566e+01 -2.859514e+01 
3.701585e+01 -2.851876e+01 
3.711605e+01 -2.844159e+01 
3.721627e+01 -2.836351e+01 
3.731649e+01 -2.828453e+01 
3.741670e+01 -2.820464e+01 
3.751692e+01 -2.812386e+01 
3.761713e+01 -2.804216e+01 
3.771734e+01 -2.795957e+01 
3.781755e+01 -2.787607e+01 
3.791775e+01 -2.779164e+01 
3.801796e+01 -2.770626e+01 
3.811817e+01 -2.761995e+01 
3.821833e+01 -2.753293e+01 
3.831848e+01 -2.744521e+01 
3.841864e+01 -2.735675e+01 
3.851879e+01 -2.726755e+01 
3.861895e+01 -2.717761e+01 
3.871910e+01 -2.708690e+01 
3.881926e+01 -2.699541e+01 
3.891941e+01 -2.690315e+01 
3.901957e+01 -2.681009e+01 
3.911973e+01 -2.671622e+01 
3.921989e+01 -2.662152e+01 
3.932005e+01 -2.652600e+01 
3.942021e+01 -2.642963e+01 
3.952036e+01 -2.633240e+01 
3.962052e+01 -2.623429e+01 
3.972069e+01 -2.613530e+01 
3.982085e+01 -2.603540e+01 
3.992037e+01 -2.593524e+01 
4.001899e+01 -2.583508e+01 
4.011672e+01 -2.573492e+01 
4.021358e+01 -2.563476e+01 
4.030957e+01 -2.553460e+01 
4.040470e+01 -2.543443e+01 
4.049898e+01 -2.533427e+01 
4.059241e+01 -2.523411e+01 
4.068502e+01 -2.513394e+01 
4.077680e+01 -2.503378e+01 
4.086777e+01 -2.493361e+01 
4.095792e+01 -2.483345e+01 
4.104728e+01 -2.473329e+01 
4.113585e+01 -2.463312e+01 
4.122364e+01 -2.453296e+01 
4.131065e+01 -2.443279e+01 
4.139690e+01 -2.433262e+01 
4.148238e+01 -2.423246e+01 
4.156712e+01 -2.413229e+01 
4.165111e+01 -2.403213e+01 
4.173436e+01 -2.393196e+01 
4.181688e+01 -2.383179e+01 
4.189868e+01 -2.373163e+01 
4.197976e+01 -2.363146e+01 
4.206013e+01 -2.353129e+01 
4.213980e+01 -2.343112e+01 
4.221878e+01 -2.333096e+01 
4.229706e+01 -2.323079e+01 
4.237467e+01 -2.313062e+01 
4.245159e+01 -2.303045e+01 
4.252785e+01 -2.293029e+01 
4.260344e+01 -2.283012e+01 
4.267838e+01 -2.272995e+01 
4.275266e+01 -2.262978e+01 
4.282630e+01 -2.252962e+01 
4.289930e+01 -2.242945e+01 
4.297166e+01 -2.232928e+01 
4.304339e+01 -2.222911e+01 
4.311451e+01 -2.212894e+01 
4.318500e+01 -2.202878e+01 
4.325488e+01 -2.192861e+01 
4.332416e+01 -2.182844e+01 
4.339284e+01 -2.172827e+01 
4.346092e+01 -2.162811e+01 
4.352841e+01 -2.152794e+01 
4.359531e+01 -2.142777e+01 
4.366163e+01 -2.132760e+01 
4.372738e+01 -2.122744e+01 
4.379256e+01 -2.112727e+01 
4.385717e+01 -2.102710e+01 
4.392122e+01 -2.092694e+01 
4.398472e+01 -2.082677e+01 
4.404766e+01 -2.072660e+01 
4.411006e+01 -2.062644e+01 
4.417191e+01 -2.052627e+01 
4.423323e+01 -2.042610e+01 
4.429402e+01 -2.032594e+01 
4.435427e+01 -2.022577e+01 
4.441400e+01 -2.012561e+01 
4.447321e+01 -2.002544e+01 
4.453191e+01 -1.992528e+01 
4.459009e+01 -1.982511e+01 
4.464777e+01 -1.972495e+01 
4.470494e+01 -1.962479e+01 
4.476162e+01 -1.952462e+01 
4.481777e+01 -1.942445e+01 
4.487342e+01 -1.932428e+01 
4.492857e+01 -1.922412e+01 
4.498324e+01 -1.912395e+01 
4.503742e+01 -1.902379e+01 
4.509111e+01 -1.892362e+01 
4.514431e+01 -1.882345e+01 
4.519703e+01 -1.872329e+01 
4.524927e+01 -1.862312e+01 
4.530102e+01 -1.852295e+01 
4.535230e+01 -1.842278e+01 
4.540310e+01 -1.832262e+01 
4.545343e+01 -1.822245e+01 
4.550328e+01 -1.812228e+01 
4.555270e+01 -1.802212e+01 
4.560175e+01 -1.792200e+01 
4.565046e+01 -1.782187e+01 
4.569881e+01 -1.772175e+01 
4.574683e+01 -1.762162e+01 
4.579449e+01 -1.752149e+01 
4.584182e+01 -1.742137e+01 
4.588880e+01 -1.732124e+01 
4.593544e+01 -1.722111e+01 
4.598174e+01 -1.712099e+01 
4.602770e+01 -1.702086e+01 
4.607332e+01 -1.692073e+01 
4.611860e+01 -1.682060e+01 
4.616355e+01 -1.672048e+01 
4.620817e+01 -1.662035e+01 
4.625245e+01 -1.652022e+01 
4.629640e+01 -1.642010e+01 
4.634002e+01 -1.631997e+01 
4.638331e+01 -1.621984e+01 
4.642627e+01 -1.611972e+01 
4.646891e+01 -1.601959e+01 
4.651121e+01 -1.591946e+01 
4.655320e+01 -1.581933e+01 
4.659486e+01 -1.571921e+01 
4.663619e+01 -1.561908e+01 
4.667721e+01 -1.551895e+01 
4.671790e+01 -1.541883e+01 
4.675828e+01 -1.531870e+01 
4.679833e+01 -1.521857e+01 
4.683807e+01 -1.511845e+01 
4.687750e+01 -1.501832e+01 
4.691661e+01 -1.491819e+01 
4.695540e+01 -1.481806e+01 
4.699389e+01 -1.471794e+01 
4.703206e+01 -1.461781e+01 
4.706992e+01 -1.451768e+01 
4.710747e+01 -1.441756e+01 
4.714472e+01 -1.431743e+01 
4.718166e+01 -1.421731e+01 
4.721829e+01 -1.411718e+01 
4.725462e+01 -1.401705e+01 
4.729064e+01 -1.391693e+01 
4.732636e+01 -1.381680e+01 
4.736178e+01 -1.371667e+01 
4.739690e+01 -1.361655e+01 
4.743172e+01 -1.351642e+01 
4.746624e+01 -1.341630e+01 
4.750046e+01 -1.331617e+01 
4.753439e+01 -1.321605e+01 
4.756802e+01 -1.311592e+01 
4.760136e+01 -1.301580e+01 
4.763441e+01 -1.291567e+01 
4.766716e+01 -1.281555e+01 
4.769962e+01 -1.271542e+01 
4.773179e+01 -1.261530e+01 
4.776368e+01 -1.251517e+01 
4.779527e+01 -1.241505e+01 
4.782658e+01 -1.231492e+01 
4.785760e+01 -1.221480e+01 
4.788834e+01 -1.211467e+01 
4.791879e+01 -1.201455e+01 
4.794896e+01 -1.191443e+01 
4.797885e+01 -1.181430e+01 
4.800846e+01 -1.171418e+01 
4.803778e+01 -1.161405e+01 
4.806683e+01 -1.151393e+01 
4.809560e+01 -1.141381e+01 
4.812409e+01 -1.131369e+01 
4.815231e+01 -1.121356e+01 
4.818025e+01 -1.111344e+01 
4.820791e+01 -1.101332e+01 
4.823528e+01 -1.091318e+01 
4.826234e+01 -1.081304e+01 
4.828910e+01 -1.071291e+01 
4.831555e+01 -1.061277e+01 
4.834170e+01 -1.051263e+01 
4.836754e+01 -1.041250e+01 
4.839309e+01 -1.031236e+01 
4.841834e+01 -1.021222e+01 
4.844329e+01 -1.011209e+01 
4.846794e+01 -1.001195e+01 
4.849230e+01 -9.911817e+00 
4.851636e+01 -9.811683e+00 
4.854013e+01 -9.711548e+00 
4.856361e+01 -9.611414e+00 
4.858680e+01 -9.511280e+00 
4.860969e+01 -9.411146e+00 
4.863230e+01 -9.311012e+00 
4.865463e+01 -9.210879e+00 
4.867666e+01 -9.110746e+00 
4.869841e+01 -9.010613e+00 
4.871988e+01 -8.910481e+00 
4.874106e+01 -8.810349e+00 
4.876196e+01 -8.710217e+00 
4.878258e+01 -8.610085e+00 
4.880292e+01 -8.509953e+00 
4.882299e+01 -8.409822e+00 
4.884277e+01 -8.309691e+00 
4.886227e+01 -8.209560e+00 
4.888150e+01 -8.109429e+00 
4.890045e+01 -8.009299e+00 
4.891913e+01 -7.909169e+00 
4.893754e+01 -7.809039e+00 
4.895567e+01 -7.708909e+00 
4.897352e+01 -7.608779e+00 
4.899111e+01 -7.508650e+00 
4.900843e+01 -7.408520e+00 
4.902547e+01 -7.308391e+00 
4.904225e+01 -7.208262e+00 
4.905876e+01 -7.108134e+00 
4.907500e+01 -7.008005e+00 
4.909097e+01 -6.907877e+00 
4.910668e+01 -6.807749e+00 
4.912212e+01 -6.707621e+00 
4.913730e+01 -6.607493e+00 
4.915221e+01 -6.507365e+00 
4.916686e+01 -6.407238e+00 
4.918124e+01 -6.307110e+00 
4.919537e+01 -6.206983e+00 
4.920923e+01 -6.106856e+00 
4.922283e+01 -6.006729e+00 
4.923617e+01 -5.906602e+00 
4.924924e+01 -5.806476e+00 
4.926206e+01 -5.706349e+00 
4.927462e+01 -5.606223e+00 
4.928692e+01 -5.506097e+00 
4.929896e+01 -5.405970e+00 
4.931075e+01 -5.305844e+00 
4.932228e+01 -5.205719e+00 
4.933355e+01 -5.105593e+00 
4.934456e+01 -5.005467e+00 
4.935532e+01 -4.905342e+00 
4.936583e+01 -4.805218e+00 
4.937610e+01 -4.705104e+00 
4.938617e+01 -4.605003e+00 
4.939605e+01 -4.504915e+00 
4.940578e+01 -4.404835e+00 
4.941534e+01 -4.304755e+00 
4.942474e+01 -4.204674e+00 
4.943397e+01 -4.104593e+00 
4.944303e+01 -4.004510e+00 
4.945193e+01 -3.904427e+00 
4.946065e+01 -3.804342e+00 
4.946921e+01 -3.704257e+00 
4.947758e+01 -3.604171e+00 
4.948579e+01 -3.504084e+00 
4.949381e+01 -3.403996e+00 
4.950166e+01 -3.303908e+00 
4.950932e+01 -3.203818e+00 
4.951681e+01 -3.103728e+00 
4.952411e+01 -3.003637e+00 
4.953122e+01 -2.903545e+00 
4.953815e+01 -2.803452e+00 
4.954489e+01 -2.703358e+00 
4.955143e+01 -2.603264e+00 
4.955779e+01 -2.503169e+00 
4.956395e+01 -2.403073e+00 
4.956992e+01 -2.302976e+00 
4.957569e+01 -2.202878e+00 
4.958127e+01 -2.102780e+00 
4.958664e+01 -2.002681e+00 
4.959181e+01 -1.902581e+00 
4.959677e+01 -1.802474e+00 
4.960150e+01 -1.702359e+00 
4.960601e+01 -1.602247e+00 
4.961029e+01 -1.502136e+00 
4.961435e+01 -1.402027e+00 
4.961819e+01 -1.301919e+00 
4.962182e+01 -1.201813e+00 
4.962525e+01 -1.101709e+00 
4.962846e+01 -1.001606e+00 
4.963148e+01 -9.015047e-01 
4.963429e+01 -8.014052e-01 
4.963691e+01 -7.013074e-01 
4.963934e+01 -6.012112e-01 
4.953937e+01 -5.987888e-01 
