1.534710e+01 -4.989858e-01 
1.534508e+01 -5.987450e-01 
1.534257e+01 -6.985032e-01 
1.533958e+01 -7.982565e-01 
1.533610e+01 -8.980091e-01 
1.533213e+01 -9.977612e-01 
1.532766e+01 -1.097513e+00 
1.532269e+01 -1.197264e+00 
1.531723e+01 -1.297014e+00 
1.531126e+01 -1.396764e+00 
1.530479e+01 -1.496513e+00 
1.529782e+01 -1.596262e+00 
1.529034e+01 -1.696011e+00 
1.528236e+01 -1.795759e+00 
1.527387e+01 -1.895506e+00 
1.526487e+01 -1.995254e+00 
1.525536e+01 -2.095000e+00 
1.524533e+01 -2.194747e+00 
1.523480e+01 -2.294493e+00 
1.522374e+01 -2.394238e+00 
1.521217e+01 -2.493983e+00 
1.520008e+01 -2.593728e+00 
1.518747e+01 -2.693473e+00 
1.517434e+01 -2.793217e+00 
1.516068e+01 -2.892961e+00 
1.514650e+01 -2.992700e+00 
1.513178e+01 -3.092429e+00 
1.511651e+01 -3.192133e+00 
1.510063e+01 -3.291823e+00 
1.508410e+01 -3.391510e+00 
1.506693e+01 -3.491196e+00 
1.504910e+01 -3.590881e+00 
1.503061e+01 -3.690565e+00 
1.501145e+01 -3.790249e+00 
1.499164e+01 -3.889932e+00 
1.497115e+01 -3.989615e+00 
1.494998e+01 -4.089298e+00 
1.492814e+01 -4.188980e+00 
1.490562e+01 -4.288661e+00 
1.488241e+01 -4.388343e+00 
1.485851e+01 -4.488024e+00 
1.483392e+01 -4.587705e+00 
1.480863e+01 -4.687386e+00 
1.478264e+01 -4.787066e+00 
1.475595e+01 -4.886734e+00 
1.472853e+01 -4.986387e+00 
1.470034e+01 -5.086040e+00 
1.467136e+01 -5.185692e+00 
1.464160e+01 -5.285345e+00 
1.461105e+01 -5.384997e+00 
1.457971e+01 -5.484650e+00 
1.454757e+01 -5.584303e+00 
1.451462e+01 -5.683956e+00 
1.448086e+01 -5.783610e+00 
1.444628e+01 -5.883265e+00 
1.441089e+01 -5.982920e+00 
1.437467e+01 -6.082576e+00 
1.433762e+01 -6.182232e+00 
1.429973e+01 -6.281890e+00 
1.426101e+01 -6.381549e+00 
1.422144e+01 -6.481209e+00 
1.418102e+01 -6.580870e+00 
1.413975e+01 -6.680532e+00 
1.409762e+01 -6.780196e+00 
1.405463e+01 -6.879861e+00 
1.401077e+01 -6.979528e+00 
1.396604e+01 -7.079202e+00 
1.392045e+01 -7.178885e+00 
1.387401e+01 -7.278579e+00 
1.382674e+01 -7.378283e+00 
1.377866e+01 -7.477995e+00 
1.372978e+01 -7.577717e+00 
1.368014e+01 -7.677441e+00 
1.362972e+01 -7.777166e+00 
1.357853e+01 -7.876892e+00 
1.352656e+01 -7.976620e+00 
1.347380e+01 -8.076347e+00 
1.342027e+01 -8.176047e+00 
1.336589e+01 -8.275694e+00 
1.331046e+01 -8.375342e+00 
1.325397e+01 -8.474990e+00 
1.319642e+01 -8.574632e+00 
1.313776e+01 -8.674259e+00 
1.307796e+01 -8.773852e+00 
1.301686e+01 -8.873437e+00 
1.295442e+01 -8.973021e+00 
1.289060e+01 -9.072607e+00 
1.282538e+01 -9.172195e+00 
1.275875e+01 -9.271784e+00 
1.269068e+01 -9.371375e+00 
1.262114e+01 -9.470968e+00 
1.255011e+01 -9.570563e+00 
1.247757e+01 -9.670161e+00 
1.240350e+01 -9.769761e+00 
1.232786e+01 -9.869364e+00 
1.225064e+01 -9.968970e+00 
1.217181e+01 -1.006858e+01 
1.209134e+01 -1.016819e+01 
1.200921e+01 -1.026781e+01 
1.192540e+01 -1.036743e+01 
1.183987e+01 -1.046705e+01 
1.175260e+01 -1.056668e+01 
1.166356e+01 -1.066632e+01 
1.157278e+01 -1.076591e+01 
1.148003e+01 -1.086543e+01 
1.138480e+01 -1.096493e+01 
1.128690e+01 -1.106443e+01 
1.118740e+01 -1.116275e+01 
1.108790e+01 -1.125834e+01 
1.098841e+01 -1.135131e+01 
1.088891e+01 -1.144177e+01 
1.078941e+01 -1.152982e+01 
1.068990e+01 -1.161554e+01 
1.059040e+01 -1.169903e+01 
1.049089e+01 -1.178036e+01 
1.039138e+01 -1.185961e+01 
1.029187e+01 -1.193686e+01 
1.019235e+01 -1.201217e+01 
1.009282e+01 -1.208564e+01 
9.993289e+00 -1.215732e+01 
9.893753e+00 -1.222728e+01 
9.794215e+00 -1.229558e+01 
9.694674e+00 -1.236225e+01 
9.595131e+00 -1.242736e+01 
9.495591e+00 -1.249092e+01 
9.396121e+00 -1.255293e+01 
9.296750e+00 -1.261317e+01 
9.197483e+00 -1.267138e+01 
9.098221e+00 -1.272736e+01 
8.998955e+00 -1.278115e+01 
8.899684e+00 -1.283283e+01 
8.800410e+00 -1.288246e+01 
8.701131e+00 -1.293011e+01 
8.601847e+00 -1.297582e+01 
8.502559e+00 -1.301966e+01 
8.403265e+00 -1.306167e+01 
8.303966e+00 -1.310191e+01 
8.204661e+00 -1.314042e+01 
8.105351e+00 -1.317724e+01 
8.006034e+00 -1.321241e+01 
7.906712e+00 -1.324597e+01 
7.807383e+00 -1.327797e+01 
7.708048e+00 -1.330843e+01 
7.608707e+00 -1.333739e+01 
7.509358e+00 -1.336489e+01 
7.410004e+00 -1.339094e+01 
7.310642e+00 -1.341559e+01 
7.211276e+00 -1.343886e+01 
7.111997e+00 -1.346075e+01 
7.012766e+00 -1.348111e+01 
6.913552e+00 -1.349984e+01 
6.814349e+00 -1.351694e+01 
6.715168e+00 -1.353238e+01 
6.616030e+00 -1.354615e+01 
6.517179e+00 -1.355813e+01 
6.418461e+00 -1.356779e+01 
6.319734e+00 -1.357489e+01 
6.220981e+00 -1.357947e+01 
6.122200e+00 -1.358157e+01 
6.023388e+00 -1.358127e+01 
5.924546e+00 -1.357862e+01 
5.825673e+00 -1.357367e+01 
5.726770e+00 -1.356648e+01 
5.627835e+00 -1.355709e+01 
5.528871e+00 -1.354555e+01 
5.430043e+00 -1.353194e+01 
5.331657e+00 -1.351601e+01 
5.233319e+00 -1.349677e+01 
5.134917e+00 -1.347401e+01 
5.036459e+00 -1.344779e+01 
4.937956e+00 -1.341815e+01 
4.839540e+00 -1.338514e+01 
4.741378e+00 -1.334850e+01 
4.643252e+00 -1.330740e+01 
4.545047e+00 -1.326143e+01 
4.446863e+00 -1.321060e+01 
4.349135e+00 -1.315478e+01 
4.251771e+00 -1.309213e+01 
4.154239e+00 -1.302012e+01 
4.056496e+00 -1.293796e+01 
3.958512e+00 -1.284490e+01 
3.866358e+00 -1.274671e+01 
3.782616e+00 -1.264828e+01 
3.705778e+00 -1.255020e+01 
3.636344e+00 -1.245226e+01 
3.573748e+00 -1.235394e+01 
3.516343e+00 -1.225539e+01 
3.463194e+00 -1.215673e+01 
3.413768e+00 -1.205795e+01 
3.367591e+00 -1.195908e+01 
3.324350e+00 -1.186016e+01 
3.283833e+00 -1.176120e+01 
3.245841e+00 -1.166213e+01 
3.210032e+00 -1.156289e+01 
3.175979e+00 -1.146353e+01 
3.143400e+00 -1.136413e+01 
3.112196e+00 -1.126472e+01 
3.082342e+00 -1.116534e+01 
3.053886e+00 -1.106594e+01 
3.026723e+00 -1.096636e+01 
3.000475e+00 -1.086675e+01 
2.975076e+00 -1.076714e+01 
2.950516e+00 -1.066748e+01 
2.926678e+00 -1.056774e+01 
2.903396e+00 -1.046794e+01 
2.880538e+00 -1.036813e+01 
2.858103e+00 -1.026837e+01 
2.836215e+00 -1.016873e+01 
2.815098e+00 -1.006915e+01 
2.794860e+00 -9.969496e+00 
2.775344e+00 -9.869777e+00 
2.756424e+00 -9.770084e+00 
2.738143e+00 -9.670356e+00 
2.720430e+00 -9.570618e+00 
2.703275e+00 -9.470954e+00 
2.686811e+00 -9.371236e+00 
2.670926e+00 -9.271482e+00 
2.655542e+00 -9.171676e+00 
2.640549e+00 -9.071810e+00 
2.625832e+00 -8.971932e+00 
2.611364e+00 -8.872046e+00 
2.597134e+00 -8.772166e+00 
2.583153e+00 -8.672305e+00 
2.569454e+00 -8.572423e+00 
2.555994e+00 -8.472516e+00 
2.542723e+00 -8.372590e+00 
2.529605e+00 -8.272685e+00 
2.516693e+00 -8.172858e+00 
2.504136e+00 -8.073049e+00 
2.491972e+00 -7.973265e+00 
2.480244e+00 -7.873435e+00 
2.468857e+00 -7.773568e+00 
2.457737e+00 -7.673671e+00 
2.446827e+00 -7.573765e+00 
2.436108e+00 -7.473858e+00 
2.425577e+00 -7.373951e+00 
2.415235e+00 -7.274043e+00 
2.405081e+00 -7.174136e+00 
2.395115e+00 -7.074228e+00 
2.385336e+00 -6.974323e+00 
2.375750e+00 -6.874437e+00 
2.366399e+00 -6.774587e+00 
2.357353e+00 -6.674748e+00 
2.348630e+00 -6.574884e+00 
2.340173e+00 -6.474926e+00 
2.331805e+00 -6.375014e+00 
2.323597e+00 -6.274892e+00 
2.315154e+00 -6.174910e+00 
2.306751e+00 -6.074966e+00 
2.298463e+00 -5.975032e+00 
2.290309e+00 -5.875105e+00 
2.282303e+00 -5.775184e+00 
2.274456e+00 -5.675267e+00 
2.266776e+00 -5.575352e+00 
2.259267e+00 -5.475437e+00 
2.251928e+00 -5.375516e+00 
2.244750e+00 -5.275582e+00 
2.237704e+00 -5.175647e+00 
2.230788e+00 -5.075720e+00 
2.224020e+00 -4.975802e+00 
2.217422e+00 -4.875940e+00 
2.211101e+00 -4.776082e+00 
2.205062e+00 -4.676181e+00 
2.199221e+00 -4.576242e+00 
2.193500e+00 -4.476276e+00 
2.187849e+00 -4.376316e+00 
2.182277e+00 -4.276361e+00 
2.176796e+00 -4.176412e+00 
2.171416e+00 -4.076455e+00 
2.166120e+00 -3.976430e+00 
2.160769e+00 -3.876333e+00 
2.155230e+00 -3.776349e+00 
2.149726e+00 -3.676408e+00 
2.144340e+00 -3.576475e+00 
2.139088e+00 -3.476549e+00 
2.133986e+00 -3.376615e+00 
2.129012e+00 -3.276626e+00 
2.124060e+00 -3.176617e+00 
2.119094e+00 -3.076717e+00 
2.114329e+00 -2.976798e+00 
2.109728e+00 -2.876907e+00 
2.105343e+00 -2.776962e+00 
2.101066e+00 -2.677001e+00 
2.096868e+00 -2.577033e+00 
2.092735e+00 -2.477059e+00 
2.088652e+00 -2.377077e+00 
2.084605e+00 -2.277088e+00 
2.080580e+00 -2.177092e+00 
2.076563e+00 -2.077088e+00 
2.072538e+00 -1.977071e+00 
2.068479e+00 -1.877051e+00 
2.064380e+00 -1.777044e+00 
2.060269e+00 -1.677075e+00 
2.056225e+00 -1.577243e+00 
2.052516e+00 -1.477384e+00 
2.049088e+00 -1.377491e+00 
2.045873e+00 -1.277568e+00 
2.042811e+00 -1.177614e+00 
2.039841e+00 -1.077630e+00 
2.036902e+00 -9.776134e-01 
2.033929e+00 -8.775729e-01 
2.030875e+00 -7.775679e-01 
2.027813e+00 -6.776113e-01 
2.024836e+00 -5.775877e-01 
2.021814e+00 -4.776132e-01 
2.018842e+00 -3.776346e-01 
2.015913e+00 -2.776635e-01 
2.013042e+00 -1.776988e-01 
2.010261e+00 -7.909880e-02 
2.010241e+00 7.769879e-02 
2.013041e+00 1.776635e-01 
2.015912e+00 2.776346e-01 
2.018841e+00 3.776132e-01 
2.021813e+00 4.775877e-01 
2.024837e+00 5.776113e-01 
2.027812e+00 6.775679e-01 
2.030875e+00 7.775729e-01 
2.033930e+00 8.776134e-01 
2.036903e+00 9.776300e-01 
2.039841e+00 1.077614e+00 
2.042810e+00 1.177568e+00 
2.045871e+00 1.277491e+00 
2.049084e+00 1.377384e+00 
2.052511e+00 1.477243e+00 
2.056218e+00 1.577075e+00 
2.060268e+00 1.677044e+00 
2.064381e+00 1.777051e+00 
2.068480e+00 1.877071e+00 
2.072538e+00 1.977088e+00 
2.076563e+00 2.077092e+00 
2.080579e+00 2.177088e+00 
2.084604e+00 2.277077e+00 
2.088651e+00 2.377059e+00 
2.092734e+00 2.477033e+00 
2.096867e+00 2.577001e+00 
2.101065e+00 2.676962e+00 
2.105341e+00 2.776907e+00 
2.109723e+00 2.876798e+00 
2.114325e+00 2.976717e+00 
2.119089e+00 3.076617e+00 
2.124060e+00 3.176626e+00 
2.129011e+00 3.276615e+00 
2.133982e+00 3.376549e+00 
2.139084e+00 3.476475e+00 
2.144336e+00 3.576408e+00 
2.149723e+00 3.676349e+00 
2.155229e+00 3.776333e+00 
2.160774e+00 3.876430e+00 
2.166122e+00 3.976455e+00 
2.171414e+00 4.076412e+00 
2.071558e+00 4.081786e+00 
2.066261e+00 3.981742e+00 
2.060917e+00 3.881768e+00 
2.055382e+00 3.781865e+00 
2.049874e+00 3.681848e+00 
2.044481e+00 3.581790e+00 
2.039222e+00 3.481723e+00 
2.034113e+00 3.381648e+00 
2.029135e+00 3.281583e+00 
2.024182e+00 3.181572e+00 
2.019212e+00 3.081581e+00 
2.014439e+00 2.981480e+00 
2.009829e+00 2.881399e+00 
2.005437e+00 2.781290e+00 
2.001156e+00 2.681236e+00 
1.996955e+00 2.581197e+00 
1.992819e+00 2.481164e+00 
1.988734e+00 2.381139e+00 
1.984686e+00 2.281121e+00 
1.980660e+00 2.181110e+00 
1.976644e+00 2.081105e+00 
1.972619e+00 1.981109e+00 
1.968562e+00 1.881126e+00 
1.964465e+00 1.781146e+00 
1.960352e+00 1.681153e+00 
1.956300e+00 1.581123e+00 
1.952580e+00 1.480955e+00 
1.949143e+00 1.380814e+00 
1.945922e+00 1.280707e+00 
1.942857e+00 1.180630e+00 
1.939885e+00 1.080583e+00 
1.936946e+00 9.805676e-01 
1.933974e+00 8.805842e-01 
1.930922e+00 7.806247e-01 
1.927859e+00 6.806297e-01 
1.924881e+00 5.805863e-01 
1.921859e+00 4.806099e-01 
1.918885e+00 3.805844e-01 
1.915955e+00 2.805630e-01 
1.913082e+00 1.805341e-01 
1.910280e+00 8.049882e-02 
1.910261e+00 -7.909880e-02 
1.913081e+00 -1.804988e-01 
1.915954e+00 -2.805341e-01 
1.918885e+00 -3.805630e-01 
1.921858e+00 -4.805844e-01 
1.924882e+00 -5.806099e-01 
1.927858e+00 -6.805863e-01 
1.930922e+00 -7.806297e-01 
1.933975e+00 -8.806247e-01 
1.936946e+00 -9.805842e-01 
1.939885e+00 -1.080568e+00 
1.942855e+00 -1.180583e+00 
1.945920e+00 -1.280630e+00 
1.949140e+00 -1.380707e+00 
1.952575e+00 -1.480814e+00 
1.956294e+00 -1.580955e+00 
1.960351e+00 -1.681123e+00 
1.964465e+00 -1.781153e+00 
1.968563e+00 -1.881146e+00 
1.972620e+00 -1.981126e+00 
1.976644e+00 -2.081109e+00 
1.980660e+00 -2.181105e+00 
1.984685e+00 -2.281110e+00 
1.988734e+00 -2.381121e+00 
1.992818e+00 -2.481139e+00 
1.996953e+00 -2.581164e+00 
2.001154e+00 -2.681197e+00 
2.005434e+00 -2.781236e+00 
2.009824e+00 -2.881290e+00 
2.014435e+00 -2.981399e+00 
2.019207e+00 -3.081480e+00 
2.024183e+00 -3.181581e+00 
2.029134e+00 -3.281572e+00 
2.034109e+00 -3.381583e+00 
2.039218e+00 -3.481648e+00 
2.044477e+00 -3.581723e+00 
2.049871e+00 -3.681790e+00 
2.055381e+00 -3.781848e+00 
2.060922e+00 -3.881865e+00 
2.066263e+00 -3.981768e+00 
2.071556e+00 -4.081742e+00 
2.076940e+00 -4.181786e+00 
2.082427e+00 -4.281837e+00 
2.088004e+00 -4.381882e+00 
2.093660e+00 -4.481921e+00 
2.099384e+00 -4.581955e+00 
2.105232e+00 -4.682016e+00 
2.111283e+00 -4.782116e+00 
2.117622e+00 -4.882257e+00 
2.124238e+00 -4.982395e+00 
2.131016e+00 -5.082478e+00 
2.137942e+00 -5.182551e+00 
2.144997e+00 -5.282615e+00 
2.152185e+00 -5.382681e+00 
2.159535e+00 -5.482761e+00 
2.167057e+00 -5.582846e+00 
2.174750e+00 -5.682931e+00 
2.182610e+00 -5.783013e+00 
2.190628e+00 -5.883092e+00 
2.198794e+00 -5.983165e+00 
2.207093e+00 -6.083231e+00 
2.215506e+00 -6.183288e+00 
2.223952e+00 -6.283306e+00 
2.232139e+00 -6.383184e+00 
2.240522e+00 -6.483272e+00 
2.248986e+00 -6.583314e+00 
2.257732e+00 -6.683449e+00 
2.266807e+00 -6.783610e+00 
2.276186e+00 -6.883761e+00 
2.285793e+00 -6.983875e+00 
2.295591e+00 -7.083970e+00 
2.305575e+00 -7.184062e+00 
2.315747e+00 -7.284154e+00 
2.326108e+00 -7.384247e+00 
2.336659e+00 -7.484340e+00 
2.347398e+00 -7.584433e+00 
2.358328e+00 -7.684527e+00 
2.369470e+00 -7.784630e+00 
2.380887e+00 -7.884763e+00 
2.392655e+00 -7.984933e+00 
2.404871e+00 -8.085149e+00 
2.417475e+00 -8.185340e+00 
2.430431e+00 -8.285512e+00 
2.443574e+00 -8.385608e+00 
2.456865e+00 -8.485682e+00 
2.470350e+00 -8.585775e+00 
2.484080e+00 -8.685892e+00 
2.498100e+00 -8.786032e+00 
2.512364e+00 -8.886151e+00 
2.526865e+00 -8.986266e+00 
2.541617e+00 -9.086388e+00 
2.556650e+00 -9.186522e+00 
2.572093e+00 -9.286716e+00 
2.588055e+00 -9.386961e+00 
2.604611e+00 -9.487244e+00 
2.621879e+00 -9.587580e+00 
2.639684e+00 -9.687841e+00 
2.658063e+00 -9.788114e+00 
2.677098e+00 -9.888421e+00 
2.696722e+00 -9.988702e+00 
2.717099e+00 -1.008905e+01 
2.738390e+00 -1.018947e+01 
2.760431e+00 -1.028983e+01 
2.782975e+00 -1.039007e+01 
2.805920e+00 -1.049026e+01 
2.829292e+00 -1.059046e+01 
2.853255e+00 -1.069072e+01 
2.877980e+00 -1.079106e+01 
2.903575e+00 -1.089145e+01 
2.930023e+00 -1.099184e+01 
2.957410e+00 -1.109226e+01 
2.986204e+00 -1.119286e+01 
3.016423e+00 -1.129348e+01 
3.047988e+00 -1.139407e+01 
3.080952e+00 -1.149467e+01 
3.115432e+00 -1.159531e+01 
3.151775e+00 -1.169607e+01 
3.190461e+00 -1.179700e+01 
3.231801e+00 -1.189804e+01 
3.275958e+00 -1.199912e+01 
3.323157e+00 -1.210025e+01 
3.373755e+00 -1.220146e+01 
3.428295e+00 -1.230280e+01 
3.487327e+00 -1.240426e+01 
3.551971e+00 -1.250594e+01 
3.624168e+00 -1.260799e+01 
3.703869e+00 -1.270992e+01 
3.790172e+00 -1.281149e+01 
3.885568e+00 -1.291330e+01 
3.987584e+00 -1.301043e+01 
4.089842e+00 -1.309662e+01 
4.192309e+00 -1.317253e+01 
4.294945e+00 -1.323883e+01 
4.397217e+00 -1.329740e+01 
4.499033e+00 -1.335022e+01 
4.600828e+00 -1.339795e+01 
4.702703e+00 -1.344072e+01 
4.804541e+00 -1.347881e+01 
4.906124e+00 -1.351295e+01 
5.007621e+00 -1.354355e+01 
5.109163e+00 -1.357064e+01 
5.210761e+00 -1.359419e+01 
5.312423e+00 -1.361414e+01 
5.414037e+00 -1.363065e+01 
5.515210e+00 -1.364461e+01 
5.616246e+00 -1.365641e+01 
5.717311e+00 -1.366603e+01 
5.818407e+00 -1.367341e+01 
5.919534e+00 -1.367849e+01 
6.020692e+00 -1.368124e+01 
6.121881e+00 -1.368157e+01 
6.223099e+00 -1.367944e+01 
6.324346e+00 -1.367478e+01 
6.425620e+00 -1.366753e+01 
6.526901e+00 -1.365765e+01 
6.628050e+00 -1.364542e+01 
6.728912e+00 -1.363143e+01 
6.829731e+00 -1.361575e+01 
6.930528e+00 -1.359839e+01 
7.031315e+00 -1.357937e+01 
7.132084e+00 -1.355871e+01 
7.232804e+00 -1.353652e+01 
7.333438e+00 -1.351296e+01 
7.434076e+00 -1.348800e+01 
7.534722e+00 -1.346162e+01 
7.635374e+00 -1.343377e+01 
7.736032e+00 -1.340444e+01 
7.836697e+00 -1.337358e+01 
7.937369e+00 -1.334116e+01 
8.038046e+00 -1.330715e+01 
8.138730e+00 -1.327150e+01 
8.239419e+00 -1.323418e+01 
8.340114e+00 -1.319515e+01 
8.440816e+00 -1.315435e+01 
8.541522e+00 -1.311175e+01 
8.642233e+00 -1.306730e+01 
8.742949e+00 -1.302094e+01 
8.843670e+00 -1.297262e+01 
8.944396e+00 -1.292228e+01 
9.045126e+00 -1.286986e+01 
9.145860e+00 -1.281528e+01 
9.246598e+00 -1.275849e+01 
9.347330e+00 -1.269944e+01 
9.447959e+00 -1.263844e+01 
9.548490e+00 -1.257578e+01 
9.648950e+00 -1.251164e+01 
9.749406e+00 -1.244595e+01 
9.849865e+00 -1.237866e+01 
9.950327e+00 -1.230974e+01 
1.005079e+01 -1.223913e+01 
1.015126e+01 -1.216678e+01 
1.025173e+01 -1.209263e+01 
1.035221e+01 -1.201660e+01 
1.045270e+01 -1.193861e+01 
1.055319e+01 -1.185859e+01 
1.065368e+01 -1.177646e+01 
1.075418e+01 -1.169215e+01 
1.085467e+01 -1.160558e+01 
1.095517e+01 -1.151666e+01 
1.105567e+01 -1.142530e+01 
1.115618e+01 -1.133140e+01 
1.125668e+01 -1.123486e+01 
1.135718e+01 -1.113557e+01 
1.145608e+01 -1.103507e+01 
1.155227e+01 -1.093457e+01 
1.164593e+01 -1.083409e+01 
1.173746e+01 -1.073368e+01 
1.182716e+01 -1.063332e+01 
1.191509e+01 -1.053295e+01 
1.200127e+01 -1.043257e+01 
1.208573e+01 -1.033219e+01 
1.216850e+01 -1.023181e+01 
1.224960e+01 -1.013142e+01 
1.232906e+01 -1.003103e+01 
1.240689e+01 -9.930636e+00 
1.248314e+01 -9.830239e+00 
1.255781e+01 -9.729839e+00 
1.263094e+01 -9.629437e+00 
1.270255e+01 -9.529032e+00 
1.277267e+01 -9.428625e+00 
1.284130e+01 -9.328216e+00 
1.290849e+01 -9.227805e+00 
1.297425e+01 -9.127393e+00 
1.303861e+01 -9.026979e+00 
1.310158e+01 -8.926563e+00 
1.316319e+01 -8.826148e+00 
1.322349e+01 -8.725741e+00 
1.328259e+01 -8.625368e+00 
1.334056e+01 -8.525010e+00 
1.339746e+01 -8.424658e+00 
1.345328e+01 -8.324306e+00 
1.350805e+01 -8.223953e+00 
1.356191e+01 -8.123653e+00 
1.361495e+01 -8.023380e+00 
1.366721e+01 -7.923108e+00 
1.371868e+01 -7.822834e+00 
1.376938e+01 -7.722559e+00 
1.381930e+01 -7.622283e+00 
1.386845e+01 -7.522005e+00 
1.391681e+01 -7.421717e+00 
1.396437e+01 -7.321421e+00 
1.401110e+01 -7.221115e+00 
1.405698e+01 -7.120798e+00 
1.410201e+01 -7.020472e+00 
1.414616e+01 -6.920139e+00 
1.418944e+01 -6.819804e+00 
1.423186e+01 -6.719468e+00 
1.427341e+01 -6.619130e+00 
1.431411e+01 -6.518791e+00 
1.435395e+01 -6.418451e+00 
1.439294e+01 -6.318110e+00 
1.443109e+01 -6.217768e+00 
1.446840e+01 -6.117424e+00 
1.450487e+01 -6.017080e+00 
1.454051e+01 -5.916735e+00 
1.457533e+01 -5.816390e+00 
1.460933e+01 -5.716044e+00 
1.464251e+01 -5.615697e+00 
1.467488e+01 -5.515350e+00 
1.470645e+01 -5.415003e+00 
1.473721e+01 -5.314655e+00 
1.476718e+01 -5.214308e+00 
1.479636e+01 -5.113960e+00 
1.482476e+01 -5.013613e+00 
1.485237e+01 -4.913266e+00 
1.487924e+01 -4.812934e+00 
1.490540e+01 -4.712614e+00 
1.493085e+01 -4.612295e+00 
1.495560e+01 -4.511976e+00 
1.497965e+01 -4.411657e+00 
1.500301e+01 -4.311339e+00 
1.502568e+01 -4.211020e+00 
1.504766e+01 -4.110702e+00 
1.506896e+01 -4.010385e+00 
1.508959e+01 -3.910068e+00 
1.510953e+01 -3.809751e+00 
1.512881e+01 -3.709435e+00 
1.514742e+01 -3.609119e+00 
1.516537e+01 -3.508804e+00 
1.518265e+01 -3.408490e+00 
1.519928e+01 -3.308177e+00 
1.521526e+01 -3.207867e+00 
1.523063e+01 -3.107571e+00 
1.524543e+01 -3.007300e+00 
1.525969e+01 -2.907039e+00 
1.527341e+01 -2.806783e+00 
1.528662e+01 -2.706527e+00 
1.529929e+01 -2.606272e+00 
1.531144e+01 -2.506017e+00 
1.532308e+01 -2.405762e+00 
1.533419e+01 -2.305507e+00 
1.534478e+01 -2.205253e+00 
1.535486e+01 -2.105000e+00 
1.536442e+01 -2.004746e+00 
1.537346e+01 -1.904494e+00 
1.538200e+01 -1.804241e+00 
1.539002e+01 -1.703989e+00 
1.539754e+01 -1.603738e+00 
1.540455e+01 -1.503487e+00 
1.541105e+01 -1.403236e+00 
1.541705e+01 -1.302986e+00 
1.542254e+01 -1.202736e+00 
1.542754e+01 -1.102487e+00 
1.543203e+01 -1.002239e+00 
1.543603e+01 -9.019909e-01 
1.543952e+01 -8.017435e-01 
1.544253e+01 -7.014968e-01 
1.544504e+01 -6.012550e-01 
1.544708e+01 -5.010142e-01 
1.534710e+01 -4.989858e-01 
