-1.305744e+00 8.614785e+00 
-1.315844e+00 8.714780e+00 
-1.325948e+00 8.814713e+00 
-1.336180e+00 8.914570e+00 
-1.346686e+00 9.014282e+00 
-1.357775e+00 9.113986e+00 
-1.369464e+00 9.213680e+00 
-1.381777e+00 9.313361e+00 
-1.394738e+00 9.413029e+00 
-1.408377e+00 9.512691e+00 
-1.422721e+00 9.612418e+00 
-1.437652e+00 9.712307e+00 
-1.452815e+00 9.812218e+00 
-1.468161e+00 9.912117e+00 
-1.483712e+00 1.001200e+01 
-1.499494e+00 1.011185e+01 
-1.515576e+00 1.021159e+01 
-1.532181e+00 1.031123e+01 
-1.549525e+00 1.041086e+01 
-1.567639e+00 1.051048e+01 
-1.586558e+00 1.061008e+01 
-1.606320e+00 1.070972e+01 
-1.626862e+00 1.080947e+01 
-1.647966e+00 1.090928e+01 
-1.669468e+00 1.100910e+01 
-1.691362e+00 1.110892e+01 
-1.713639e+00 1.120871e+01 
-1.736341e+00 1.130840e+01 
-1.759714e+00 1.140810e+01 
-1.783739e+00 1.150779e+01 
-1.808425e+00 1.160748e+01 
-1.833788e+00 1.170717e+01 
-1.859828e+00 1.180687e+01 
-1.886542e+00 1.190656e+01 
-1.913935e+00 1.200625e+01 
-1.942006e+00 1.210592e+01 
-1.970820e+00 1.220554e+01 
-2.000495e+00 1.230520e+01 
-2.031021e+00 1.240514e+01 
-2.061674e+00 1.250502e+01 
-2.092578e+00 1.260479e+01 
-2.123956e+00 1.270447e+01 
-2.156082e+00 1.280411e+01 
-2.189031e+00 1.290374e+01 
-2.222839e+00 1.300335e+01 
-2.257561e+00 1.310292e+01 
-2.293287e+00 1.320248e+01 
-2.330065e+00 1.330200e+01 
-2.367987e+00 1.340148e+01 
-2.407160e+00 1.350094e+01 
-2.447681e+00 1.360036e+01 
-2.489652e+00 1.369975e+01 
-2.533192e+00 1.379917e+01 
-2.578287e+00 1.389869e+01 
-2.624494e+00 1.399783e+01 
-2.672958e+00 1.409691e+01 
-2.724020e+00 1.419603e+01 
-2.777625e+00 1.429521e+01 
-2.833698e+00 1.439443e+01 
-2.892156e+00 1.449369e+01 
-2.952954e+00 1.459292e+01 
-3.016335e+00 1.469230e+01 
-3.081808e+00 1.479166e+01 
-3.149471e+00 1.489099e+01 
-3.219505e+00 1.499029e+01 
-3.292103e+00 1.508956e+01 
-3.367483e+00 1.518879e+01 
-3.445925e+00 1.528799e+01 
-3.527635e+00 1.538704e+01 
-3.613408e+00 1.548590e+01 
-3.704588e+00 1.558473e+01 
-3.802165e+00 1.568386e+01 
-3.901642e+00 1.578003e+01 
-4.001193e+00 1.587353e+01 
-4.100726e+00 1.596475e+01 
-4.200224e+00 1.605365e+01 
-4.299642e+00 1.614012e+01 
-4.399023e+00 1.622392e+01 
-4.498365e+00 1.630498e+01 
-4.597666e+00 1.638327e+01 
-4.696955e+00 1.645873e+01 
-4.796229e+00 1.653144e+01 
-4.895491e+00 1.660145e+01 
-4.994740e+00 1.666882e+01 
-5.093978e+00 1.673360e+01 
-5.193204e+00 1.679584e+01 
-5.292422e+00 1.685559e+01 
-5.391673e+00 1.691292e+01 
-5.491017e+00 1.696805e+01 
-5.590366e+00 1.702126e+01 
-5.689731e+00 1.707261e+01 
-5.789250e+00 1.712225e+01 
-5.888843e+00 1.717061e+01 
-5.988433e+00 1.721785e+01 
-6.088014e+00 1.726399e+01 
-6.187587e+00 1.730902e+01 
-6.287141e+00 1.735293e+01 
-6.386680e+00 1.739567e+01 
-6.486178e+00 1.743722e+01 
-6.585653e+00 1.747750e+01 
-6.685110e+00 1.751647e+01 
-6.784553e+00 1.755411e+01 
-6.883986e+00 1.759040e+01 
-6.983407e+00 1.762533e+01 
-7.082816e+00 1.765890e+01 
-7.182214e+00 1.769109e+01 
-7.281602e+00 1.772189e+01 
-7.380976e+00 1.775130e+01 
-7.480341e+00 1.777931e+01 
-7.579695e+00 1.780591e+01 
-7.679038e+00 1.783109e+01 
-7.778369e+00 1.785484e+01 
-7.877690e+00 1.787715e+01 
-7.977069e+00 1.789802e+01 
-8.076560e+00 1.791761e+01 
-8.176091e+00 1.793613e+01 
-8.275615e+00 1.795367e+01 
-8.375134e+00 1.797023e+01 
-8.474647e+00 1.798578e+01 
-8.574155e+00 1.800034e+01 
-8.673658e+00 1.801388e+01 
-8.773158e+00 1.802641e+01 
-8.872653e+00 1.803792e+01 
-8.972145e+00 1.804840e+01 
-9.071652e+00 1.805787e+01 
-9.171219e+00 1.806634e+01 
-9.270812e+00 1.807394e+01 
-9.370400e+00 1.808073e+01 
-9.469981e+00 1.808669e+01 
-9.569554e+00 1.809182e+01 
-9.669119e+00 1.809609e+01 
-9.768677e+00 1.809949e+01 
-9.868226e+00 1.810201e+01 
-9.967768e+00 1.810363e+01 
-1.006730e+01 1.810434e+01 
-1.016683e+01 1.810412e+01 
-1.026635e+01 1.810296e+01 
-1.036586e+01 1.810085e+01 
-1.046537e+01 1.809776e+01 
-1.056486e+01 1.809368e+01 
-1.066435e+01 1.808860e+01 
-1.076383e+01 1.808250e+01 
-1.086331e+01 1.807537e+01 
-1.096278e+01 1.806718e+01 
-1.106224e+01 1.805792e+01 
-1.116175e+01 1.804757e+01 
-1.126138e+01 1.803621e+01 
-1.136105e+01 1.802409e+01 
-1.146073e+01 1.801131e+01 
-1.156040e+01 1.799787e+01 
-1.166006e+01 1.798374e+01 
-1.175972e+01 1.796893e+01 
-1.185937e+01 1.795341e+01 
-1.195902e+01 1.793718e+01 
-1.205867e+01 1.792022e+01 
-1.215831e+01 1.790252e+01 
-1.225794e+01 1.788407e+01 
-1.235758e+01 1.786485e+01 
-1.245720e+01 1.784486e+01 
-1.255682e+01 1.782408e+01 
-1.265644e+01 1.780250e+01 
-1.275606e+01 1.778010e+01 
-1.285567e+01 1.775687e+01 
-1.295527e+01 1.773280e+01 
-1.305488e+01 1.770788e+01 
-1.315448e+01 1.768209e+01 
-1.325407e+01 1.765541e+01 
-1.335366e+01 1.762784e+01 
-1.345325e+01 1.759937e+01 
-1.355284e+01 1.756996e+01 
-1.365242e+01 1.753963e+01 
-1.375200e+01 1.750834e+01 
-1.385158e+01 1.747608e+01 
-1.395116e+01 1.744284e+01 
-1.405073e+01 1.740861e+01 
-1.415030e+01 1.737337e+01 
-1.424987e+01 1.733711e+01 
-1.434945e+01 1.729981e+01 
-1.444904e+01 1.726147e+01 
-1.454864e+01 1.722212e+01 
-1.464824e+01 1.718177e+01 
-1.474783e+01 1.714041e+01 
-1.484743e+01 1.709803e+01 
-1.494703e+01 1.705461e+01 
-1.504663e+01 1.701014e+01 
-1.514626e+01 1.696460e+01 
-1.524590e+01 1.691807e+01 
-1.534554e+01 1.687057e+01 
-1.544518e+01 1.682209e+01 
-1.554488e+01 1.677260e+01 
-1.564461e+01 1.672227e+01 
-1.574433e+01 1.667116e+01 
-1.584405e+01 1.661926e+01 
-1.594377e+01 1.656656e+01 
-1.604349e+01 1.651305e+01 
-1.614320e+01 1.645870e+01 
-1.624291e+01 1.640351e+01 
-1.634262e+01 1.634747e+01 
-1.644233e+01 1.629054e+01 
-1.654204e+01 1.623273e+01 
-1.664174e+01 1.617400e+01 
-1.674144e+01 1.611435e+01 
-1.684114e+01 1.605375e+01 
-1.694084e+01 1.599219e+01 
-1.704054e+01 1.592964e+01 
-1.714023e+01 1.586610e+01 
-1.723992e+01 1.580152e+01 
-1.733961e+01 1.573590e+01 
-1.743930e+01 1.566922e+01 
-1.753898e+01 1.560144e+01 
-1.763867e+01 1.553255e+01 
-1.773835e+01 1.546251e+01 
-1.783803e+01 1.539131e+01 
-1.793771e+01 1.531892e+01 
-1.803738e+01 1.524530e+01 
-1.813706e+01 1.517043e+01 
-1.823673e+01 1.509428e+01 
-1.833640e+01 1.501681e+01 
-1.843607e+01 1.493800e+01 
-1.853573e+01 1.485780e+01 
-1.863539e+01 1.477619e+01 
-1.873504e+01 1.469311e+01 
-1.883468e+01 1.460846e+01 
-1.893431e+01 1.452219e+01 
-1.903393e+01 1.443421e+01 
-1.913353e+01 1.434440e+01 
-1.923313e+01 1.425263e+01 
-1.933273e+01 1.415883e+01 
-1.943232e+01 1.406292e+01 
-1.953191e+01 1.396479e+01 
-1.963073e+01 1.386515e+01 
-1.972759e+01 1.376549e+01 
-1.982273e+01 1.366575e+01 
-1.991649e+01 1.356602e+01 
-2.000892e+01 1.346628e+01 
-2.010003e+01 1.336654e+01 
-2.018986e+01 1.326680e+01 
-2.027840e+01 1.316707e+01 
-2.036566e+01 1.306735e+01 
-2.045162e+01 1.296763e+01 
-2.053631e+01 1.286792e+01 
-2.061974e+01 1.276820e+01 
-2.070194e+01 1.266848e+01 
-2.078292e+01 1.256876e+01 
-2.086272e+01 1.246904e+01 
-2.094135e+01 1.236932e+01 
-2.101882e+01 1.226961e+01 
-2.109517e+01 1.216989e+01 
-2.117040e+01 1.207017e+01 
-2.124454e+01 1.197045e+01 
-2.131759e+01 1.187073e+01 
-2.138959e+01 1.177101e+01 
-2.146054e+01 1.167130e+01 
-2.153045e+01 1.157158e+01 
-2.159935e+01 1.147186e+01 
-2.166725e+01 1.137214e+01 
-2.173416e+01 1.127242e+01 
-2.180009e+01 1.117271e+01 
-2.186506e+01 1.107299e+01 
-2.192908e+01 1.097327e+01 
-2.199216e+01 1.087355e+01 
-2.205431e+01 1.077383e+01 
-2.211555e+01 1.067412e+01 
-2.217588e+01 1.057440e+01 
-2.223532e+01 1.047468e+01 
-2.229387e+01 1.037497e+01 
-2.235155e+01 1.027525e+01 
-2.240837e+01 1.017553e+01 
-2.246432e+01 1.007582e+01 
-2.251943e+01 9.976099e+00 
-2.257370e+01 9.876383e+00 
-2.262714e+01 9.776667e+00 
-2.267976e+01 9.676951e+00 
-2.273156e+01 9.577235e+00 
-2.278255e+01 9.477520e+00 
-2.283275e+01 9.377778e+00 
-2.288226e+01 9.277994e+00 
-2.293117e+01 9.178206e+00 
-2.297950e+01 9.078418e+00 
-2.302725e+01 8.978631e+00 
-2.307442e+01 8.878845e+00 
-2.312102e+01 8.779059e+00 
-2.316704e+01 8.679274e+00 
-2.321249e+01 8.579489e+00 
-2.325738e+01 8.479705e+00 
-2.330170e+01 8.379920e+00 
-2.334545e+01 8.280136e+00 
-2.338865e+01 8.180353e+00 
-2.343129e+01 8.080569e+00 
-2.347338e+01 7.980785e+00 
-2.351491e+01 7.881002e+00 
-2.355590e+01 7.781219e+00 
-2.359634e+01 7.681436e+00 
-2.363624e+01 7.581653e+00 
-2.367560e+01 7.481870e+00 
-2.371443e+01 7.382087e+00 
-2.375272e+01 7.282304e+00 
-2.379048e+01 7.182521e+00 
-2.382771e+01 7.082738e+00 
-2.386441e+01 6.982955e+00 
-2.390060e+01 6.883176e+00 
-2.393624e+01 6.783410e+00 
-2.397133e+01 6.683665e+00 
-2.400580e+01 6.583930e+00 
-2.403965e+01 6.484195e+00 
-2.407289e+01 6.384459e+00 
-2.410550e+01 6.284724e+00 
-2.413750e+01 6.184989e+00 
-2.416889e+01 6.085254e+00 
-2.419968e+01 5.985518e+00 
-2.422986e+01 5.885783e+00 
-2.425944e+01 5.786047e+00 
-2.428843e+01 5.686311e+00 
-2.431682e+01 5.586575e+00 
-2.434462e+01 5.486839e+00 
-2.437183e+01 5.387103e+00 
-2.439846e+01 5.287366e+00 
-2.442451e+01 5.187629e+00 
-2.444998e+01 5.087891e+00 
-2.447487e+01 4.988153e+00 
-2.449920e+01 4.888415e+00 
-2.452296e+01 4.788676e+00 
-2.454615e+01 4.688937e+00 
-2.456878e+01 4.589197e+00 
-2.459085e+01 4.489456e+00 
-2.461237e+01 4.389715e+00 
-2.463333e+01 4.289974e+00 
-2.465375e+01 4.190232e+00 
-2.467362e+01 4.090489e+00 
-2.469295e+01 3.990746e+00 
-2.471173e+01 3.891002e+00 
-2.472998e+01 3.791246e+00 
-2.474772e+01 3.691497e+00 
-2.476494e+01 3.591749e+00 
-2.478162e+01 3.492002e+00 
-2.479779e+01 3.392256e+00 
-2.481343e+01 3.292510e+00 
-2.482854e+01 3.192765e+00 
-2.484313e+01 3.093021e+00 
-2.485719e+01 2.993278e+00 
-2.487072e+01 2.893535e+00 
-2.488373e+01 2.793793e+00 
-2.489621e+01 2.694052e+00 
-2.490816e+01 2.594311e+00 
-2.491958e+01 2.494571e+00 
-2.493047e+01 2.394832e+00 
-2.494084e+01 2.295094e+00 
-2.495067e+01 2.195356e+00 
-2.495998e+01 2.095619e+00 
-2.496875e+01 1.995883e+00 
-2.497699e+01 1.896147e+00 
-2.498470e+01 1.796407e+00 
-2.499189e+01 1.696643e+00 
-2.499860e+01 1.596846e+00 
-2.500491e+01 1.497050e+00 
-2.501081e+01 1.397254e+00 
-2.501630e+01 1.297459e+00 
-2.502138e+01 1.197664e+00 
-2.502605e+01 1.097870e+00 
-2.503030e+01 9.980764e-01 
-2.503414e+01 8.982833e-01 
-2.503757e+01 7.984908e-01 
-2.504059e+01 6.986987e-01 
-2.504319e+01 5.989072e-01 
-2.514316e+01 6.010928e-01 
-2.514055e+01 7.013013e-01 
-2.513753e+01 8.015092e-01 
-2.513409e+01 9.017167e-01 
-2.513023e+01 1.001924e+00 
-2.512596e+01 1.102130e+00 
-2.512127e+01 1.202336e+00 
-2.511617e+01 1.302541e+00 
-2.511066e+01 1.402746e+00 
-2.510474e+01 1.502950e+00 
-2.509840e+01 1.603154e+00 
-2.509166e+01 1.703357e+00 
-2.508444e+01 1.803593e+00 
-2.507669e+01 1.903853e+00 
-2.506841e+01 2.004117e+00 
-2.505959e+01 2.104381e+00 
-2.505024e+01 2.204644e+00 
-2.504036e+01 2.304906e+00 
-2.502994e+01 2.405168e+00 
-2.501899e+01 2.505429e+00 
-2.500751e+01 2.605689e+00 
-2.499550e+01 2.705948e+00 
-2.498295e+01 2.806207e+00 
-2.496988e+01 2.906465e+00 
-2.495628e+01 3.006722e+00 
-2.494215e+01 3.106979e+00 
-2.492749e+01 3.207235e+00 
-2.491230e+01 3.307490e+00 
-2.489658e+01 3.407744e+00 
-2.488034e+01 3.507998e+00 
-2.486356e+01 3.608251e+00 
-2.484627e+01 3.708503e+00 
-2.482844e+01 3.808754e+00 
-2.481010e+01 3.908998e+00 
-2.479122e+01 4.009254e+00 
-2.477179e+01 4.109511e+00 
-2.475182e+01 4.209768e+00 
-2.473130e+01 4.310026e+00 
-2.471023e+01 4.410285e+00 
-2.468860e+01 4.510544e+00 
-2.466642e+01 4.610803e+00 
-2.464367e+01 4.711063e+00 
-2.462036e+01 4.811324e+00 
-2.459648e+01 4.911585e+00 
-2.457203e+01 5.011847e+00 
-2.454700e+01 5.112109e+00 
-2.452140e+01 5.212371e+00 
-2.449521e+01 5.312634e+00 
-2.446844e+01 5.412897e+00 
-2.444109e+01 5.513161e+00 
-2.441314e+01 5.613425e+00 
-2.438461e+01 5.713689e+00 
-2.435547e+01 5.813953e+00 
-2.432573e+01 5.914217e+00 
-2.429539e+01 6.014482e+00 
-2.426445e+01 6.114746e+00 
-2.423289e+01 6.215011e+00 
-2.420072e+01 6.315276e+00 
-2.416793e+01 6.415541e+00 
-2.413453e+01 6.515805e+00 
-2.410050e+01 6.616070e+00 
-2.406584e+01 6.716335e+00 
-2.403058e+01 6.816590e+00 
-2.399476e+01 6.916824e+00 
-2.395842e+01 7.017045e+00 
-2.392156e+01 7.117262e+00 
-2.388417e+01 7.217479e+00 
-2.384625e+01 7.317696e+00 
-2.380779e+01 7.417913e+00 
-2.376880e+01 7.518130e+00 
-2.372927e+01 7.618347e+00 
-2.368919e+01 7.718564e+00 
-2.364858e+01 7.818781e+00 
-2.360741e+01 7.918998e+00 
-2.356570e+01 8.019215e+00 
-2.352343e+01 8.119431e+00 
-2.348060e+01 8.219647e+00 
-2.343722e+01 8.319864e+00 
-2.339328e+01 8.420080e+00 
-2.334877e+01 8.520295e+00 
-2.330369e+01 8.620511e+00 
-2.325804e+01 8.720726e+00 
-2.321182e+01 8.820941e+00 
-2.316503e+01 8.921155e+00 
-2.311765e+01 9.021369e+00 
-2.306970e+01 9.121582e+00 
-2.302117e+01 9.221794e+00 
-2.297205e+01 9.322006e+00 
-2.292233e+01 9.422222e+00 
-2.287187e+01 9.522480e+00 
-2.282059e+01 9.622765e+00 
-2.276850e+01 9.723049e+00 
-2.271558e+01 9.823333e+00 
-2.266184e+01 9.923617e+00 
-2.260727e+01 1.002390e+01 
-2.255185e+01 1.012418e+01 
-2.249557e+01 1.022447e+01 
-2.243844e+01 1.032475e+01 
-2.238044e+01 1.042503e+01 
-2.232155e+01 1.052532e+01 
-2.226178e+01 1.062560e+01 
-2.220111e+01 1.072588e+01 
-2.213953e+01 1.082617e+01 
-2.207702e+01 1.092645e+01 
-2.201359e+01 1.102673e+01 
-2.194921e+01 1.112701e+01 
-2.188388e+01 1.122729e+01 
-2.181757e+01 1.132758e+01 
-2.175029e+01 1.142786e+01 
-2.168201e+01 1.152814e+01 
-2.161272e+01 1.162842e+01 
-2.154242e+01 1.172870e+01 
-2.147107e+01 1.182899e+01 
-2.139867e+01 1.192927e+01 
-2.132520e+01 1.202955e+01 
-2.125065e+01 1.212983e+01 
-2.117500e+01 1.223011e+01 
-2.109823e+01 1.233039e+01 
-2.102031e+01 1.243068e+01 
-2.094125e+01 1.253096e+01 
-2.086100e+01 1.263124e+01 
-2.077956e+01 1.273152e+01 
-2.069690e+01 1.283180e+01 
-2.061301e+01 1.293208e+01 
-2.052784e+01 1.303237e+01 
-2.044140e+01 1.313265e+01 
-2.035365e+01 1.323293e+01 
-2.026464e+01 1.333320e+01 
-2.017434e+01 1.343346e+01 
-2.008275e+01 1.353372e+01 
-1.998984e+01 1.363398e+01 
-1.989560e+01 1.373425e+01 
-1.979994e+01 1.383451e+01 
-1.970245e+01 1.393485e+01 
-1.960291e+01 1.403521e+01 
-1.950251e+01 1.413415e+01 
-1.940210e+01 1.423086e+01 
-1.930169e+01 1.432543e+01 
-1.920129e+01 1.441794e+01 
-1.910090e+01 1.450847e+01 
-1.900051e+01 1.459714e+01 
-1.890014e+01 1.468406e+01 
-1.879978e+01 1.476932e+01 
-1.869943e+01 1.485300e+01 
-1.859909e+01 1.493517e+01 
-1.849876e+01 1.501591e+01 
-1.839843e+01 1.509525e+01 
-1.829810e+01 1.517323e+01 
-1.819777e+01 1.524989e+01 
-1.809744e+01 1.532525e+01 
-1.799712e+01 1.539935e+01 
-1.789680e+01 1.547222e+01 
-1.779648e+01 1.554388e+01 
-1.769616e+01 1.561437e+01 
-1.759584e+01 1.568370e+01 
-1.749553e+01 1.575191e+01 
-1.739521e+01 1.581902e+01 
-1.729490e+01 1.588505e+01 
-1.719460e+01 1.595003e+01 
-1.709429e+01 1.601397e+01 
-1.699399e+01 1.607690e+01 
-1.689368e+01 1.613884e+01 
-1.679338e+01 1.619980e+01 
-1.669308e+01 1.625981e+01 
-1.659279e+01 1.631889e+01 
-1.649250e+01 1.637705e+01 
-1.639220e+01 1.643431e+01 
-1.629191e+01 1.649069e+01 
-1.619163e+01 1.654619e+01 
-1.609134e+01 1.660085e+01 
-1.599106e+01 1.665467e+01 
-1.589078e+01 1.670767e+01 
-1.579050e+01 1.675986e+01 
-1.569022e+01 1.681126e+01 
-1.558994e+01 1.686188e+01 
-1.548964e+01 1.691167e+01 
-1.538929e+01 1.696050e+01 
-1.528893e+01 1.700834e+01 
-1.518857e+01 1.705521e+01 
-1.508820e+01 1.710109e+01 
-1.498780e+01 1.714592e+01 
-1.488739e+01 1.718970e+01 
-1.478699e+01 1.723243e+01 
-1.468659e+01 1.727412e+01 
-1.458619e+01 1.731480e+01 
-1.448579e+01 1.735447e+01 
-1.438538e+01 1.739313e+01 
-1.428495e+01 1.743075e+01 
-1.418452e+01 1.746734e+01 
-1.408410e+01 1.750288e+01 
-1.398367e+01 1.753741e+01 
-1.388324e+01 1.757094e+01 
-1.378282e+01 1.760347e+01 
-1.368240e+01 1.763503e+01 
-1.358199e+01 1.766562e+01 
-1.348157e+01 1.769527e+01 
-1.338116e+01 1.772399e+01 
-1.328075e+01 1.775179e+01 
-1.318035e+01 1.777868e+01 
-1.307995e+01 1.780469e+01 
-1.297955e+01 1.782981e+01 
-1.287916e+01 1.785407e+01 
-1.277877e+01 1.787749e+01 
-1.267838e+01 1.790006e+01 
-1.257800e+01 1.792181e+01 
-1.247762e+01 1.794276e+01 
-1.237725e+01 1.796290e+01 
-1.227688e+01 1.798226e+01 
-1.217652e+01 1.800085e+01 
-1.207616e+01 1.801868e+01 
-1.197580e+01 1.803576e+01 
-1.187545e+01 1.805211e+01 
-1.177511e+01 1.806773e+01 
-1.167477e+01 1.808265e+01 
-1.157443e+01 1.809688e+01 
-1.147410e+01 1.811041e+01 
-1.137377e+01 1.812328e+01 
-1.127345e+01 1.813548e+01 
-1.117308e+01 1.814693e+01 
-1.107259e+01 1.815739e+01 
-1.097205e+01 1.816675e+01 
-1.087152e+01 1.817503e+01 
-1.077099e+01 1.818225e+01 
-1.067047e+01 1.818841e+01 
-1.056996e+01 1.819355e+01 
-1.046946e+01 1.819767e+01 
-1.036897e+01 1.820080e+01 
-1.026848e+01 1.820294e+01 
-1.016800e+01 1.820411e+01 
-1.006752e+01 1.820434e+01 
-9.967058e+00 1.820362e+01 
-9.866600e+00 1.820199e+01 
-9.766150e+00 1.819945e+01 
-9.665707e+00 1.819603e+01 
-9.565272e+00 1.819173e+01 
-9.464845e+00 1.818656e+01 
-9.364426e+00 1.818055e+01 
-9.264014e+00 1.817371e+01 
-9.163607e+00 1.816605e+01 
-9.063174e+00 1.815751e+01 
-8.962681e+00 1.814796e+01 
-8.862173e+00 1.813737e+01 
-8.761668e+00 1.812575e+01 
-8.661168e+00 1.811310e+01 
-8.560671e+00 1.809942e+01 
-8.460179e+00 1.808473e+01 
-8.359692e+00 1.806903e+01 
-8.259211e+00 1.805232e+01 
-8.158735e+00 1.803461e+01 
-8.058266e+00 1.801592e+01 
-7.957757e+00 1.799614e+01 
-7.857136e+00 1.797501e+01 
-7.756457e+00 1.795241e+01 
-7.655788e+00 1.792835e+01 
-7.555131e+00 1.790285e+01 
-7.454485e+00 1.787591e+01 
-7.353850e+00 1.784755e+01 
-7.253224e+00 1.781778e+01 
-7.152612e+00 1.778660e+01 
-7.052010e+00 1.775403e+01 
-6.951419e+00 1.772008e+01 
-6.850840e+00 1.768475e+01 
-6.750273e+00 1.764805e+01 
-6.649716e+00 1.761000e+01 
-6.549173e+00 1.757061e+01 
-6.448648e+00 1.752991e+01 
-6.348146e+00 1.748795e+01 
-6.247685e+00 1.744481e+01 
-6.147239e+00 1.740052e+01 
-6.046812e+00 1.735511e+01 
-5.946393e+00 1.730859e+01 
-5.845983e+00 1.726096e+01 
-5.745576e+00 1.721221e+01 
-5.645095e+00 1.716210e+01 
-5.544461e+00 1.711010e+01 
-5.443809e+00 1.705621e+01 
-5.343153e+00 1.700036e+01 
-5.242404e+00 1.694218e+01 
-5.141622e+00 1.688151e+01 
-5.040848e+00 1.681832e+01 
-4.940086e+00 1.675256e+01 
-4.839335e+00 1.668420e+01 
-4.738597e+00 1.661317e+01 
-4.637871e+00 1.653941e+01 
-4.537160e+00 1.646288e+01 
-4.436461e+00 1.638352e+01 
-4.335803e+00 1.630140e+01 
-4.235184e+00 1.621657e+01 
-4.134602e+00 1.612911e+01 
-4.034100e+00 1.603932e+01 
-3.933633e+00 1.594726e+01 
-3.833184e+00 1.585293e+01 
-3.732661e+00 1.575576e+01 
-3.633329e+00 1.565489e+01 
-3.539922e+00 1.555372e+01 
-3.452113e+00 1.545258e+01 
-3.368793e+00 1.535163e+01 
-3.289050e+00 1.525083e+01 
-3.212477e+00 1.515006e+01 
-3.138791e+00 1.504933e+01 
-3.067754e+00 1.494863e+01 
-2.999164e+00 1.484796e+01 
-2.932836e+00 1.474732e+01 
-2.868645e+00 1.464670e+01 
-2.806891e+00 1.454593e+01 
-2.747536e+00 1.444519e+01 
-2.690568e+00 1.434441e+01 
-2.636052e+00 1.424359e+01 
-2.584064e+00 1.414271e+01 
-2.534670e+00 1.404178e+01 
-2.487650e+00 1.394093e+01 
-2.442109e+00 1.384045e+01 
-2.398052e+00 1.373987e+01 
-2.355559e+00 1.363926e+01 
-2.314558e+00 1.353868e+01 
-2.274946e+00 1.343814e+01 
-2.236624e+00 1.333762e+01 
-2.199488e+00 1.323714e+01 
-2.163439e+00 1.313670e+01 
-2.128416e+00 1.303627e+01 
-2.094337e+00 1.293588e+01 
-2.061139e+00 1.283551e+01 
-2.028781e+00 1.273515e+01 
-1.997193e+00 1.263482e+01 
-1.966151e+00 1.253460e+01 
-1.935422e+00 1.243448e+01 
-1.904857e+00 1.233442e+01 
-1.874979e+00 1.223408e+01 
-1.845944e+00 1.213370e+01 
-1.817681e+00 1.203337e+01 
-1.790116e+00 1.193306e+01 
-1.763236e+00 1.183275e+01 
-1.737034e+00 1.173245e+01 
-1.711513e+00 1.163214e+01 
-1.686671e+00 1.153183e+01 
-1.662497e+00 1.143152e+01 
-1.638981e+00 1.133122e+01 
-1.616135e+00 1.123091e+01 
-1.593764e+00 1.113070e+01 
-1.571790e+00 1.103052e+01 
-1.550209e+00 1.093034e+01 
-1.529025e+00 1.083015e+01 
-1.508375e+00 1.072990e+01 
-1.488468e+00 1.062954e+01 
-1.469396e+00 1.052914e+01 
-1.451139e+00 1.042876e+01 
-1.433663e+00 1.032839e+01 
-1.416937e+00 1.022803e+01 
-1.400769e+00 1.012777e+01 
-1.384939e+00 1.002762e+01 
-1.369351e+00 9.927502e+00 
-1.353974e+00 9.827401e+00 
-1.338784e+00 9.727312e+00 
-1.323820e+00 9.627201e+00 
-1.309396e+00 9.526928e+00 
-1.295662e+00 9.426590e+00 
-1.282612e+00 9.326258e+00 
-1.270219e+00 9.225939e+00 
-1.258456e+00 9.125633e+00 
-1.247299e+00 9.025337e+00 
-1.236730e+00 8.925049e+00 
-1.226469e+00 8.824906e+00 
-1.216351e+00 8.724839e+00 
-1.206250e+00 8.624834e+00 
-1.305744e+00 8.614785e+00 
