-7.453659e+00 -2.999038e-01 
-7.453468e+00 -3.995477e-01 
-7.452568e+00 -4.991896e-01 
-7.450954e+00 -5.988294e-01 
-7.448622e+00 -6.984641e-01 
-7.445562e+00 -7.980822e-01 
-7.441743e+00 -8.976291e-01 
-7.437021e+00 -9.971576e-01 
-7.431355e+00 -1.096693e+00 
-7.424759e+00 -1.196234e+00 
-7.417242e+00 -1.295783e+00 
-7.408818e+00 -1.395339e+00 
-7.399498e+00 -1.494902e+00 
-7.389294e+00 -1.594472e+00 
-7.378220e+00 -1.694051e+00 
-7.366287e+00 -1.793637e+00 
-7.353515e+00 -1.893197e+00 
-7.339850e+00 -1.992707e+00 
-7.325175e+00 -2.092253e+00 
-7.309555e+00 -2.191851e+00 
-7.293105e+00 -2.291449e+00 
-7.275819e+00 -2.391040e+00 
-7.257683e+00 -2.490626e+00 
-7.238678e+00 -2.590205e+00 
-7.218789e+00 -2.689779e+00 
-7.197998e+00 -2.789346e+00 
-7.176287e+00 -2.888908e+00 
-7.153639e+00 -2.988464e+00 
-7.130037e+00 -3.088008e+00 
-7.105448e+00 -3.187543e+00 
-7.079848e+00 -3.287070e+00 
-7.053210e+00 -3.386588e+00 
-7.025508e+00 -3.486092e+00 
-6.996699e+00 -3.585584e+00 
-6.966748e+00 -3.685064e+00 
-6.935619e+00 -3.784528e+00 
-6.903261e+00 -3.883974e+00 
-6.869621e+00 -3.983404e+00 
-6.834644e+00 -4.082820e+00 
-6.798271e+00 -4.182245e+00 
-6.760507e+00 -4.281672e+00 
-6.721342e+00 -4.381088e+00 
-6.680731e+00 -4.480491e+00 
-6.638644e+00 -4.579822e+00 
-6.594930e+00 -4.678956e+00 
-6.549107e+00 -4.777762e+00 
-6.500091e+00 -4.876514e+00 
-6.447599e+00 -4.975218e+00 
-6.391331e+00 -5.073866e+00 
-6.330916e+00 -5.172462e+00 
-6.265930e+00 -5.271003e+00 
-6.195870e+00 -5.369480e+00 
-6.120083e+00 -5.467894e+00 
-6.037717e+00 -5.566296e+00 
-5.948085e+00 -5.664597e+00 
-5.850043e+00 -5.762479e+00 
-5.752617e+00 -5.849847e+00 
-5.657200e+00 -5.924764e+00 
-5.564146e+00 -5.982707e+00 
-5.472954e+00 -6.021663e+00 
-5.383222e+00 -6.041910e+00 
-5.293861e+00 -6.043360e+00 
-5.203539e+00 -6.025080e+00 
-5.111405e+00 -5.985403e+00 
-5.017449e+00 -5.922574e+00 
-4.922216e+00 -5.834647e+00 
-4.843941e+00 -5.738574e+00 
-4.779618e+00 -5.641529e+00 
-4.724247e+00 -5.543821e+00 
-4.675210e+00 -5.445697e+00 
-4.631045e+00 -5.347276e+00 
-4.590785e+00 -5.248595e+00 
-4.553670e+00 -5.149683e+00 
-4.519168e+00 -5.050847e+00 
-4.487355e+00 -4.951968e+00 
-4.458061e+00 -4.853012e+00 
-4.431024e+00 -4.753796e+00 
-4.405689e+00 -4.654503e+00 
-4.381874e+00 -4.555144e+00 
-4.359426e+00 -4.455728e+00 
-4.338220e+00 -4.356288e+00 
-4.318194e+00 -4.256818e+00 
-4.299266e+00 -4.157256e+00 
-4.281246e+00 -4.057631e+00 
-4.263999e+00 -3.957955e+00 
-4.247423e+00 -3.858250e+00 
-4.231454e+00 -3.758520e+00 
-4.216041e+00 -3.658766e+00 
-4.201134e+00 -3.559007e+00 
-4.186729e+00 -3.459291e+00 
-4.172907e+00 -3.359559e+00 
-4.159623e+00 -3.259744e+00 
-4.146720e+00 -3.159930e+00 
-4.134196e+00 -3.060118e+00 
-4.122057e+00 -2.960308e+00 
-4.110305e+00 -2.860507e+00 
-4.098960e+00 -2.760715e+00 
-4.088040e+00 -2.660938e+00 
-4.077573e+00 -2.561178e+00 
-4.067597e+00 -2.461450e+00 
-4.058171e+00 -2.361720e+00 
-4.049286e+00 -2.261947e+00 
-4.040852e+00 -2.162093e+00 
-4.032707e+00 -2.062177e+00 
-4.024731e+00 -1.962247e+00 
-4.016897e+00 -1.862327e+00 
-4.009227e+00 -1.762419e+00 
-4.001741e+00 -1.662521e+00 
-3.994463e+00 -1.562643e+00 
-3.987433e+00 -1.462784e+00 
-3.980685e+00 -1.362925e+00 
-3.974222e+00 -1.263105e+00 
-3.968126e+00 -1.163340e+00 
-3.962492e+00 -1.063423e+00 
-3.957018e+00 -9.633761e-01 
-3.951459e+00 -8.635047e-01 
-3.946159e+00 -7.636598e-01 
-3.941170e+00 -6.638010e-01 
-3.936463e+00 -5.639272e-01 
-3.932008e+00 -4.640392e-01 
-3.927777e+00 -3.641373e-01 
-3.923742e+00 -2.642306e-01 
-3.919896e+00 -1.643830e-01 
-3.916382e+00 -6.615484e-02 
-3.916351e+00 6.438298e-02 
-3.919891e+00 1.642306e-01 
-3.819965e+00 1.680791e-01 
-3.816413e+00 6.792670e-02 
-3.816382e+00 -6.615484e-02 
-3.819959e+00 -1.679267e-01 
-3.823816e+00 -2.680791e-01 
-3.827858e+00 -3.681724e-01 
-3.832097e+00 -4.682705e-01 
-3.836562e+00 -5.683824e-01 
-3.841281e+00 -6.685087e-01 
-3.846284e+00 -7.686499e-01 
-3.851599e+00 -8.688050e-01 
-3.857172e+00 -9.689336e-01 
-3.862641e+00 -1.068886e+00 
-3.868285e+00 -1.168970e+00 
-3.874409e+00 -1.269204e+00 
-3.880894e+00 -1.369385e+00 
-3.887660e+00 -1.469526e+00 
-3.894710e+00 -1.569666e+00 
-3.902005e+00 -1.669789e+00 
-3.909506e+00 -1.769891e+00 
-3.917191e+00 -1.869982e+00 
-3.925037e+00 -1.970063e+00 
-3.933024e+00 -2.070133e+00 
-3.941183e+00 -2.170217e+00 
-3.949641e+00 -2.270363e+00 
-3.958565e+00 -2.370589e+00 
-3.968040e+00 -2.470859e+00 
-3.978069e+00 -2.571131e+00 
-3.988586e+00 -2.671372e+00 
-3.999553e+00 -2.771594e+00 
-4.010945e+00 -2.871803e+00 
-4.022743e+00 -2.972002e+00 
-4.034928e+00 -3.072192e+00 
-4.047498e+00 -3.172379e+00 
-4.060449e+00 -3.272565e+00 
-4.073781e+00 -3.372751e+00 
-4.087676e+00 -3.473018e+00 
-4.102161e+00 -3.573303e+00 
-4.117139e+00 -3.673544e+00 
-4.132627e+00 -3.773789e+00 
-4.148680e+00 -3.874060e+00 
-4.165353e+00 -3.974355e+00 
-4.182710e+00 -4.074679e+00 
-4.200863e+00 -4.175054e+00 
-4.219953e+00 -4.275492e+00 
-4.240186e+00 -4.376022e+00 
-4.261625e+00 -4.476582e+00 
-4.284329e+00 -4.577166e+00 
-4.308442e+00 -4.677807e+00 
-4.334127e+00 -4.778514e+00 
-4.361578e+00 -4.879298e+00 
-4.391465e+00 -4.980342e+00 
-4.423970e+00 -5.081462e+00 
-4.459252e+00 -5.182627e+00 
-4.497155e+00 -5.283715e+00 
-4.538447e+00 -5.385033e+00 
-4.583964e+00 -5.486613e+00 
-4.634777e+00 -5.588489e+00 
-4.692588e+00 -5.690781e+00 
-4.760532e+00 -5.793736e+00 
-4.844570e+00 -5.897663e+00 
-4.949337e+00 -5.995791e+00 
-5.055381e+00 -6.068235e+00 
-5.163247e+00 -6.116604e+00 
-5.272925e+00 -6.141144e+00 
-5.383564e+00 -6.141909e+00 
-5.493832e+00 -6.119459e+00 
-5.602640e+00 -6.075001e+00 
-5.709586e+00 -6.009945e+00 
-5.814170e+00 -5.928659e+00 
-5.916743e+00 -5.836985e+00 
-6.018701e+00 -5.735403e+00 
-6.111583e+00 -5.633704e+00 
-6.196743e+00 -5.532106e+00 
-6.275079e+00 -5.430520e+00 
-6.347396e+00 -5.328997e+00 
-6.414382e+00 -5.227538e+00 
-6.476584e+00 -5.126134e+00 
-6.534451e+00 -5.024782e+00 
-6.588372e+00 -4.923486e+00 
-6.638672e+00 -4.822238e+00 
-6.685642e+00 -4.721044e+00 
-6.730140e+00 -4.620178e+00 
-6.772805e+00 -4.519509e+00 
-6.813913e+00 -4.418912e+00 
-6.853546e+00 -4.318328e+00 
-6.891753e+00 -4.217755e+00 
-6.928555e+00 -4.117180e+00 
-6.963952e+00 -4.016596e+00 
-6.997985e+00 -3.916026e+00 
-7.030711e+00 -3.815472e+00 
-7.062182e+00 -3.714936e+00 
-7.092452e+00 -3.614416e+00 
-7.121561e+00 -3.513908e+00 
-7.149546e+00 -3.413412e+00 
-7.176447e+00 -3.312930e+00 
-7.202295e+00 -3.212457e+00 
-7.227118e+00 -3.111992e+00 
-7.250941e+00 -3.011536e+00 
-7.273795e+00 -2.911092e+00 
-7.295702e+00 -2.810654e+00 
-7.316678e+00 -2.710221e+00 
-7.336741e+00 -2.609795e+00 
-7.355909e+00 -2.509374e+00 
-7.374201e+00 -2.408960e+00 
-7.391631e+00 -2.308551e+00 
-7.408218e+00 -2.208149e+00 
-7.423967e+00 -2.107747e+00 
-7.438780e+00 -2.007293e+00 
-7.452585e+00 -1.906803e+00 
-7.465474e+00 -1.806363e+00 
-7.477509e+00 -1.705949e+00 
-7.488681e+00 -1.605528e+00 
-7.498977e+00 -1.505098e+00 
-7.508383e+00 -1.404661e+00 
-7.516886e+00 -1.304217e+00 
-7.524475e+00 -1.203766e+00 
-7.531136e+00 -1.103307e+00 
-7.536859e+00 -1.002842e+00 
-7.541631e+00 -9.023709e-01 
-7.545489e+00 -8.019178e-01 
-7.548575e+00 -7.015359e-01 
-7.550927e+00 -6.011706e-01 
-7.552555e+00 -5.008104e-01 
-7.553464e+00 -4.004523e-01 
-7.553659e+00 -3.000962e-01 
-7.453659e+00 -2.999038e-01 
