2.510146e+00 3.573897e+00 
2.515775e+00 3.673829e+00 
2.521543e+00 3.773809e+00 
2.527359e+00 3.873900e+00 
2.532987e+00 3.973910e+00 
2.538589e+00 4.073841e+00 
2.544329e+00 4.173743e+00 
2.550265e+00 4.273628e+00 
2.556431e+00 4.373515e+00 
2.562826e+00 4.473414e+00 
2.569425e+00 4.573324e+00 
2.576206e+00 4.673257e+00 
2.583122e+00 4.773215e+00 
2.590128e+00 4.873221e+00 
2.597126e+00 4.973279e+00 
2.603999e+00 5.073245e+00 
2.610938e+00 5.173149e+00 
2.618067e+00 5.273029e+00 
2.625438e+00 5.372898e+00 
2.633073e+00 5.472794e+00 
2.640921e+00 5.572725e+00 
2.648910e+00 5.672666e+00 
2.657019e+00 5.772613e+00 
2.665234e+00 5.872567e+00 
2.673543e+00 5.972528e+00 
2.681933e+00 6.072516e+00 
2.690348e+00 6.172496e+00 
2.698796e+00 6.272412e+00 
2.707417e+00 6.372344e+00 
2.716165e+00 6.472186e+00 
2.725233e+00 6.572015e+00 
2.734644e+00 6.671829e+00 
2.744429e+00 6.771617e+00 
2.754647e+00 6.871424e+00 
2.765260e+00 6.971275e+00 
2.776181e+00 7.071159e+00 
2.787338e+00 7.171064e+00 
2.798693e+00 7.270995e+00 
2.810191e+00 7.370948e+00 
2.821786e+00 7.470907e+00 
2.833458e+00 7.570821e+00 
2.845302e+00 7.670705e+00 
2.857375e+00 7.770530e+00 
2.869802e+00 7.870324e+00 
2.882648e+00 7.970111e+00 
2.895931e+00 8.069893e+00 
2.909660e+00 8.169672e+00 
2.923846e+00 8.269462e+00 
2.938472e+00 8.369303e+00 
2.953428e+00 8.469154e+00 
2.968696e+00 8.569047e+00 
2.984183e+00 8.668918e+00 
2.999926e+00 8.768728e+00 
3.016061e+00 8.868518e+00 
3.032627e+00 8.968286e+00 
3.049671e+00 9.068020e+00 
3.067263e+00 9.167724e+00 
3.085470e+00 9.267395e+00 
3.104360e+00 9.367031e+00 
3.124007e+00 9.466630e+00 
3.144500e+00 9.566215e+00 
3.165875e+00 9.665805e+00 
3.188127e+00 9.765391e+00 
3.211266e+00 9.864968e+00 
3.235315e+00 9.964533e+00 
3.260309e+00 1.006408e+01 
3.286290e+00 1.016363e+01 
3.313268e+00 1.026320e+01 
3.341190e+00 1.036275e+01 
3.370052e+00 1.046208e+01 
3.400422e+00 1.056136e+01 
3.432441e+00 1.066064e+01 
3.466100e+00 1.075984e+01 
3.501617e+00 1.085894e+01 
3.539251e+00 1.095795e+01 
3.579262e+00 1.105688e+01 
3.621942e+00 1.115569e+01 
3.667624e+00 1.125436e+01 
3.716776e+00 1.135279e+01 
3.770298e+00 1.145109e+01 
3.828871e+00 1.154936e+01 
3.892930e+00 1.164752e+01 
3.963319e+00 1.174551e+01 
4.041351e+00 1.184336e+01 
4.128088e+00 1.194047e+01 
4.225058e+00 1.203285e+01 
4.322224e+00 1.211149e+01 
4.419676e+00 1.217950e+01 
4.517350e+00 1.223915e+01 
4.615042e+00 1.229184e+01 
4.712740e+00 1.233818e+01 
4.810451e+00 1.237863e+01 
4.908179e+00 1.241357e+01 
5.005936e+00 1.244333e+01 
5.103719e+00 1.246819e+01 
5.201525e+00 1.248837e+01 
5.299350e+00 1.250403e+01 
5.397196e+00 1.251533e+01 
5.495029e+00 1.252234e+01 
5.592797e+00 1.252511e+01 
5.690384e+00 1.252352e+01 
5.788599e+00 1.251714e+01 
5.887335e+00 1.250714e+01 
5.986295e+00 1.249457e+01 
6.085261e+00 1.247988e+01 
6.184235e+00 1.246306e+01 
6.283218e+00 1.244411e+01 
6.382212e+00 1.242302e+01 
6.481216e+00 1.239979e+01 
6.580232e+00 1.237439e+01 
6.679261e+00 1.234683e+01 
6.778303e+00 1.231710e+01 
6.877360e+00 1.228518e+01 
6.976432e+00 1.225107e+01 
7.075520e+00 1.221475e+01 
7.174624e+00 1.217623e+01 
7.273746e+00 1.213547e+01 
7.372885e+00 1.209248e+01 
7.472042e+00 1.204724e+01 
7.571217e+00 1.199974e+01 
7.670434e+00 1.194997e+01 
7.769676e+00 1.189797e+01 
7.868918e+00 1.184378e+01 
7.968155e+00 1.178733e+01 
8.067390e+00 1.172854e+01 
8.166621e+00 1.166734e+01 
8.265850e+00 1.160361e+01 
8.365075e+00 1.153728e+01 
8.464418e+00 1.146813e+01 
8.563849e+00 1.139651e+01 
8.663349e+00 1.132269e+01 
8.762848e+00 1.124692e+01 
8.862343e+00 1.116915e+01 
8.961835e+00 1.108929e+01 
9.061325e+00 1.100727e+01 
9.160812e+00 1.092301e+01 
9.260296e+00 1.083641e+01 
9.359778e+00 1.074738e+01 
9.459261e+00 1.065580e+01 
9.558755e+00 1.056158e+01 
9.658249e+00 1.046468e+01 
9.757540e+00 1.036519e+01 
9.854067e+00 1.026569e+01 
9.947931e+00 1.016620e+01 
1.003923e+01 1.006670e+01 
1.012804e+01 9.967213e+00 
1.021445e+01 9.867724e+00 
1.029855e+01 9.768235e+00 
1.038042e+01 9.668723e+00 
1.046028e+01 9.569125e+00 
1.053848e+01 9.469507e+00 
1.061514e+01 9.369893e+00 
1.069027e+01 9.270283e+00 
1.076389e+01 9.170676e+00 
1.083601e+01 9.071072e+00 
1.090667e+01 8.971472e+00 
1.097586e+01 8.871875e+00 
1.104362e+01 8.772281e+00 
1.110997e+01 8.672690e+00 
1.117491e+01 8.573102e+00 
1.123846e+01 8.473517e+00 
1.130065e+01 8.373935e+00 
1.136148e+01 8.274355e+00 
1.142098e+01 8.174777e+00 
1.147916e+01 8.075202e+00 
1.153605e+01 7.975605e+00 
1.159172e+01 7.876002e+00 
1.164622e+01 7.776391e+00 
1.169958e+01 7.676780e+00 
1.175182e+01 7.577170e+00 
1.180294e+01 7.477560e+00 
1.185297e+01 7.377951e+00 
1.190191e+01 7.278343e+00 
1.194978e+01 7.178734e+00 
1.199660e+01 7.079125e+00 
1.204236e+01 6.979516e+00 
1.208710e+01 6.879907e+00 
1.213082e+01 6.780281e+00 
1.217360e+01 6.680617e+00 
1.221552e+01 6.580937e+00 
1.225663e+01 6.481251e+00 
1.229695e+01 6.381565e+00 
1.233649e+01 6.281881e+00 
1.237525e+01 6.182198e+00 
1.241323e+01 6.082516e+00 
1.245044e+01 5.982835e+00 
1.248687e+01 5.883156e+00 
1.252254e+01 5.783477e+00 
1.255744e+01 5.683798e+00 
1.259158e+01 5.584121e+00 
1.262497e+01 5.484444e+00 
1.265760e+01 5.384768e+00 
1.268948e+01 5.285093e+00 
1.272062e+01 5.185418e+00 
1.275101e+01 5.085743e+00 
1.278066e+01 4.986069e+00 
1.280958e+01 4.886395e+00 
1.283777e+01 4.786721e+00 
1.286523e+01 4.687047e+00 
1.289196e+01 4.587372e+00 
1.291798e+01 4.487674e+00 
1.294334e+01 4.387976e+00 
1.296805e+01 4.288277e+00 
1.299209e+01 4.188578e+00 
1.301549e+01 4.088879e+00 
1.303823e+01 3.989180e+00 
1.306033e+01 3.889481e+00 
1.308179e+01 3.789781e+00 
1.310261e+01 3.690081e+00 
1.312279e+01 3.590381e+00 
1.314233e+01 3.490680e+00 
1.316125e+01 3.390979e+00 
1.317954e+01 3.291277e+00 
1.319721e+01 3.191575e+00 
1.321425e+01 3.091872e+00 
1.323068e+01 2.992169e+00 
1.324649e+01 2.892465e+00 
1.326169e+01 2.792760e+00 
1.327628e+01 2.693055e+00 
1.329027e+01 2.593349e+00 
1.330365e+01 2.493642e+00 
1.331644e+01 2.393934e+00 
1.332862e+01 2.294226e+00 
1.334021e+01 2.194517e+00 
1.335122e+01 2.094807e+00 
1.336163e+01 1.995096e+00 
1.337146e+01 1.895384e+00 
1.338070e+01 1.795671e+00 
1.338937e+01 1.695957e+00 
1.339746e+01 1.596242e+00 
1.340498e+01 1.496526e+00 
1.341192e+01 1.396809e+00 
1.341830e+01 1.297091e+00 
1.342411e+01 1.197372e+00 
1.342936e+01 1.097652e+00 
1.343405e+01 9.979307e-01 
1.343818e+01 8.982082e-01 
1.344176e+01 7.984845e-01 
1.354171e+01 8.015155e-01 
1.353812e+01 9.017918e-01 
1.353396e+01 1.002069e+00 
1.352925e+01 1.102348e+00 
1.352397e+01 1.202628e+00 
1.351813e+01 1.302909e+00 
1.351172e+01 1.403191e+00 
1.350474e+01 1.503474e+00 
1.349718e+01 1.603758e+00 
1.348904e+01 1.704043e+00 
1.348033e+01 1.804329e+00 
1.347103e+01 1.904616e+00 
1.346115e+01 2.004904e+00 
1.345068e+01 2.105193e+00 
1.343961e+01 2.205483e+00 
1.342795e+01 2.305774e+00 
1.341570e+01 2.406066e+00 
1.340284e+01 2.506358e+00 
1.338938e+01 2.606651e+00 
1.337531e+01 2.706945e+00 
1.336064e+01 2.807240e+00 
1.334535e+01 2.907535e+00 
1.332944e+01 3.007831e+00 
1.331292e+01 3.108128e+00 
1.329578e+01 3.208425e+00 
1.327801e+01 3.308723e+00 
1.325961e+01 3.409021e+00 
1.324058e+01 3.509320e+00 
1.322092e+01 3.609619e+00 
1.320062e+01 3.709919e+00 
1.317968e+01 3.810219e+00 
1.315809e+01 3.910519e+00 
1.313586e+01 4.010820e+00 
1.311298e+01 4.111121e+00 
1.308945e+01 4.211422e+00 
1.306526e+01 4.311723e+00 
1.304041e+01 4.412024e+00 
1.301490e+01 4.512326e+00 
1.298872e+01 4.612628e+00 
1.296181e+01 4.712953e+00 
1.293417e+01 4.813279e+00 
1.290581e+01 4.913605e+00 
1.287670e+01 5.013931e+00 
1.284686e+01 5.114257e+00 
1.281627e+01 5.214582e+00 
1.278493e+01 5.314907e+00 
1.275285e+01 5.415232e+00 
1.272001e+01 5.515556e+00 
1.268641e+01 5.615879e+00 
1.265205e+01 5.716202e+00 
1.261692e+01 5.816523e+00 
1.258103e+01 5.916844e+00 
1.254436e+01 6.017165e+00 
1.250692e+01 6.117484e+00 
1.246870e+01 6.217802e+00 
1.242970e+01 6.318119e+00 
1.238991e+01 6.418435e+00 
1.234933e+01 6.518749e+00 
1.230796e+01 6.619063e+00 
1.226578e+01 6.719383e+00 
1.222272e+01 6.819719e+00 
1.217867e+01 6.920093e+00 
1.213359e+01 7.020484e+00 
1.208746e+01 7.120875e+00 
1.204029e+01 7.221266e+00 
1.199204e+01 7.321657e+00 
1.194272e+01 7.422049e+00 
1.189231e+01 7.522440e+00 
1.184079e+01 7.622830e+00 
1.178815e+01 7.723220e+00 
1.173437e+01 7.823609e+00 
1.167945e+01 7.923998e+00 
1.162334e+01 8.024395e+00 
1.156600e+01 8.124798e+00 
1.150733e+01 8.225223e+00 
1.144733e+01 8.325645e+00 
1.138599e+01 8.426065e+00 
1.132328e+01 8.526483e+00 
1.125920e+01 8.626898e+00 
1.119373e+01 8.727310e+00 
1.112685e+01 8.827719e+00 
1.105854e+01 8.928125e+00 
1.098879e+01 9.028528e+00 
1.091758e+01 9.128928e+00 
1.084488e+01 9.229324e+00 
1.077069e+01 9.329717e+00 
1.069498e+01 9.430107e+00 
1.061774e+01 9.530493e+00 
1.053893e+01 9.630875e+00 
1.045844e+01 9.731277e+00 
1.037578e+01 9.831765e+00 
1.029083e+01 9.932276e+00 
1.020354e+01 1.003279e+01 
1.011383e+01 1.013330e+01 
1.002161e+01 1.023380e+01 
9.926808e+00 1.033431e+01 
9.829315e+00 1.043481e+01 
9.729035e+00 1.053532e+01 
9.628529e+00 1.063322e+01 
9.528023e+00 1.072841e+01 
9.427506e+00 1.082095e+01 
9.326988e+00 1.091092e+01 
9.226472e+00 1.099843e+01 
9.125959e+00 1.108358e+01 
9.025448e+00 1.116645e+01 
8.924941e+00 1.124713e+01 
8.824436e+00 1.132571e+01 
8.723935e+00 1.140225e+01 
8.623435e+00 1.147682e+01 
8.522866e+00 1.154927e+01 
8.422209e+00 1.161935e+01 
8.321434e+00 1.168674e+01 
8.220663e+00 1.175148e+01 
8.119894e+00 1.181365e+01 
8.019128e+00 1.187336e+01 
7.918366e+00 1.193070e+01 
7.817608e+00 1.198573e+01 
7.716850e+00 1.203854e+01 
7.616067e+00 1.208912e+01 
7.515242e+00 1.213743e+01 
7.414399e+00 1.218345e+01 
7.313538e+00 1.222721e+01 
7.212660e+00 1.226871e+01 
7.111764e+00 1.230796e+01 
7.010852e+00 1.234496e+01 
6.909924e+00 1.237973e+01 
6.808981e+00 1.241228e+01 
6.708023e+00 1.244261e+01 
6.607052e+00 1.247073e+01 
6.506068e+00 1.249665e+01 
6.405072e+00 1.252038e+01 
6.304066e+00 1.254192e+01 
6.203049e+00 1.256128e+01 
6.102023e+00 1.257847e+01 
6.000988e+00 1.259349e+01 
5.899949e+00 1.260634e+01 
5.798685e+00 1.261663e+01 
5.696900e+00 1.262330e+01 
5.594487e+00 1.262509e+01 
5.492255e+00 1.262230e+01 
5.390088e+00 1.261507e+01 
5.287934e+00 1.260338e+01 
5.185759e+00 1.258712e+01 
5.083565e+00 1.256614e+01 
4.981348e+00 1.254026e+01 
4.879105e+00 1.250925e+01 
4.776833e+00 1.247281e+01 
4.674544e+00 1.243060e+01 
4.572242e+00 1.238222e+01 
4.469934e+00 1.232720e+01 
4.367608e+00 1.226487e+01 
4.265060e+00 1.219354e+01 
4.162226e+00 1.211065e+01 
4.059196e+00 1.201295e+01 
3.966852e+00 1.191006e+01 
3.885177e+00 1.180791e+01 
3.811743e+00 1.170590e+01 
3.745151e+00 1.160405e+01 
3.684418e+00 1.150232e+01 
3.628965e+00 1.140063e+01 
3.578172e+00 1.129906e+01 
3.531205e+00 1.119773e+01 
3.487465e+00 1.109654e+01 
3.446552e+00 1.099546e+01 
3.408145e+00 1.089448e+01 
3.371966e+00 1.079358e+01 
3.337746e+00 1.069278e+01 
3.305251e+00 1.059206e+01 
3.274428e+00 1.049134e+01 
3.245163e+00 1.039066e+01 
3.216984e+00 1.029021e+01 
3.189770e+00 1.018979e+01 
3.163550e+00 1.008934e+01 
3.138326e+00 9.988885e+00 
3.114062e+00 9.888450e+00 
3.090723e+00 9.788027e+00 
3.068282e+00 9.687613e+00 
3.046727e+00 9.587203e+00 
3.026060e+00 9.486787e+00 
3.006251e+00 9.386387e+00 
2.987220e+00 9.286023e+00 
2.968891e+00 9.185694e+00 
2.951192e+00 9.085397e+00 
2.934057e+00 8.985132e+00 
2.917412e+00 8.884900e+00 
2.901208e+00 8.784690e+00 
2.885404e+00 8.684500e+00 
2.869877e+00 8.584371e+00 
2.854576e+00 8.484264e+00 
2.839575e+00 8.384115e+00 
2.824902e+00 8.283956e+00 
2.810655e+00 8.183746e+00 
2.796865e+00 8.083525e+00 
2.783523e+00 7.983307e+00 
2.770620e+00 7.883094e+00 
2.758142e+00 7.782887e+00 
2.746025e+00 7.682713e+00 
2.734154e+00 7.582596e+00 
2.722461e+00 7.482511e+00 
2.710857e+00 7.382470e+00 
2.699348e+00 7.282423e+00 
2.687978e+00 7.182354e+00 
2.676798e+00 7.082259e+00 
2.665852e+00 6.982143e+00 
2.655207e+00 6.881994e+00 
2.644949e+00 6.781801e+00 
2.635121e+00 6.681589e+00 
2.625675e+00 6.581403e+00 
2.616575e+00 6.481232e+00 
2.607798e+00 6.381074e+00 
2.599166e+00 6.281006e+00 
2.590703e+00 6.180922e+00 
2.582286e+00 6.080902e+00 
2.573893e+00 5.980890e+00 
2.565578e+00 5.880850e+00 
2.557355e+00 5.780805e+00 
2.549238e+00 5.680752e+00 
2.541239e+00 5.580693e+00 
2.533380e+00 5.480624e+00 
2.525728e+00 5.380519e+00 
2.518338e+00 5.280389e+00 
2.511192e+00 5.180269e+00 
2.504240e+00 5.080173e+00 
2.497362e+00 4.980139e+00 
2.490372e+00 4.880197e+00 
2.483367e+00 4.780203e+00 
2.476444e+00 4.680160e+00 
2.469654e+00 4.580094e+00 
2.463043e+00 4.480004e+00 
2.456635e+00 4.379903e+00 
2.450455e+00 4.279790e+00 
2.444505e+00 4.179675e+00 
2.438754e+00 4.079577e+00 
2.433143e+00 3.979508e+00 
2.427517e+00 3.879518e+00 
2.421712e+00 3.779609e+00 
2.415941e+00 3.679589e+00 
2.410304e+00 3.579521e+00 
2.510146e+00 3.573897e+00 
