-1.421000e+00 6.547960e+00 
-1.428772e+00 6.647873e+00 
-1.436718e+00 6.747776e+00 
-1.444862e+00 6.847705e+00 
-1.453154e+00 6.947686e+00 
-1.461489e+00 7.047719e+00 
-1.469759e+00 7.147781e+00 
-1.477898e+00 7.247776e+00 
-1.486040e+00 7.347679e+00 
-1.494375e+00 7.447552e+00 
-1.502966e+00 7.547428e+00 
-1.511815e+00 7.647373e+00 
-1.520775e+00 7.747325e+00 
-1.529822e+00 7.847162e+00 
-1.539185e+00 7.946869e+00 
-1.549136e+00 8.046537e+00 
-1.559776e+00 8.146356e+00 
-1.570792e+00 8.246231e+00 
-1.582055e+00 8.346056e+00 
-1.593673e+00 8.445860e+00 
-1.605694e+00 8.545695e+00 
-1.618058e+00 8.645583e+00 
-1.630652e+00 8.745486e+00 
-1.643446e+00 8.845378e+00 
-1.656459e+00 8.945260e+00 
-1.669712e+00 9.045128e+00 
-1.683232e+00 9.144973e+00 
-1.697058e+00 9.244743e+00 
-1.711360e+00 9.344513e+00 
-1.726135e+00 9.444289e+00 
-1.741363e+00 9.544011e+00 
-1.757173e+00 9.643780e+00 
-1.773468e+00 9.743580e+00 
-1.790184e+00 9.843407e+00 
-1.807262e+00 9.943250e+00 
-1.824663e+00 1.004307e+01 
-1.842429e+00 1.014283e+01 
-1.860691e+00 1.024253e+01 
-1.879588e+00 1.034224e+01 
-1.899110e+00 1.044201e+01 
-1.919122e+00 1.054179e+01 
-1.939581e+00 1.064153e+01 
-1.960586e+00 1.074121e+01 
-1.982247e+00 1.084085e+01 
-2.004688e+00 1.094045e+01 
-2.027987e+00 1.104008e+01 
-2.052105e+00 1.113976e+01 
-2.076932e+00 1.123946e+01 
-2.102422e+00 1.133920e+01 
-2.128485e+00 1.143899e+01 
-2.155023e+00 1.153882e+01 
-2.181959e+00 1.163870e+01 
-2.209166e+00 1.173860e+01 
-2.236571e+00 1.183846e+01 
-2.264256e+00 1.193816e+01 
-2.292569e+00 1.203771e+01 
-2.321871e+00 1.213721e+01 
-2.352304e+00 1.223672e+01 
-2.383875e+00 1.233628e+01 
-2.416514e+00 1.243594e+01 
-2.449956e+00 1.253565e+01 
-2.484080e+00 1.263539e+01 
-2.518828e+00 1.273512e+01 
-2.554153e+00 1.283472e+01 
-2.590390e+00 1.293420e+01 
-2.627830e+00 1.303354e+01 
-2.666890e+00 1.313286e+01 
-2.707603e+00 1.323212e+01 
-2.750114e+00 1.333120e+01 
-2.795004e+00 1.343029e+01 
-2.842316e+00 1.352941e+01 
-2.892037e+00 1.362852e+01 
-2.944261e+00 1.372761e+01 
-2.999119e+00 1.382669e+01 
-3.056742e+00 1.392575e+01 
-3.117296e+00 1.402478e+01 
-3.180966e+00 1.412377e+01 
-3.247858e+00 1.422243e+01 
-3.319601e+00 1.432111e+01 
-3.396686e+00 1.442009e+01 
-3.478088e+00 1.451916e+01 
-3.563579e+00 1.461822e+01 
-3.653493e+00 1.471726e+01 
-3.748269e+00 1.481628e+01 
-3.847255e+00 1.491416e+01 
-3.946174e+00 1.500661e+01 
-4.044991e+00 1.509372e+01 
-4.143741e+00 1.517545e+01 
-4.242467e+00 1.525197e+01 
-4.341616e+00 1.532387e+01 
-4.440966e+00 1.539279e+01 
-4.540272e+00 1.545939e+01 
-4.639547e+00 1.552360e+01 
-4.738833e+00 1.558543e+01 
-4.838024e+00 1.564493e+01 
-4.937258e+00 1.570194e+01 
-5.036391e+00 1.575660e+01 
-5.135552e+00 1.580876e+01 
-5.234641e+00 1.585852e+01 
-5.333728e+00 1.590578e+01 
-5.432761e+00 1.595060e+01 
-5.531757e+00 1.599290e+01 
-5.630730e+00 1.603268e+01 
-5.729684e+00 1.606993e+01 
-5.828990e+00 1.610481e+01 
-5.928500e+00 1.613812e+01 
-6.028069e+00 1.617031e+01 
-6.127632e+00 1.620151e+01 
-6.227173e+00 1.623171e+01 
-6.326663e+00 1.626085e+01 
-6.426130e+00 1.628884e+01 
-6.525588e+00 1.631565e+01 
-6.625012e+00 1.634126e+01 
-6.724413e+00 1.636561e+01 
-6.823801e+00 1.638866e+01 
-6.923155e+00 1.641039e+01 
-7.022486e+00 1.643075e+01 
-7.121764e+00 1.644969e+01 
-7.221029e+00 1.646712e+01 
-7.320282e+00 1.648303e+01 
-7.419522e+00 1.649740e+01 
-7.518742e+00 1.651022e+01 
-7.617918e+00 1.652145e+01 
-7.717068e+00 1.653102e+01 
-7.816202e+00 1.653888e+01 
-7.915409e+00 1.654502e+01 
-8.014790e+00 1.654958e+01 
-8.114335e+00 1.655291e+01 
-8.213858e+00 1.655534e+01 
-8.313373e+00 1.655681e+01 
-8.412879e+00 1.655732e+01 
-8.512378e+00 1.655685e+01 
-8.611868e+00 1.655538e+01 
-8.711351e+00 1.655289e+01 
-8.810825e+00 1.654937e+01 
-8.910292e+00 1.654481e+01 
-9.009750e+00 1.653918e+01 
-9.109201e+00 1.653247e+01 
-9.208645e+00 1.652466e+01 
-9.308080e+00 1.651573e+01 
-9.407509e+00 1.650566e+01 
-9.506930e+00 1.649444e+01 
-9.606344e+00 1.648204e+01 
-9.705752e+00 1.646845e+01 
-9.805152e+00 1.645365e+01 
-9.904545e+00 1.643761e+01 
-1.000393e+01 1.642032e+01 
-1.010331e+01 1.640175e+01 
-1.020269e+01 1.638187e+01 
-1.030206e+01 1.636068e+01 
-1.040142e+01 1.633814e+01 
-1.050078e+01 1.631423e+01 
-1.060017e+01 1.628893e+01 
-1.069965e+01 1.626227e+01 
-1.079918e+01 1.623442e+01 
-1.089875e+01 1.620553e+01 
-1.099831e+01 1.617566e+01 
-1.109787e+01 1.614480e+01 
-1.119743e+01 1.611292e+01 
-1.129698e+01 1.608001e+01 
-1.139653e+01 1.604607e+01 
-1.149608e+01 1.601106e+01 
-1.159562e+01 1.597498e+01 
-1.169516e+01 1.593780e+01 
-1.179470e+01 1.589950e+01 
-1.189424e+01 1.586007e+01 
-1.199377e+01 1.581948e+01 
-1.209330e+01 1.577771e+01 
-1.219285e+01 1.573474e+01 
-1.229240e+01 1.569060e+01 
-1.239195e+01 1.564528e+01 
-1.249150e+01 1.559878e+01 
-1.259105e+01 1.555105e+01 
-1.269060e+01 1.550210e+01 
-1.279014e+01 1.545188e+01 
-1.288969e+01 1.540039e+01 
-1.298923e+01 1.534759e+01 
-1.308877e+01 1.529347e+01 
-1.318832e+01 1.523798e+01 
-1.328786e+01 1.518112e+01 
-1.338740e+01 1.512285e+01 
-1.348694e+01 1.506314e+01 
-1.358647e+01 1.500196e+01 
-1.368601e+01 1.493928e+01 
-1.378555e+01 1.487506e+01 
-1.388511e+01 1.480927e+01 
-1.398469e+01 1.474192e+01 
-1.408431e+01 1.467308e+01 
-1.418393e+01 1.460287e+01 
-1.428355e+01 1.453126e+01 
-1.438317e+01 1.445822e+01 
-1.448278e+01 1.438370e+01 
-1.458239e+01 1.430768e+01 
-1.468200e+01 1.423010e+01 
-1.478161e+01 1.415092e+01 
-1.488122e+01 1.407010e+01 
-1.498082e+01 1.398758e+01 
-1.508043e+01 1.390332e+01 
-1.518003e+01 1.381725e+01 
-1.527966e+01 1.372932e+01 
-1.537931e+01 1.363956e+01 
-1.547897e+01 1.354809e+01 
-1.557864e+01 1.345493e+01 
-1.567830e+01 1.336003e+01 
-1.577796e+01 1.326334e+01 
-1.587762e+01 1.316479e+01 
-1.597649e+01 1.306513e+01 
-1.607349e+01 1.296547e+01 
-1.616866e+01 1.286581e+01 
-1.626206e+01 1.276615e+01 
-1.635371e+01 1.266650e+01 
-1.644365e+01 1.256685e+01 
-1.653193e+01 1.246719e+01 
-1.661859e+01 1.236754e+01 
-1.670365e+01 1.226789e+01 
-1.678716e+01 1.216823e+01 
-1.686914e+01 1.206858e+01 
-1.694963e+01 1.196893e+01 
-1.702867e+01 1.186928e+01 
-1.710627e+01 1.176963e+01 
-1.718247e+01 1.166998e+01 
-1.725731e+01 1.157032e+01 
-1.733080e+01 1.147067e+01 
-1.740298e+01 1.137102e+01 
-1.747387e+01 1.127136e+01 
-1.754349e+01 1.117171e+01 
-1.761188e+01 1.107205e+01 
-1.767905e+01 1.097240e+01 
-1.774503e+01 1.087274e+01 
-1.780984e+01 1.077308e+01 
-1.787350e+01 1.067342e+01 
-1.793604e+01 1.057375e+01 
-1.799754e+01 1.047406e+01 
-1.805804e+01 1.037436e+01 
-1.811762e+01 1.027463e+01 
-1.817636e+01 1.017489e+01 
-1.823429e+01 1.007515e+01 
-1.829142e+01 9.975413e+00 
-1.834774e+01 9.875693e+00 
-1.840322e+01 9.775973e+00 
-1.845786e+01 9.676254e+00 
-1.851168e+01 9.576535e+00 
-1.856468e+01 9.476816e+00 
-1.861686e+01 9.377097e+00 
-1.866825e+01 9.277378e+00 
-1.871884e+01 9.177659e+00 
-1.876865e+01 9.077940e+00 
-1.881768e+01 8.978221e+00 
-1.886593e+01 8.878501e+00 
-1.891342e+01 8.778782e+00 
-1.896016e+01 8.679062e+00 
-1.900615e+01 8.579342e+00 
-1.905139e+01 8.479622e+00 
-1.909590e+01 8.379901e+00 
-1.913968e+01 8.280180e+00 
-1.918273e+01 8.180459e+00 
-1.922508e+01 8.080737e+00 
-1.926671e+01 7.981015e+00 
-1.930764e+01 7.881292e+00 
-1.934787e+01 7.781569e+00 
-1.938742e+01 7.681846e+00 
-1.942628e+01 7.582121e+00 
-1.946447e+01 7.482397e+00 
-1.950198e+01 7.382672e+00 
-1.953882e+01 7.282946e+00 
-1.957501e+01 7.183219e+00 
-1.961054e+01 7.083492e+00 
-1.964542e+01 6.983765e+00 
-1.967966e+01 6.884037e+00 
-1.971326e+01 6.784308e+00 
-1.974623e+01 6.684578e+00 
-1.977856e+01 6.584848e+00 
-1.981028e+01 6.485117e+00 
-1.984138e+01 6.385385e+00 
-1.987186e+01 6.285653e+00 
-1.990173e+01 6.185920e+00 
-1.993100e+01 6.086186e+00 
-1.995968e+01 5.986451e+00 
-1.998775e+01 5.886716e+00 
-2.001524e+01 5.786980e+00 
-2.004214e+01 5.687243e+00 
-2.006846e+01 5.587506e+00 
-2.009420e+01 5.487767e+00 
-2.011937e+01 5.388028e+00 
-2.014396e+01 5.288288e+00 
-2.016800e+01 5.188531e+00 
-2.019151e+01 5.088774e+00 
-2.021450e+01 4.989015e+00 
-2.023696e+01 4.889257e+00 
-2.025891e+01 4.789500e+00 
-2.028034e+01 4.689742e+00 
-2.030125e+01 4.589985e+00 
-2.032164e+01 4.490228e+00 
-2.034152e+01 4.390472e+00 
-2.036089e+01 4.290716e+00 
-2.037974e+01 4.190960e+00 
-2.039808e+01 4.091204e+00 
-2.041591e+01 3.991449e+00 
-2.043322e+01 3.891694e+00 
-2.045003e+01 3.791939e+00 
-2.046633e+01 3.692184e+00 
-2.048211e+01 3.592430e+00 
-2.049739e+01 3.492676e+00 
-2.051217e+01 3.392922e+00 
-2.052643e+01 3.293168e+00 
-2.054019e+01 3.193415e+00 
-2.055345e+01 3.093661e+00 
-2.056620e+01 2.993908e+00 
-2.057844e+01 2.894155e+00 
-2.059018e+01 2.794402e+00 
-2.060142e+01 2.694650e+00 
-2.061216e+01 2.594867e+00 
-2.062246e+01 2.495066e+00 
-2.063236e+01 2.395265e+00 
-2.064185e+01 2.295464e+00 
-2.065095e+01 2.195662e+00 
-2.065964e+01 2.095860e+00 
-2.066793e+01 1.996059e+00 
-2.067582e+01 1.896257e+00 
-2.068331e+01 1.796455e+00 
-2.069041e+01 1.696653e+00 
-2.069710e+01 1.596852e+00 
-2.070340e+01 1.497050e+00 
-2.070930e+01 1.397248e+00 
-2.071480e+01 1.297446e+00 
-2.071991e+01 1.197643e+00 
-2.072462e+01 1.097841e+00 
-2.072893e+01 9.980392e-01 
-2.073285e+01 8.982370e-01 
-2.073637e+01 7.984359e-01 
-2.073949e+01 6.986382e-01 
-2.074221e+01 5.988409e-01 
-2.084219e+01 6.011591e-01 
-2.083946e+01 7.013618e-01 
-2.083632e+01 8.015641e-01 
-2.083279e+01 9.017630e-01 
-2.082885e+01 1.001961e+00 
-2.082452e+01 1.102159e+00 
-2.081980e+01 1.202357e+00 
-2.081467e+01 1.302554e+00 
-2.080915e+01 1.402752e+00 
-2.080323e+01 1.502950e+00 
-2.079690e+01 1.603148e+00 
-2.079018e+01 1.703347e+00 
-2.078306e+01 1.803545e+00 
-2.077554e+01 1.903743e+00 
-2.076762e+01 2.003941e+00 
-2.075929e+01 2.104140e+00 
-2.075057e+01 2.204338e+00 
-2.074144e+01 2.304536e+00 
-2.073191e+01 2.404735e+00 
-2.072197e+01 2.504934e+00 
-2.071163e+01 2.605133e+00 
-2.070085e+01 2.705350e+00 
-2.068956e+01 2.805598e+00 
-2.067776e+01 2.905845e+00 
-2.066545e+01 3.006092e+00 
-2.065264e+01 3.106339e+00 
-2.063932e+01 3.206585e+00 
-2.062549e+01 3.306832e+00 
-2.061116e+01 3.407078e+00 
-2.059632e+01 3.507324e+00 
-2.058096e+01 3.607570e+00 
-2.056510e+01 3.707816e+00 
-2.054872e+01 3.808061e+00 
-2.053183e+01 3.908306e+00 
-2.051443e+01 4.008551e+00 
-2.049652e+01 4.108796e+00 
-2.047809e+01 4.209040e+00 
-2.045915e+01 4.309284e+00 
-2.043969e+01 4.409528e+00 
-2.041971e+01 4.509772e+00 
-2.039922e+01 4.610015e+00 
-2.037821e+01 4.710258e+00 
-2.035668e+01 4.810500e+00 
-2.033463e+01 4.910743e+00 
-2.031205e+01 5.010985e+00 
-2.028896e+01 5.111226e+00 
-2.026533e+01 5.211469e+00 
-2.024118e+01 5.311712e+00 
-2.021646e+01 5.411972e+00 
-2.019116e+01 5.512233e+00 
-2.016528e+01 5.612494e+00 
-2.013883e+01 5.712757e+00 
-2.011179e+01 5.813020e+00 
-2.008416e+01 5.913284e+00 
-2.005593e+01 6.013549e+00 
-2.002711e+01 6.113814e+00 
-1.999769e+01 6.214080e+00 
-1.996765e+01 6.314347e+00 
-1.993701e+01 6.414615e+00 
-1.990575e+01 6.514883e+00 
-1.987386e+01 6.615152e+00 
-1.984135e+01 6.715422e+00 
-1.980821e+01 6.815692e+00 
-1.977443e+01 6.915963e+00 
-1.974000e+01 7.016235e+00 
-1.970493e+01 7.116508e+00 
-1.966921e+01 7.216781e+00 
-1.963283e+01 7.317054e+00 
-1.959578e+01 7.417328e+00 
-1.955806e+01 7.517603e+00 
-1.951967e+01 7.617879e+00 
-1.948060e+01 7.718154e+00 
-1.944083e+01 7.818431e+00 
-1.940038e+01 7.918708e+00 
-1.935922e+01 8.018985e+00 
-1.931736e+01 8.119263e+00 
-1.927478e+01 8.219541e+00 
-1.923148e+01 8.319820e+00 
-1.918746e+01 8.420099e+00 
-1.914271e+01 8.520378e+00 
-1.909721e+01 8.620658e+00 
-1.905097e+01 8.720938e+00 
-1.900397e+01 8.821218e+00 
-1.895622e+01 8.921499e+00 
-1.890769e+01 9.021779e+00 
-1.885839e+01 9.122060e+00 
-1.880831e+01 9.222341e+00 
-1.875743e+01 9.322622e+00 
-1.870576e+01 9.422903e+00 
-1.865328e+01 9.523184e+00 
-1.859998e+01 9.623465e+00 
-1.854586e+01 9.723746e+00 
-1.849091e+01 9.824027e+00 
-1.843513e+01 9.924307e+00 
-1.837850e+01 1.002459e+01 
-1.832107e+01 1.012485e+01 
-1.826283e+01 1.022511e+01 
-1.820379e+01 1.032537e+01 
-1.814388e+01 1.042564e+01 
-1.808303e+01 1.052594e+01 
-1.802115e+01 1.062625e+01 
-1.795820e+01 1.072658e+01 
-1.789411e+01 1.082692e+01 
-1.782886e+01 1.092726e+01 
-1.776243e+01 1.102760e+01 
-1.769480e+01 1.112795e+01 
-1.762595e+01 1.122829e+01 
-1.755584e+01 1.132864e+01 
-1.748447e+01 1.142898e+01 
-1.741179e+01 1.152933e+01 
-1.733779e+01 1.162968e+01 
-1.726244e+01 1.173002e+01 
-1.718571e+01 1.183037e+01 
-1.710756e+01 1.193072e+01 
-1.702798e+01 1.203107e+01 
-1.694693e+01 1.213142e+01 
-1.686438e+01 1.223177e+01 
-1.678030e+01 1.233211e+01 
-1.669465e+01 1.243246e+01 
-1.660740e+01 1.253281e+01 
-1.651851e+01 1.263315e+01 
-1.642794e+01 1.273350e+01 
-1.633566e+01 1.283385e+01 
-1.624163e+01 1.293419e+01 
-1.614581e+01 1.303453e+01 
-1.604815e+01 1.313487e+01 
-1.594862e+01 1.323521e+01 
-1.584828e+01 1.333444e+01 
-1.574794e+01 1.343180e+01 
-1.564760e+01 1.352735e+01 
-1.554726e+01 1.362114e+01 
-1.544693e+01 1.371324e+01 
-1.534658e+01 1.380362e+01 
-1.524621e+01 1.389223e+01 
-1.514581e+01 1.397898e+01 
-1.504541e+01 1.406392e+01 
-1.494502e+01 1.414710e+01 
-1.484462e+01 1.422857e+01 
-1.474423e+01 1.430838e+01 
-1.464384e+01 1.438657e+01 
-1.454345e+01 1.446320e+01 
-1.444307e+01 1.453829e+01 
-1.434268e+01 1.461190e+01 
-1.424230e+01 1.468406e+01 
-1.414192e+01 1.475482e+01 
-1.404154e+01 1.482419e+01 
-1.394113e+01 1.489210e+01 
-1.384069e+01 1.495849e+01 
-1.374023e+01 1.502331e+01 
-1.363976e+01 1.508658e+01 
-1.353930e+01 1.514833e+01 
-1.343884e+01 1.520860e+01 
-1.333838e+01 1.526742e+01 
-1.323792e+01 1.532481e+01 
-1.313746e+01 1.538081e+01 
-1.303700e+01 1.543544e+01 
-1.293655e+01 1.548873e+01 
-1.283609e+01 1.554070e+01 
-1.273564e+01 1.559138e+01 
-1.263519e+01 1.564079e+01 
-1.253473e+01 1.568895e+01 
-1.243428e+01 1.573588e+01 
-1.233383e+01 1.578161e+01 
-1.223339e+01 1.582616e+01 
-1.213293e+01 1.586952e+01 
-1.203247e+01 1.591169e+01 
-1.193200e+01 1.595266e+01 
-1.183154e+01 1.599247e+01 
-1.173107e+01 1.603113e+01 
-1.163061e+01 1.606865e+01 
-1.153016e+01 1.610507e+01 
-1.142971e+01 1.614040e+01 
-1.132926e+01 1.617466e+01 
-1.122881e+01 1.620787e+01 
-1.112837e+01 1.624003e+01 
-1.102793e+01 1.627118e+01 
-1.092749e+01 1.630131e+01 
-1.082705e+01 1.633046e+01 
-1.072659e+01 1.635857e+01 
-1.062606e+01 1.638552e+01 
-1.052546e+01 1.641114e+01 
-1.042482e+01 1.643537e+01 
-1.032418e+01 1.645820e+01 
-1.022355e+01 1.647967e+01 
-1.012292e+01 1.649980e+01 
-1.002230e+01 1.651861e+01 
-9.921692e+00 1.653613e+01 
-9.821085e+00 1.655237e+01 
-9.720485e+00 1.656736e+01 
-9.619893e+00 1.658112e+01 
-9.519307e+00 1.659367e+01 
-9.418728e+00 1.660503e+01 
-9.318157e+00 1.661522e+01 
-9.217593e+00 1.662426e+01 
-9.117036e+00 1.663216e+01 
-9.016487e+00 1.663895e+01 
-8.915945e+00 1.664465e+01 
-8.815412e+00 1.664927e+01 
-8.714886e+00 1.665283e+01 
-8.614369e+00 1.665535e+01 
-8.513859e+00 1.665684e+01 
-8.413358e+00 1.665732e+01 
-8.312864e+00 1.665681e+01 
-8.212379e+00 1.665533e+01 
-8.111902e+00 1.665288e+01 
-8.011447e+00 1.664953e+01 
-7.910828e+00 1.664491e+01 
-7.810035e+00 1.663869e+01 
-7.709169e+00 1.663071e+01 
-7.608319e+00 1.662099e+01 
-7.507495e+00 1.660958e+01 
-7.406715e+00 1.659658e+01 
-7.305956e+00 1.658200e+01 
-7.205208e+00 1.656586e+01 
-7.104473e+00 1.654818e+01 
-7.003751e+00 1.652898e+01 
-6.903082e+00 1.650836e+01 
-6.802436e+00 1.648635e+01 
-6.701824e+00 1.646302e+01 
-6.601225e+00 1.643839e+01 
-6.500649e+00 1.641249e+01 
-6.400107e+00 1.638540e+01 
-6.299574e+00 1.635711e+01 
-6.199064e+00 1.632767e+01 
-6.098605e+00 1.629721e+01 
-5.998168e+00 1.626574e+01 
-5.897737e+00 1.623327e+01 
-5.797247e+00 1.619963e+01 
-5.696553e+00 1.616428e+01 
-5.595507e+00 1.612627e+01 
-5.494480e+00 1.608570e+01 
-5.393476e+00 1.604256e+01 
-5.292509e+00 1.599689e+01 
-5.191596e+00 1.594878e+01 
-5.090685e+00 1.589813e+01 
-4.989846e+00 1.584511e+01 
-4.888980e+00 1.578951e+01 
-4.788213e+00 1.573164e+01 
-4.687404e+00 1.567120e+01 
-4.586690e+00 1.560849e+01 
-4.485965e+00 1.554336e+01 
-4.385271e+00 1.547584e+01 
-4.284621e+00 1.540604e+01 
-4.183770e+00 1.533293e+01 
-4.082496e+00 1.525450e+01 
-3.981246e+00 1.517076e+01 
-3.880063e+00 1.508164e+01 
-3.778982e+00 1.498722e+01 
-3.677968e+00 1.488740e+01 
-3.581261e+00 1.478642e+01 
-3.489550e+00 1.468545e+01 
-3.402391e+00 1.458451e+01 
-3.319429e+00 1.448358e+01 
-3.240713e+00 1.438256e+01 
-3.166987e+00 1.428125e+01 
-3.098210e+00 1.417991e+01 
-3.033199e+00 1.407889e+01 
-2.971432e+00 1.397793e+01 
-2.912686e+00 1.387698e+01 
-2.856781e+00 1.377606e+01 
-2.803575e+00 1.367515e+01 
-2.752937e+00 1.357426e+01 
-2.704762e+00 1.347338e+01 
-2.659029e+00 1.337247e+01 
-2.615708e+00 1.327156e+01 
-2.574373e+00 1.317081e+01 
-2.534769e+00 1.307014e+01 
-2.496817e+00 1.296947e+01 
-2.460194e+00 1.286895e+01 
-2.424581e+00 1.276855e+01 
-2.389648e+00 1.266829e+01 
-2.355341e+00 1.256802e+01 
-2.321705e+00 1.246774e+01 
-2.288842e+00 1.236740e+01 
-2.256983e+00 1.226695e+01 
-2.226244e+00 1.216646e+01 
-2.196643e+00 1.206596e+01 
-2.168071e+00 1.196552e+01 
-2.140217e+00 1.186522e+01 
-2.112732e+00 1.176507e+01 
-2.085473e+00 1.166498e+01 
-2.058472e+00 1.156486e+01 
-2.031841e+00 1.146468e+01 
-2.005668e+00 1.136447e+01 
-1.980046e+00 1.126422e+01 
-1.955069e+00 1.116392e+01 
-1.930792e+00 1.106360e+01 
-1.907316e+00 1.096322e+01 
-1.884693e+00 1.086283e+01 
-1.862869e+00 1.076246e+01 
-1.841730e+00 1.066215e+01 
-1.821162e+00 1.056188e+01 
-1.801063e+00 1.046167e+01 
-1.781449e+00 1.036144e+01 
-1.762440e+00 1.026115e+01 
-1.744066e+00 1.016085e+01 
-1.726213e+00 1.006060e+01 
-1.708748e+00 9.960425e+00 
-1.691616e+00 9.860267e+00 
-1.674841e+00 9.760095e+00 
-1.658480e+00 9.659895e+00 
-1.642596e+00 9.559663e+00 
-1.627281e+00 9.459385e+00 
-1.612439e+00 9.359162e+00 
-1.598070e+00 9.258932e+00 
-1.584179e+00 9.158701e+00 
-1.570616e+00 9.058547e+00 
-1.557328e+00 8.958415e+00 
-1.544284e+00 8.858297e+00 
-1.531462e+00 8.758189e+00 
-1.518843e+00 8.658091e+00 
-1.506451e+00 8.557979e+00 
-1.494390e+00 8.457815e+00 
-1.482726e+00 8.357619e+00 
-1.471422e+00 8.257443e+00 
-1.460379e+00 8.157319e+00 
-1.449699e+00 8.057137e+00 
-1.439680e+00 7.956805e+00 
-1.430260e+00 7.856512e+00 
-1.421183e+00 7.756350e+00 
-1.412214e+00 7.656302e+00 
-1.403355e+00 7.556247e+00 
-1.394743e+00 7.456122e+00 
-1.386387e+00 7.355996e+00 
-1.378229e+00 7.255899e+00 
-1.370089e+00 7.155894e+00 
-1.361828e+00 7.055956e+00 
-1.353499e+00 6.955989e+00 
-1.345204e+00 6.855970e+00 
-1.337049e+00 6.755899e+00 
-1.329087e+00 6.655802e+00 
-1.321301e+00 6.555715e+00 
-1.421000e+00 6.547960e+00 
