6.694584e-01 8.355228e+00 
6.760499e-01 8.455147e+00 
6.828043e-01 8.555069e+00 
6.897154e-01 8.654995e+00 
6.967734e-01 8.754887e+00 
7.040460e-01 8.854737e+00 
7.116197e-01 8.954580e+00 
7.195103e-01 9.054436e+00 
7.276959e-01 9.154332e+00 
7.360949e-01 9.254266e+00 
7.446277e-01 9.354202e+00 
7.532867e-01 9.454127e+00 
7.620966e-01 9.554022e+00 
7.711173e-01 9.653909e+00 
7.803677e-01 9.753813e+00 
7.898126e-01 9.853713e+00 
7.994564e-01 9.953583e+00 
8.093612e-01 1.005343e+01 
8.195726e-01 1.015327e+01 
8.301061e-01 1.025307e+01 
8.410526e-01 1.035288e+01 
8.523847e-01 1.045273e+01 
8.640279e-01 1.055256e+01 
8.760043e-01 1.065233e+01 
8.884398e-01 1.075204e+01 
9.014694e-01 1.085172e+01 
9.151484e-01 1.095139e+01 
9.295105e-01 1.105103e+01 
9.445938e-01 1.115067e+01 
9.604363e-01 1.125030e+01 
9.770488e-01 1.134993e+01 
9.944244e-01 1.144958e+01 
1.012537e+00 1.154925e+01 
1.031337e+00 1.164896e+01 
1.050747e+00 1.174857e+01 
1.070964e+00 1.184809e+01 
1.092181e+00 1.194762e+01 
1.114411e+00 1.204715e+01 
1.137661e+00 1.214672e+01 
1.161840e+00 1.224633e+01 
1.186869e+00 1.234595e+01 
1.212753e+00 1.244563e+01 
1.239356e+00 1.254532e+01 
1.266639e+00 1.264503e+01 
1.294554e+00 1.274463e+01 
1.323300e+00 1.284407e+01 
1.353326e+00 1.294354e+01 
1.384557e+00 1.304303e+01 
1.416972e+00 1.314252e+01 
1.450634e+00 1.324216e+01 
1.485145e+00 1.334188e+01 
1.520369e+00 1.344166e+01 
1.556150e+00 1.354156e+01 
1.592182e+00 1.364152e+01 
1.628337e+00 1.374153e+01 
1.664485e+00 1.384159e+01 
1.700465e+00 1.394160e+01 
1.736332e+00 1.404135e+01 
1.772757e+00 1.414094e+01 
1.810140e+00 1.424052e+01 
1.848577e+00 1.434014e+01 
1.887989e+00 1.443983e+01 
1.928164e+00 1.453955e+01 
1.969032e+00 1.463925e+01 
2.010651e+00 1.473893e+01 
2.053076e+00 1.483859e+01 
2.096386e+00 1.493822e+01 
2.140627e+00 1.503779e+01 
2.185957e+00 1.513733e+01 
2.232519e+00 1.523685e+01 
2.280369e+00 1.533637e+01 
2.329528e+00 1.543589e+01 
2.380040e+00 1.553540e+01 
2.431930e+00 1.563490e+01 
2.485249e+00 1.573439e+01 
2.540044e+00 1.583384e+01 
2.596441e+00 1.593323e+01 
2.654757e+00 1.603271e+01 
2.714750e+00 1.613225e+01 
2.776203e+00 1.623179e+01 
2.839146e+00 1.633132e+01 
2.903651e+00 1.643084e+01 
2.969802e+00 1.653033e+01 
3.037689e+00 1.662982e+01 
3.107408e+00 1.672929e+01 
3.179069e+00 1.682874e+01 
3.252780e+00 1.692816e+01 
3.328724e+00 1.702755e+01 
3.407111e+00 1.712691e+01 
3.488178e+00 1.722625e+01 
3.572183e+00 1.732570e+01 
3.658754e+00 1.742523e+01 
3.747526e+00 1.752475e+01 
3.838631e+00 1.762426e+01 
3.932341e+00 1.772387e+01 
4.028081e+00 1.782347e+01 
4.125968e+00 1.792306e+01 
4.225543e+00 1.802203e+01 
4.325105e+00 1.811867e+01 
4.424653e+00 1.821297e+01 
4.524189e+00 1.830495e+01 
4.623713e+00 1.839463e+01 
4.723226e+00 1.848203e+01 
4.822729e+00 1.856717e+01 
4.922222e+00 1.865009e+01 
5.021709e+00 1.873081e+01 
5.121189e+00 1.880938e+01 
5.220666e+00 1.888584e+01 
5.320122e+00 1.896023e+01 
5.419546e+00 1.903252e+01 
5.518933e+00 1.910266e+01 
5.618340e+00 1.917060e+01 
5.717890e+00 1.923658e+01 
5.817526e+00 1.930107e+01 
5.917106e+00 1.936432e+01 
6.016683e+00 1.942619e+01 
6.116240e+00 1.948668e+01 
6.215788e+00 1.954577e+01 
6.315329e+00 1.960346e+01 
6.414861e+00 1.965974e+01 
6.514385e+00 1.971461e+01 
6.613900e+00 1.976808e+01 
6.713408e+00 1.982015e+01 
6.812906e+00 1.987082e+01 
6.912397e+00 1.992009e+01 
7.011879e+00 1.996795e+01 
7.111353e+00 2.001442e+01 
7.210819e+00 2.005948e+01 
7.310276e+00 2.010315e+01 
7.409725e+00 2.014542e+01 
7.509199e+00 2.018630e+01 
7.608736e+00 2.022590e+01 
7.708278e+00 2.026435e+01 
7.807817e+00 2.030168e+01 
7.907353e+00 2.033791e+01 
8.006885e+00 2.037302e+01 
8.106413e+00 2.040703e+01 
8.205938e+00 2.043993e+01 
8.305460e+00 2.047173e+01 
8.404978e+00 2.050244e+01 
8.504492e+00 2.053205e+01 
8.604008e+00 2.056056e+01 
8.703533e+00 2.058800e+01 
8.803061e+00 2.061439e+01 
8.902589e+00 2.063974e+01 
9.002117e+00 2.066407e+01 
9.101645e+00 2.068737e+01 
9.201172e+00 2.070966e+01 
9.300700e+00 2.073094e+01 
9.400228e+00 2.075121e+01 
9.499757e+00 2.077049e+01 
9.599285e+00 2.078879e+01 
9.698817e+00 2.080610e+01 
9.798373e+00 2.082244e+01 
9.897976e+00 2.083787e+01 
9.997578e+00 2.085248e+01 
1.009717e+01 2.086627e+01 
1.019676e+01 2.087924e+01 
1.029635e+01 2.089136e+01 
1.039592e+01 2.090264e+01 
1.049549e+01 2.091306e+01 
1.059506e+01 2.092261e+01 
1.069461e+01 2.093128e+01 
1.079416e+01 2.093906e+01 
1.089371e+01 2.094593e+01 
1.099325e+01 2.095190e+01 
1.109278e+01 2.095694e+01 
1.119231e+01 2.096104e+01 
1.129183e+01 2.096420e+01 
1.139134e+01 2.096641e+01 
1.149094e+01 2.096765e+01 
1.159057e+01 2.096808e+01 
1.169019e+01 2.096778e+01 
1.178981e+01 2.096673e+01 
1.188943e+01 2.096492e+01 
1.198905e+01 2.096236e+01 
1.208865e+01 2.095902e+01 
1.218826e+01 2.095491e+01 
1.228786e+01 2.095000e+01 
1.238746e+01 2.094430e+01 
1.248705e+01 2.093778e+01 
1.258664e+01 2.093045e+01 
1.268622e+01 2.092229e+01 
1.278580e+01 2.091330e+01 
1.288538e+01 2.090346e+01 
1.298496e+01 2.089277e+01 
1.308453e+01 2.088121e+01 
1.318410e+01 2.086879e+01 
1.328366e+01 2.085549e+01 
1.338323e+01 2.084129e+01 
1.348279e+01 2.082620e+01 
1.358235e+01 2.081021e+01 
1.368190e+01 2.079330e+01 
1.378146e+01 2.077547e+01 
1.388101e+01 2.075670e+01 
1.398058e+01 2.073700e+01 
1.408018e+01 2.071639e+01 
1.417980e+01 2.069491e+01 
1.427944e+01 2.067261e+01 
1.437909e+01 2.064954e+01 
1.447874e+01 2.062572e+01 
1.457839e+01 2.060113e+01 
1.467803e+01 2.057577e+01 
1.477768e+01 2.054963e+01 
1.487733e+01 2.052272e+01 
1.497698e+01 2.049502e+01 
1.507662e+01 2.046653e+01 
1.517627e+01 2.043726e+01 
1.527592e+01 2.040718e+01 
1.537557e+01 2.037631e+01 
1.547526e+01 2.034462e+01 
1.557495e+01 2.031220e+01 
1.567464e+01 2.027907e+01 
1.577433e+01 2.024523e+01 
1.587402e+01 2.021065e+01 
1.597371e+01 2.017533e+01 
1.607339e+01 2.013927e+01 
1.617308e+01 2.010245e+01 
1.627276e+01 2.006486e+01 
1.637244e+01 2.002650e+01 
1.647212e+01 1.998735e+01 
1.657180e+01 1.994740e+01 
1.667147e+01 1.990665e+01 
1.677115e+01 1.986508e+01 
1.687082e+01 1.982268e+01 
1.697049e+01 1.977945e+01 
1.707014e+01 1.973536e+01 
1.716978e+01 1.969035e+01 
1.726939e+01 1.964440e+01 
1.736900e+01 1.959742e+01 
1.746861e+01 1.954939e+01 
1.756822e+01 1.950029e+01 
1.766783e+01 1.945011e+01 
1.776744e+01 1.939883e+01 
1.786705e+01 1.934643e+01 
1.796666e+01 1.929290e+01 
1.806626e+01 1.923822e+01 
1.816587e+01 1.918237e+01 
1.826548e+01 1.912532e+01 
1.836508e+01 1.906707e+01 
1.846469e+01 1.900759e+01 
1.856430e+01 1.894686e+01 
1.866390e+01 1.888486e+01 
1.876351e+01 1.882157e+01 
1.886312e+01 1.875696e+01 
1.896272e+01 1.869101e+01 
1.906233e+01 1.862370e+01 
1.916194e+01 1.855500e+01 
1.926155e+01 1.848488e+01 
1.936115e+01 1.841332e+01 
1.946076e+01 1.834029e+01 
1.956040e+01 1.826574e+01 
1.966005e+01 1.818973e+01 
1.975971e+01 1.811235e+01 
1.985936e+01 1.803356e+01 
1.995901e+01 1.795331e+01 
2.005866e+01 1.787159e+01 
2.015832e+01 1.778834e+01 
2.025797e+01 1.770355e+01 
2.035762e+01 1.761716e+01 
2.045728e+01 1.752916e+01 
2.055693e+01 1.743949e+01 
2.065658e+01 1.734812e+01 
2.075624e+01 1.725501e+01 
2.085590e+01 1.716011e+01 
2.095555e+01 1.706339e+01 
2.105522e+01 1.696479e+01 
2.115405e+01 1.686513e+01 
2.125104e+01 1.676546e+01 
2.134625e+01 1.666580e+01 
2.143973e+01 1.656613e+01 
2.153154e+01 1.646646e+01 
2.162171e+01 1.636678e+01 
2.171031e+01 1.626711e+01 
2.179738e+01 1.616743e+01 
2.188297e+01 1.606775e+01 
2.196712e+01 1.596806e+01 
2.204987e+01 1.586838e+01 
2.213126e+01 1.576869e+01 
2.221131e+01 1.566900e+01 
2.229008e+01 1.556931e+01 
2.236758e+01 1.546962e+01 
2.244385e+01 1.536993e+01 
2.251891e+01 1.527023e+01 
2.259280e+01 1.517053e+01 
2.266555e+01 1.507083e+01 
2.273717e+01 1.497112e+01 
2.280774e+01 1.487140e+01 
2.287728e+01 1.477168e+01 
2.294580e+01 1.467197e+01 
2.301332e+01 1.457225e+01 
2.307986e+01 1.447253e+01 
2.314541e+01 1.437282e+01 
2.320999e+01 1.427311e+01 
2.327360e+01 1.417340e+01 
2.333624e+01 1.407370e+01 
2.339789e+01 1.397401e+01 
2.345856e+01 1.387431e+01 
2.351828e+01 1.377461e+01 
2.357705e+01 1.367491e+01 
2.363491e+01 1.357520e+01 
2.369186e+01 1.347549e+01 
2.374792e+01 1.337579e+01 
2.380312e+01 1.327607e+01 
2.385746e+01 1.317636e+01 
2.391096e+01 1.307664e+01 
2.396365e+01 1.297693e+01 
2.401552e+01 1.287721e+01 
2.406660e+01 1.277748e+01 
2.411689e+01 1.267776e+01 
2.416642e+01 1.257803e+01 
2.421520e+01 1.247830e+01 
2.426323e+01 1.237857e+01 
2.431054e+01 1.227884e+01 
2.435712e+01 1.217911e+01 
2.440300e+01 1.207937e+01 
2.444818e+01 1.197963e+01 
2.449268e+01 1.187989e+01 
2.453651e+01 1.178014e+01 
2.457966e+01 1.168040e+01 
2.462217e+01 1.158065e+01 
2.466403e+01 1.148090e+01 
2.470525e+01 1.138115e+01 
2.474585e+01 1.128140e+01 
2.478582e+01 1.118165e+01 
2.482519e+01 1.108189e+01 
2.486396e+01 1.098213e+01 
2.490214e+01 1.088236e+01 
2.493976e+01 1.078259e+01 
2.497683e+01 1.068282e+01 
2.501333e+01 1.058306e+01 
2.504926e+01 1.048330e+01 
2.508462e+01 1.038353e+01 
2.511942e+01 1.028376e+01 
2.515368e+01 1.018399e+01 
2.518742e+01 1.008421e+01 
2.522063e+01 9.984421e+00 
2.525336e+01 9.884631e+00 
2.528559e+01 9.784850e+00 
2.531731e+01 9.685097e+00 
2.534845e+01 9.585355e+00 
2.537900e+01 9.485625e+00 
2.540894e+01 9.385903e+00 
2.543827e+01 9.286092e+00 
2.546718e+01 9.186243e+00 
2.549576e+01 9.086397e+00 
2.552399e+01 8.986553e+00 
2.555187e+01 8.886712e+00 
2.557939e+01 8.786874e+00 
2.560655e+01 8.687040e+00 
2.563334e+01 8.587209e+00 
2.565976e+01 8.487408e+00 
2.568573e+01 8.387611e+00 
2.571125e+01 8.287817e+00 
2.573632e+01 8.188022e+00 
2.576095e+01 8.088224e+00 
2.578513e+01 7.988424e+00 
2.580889e+01 7.888622e+00 
2.583221e+01 7.788818e+00 
2.585511e+01 7.689011e+00 
2.587760e+01 7.589203e+00 
2.589967e+01 7.489393e+00 
2.592134e+01 7.389581e+00 
2.594260e+01 7.289767e+00 
2.596347e+01 7.189951e+00 
2.598395e+01 7.090133e+00 
2.600405e+01 6.990314e+00 
2.602376e+01 6.890493e+00 
2.604309e+01 6.790670e+00 
2.606205e+01 6.690845e+00 
2.608065e+01 6.591018e+00 
2.609888e+01 6.491190e+00 
2.611675e+01 6.391361e+00 
2.613426e+01 6.291529e+00 
2.615142e+01 6.191694e+00 
2.616824e+01 6.091851e+00 
2.618473e+01 5.992044e+00 
2.620081e+01 5.892287e+00 
2.621638e+01 5.792516e+00 
2.623149e+01 5.692731e+00 
2.624615e+01 5.592933e+00 
2.626040e+01 5.493121e+00 
2.627427e+01 5.393297e+00 
2.628778e+01 5.293460e+00 
2.630095e+01 5.193611e+00 
2.631382e+01 5.093750e+00 
2.632640e+01 4.993878e+00 
2.633872e+01 4.893994e+00 
2.635081e+01 4.794099e+00 
2.636268e+01 4.694194e+00 
2.637437e+01 4.594277e+00 
2.638588e+01 4.494350e+00 
2.639724e+01 4.394470e+00 
2.640835e+01 4.294655e+00 
2.641908e+01 4.194831e+00 
2.642946e+01 4.094999e+00 
2.643949e+01 3.995159e+00 
2.644920e+01 3.895312e+00 
2.645861e+01 3.795456e+00 
2.646772e+01 3.695592e+00 
2.647656e+01 3.595720e+00 
2.648515e+01 3.495840e+00 
2.649348e+01 3.395953e+00 
2.650160e+01 3.296058e+00 
2.650950e+01 3.196156e+00 
2.651720e+01 3.096245e+00 
2.652473e+01 2.996328e+00 
2.653209e+01 2.896402e+00 
2.653929e+01 2.796470e+00 
2.654637e+01 2.696552e+00 
2.655327e+01 2.596656e+00 
2.655997e+01 2.496761e+00 
2.656645e+01 2.396866e+00 
2.657273e+01 2.296972e+00 
2.657879e+01 2.197080e+00 
2.658463e+01 2.097188e+00 
2.659026e+01 1.997297e+00 
2.659567e+01 1.897407e+00 
2.660085e+01 1.797518e+00 
2.660582e+01 1.697630e+00 
2.661056e+01 1.597743e+00 
2.661507e+01 1.497857e+00 
2.661936e+01 1.397973e+00 
2.662341e+01 1.298089e+00 
2.662723e+01 1.198207e+00 
2.663081e+01 1.098326e+00 
2.663416e+01 9.984482e-01 
2.663726e+01 8.985837e-01 
2.664009e+01 7.987194e-01 
2.664265e+01 6.989109e-01 
2.664482e+01 5.991284e-01 
2.674481e+01 6.008716e-01 
2.674263e+01 7.010891e-01 
2.674006e+01 8.012806e-01 
2.673722e+01 9.014163e-01 
2.673411e+01 1.001552e+00 
2.673076e+01 1.101674e+00 
2.672717e+01 1.201793e+00 
2.672334e+01 1.301911e+00 
2.671928e+01 1.402027e+00 
2.671498e+01 1.502143e+00 
2.671046e+01 1.602257e+00 
2.670571e+01 1.702370e+00 
2.670073e+01 1.802482e+00 
2.669553e+01 1.902593e+00 
2.669011e+01 2.002703e+00 
2.668447e+01 2.102812e+00 
2.667862e+01 2.202920e+00 
2.667254e+01 2.303028e+00 
2.666626e+01 2.403134e+00 
2.665976e+01 2.503239e+00 
2.665305e+01 2.603344e+00 
2.664613e+01 2.703448e+00 
2.663905e+01 2.803530e+00 
2.663183e+01 2.903598e+00 
2.662446e+01 3.003672e+00 
2.661692e+01 3.103755e+00 
2.660920e+01 3.203844e+00 
2.660128e+01 3.303942e+00 
2.659316e+01 3.404047e+00 
2.658480e+01 3.504160e+00 
2.657620e+01 3.604280e+00 
2.656733e+01 3.704408e+00 
2.655820e+01 3.804544e+00 
2.654876e+01 3.904688e+00 
2.653902e+01 4.004841e+00 
2.652895e+01 4.105001e+00 
2.651854e+01 4.205169e+00 
2.650777e+01 4.305345e+00 
2.649663e+01 4.405530e+00 
2.648524e+01 4.505650e+00 
2.647371e+01 4.605723e+00 
2.646201e+01 4.705806e+00 
2.645011e+01 4.805901e+00 
2.643800e+01 4.906006e+00 
2.642565e+01 5.006122e+00 
2.641303e+01 5.106250e+00 
2.640013e+01 5.206389e+00 
2.638692e+01 5.306540e+00 
2.637337e+01 5.406703e+00 
2.635945e+01 5.506879e+00 
2.634515e+01 5.607067e+00 
2.633043e+01 5.707269e+00 
2.631526e+01 5.807484e+00 
2.629961e+01 5.907713e+00 
2.628345e+01 6.007956e+00 
2.626690e+01 6.108149e+00 
2.625003e+01 6.208306e+00 
2.623281e+01 6.308471e+00 
2.621524e+01 6.408639e+00 
2.619731e+01 6.508810e+00 
2.617902e+01 6.608982e+00 
2.616036e+01 6.709155e+00 
2.614134e+01 6.809330e+00 
2.612193e+01 6.909507e+00 
2.610215e+01 7.009686e+00 
2.608199e+01 7.109867e+00 
2.606143e+01 7.210049e+00 
2.604049e+01 7.310233e+00 
2.601914e+01 7.410419e+00 
2.599739e+01 7.510607e+00 
2.597524e+01 7.610797e+00 
2.595267e+01 7.710989e+00 
2.592968e+01 7.811182e+00 
2.590626e+01 7.911378e+00 
2.588242e+01 8.011576e+00 
2.585813e+01 8.111776e+00 
2.583341e+01 8.211978e+00 
2.580824e+01 8.312183e+00 
2.578261e+01 8.412389e+00 
2.575653e+01 8.512592e+00 
2.573002e+01 8.612791e+00 
2.570313e+01 8.712960e+00 
2.567588e+01 8.813126e+00 
2.564827e+01 8.913288e+00 
2.562030e+01 9.013447e+00 
2.559199e+01 9.113603e+00 
2.556332e+01 9.213757e+00 
2.553432e+01 9.313908e+00 
2.550488e+01 9.414097e+00 
2.547478e+01 9.514375e+00 
2.544407e+01 9.614645e+00 
2.541276e+01 9.714903e+00 
2.538089e+01 9.815150e+00 
2.534852e+01 9.915369e+00 
2.531566e+01 1.001558e+01 
2.528230e+01 1.011579e+01 
2.524842e+01 1.021601e+01 
2.521400e+01 1.031624e+01 
2.517904e+01 1.041647e+01 
2.514352e+01 1.051670e+01 
2.510742e+01 1.061694e+01 
2.507074e+01 1.071718e+01 
2.503350e+01 1.081741e+01 
2.499571e+01 1.091764e+01 
2.495735e+01 1.101787e+01 
2.491840e+01 1.111811e+01 
2.487884e+01 1.121835e+01 
2.483867e+01 1.131860e+01 
2.479787e+01 1.141885e+01 
2.475645e+01 1.151910e+01 
2.471438e+01 1.161935e+01 
2.467166e+01 1.171960e+01 
2.462828e+01 1.181986e+01 
2.458424e+01 1.192011e+01 
2.453951e+01 1.202037e+01 
2.449409e+01 1.212063e+01 
2.444797e+01 1.222089e+01 
2.440114e+01 1.232116e+01 
2.435359e+01 1.242143e+01 
2.430529e+01 1.252170e+01 
2.425626e+01 1.262197e+01 
2.420646e+01 1.272224e+01 
2.415588e+01 1.282252e+01 
2.410452e+01 1.292279e+01 
2.405236e+01 1.302307e+01 
2.399938e+01 1.312336e+01 
2.394558e+01 1.322364e+01 
2.389093e+01 1.332393e+01 
2.383541e+01 1.342421e+01 
2.377902e+01 1.352451e+01 
2.372174e+01 1.362480e+01 
2.366355e+01 1.372509e+01 
2.360442e+01 1.382539e+01 
2.354435e+01 1.392569e+01 
2.348332e+01 1.402599e+01 
2.342130e+01 1.412630e+01 
2.335828e+01 1.422660e+01 
2.329430e+01 1.432689e+01 
2.322934e+01 1.442718e+01 
2.316342e+01 1.452747e+01 
2.309651e+01 1.462775e+01 
2.302861e+01 1.472803e+01 
2.295970e+01 1.482832e+01 
2.288976e+01 1.492860e+01 
2.281880e+01 1.502888e+01 
2.274676e+01 1.512917e+01 
2.267359e+01 1.522947e+01 
2.259925e+01 1.532977e+01 
2.252374e+01 1.543007e+01 
2.244700e+01 1.553038e+01 
2.236903e+01 1.563069e+01 
2.228978e+01 1.573100e+01 
2.220923e+01 1.583131e+01 
2.212733e+01 1.593162e+01 
2.204406e+01 1.603194e+01 
2.195938e+01 1.613225e+01 
2.187325e+01 1.623257e+01 
2.178562e+01 1.633289e+01 
2.169645e+01 1.643322e+01 
2.160569e+01 1.653354e+01 
2.151329e+01 1.663387e+01 
2.141919e+01 1.673420e+01 
2.132336e+01 1.683454e+01 
2.122572e+01 1.693487e+01 
2.112622e+01 1.703521e+01 
2.102589e+01 1.713448e+01 
2.092554e+01 1.723187e+01 
2.082520e+01 1.732743e+01 
2.072486e+01 1.742119e+01 
2.062451e+01 1.751320e+01 
2.052416e+01 1.760349e+01 
2.042382e+01 1.769212e+01 
2.032347e+01 1.777911e+01 
2.022312e+01 1.786450e+01 
2.012278e+01 1.794833e+01 
2.002243e+01 1.803063e+01 
1.992208e+01 1.811144e+01 
1.982173e+01 1.819079e+01 
1.972139e+01 1.826871e+01 
1.962104e+01 1.834525e+01 
1.952068e+01 1.842036e+01 
1.942028e+01 1.849397e+01 
1.931989e+01 1.856609e+01 
1.921950e+01 1.863677e+01 
1.911911e+01 1.870602e+01 
1.901872e+01 1.877386e+01 
1.891832e+01 1.884034e+01 
1.881793e+01 1.890546e+01 
1.871754e+01 1.896926e+01 
1.861714e+01 1.903176e+01 
1.851675e+01 1.909297e+01 
1.841636e+01 1.915293e+01 
1.831596e+01 1.921164e+01 
1.821557e+01 1.926914e+01 
1.811518e+01 1.932544e+01 
1.801478e+01 1.938056e+01 
1.791439e+01 1.943452e+01 
1.781400e+01 1.948733e+01 
1.771361e+01 1.953902e+01 
1.761322e+01 1.958960e+01 
1.751283e+01 1.963908e+01 
1.741244e+01 1.968749e+01 
1.731205e+01 1.973484e+01 
1.721166e+01 1.978115e+01 
1.711130e+01 1.982649e+01 
1.701095e+01 1.987090e+01 
1.691062e+01 1.991442e+01 
1.681029e+01 1.995710e+01 
1.670997e+01 1.999894e+01 
1.660964e+01 2.003996e+01 
1.650932e+01 2.008017e+01 
1.640900e+01 2.011958e+01 
1.630868e+01 2.015819e+01 
1.620836e+01 2.019602e+01 
1.610804e+01 2.023307e+01 
1.600773e+01 2.026937e+01 
1.590742e+01 2.030491e+01 
1.580711e+01 2.033970e+01 
1.570680e+01 2.037376e+01 
1.560649e+01 2.040710e+01 
1.550618e+01 2.043972e+01 
1.540587e+01 2.047161e+01 
1.530552e+01 2.050270e+01 
1.520517e+01 2.053299e+01 
1.510481e+01 2.056248e+01 
1.500446e+01 2.059117e+01 
1.490411e+01 2.061906e+01 
1.480376e+01 2.064617e+01 
1.470341e+01 2.067249e+01 
1.460305e+01 2.069804e+01 
1.450270e+01 2.072280e+01 
1.440235e+01 2.074680e+01 
1.430199e+01 2.077003e+01 
1.420164e+01 2.079249e+01 
1.410126e+01 2.081414e+01 
1.400085e+01 2.083492e+01 
1.390043e+01 2.085480e+01 
1.379998e+01 2.087374e+01 
1.369954e+01 2.089173e+01 
1.359909e+01 2.090880e+01 
1.349865e+01 2.092494e+01 
1.339821e+01 2.094016e+01 
1.329778e+01 2.095448e+01 
1.319734e+01 2.096791e+01 
1.309691e+01 2.098044e+01 
1.299648e+01 2.099210e+01 
1.289606e+01 2.100289e+01 
1.279564e+01 2.101281e+01 
1.269522e+01 2.102189e+01 
1.259480e+01 2.103012e+01 
1.249439e+01 2.103751e+01 
1.239398e+01 2.104408e+01 
1.229358e+01 2.104984e+01 
1.219318e+01 2.105479e+01 
1.209279e+01 2.105894e+01 
1.199239e+01 2.106230e+01 
1.189201e+01 2.106489e+01 
1.179162e+01 2.106671e+01 
1.169125e+01 2.106777e+01 
1.159087e+01 2.106808e+01 
1.149050e+01 2.106765e+01 
1.139010e+01 2.106640e+01 
1.128961e+01 2.106418e+01 
1.118913e+01 2.106099e+01 
1.108866e+01 2.105685e+01 
1.098819e+01 2.105177e+01 
1.088773e+01 2.104575e+01 
1.078728e+01 2.103882e+01 
1.068683e+01 2.103098e+01 
1.058638e+01 2.102223e+01 
1.048595e+01 2.101260e+01 
1.038552e+01 2.100210e+01 
1.028509e+01 2.099073e+01 
1.018468e+01 2.097850e+01 
1.008427e+01 2.096544e+01 
9.983861e+00 2.095153e+01 
9.883463e+00 2.093681e+01 
9.783066e+00 2.092126e+01 
9.682622e+00 2.090478e+01 
9.582154e+00 2.088731e+01 
9.481683e+00 2.086885e+01 
9.381211e+00 2.084939e+01 
9.280739e+00 2.082892e+01 
9.180267e+00 2.080745e+01 
9.079795e+00 2.078495e+01 
8.979323e+00 2.076143e+01 
8.878851e+00 2.073688e+01 
8.778379e+00 2.071130e+01 
8.677907e+00 2.068466e+01 
8.577431e+00 2.065697e+01 
8.476948e+00 2.062818e+01 
8.376462e+00 2.059828e+01 
8.275980e+00 2.056729e+01 
8.175501e+00 2.053518e+01 
8.075026e+00 2.050197e+01 
7.974555e+00 2.046765e+01 
7.874087e+00 2.043221e+01 
7.773622e+00 2.039566e+01 
7.673161e+00 2.035798e+01 
7.572703e+00 2.031918e+01 
7.472240e+00 2.027922e+01 
7.371714e+00 2.023791e+01 
7.271163e+00 2.019518e+01 
7.170621e+00 2.015105e+01 
7.070086e+00 2.010551e+01 
6.969560e+00 2.005856e+01 
6.869043e+00 2.001020e+01 
6.768533e+00 1.996044e+01 
6.668032e+00 1.990927e+01 
6.567539e+00 1.985669e+01 
6.467055e+00 1.980270e+01 
6.366578e+00 1.974731e+01 
6.266110e+00 1.969051e+01 
6.165651e+00 1.963230e+01 
6.065200e+00 1.957268e+01 
5.964757e+00 1.951165e+01 
5.864334e+00 1.944927e+01 
5.763913e+00 1.938549e+01 
5.663550e+00 1.932052e+01 
5.563100e+00 1.925396e+01 
5.462507e+00 1.918522e+01 
5.361893e+00 1.911423e+01 
5.261317e+00 1.904111e+01 
5.160774e+00 1.896592e+01 
5.060250e+00 1.888867e+01 
4.959731e+00 1.880929e+01 
4.859217e+00 1.872774e+01 
4.758711e+00 1.864399e+01 
4.658213e+00 1.855801e+01 
4.557727e+00 1.846977e+01 
4.457251e+00 1.837924e+01 
4.356787e+00 1.828642e+01 
4.256335e+00 1.819127e+01 
4.155896e+00 1.809379e+01 
4.055472e+00 1.799398e+01 
3.956766e+00 1.789357e+01 
3.860249e+00 1.779317e+01 
3.765797e+00 1.769278e+01 
3.673773e+00 1.759228e+01 
3.584131e+00 1.749180e+01 
3.496733e+00 1.739133e+01 
3.411787e+00 1.729078e+01 
3.329636e+00 1.719013e+01 
3.250219e+00 1.708949e+01 
3.173325e+00 1.698888e+01 
3.098741e+00 1.688830e+01 
3.026279e+00 1.678775e+01 
2.955803e+00 1.668722e+01 
2.887203e+00 1.658670e+01 
2.820378e+00 1.648620e+01 
2.755234e+00 1.638572e+01 
2.691688e+00 1.628524e+01 
2.629661e+00 1.618479e+01 
2.569111e+00 1.608433e+01 
2.510173e+00 1.598381e+01 
2.453073e+00 1.588320e+01 
2.397665e+00 1.578265e+01 
2.343791e+00 1.568214e+01 
2.291374e+00 1.558164e+01 
2.240359e+00 1.548115e+01 
2.190713e+00 1.538067e+01 
2.142396e+00 1.528019e+01 
2.095381e+00 1.517971e+01 
2.049621e+00 1.507924e+01 
2.005000e+00 1.497882e+01 
1.961367e+00 1.487845e+01 
1.918643e+00 1.477811e+01 
1.876753e+00 1.467778e+01 
1.835636e+00 1.457748e+01 
1.795234e+00 1.447720e+01 
1.755580e+00 1.437690e+01 
1.716845e+00 1.427652e+01 
1.679138e+00 1.417609e+01 
1.642416e+00 1.407569e+01 
1.606364e+00 1.397544e+01 
1.570389e+00 1.387545e+01 
1.534286e+00 1.377551e+01 
1.498138e+00 1.367552e+01 
1.462075e+00 1.357547e+01 
1.426225e+00 1.347538e+01 
1.390848e+00 1.337516e+01 
1.356134e+00 1.327487e+01 
1.322232e+00 1.317452e+01 
1.289477e+00 1.307401e+01 
1.257918e+00 1.297350e+01 
1.227567e+00 1.287297e+01 
1.198489e+00 1.277241e+01 
1.170350e+00 1.267201e+01 
1.142902e+00 1.257172e+01 
1.116134e+00 1.247141e+01 
1.090080e+00 1.237109e+01 
1.064855e+00 1.227070e+01 
1.040483e+00 1.217031e+01 
1.017031e+00 1.206989e+01 
9.945864e-01 1.196942e+01 
9.731621e-01 1.186895e+01 
9.527491e-01 1.176847e+01 
9.331834e-01 1.166808e+01 
9.142690e-01 1.156778e+01 
8.960358e-01 1.146746e+01 
8.785354e-01 1.136711e+01 
8.617982e-01 1.126674e+01 
8.458349e-01 1.116637e+01 
8.306374e-01 1.106600e+01 
8.161713e-01 1.096565e+01 
8.023983e-01 1.086532e+01 
7.892835e-01 1.076500e+01 
7.767732e-01 1.066471e+01 
7.647408e-01 1.056448e+01 
7.530580e-01 1.046431e+01 
7.416905e-01 1.036416e+01 
7.307021e-01 1.026397e+01 
7.201250e-01 1.016377e+01 
7.098802e-01 1.006361e+01 
6.999448e-01 9.963455e+00 
6.902756e-01 9.863325e+00 
6.808117e-01 9.763225e+00 
6.715433e-01 9.663129e+00 
6.625019e-01 9.563016e+00 
6.536734e-01 9.462912e+00 
6.450010e-01 9.362836e+00 
6.364574e-01 9.262773e+00 
6.280472e-01 9.162707e+00 
6.198443e-01 9.062603e+00 
6.119305e-01 8.962458e+00 
6.043325e-01 8.862301e+00 
5.970376e-01 8.762151e+00 
5.899641e-01 8.662043e+00 
5.830426e-01 8.561969e+00 
5.762776e-01 8.461891e+00 
5.696753e-01 8.361810e+00 
6.694584e-01 8.355228e+00 
