3.385991e+00 1.719793e+00 
3.391273e+00 1.819817e+00 
3.396504e+00 1.919802e+00 
3.401762e+00 2.019727e+00 
3.407176e+00 2.119725e+00 
3.412593e+00 2.219716e+00 
3.418027e+00 2.319687e+00 
3.423517e+00 2.419639e+00 
3.429103e+00 2.519572e+00 
3.434822e+00 2.619486e+00 
3.440712e+00 2.719383e+00 
3.446810e+00 2.819259e+00 
3.453155e+00 2.919113e+00 
3.459792e+00 3.018947e+00 
3.466763e+00 3.118788e+00 
3.474060e+00 3.218729e+00 
3.481484e+00 3.318760e+00 
3.488841e+00 3.418733e+00 
3.496249e+00 3.518660e+00 
3.503802e+00 3.618561e+00 
3.511553e+00 3.718448e+00 
3.519531e+00 3.818321e+00 
3.527765e+00 3.918179e+00 
3.536283e+00 4.018023e+00 
3.545116e+00 4.117853e+00 
3.554293e+00 4.217679e+00 
3.563820e+00 4.317513e+00 
3.573685e+00 4.417353e+00 
3.583875e+00 4.517200e+00 
3.594377e+00 4.617054e+00 
3.605174e+00 4.716914e+00 
3.616255e+00 4.816765e+00 
3.627636e+00 4.916583e+00 
3.639387e+00 5.016398e+00 
3.651519e+00 5.116248e+00 
3.663962e+00 5.216115e+00 
3.676671e+00 5.315942e+00 
3.689729e+00 5.415746e+00 
3.703191e+00 5.515545e+00 
3.717062e+00 5.615341e+00 
3.731353e+00 5.715133e+00 
3.746071e+00 5.814919e+00 
3.761228e+00 5.914689e+00 
3.776851e+00 6.014402e+00 
3.793057e+00 6.114033e+00 
3.810025e+00 6.213645e+00 
3.827798e+00 6.313239e+00 
3.846419e+00 6.412838e+00 
3.865893e+00 6.512474e+00 
3.886143e+00 6.612149e+00 
3.907091e+00 6.711854e+00 
3.928667e+00 6.811567e+00 
3.950859e+00 6.911281e+00 
3.973662e+00 7.010985e+00 
3.997081e+00 7.110591e+00 
4.021297e+00 7.209978e+00 
4.046814e+00 7.309240e+00 
4.073930e+00 7.408427e+00 
4.102829e+00 7.507521e+00 
4.133738e+00 7.606504e+00 
4.166936e+00 7.705348e+00 
4.202781e+00 7.804015e+00 
4.241851e+00 7.902700e+00 
4.284248e+00 8.001476e+00 
4.329742e+00 8.100098e+00 
4.378808e+00 8.198467e+00 
4.432301e+00 8.296535e+00 
4.491308e+00 8.394157e+00 
4.557640e+00 8.491159e+00 
4.634281e+00 8.587226e+00 
4.728888e+00 8.683175e+00 
4.823150e+00 8.758155e+00 
4.918378e+00 8.814147e+00 
5.012850e+00 8.856894e+00 
5.107169e+00 8.886764e+00 
5.201641e+00 8.904864e+00 
5.296459e+00 8.912211e+00 
5.391757e+00 8.909650e+00 
5.487605e+00 8.897925e+00 
5.584023e+00 8.877737e+00 
5.680998e+00 8.849785e+00 
5.778490e+00 8.814798e+00 
5.876459e+00 8.773536e+00 
5.974814e+00 8.726833e+00 
6.073142e+00 8.675638e+00 
6.171499e+00 8.619566e+00 
6.269891e+00 8.558371e+00 
6.368319e+00 8.491788e+00 
6.466784e+00 8.419504e+00 
6.565294e+00 8.341155e+00 
6.663882e+00 8.256309e+00 
6.762505e+00 8.164704e+00 
6.860922e+00 8.066004e+00 
6.952691e+00 7.967063e+00 
7.039647e+00 7.867763e+00 
7.123453e+00 7.768415e+00 
7.204426e+00 7.669056e+00 
7.282730e+00 7.569685e+00 
7.358510e+00 7.470301e+00 
7.431903e+00 7.370908e+00 
7.503022e+00 7.271506e+00 
7.571971e+00 7.172095e+00 
7.638846e+00 7.072675e+00 
7.703735e+00 6.973248e+00 
7.766712e+00 6.873813e+00 
7.827855e+00 6.774371e+00 
7.887229e+00 6.674922e+00 
7.944893e+00 6.575466e+00 
8.000908e+00 6.476005e+00 
8.055324e+00 6.376535e+00 
8.108166e+00 6.277117e+00 
8.159331e+00 6.177724e+00 
8.208788e+00 6.078351e+00 
8.256520e+00 5.978991e+00 
8.302523e+00 5.879652e+00 
8.346780e+00 5.780329e+00 
8.389352e+00 5.680855e+00 
8.430633e+00 5.581264e+00 
8.470896e+00 5.481650e+00 
8.510200e+00 5.382031e+00 
8.548569e+00 5.282401e+00 
8.586037e+00 5.182765e+00 
8.622627e+00 5.083123e+00 
8.658362e+00 4.983471e+00 
8.693270e+00 4.883815e+00 
8.727368e+00 4.784153e+00 
8.760671e+00 4.684496e+00 
8.793173e+00 4.584848e+00 
8.824859e+00 4.485207e+00 
8.855720e+00 4.385568e+00 
8.885761e+00 4.285929e+00 
8.914984e+00 4.186291e+00 
8.943392e+00 4.086654e+00 
8.970990e+00 3.987018e+00 
8.997780e+00 3.887382e+00 
9.023766e+00 3.787748e+00 
9.048951e+00 3.688114e+00 
9.073337e+00 3.588480e+00 
9.096928e+00 3.488847e+00 
9.119727e+00 3.389215e+00 
9.141736e+00 3.289584e+00 
9.162959e+00 3.189952e+00 
9.183399e+00 3.090322e+00 
9.203057e+00 2.990691e+00 
9.221938e+00 2.891061e+00 
9.240043e+00 2.791431e+00 
9.257374e+00 2.691802e+00 
9.273936e+00 2.592172e+00 
9.289729e+00 2.492543e+00 
9.304757e+00 2.392914e+00 
9.319021e+00 2.293285e+00 
9.332524e+00 2.193656e+00 
9.345269e+00 2.094028e+00 
9.357257e+00 1.994389e+00 
9.368512e+00 1.894743e+00 
9.379048e+00 1.795098e+00 
9.388865e+00 1.695452e+00 
9.397969e+00 1.595803e+00 
9.406364e+00 1.496153e+00 
9.414055e+00 1.396501e+00 
9.421046e+00 1.296848e+00 
9.427342e+00 1.197193e+00 
9.432947e+00 1.097536e+00 
9.437865e+00 9.978780e-01 
9.442100e+00 8.982182e-01 
9.542036e+00 9.017818e-01 
9.537775e+00 1.002122e+00 
9.532826e+00 1.102464e+00 
9.527185e+00 1.202807e+00 
9.520847e+00 1.303152e+00 
9.513810e+00 1.403499e+00 
9.506067e+00 1.503847e+00 
9.497616e+00 1.604197e+00 
9.488451e+00 1.704548e+00 
9.478566e+00 1.804902e+00 
9.467958e+00 1.905257e+00 
9.456626e+00 2.005611e+00 
9.444553e+00 2.105972e+00 
9.431716e+00 2.206344e+00 
9.418115e+00 2.306715e+00 
9.403748e+00 2.407086e+00 
9.388611e+00 2.507457e+00 
9.372703e+00 2.607828e+00 
9.356021e+00 2.708198e+00 
9.338563e+00 2.808569e+00 
9.320327e+00 2.908939e+00 
9.301309e+00 3.009309e+00 
9.281507e+00 3.109678e+00 
9.260919e+00 3.210048e+00 
9.239542e+00 3.310416e+00 
9.217373e+00 3.410785e+00 
9.194409e+00 3.511153e+00 
9.170646e+00 3.611520e+00 
9.146084e+00 3.711886e+00 
9.120717e+00 3.812252e+00 
9.094544e+00 3.912618e+00 
9.067561e+00 4.012982e+00 
9.039764e+00 4.113346e+00 
9.011152e+00 4.213709e+00 
8.981719e+00 4.314071e+00 
8.951464e+00 4.414432e+00 
8.920382e+00 4.514793e+00 
8.888470e+00 4.615152e+00 
8.855742e+00 4.715504e+00 
8.822213e+00 4.815847e+00 
8.787885e+00 4.916185e+00 
8.752740e+00 5.016529e+00 
8.716758e+00 5.116877e+00 
8.679909e+00 5.217235e+00 
8.642170e+00 5.317599e+00 
8.603519e+00 5.417969e+00 
8.563918e+00 5.518350e+00 
8.523346e+00 5.618736e+00 
8.481731e+00 5.719145e+00 
8.438715e+00 5.819671e+00 
8.393868e+00 5.920348e+00 
8.347265e+00 6.021009e+00 
8.298927e+00 6.121649e+00 
8.248858e+00 6.222276e+00 
8.197079e+00 6.322883e+00 
8.143627e+00 6.423465e+00 
8.088640e+00 6.523995e+00 
8.032027e+00 6.624534e+00 
7.973741e+00 6.725078e+00 
7.913719e+00 6.825629e+00 
7.851900e+00 6.926187e+00 
7.788218e+00 7.026752e+00 
7.722592e+00 7.127325e+00 
7.654948e+00 7.227905e+00 
7.585196e+00 7.328494e+00 
7.513233e+00 7.429092e+00 
7.438957e+00 7.529699e+00 
7.362253e+00 7.630315e+00 
7.282974e+00 7.730944e+00 
7.200975e+00 7.831585e+00 
7.116086e+00 7.932237e+00 
7.027927e+00 8.032937e+00 
6.934250e+00 8.133996e+00 
6.833334e+00 8.235296e+00 
6.731957e+00 8.329560e+00 
6.630545e+00 8.416933e+00 
6.529054e+00 8.497750e+00 
6.427520e+00 8.572381e+00 
6.325948e+00 8.641182e+00 
6.224340e+00 8.704465e+00 
6.122696e+00 8.762497e+00 
6.021024e+00 8.815516e+00 
5.919380e+00 8.863856e+00 
5.817349e+00 8.906939e+00 
5.714841e+00 8.943884e+00 
5.611816e+00 8.973797e+00 
5.508234e+00 8.995774e+00 
5.404082e+00 9.008888e+00 
5.299379e+00 9.012168e+00 
5.194198e+00 9.004587e+00 
5.088670e+00 8.985038e+00 
4.982989e+00 8.952331e+00 
4.877461e+00 8.905393e+00 
4.772689e+00 8.844490e+00 
4.666950e+00 8.761684e+00 
4.563267e+00 8.657633e+00 
4.479610e+00 8.553700e+00 
4.408829e+00 8.450702e+00 
4.346756e+00 8.348324e+00 
4.291040e+00 8.246392e+00 
4.240270e+00 8.144761e+00 
4.193453e+00 8.043383e+00 
4.149965e+00 7.942159e+00 
4.109810e+00 7.840844e+00 
4.072953e+00 7.739511e+00 
4.038947e+00 7.638355e+00 
4.007378e+00 7.537338e+00 
3.977932e+00 7.436432e+00 
3.950355e+00 7.335619e+00 
3.924447e+00 7.234881e+00 
3.899924e+00 7.134268e+00 
3.876317e+00 7.033874e+00 
3.853376e+00 6.933577e+00 
3.831056e+00 6.833292e+00 
3.809353e+00 6.733004e+00 
3.788280e+00 6.632710e+00 
3.767895e+00 6.532385e+00 
3.748277e+00 6.432021e+00 
3.729501e+00 6.331619e+00 
3.711580e+00 6.231214e+00 
3.694477e+00 6.130826e+00 
3.678149e+00 6.030457e+00 
3.662434e+00 5.930170e+00 
3.647205e+00 5.829940e+00 
3.632423e+00 5.729726e+00 
3.618072e+00 5.629517e+00 
3.604143e+00 5.529313e+00 
3.590627e+00 5.429113e+00 
3.577516e+00 5.328916e+00 
3.564763e+00 5.228744e+00 
3.552286e+00 5.128611e+00 
3.540117e+00 5.028460e+00 
3.528322e+00 4.928276e+00 
3.516899e+00 4.828094e+00 
3.505785e+00 4.727944e+00 
3.494956e+00 4.627805e+00 
3.484424e+00 4.527659e+00 
3.474202e+00 4.427506e+00 
3.464304e+00 4.327346e+00 
3.454745e+00 4.227180e+00 
3.445536e+00 4.127006e+00 
3.436673e+00 4.026836e+00 
3.428127e+00 3.926680e+00 
3.419869e+00 3.826538e+00 
3.411871e+00 3.726411e+00 
3.404102e+00 3.626298e+00 
3.396534e+00 3.526199e+00 
3.389115e+00 3.426126e+00 
3.381754e+00 3.326099e+00 
3.374334e+00 3.226130e+00 
3.367028e+00 3.126071e+00 
3.360035e+00 3.025912e+00 
3.353375e+00 2.925746e+00 
3.347011e+00 2.825600e+00 
3.340898e+00 2.725476e+00 
3.334995e+00 2.625373e+00 
3.329266e+00 2.525287e+00 
3.323673e+00 2.425220e+00 
3.318177e+00 2.325172e+00 
3.312740e+00 2.225143e+00 
3.307322e+00 2.125134e+00 
3.301908e+00 2.025132e+00 
3.296642e+00 1.925057e+00 
3.291410e+00 1.825041e+00 
3.286130e+00 1.725066e+00 
3.385991e+00 1.719793e+00 
