1.644925e+01 -3.992278e-01 
1.644771e+01 -4.989285e-01 
1.644558e+01 -5.986123e-01 
1.644281e+01 -6.982960e-01 
1.643941e+01 -7.979797e-01 
1.643538e+01 -8.976634e-01 
1.643072e+01 -9.973562e-01 
1.642544e+01 -1.097075e+00 
1.641960e+01 -1.196794e+00 
1.641319e+01 -1.296513e+00 
1.640622e+01 -1.396231e+00 
1.639868e+01 -1.495949e+00 
1.639058e+01 -1.595666e+00 
1.638190e+01 -1.695383e+00 
1.637266e+01 -1.795100e+00 
1.636284e+01 -1.894816e+00 
1.635244e+01 -1.994531e+00 
1.634147e+01 -2.094247e+00 
1.632992e+01 -2.193962e+00 
1.631779e+01 -2.293676e+00 
1.630508e+01 -2.393390e+00 
1.629178e+01 -2.493104e+00 
1.627790e+01 -2.592817e+00 
1.626343e+01 -2.692530e+00 
1.624836e+01 -2.792243e+00 
1.623270e+01 -2.891955e+00 
1.621645e+01 -2.991667e+00 
1.619959e+01 -3.091378e+00 
1.618214e+01 -3.191089e+00 
1.616408e+01 -3.290799e+00 
1.614541e+01 -3.390509e+00 
1.612614e+01 -3.490219e+00 
1.610625e+01 -3.589929e+00 
1.608575e+01 -3.689638e+00 
1.606462e+01 -3.789346e+00 
1.604288e+01 -3.889055e+00 
1.602051e+01 -3.988763e+00 
1.599752e+01 -4.088471e+00 
1.597389e+01 -4.188179e+00 
1.594963e+01 -4.287886e+00 
1.592473e+01 -4.387593e+00 
1.589919e+01 -4.487300e+00 
1.587301e+01 -4.587007e+00 
1.584618e+01 -4.686713e+00 
1.581870e+01 -4.786420e+00 
1.579056e+01 -4.886114e+00 
1.576175e+01 -4.985778e+00 
1.573219e+01 -5.085436e+00 
1.570184e+01 -5.185095e+00 
1.567072e+01 -5.284753e+00 
1.563881e+01 -5.384410e+00 
1.560611e+01 -5.484067e+00 
1.557261e+01 -5.583724e+00 
1.553830e+01 -5.683381e+00 
1.550319e+01 -5.783038e+00 
1.546725e+01 -5.882694e+00 
1.543048e+01 -5.982350e+00 
1.539289e+01 -6.082007e+00 
1.535445e+01 -6.181663e+00 
1.531517e+01 -6.281319e+00 
1.527503e+01 -6.380977e+00 
1.523402e+01 -6.480646e+00 
1.519217e+01 -6.580334e+00 
1.514953e+01 -6.680025e+00 
1.510609e+01 -6.779716e+00 
1.506184e+01 -6.879406e+00 
1.501678e+01 -6.979095e+00 
1.497090e+01 -7.078783e+00 
1.492418e+01 -7.178471e+00 
1.487663e+01 -7.278158e+00 
1.482822e+01 -7.377845e+00 
1.477895e+01 -7.477532e+00 
1.472880e+01 -7.577218e+00 
1.467778e+01 -7.676904e+00 
1.462587e+01 -7.776591e+00 
1.457305e+01 -7.876277e+00 
1.451932e+01 -7.975963e+00 
1.446467e+01 -8.075649e+00 
1.440908e+01 -8.175336e+00 
1.435256e+01 -8.275023e+00 
1.429507e+01 -8.374711e+00 
1.423663e+01 -8.474399e+00 
1.417722e+01 -8.574061e+00 
1.411676e+01 -8.673706e+00 
1.405515e+01 -8.773355e+00 
1.399239e+01 -8.873007e+00 
1.392848e+01 -8.972662e+00 
1.386341e+01 -9.072321e+00 
1.379716e+01 -9.171983e+00 
1.372974e+01 -9.271649e+00 
1.366113e+01 -9.371317e+00 
1.359137e+01 -9.470927e+00 
1.352019e+01 -9.570528e+00 
1.344752e+01 -9.670128e+00 
1.337332e+01 -9.769725e+00 
1.329755e+01 -9.869320e+00 
1.322016e+01 -9.968914e+00 
1.314111e+01 -1.006851e+01 
1.306034e+01 -1.016810e+01 
1.297781e+01 -1.026768e+01 
1.289346e+01 -1.036727e+01 
1.280723e+01 -1.046685e+01 
1.271905e+01 -1.056644e+01 
1.262887e+01 -1.066602e+01 
1.253660e+01 -1.076560e+01 
1.244218e+01 -1.086517e+01 
1.234552e+01 -1.096475e+01 
1.224655e+01 -1.106433e+01 
1.214698e+01 -1.116212e+01 
1.204741e+01 -1.125760e+01 
1.194783e+01 -1.135086e+01 
1.184824e+01 -1.144200e+01 
1.174867e+01 -1.153113e+01 
1.164911e+01 -1.161823e+01 
1.154955e+01 -1.170330e+01 
1.144998e+01 -1.178641e+01 
1.135042e+01 -1.186763e+01 
1.125085e+01 -1.194702e+01 
1.115127e+01 -1.202464e+01 
1.105170e+01 -1.210054e+01 
1.095213e+01 -1.217479e+01 
1.085265e+01 -1.224732e+01 
1.075321e+01 -1.231789e+01 
1.065378e+01 -1.238642e+01 
1.055434e+01 -1.245296e+01 
1.045490e+01 -1.251758e+01 
1.035546e+01 -1.258033e+01 
1.025602e+01 -1.264127e+01 
1.015657e+01 -1.270045e+01 
1.005711e+01 -1.275794e+01 
9.957654e+00 -1.281377e+01 
9.858190e+00 -1.286799e+01 
9.758721e+00 -1.292066e+01 
9.659245e+00 -1.297182e+01 
9.559764e+00 -1.302150e+01 
9.460276e+00 -1.306977e+01 
9.360782e+00 -1.311664e+01 
9.261281e+00 -1.316217e+01 
9.161774e+00 -1.320639e+01 
9.062258e+00 -1.324935e+01 
8.962736e+00 -1.329106e+01 
8.863207e+00 -1.333157e+01 
8.763670e+00 -1.337092e+01 
8.664145e+00 -1.340912e+01 
8.564714e+00 -1.344613e+01 
8.465400e+00 -1.348174e+01 
8.366185e+00 -1.351569e+01 
8.267045e+00 -1.354779e+01 
8.167905e+00 -1.357794e+01 
8.068773e+00 -1.360614e+01 
7.969640e+00 -1.363243e+01 
7.870503e+00 -1.365683e+01 
7.771363e+00 -1.367938e+01 
7.672226e+00 -1.370009e+01 
7.573092e+00 -1.371899e+01 
7.473955e+00 -1.373609e+01 
7.374808e+00 -1.375140e+01 
7.275651e+00 -1.376498e+01 
7.176492e+00 -1.377684e+01 
7.077330e+00 -1.378700e+01 
6.978161e+00 -1.379548e+01 
6.878982e+00 -1.380230e+01 
6.779793e+00 -1.380747e+01 
6.680594e+00 -1.381104e+01 
6.581385e+00 -1.381302e+01 
6.482165e+00 -1.381342e+01 
6.382934e+00 -1.381228e+01 
6.283692e+00 -1.380960e+01 
6.184438e+00 -1.380542e+01 
6.085172e+00 -1.379976e+01 
5.985893e+00 -1.379262e+01 
5.886602e+00 -1.378404e+01 
5.787331e+00 -1.377404e+01 
5.688313e+00 -1.376259e+01 
5.589742e+00 -1.374923e+01 
5.491180e+00 -1.373296e+01 
5.392636e+00 -1.371371e+01 
5.294202e+00 -1.369143e+01 
5.195929e+00 -1.366584e+01 
5.097640e+00 -1.363644e+01 
4.999312e+00 -1.360314e+01 
4.900946e+00 -1.356587e+01 
4.802538e+00 -1.352458e+01 
4.704090e+00 -1.347917e+01 
4.605598e+00 -1.342956e+01 
4.507062e+00 -1.337565e+01 
4.408591e+00 -1.331737e+01 
4.310592e+00 -1.325455e+01 
4.212558e+00 -1.318480e+01 
4.114385e+00 -1.310741e+01 
4.016289e+00 -1.302224e+01 
3.918576e+00 -1.292818e+01 
3.829532e+00 -1.283040e+01 
3.750245e+00 -1.273238e+01 
3.678611e+00 -1.263417e+01 
3.613259e+00 -1.253581e+01 
3.553180e+00 -1.243726e+01 
3.497459e+00 -1.233853e+01 
3.445405e+00 -1.223972e+01 
3.396668e+00 -1.214086e+01 
3.350974e+00 -1.204195e+01 
3.308044e+00 -1.194287e+01 
3.267412e+00 -1.184371e+01 
3.228825e+00 -1.174447e+01 
3.192073e+00 -1.164517e+01 
3.156981e+00 -1.154583e+01 
3.123387e+00 -1.144637e+01 
3.091047e+00 -1.134689e+01 
3.059948e+00 -1.124756e+01 
3.030350e+00 -1.114816e+01 
3.002087e+00 -1.104870e+01 
2.975019e+00 -1.094920e+01 
2.949031e+00 -1.084965e+01 
2.924020e+00 -1.075006e+01 
2.899893e+00 -1.065043e+01 
2.876574e+00 -1.055078e+01 
2.853991e+00 -1.045109e+01 
2.832094e+00 -1.035144e+01 
2.810922e+00 -1.025175e+01 
2.790373e+00 -1.015188e+01 
2.770121e+00 -1.005205e+01 
2.750226e+00 -9.952232e+00 
2.730721e+00 -9.852457e+00 
2.711694e+00 -9.752704e+00 
2.693189e+00 -9.652965e+00 
2.675234e+00 -9.553241e+00 
2.657859e+00 -9.453534e+00 
2.641096e+00 -9.353841e+00 
2.624974e+00 -9.254179e+00 
2.609538e+00 -9.154420e+00 
2.594568e+00 -9.054453e+00 
2.579685e+00 -8.954611e+00 
2.565136e+00 -8.854813e+00 
2.551002e+00 -8.755016e+00 
2.537284e+00 -8.655215e+00 
2.523977e+00 -8.555434e+00 
2.511116e+00 -8.455628e+00 
2.498645e+00 -8.355770e+00 
2.486461e+00 -8.255887e+00 
2.474505e+00 -8.155912e+00 
2.462596e+00 -8.055909e+00 
2.450683e+00 -7.955923e+00 
2.438811e+00 -7.856037e+00 
2.427176e+00 -7.756196e+00 
2.415862e+00 -7.656331e+00 
2.404823e+00 -7.556460e+00 
2.394046e+00 -7.456584e+00 
2.383521e+00 -7.356716e+00 
2.373265e+00 -7.256856e+00 
2.363292e+00 -7.156983e+00 
2.353572e+00 -7.057082e+00 
2.344048e+00 -6.957118e+00 
2.334594e+00 -6.857135e+00 
2.325179e+00 -6.757196e+00 
2.315890e+00 -6.657284e+00 
2.306779e+00 -6.557373e+00 
2.297852e+00 -6.457512e+00 
2.289209e+00 -6.357667e+00 
2.280877e+00 -6.257814e+00 
2.272837e+00 -6.157910e+00 
2.264988e+00 -6.057944e+00 
2.257205e+00 -5.957979e+00 
2.249496e+00 -5.858039e+00 
2.241910e+00 -5.758121e+00 
2.234491e+00 -5.658228e+00 
2.227287e+00 -5.558354e+00 
2.220337e+00 -5.458460e+00 
2.213597e+00 -5.358527e+00 
2.206993e+00 -5.258603e+00 
2.200540e+00 -5.158652e+00 
2.194182e+00 -5.058664e+00 
2.187850e+00 -4.958673e+00 
2.181535e+00 -4.858689e+00 
2.175252e+00 -4.758711e+00 
2.169015e+00 -4.658740e+00 
2.162836e+00 -4.558771e+00 
2.156721e+00 -4.458833e+00 
2.150733e+00 -4.358922e+00 
2.144919e+00 -4.258953e+00 
2.139167e+00 -4.158962e+00 
2.133433e+00 -4.058981e+00 
2.127740e+00 -3.959032e+00 
2.122149e+00 -3.859097e+00 
2.116690e+00 -3.759145e+00 
2.111324e+00 -3.659174e+00 
2.106016e+00 -3.559190e+00 
2.100741e+00 -3.459216e+00 
2.095519e+00 -3.359267e+00 
2.090400e+00 -3.259328e+00 
2.085405e+00 -3.159399e+00 
2.080553e+00 -3.059486e+00 
2.075876e+00 -2.959587e+00 
2.071400e+00 -2.859667e+00 
2.067083e+00 -2.759724e+00 
2.062879e+00 -2.659763e+00 
2.058752e+00 -2.559765e+00 
2.054629e+00 -2.459752e+00 
2.050481e+00 -2.359747e+00 
2.046323e+00 -2.259750e+00 
2.042170e+00 -2.159759e+00 
2.038036e+00 -2.059775e+00 
2.033936e+00 -1.959799e+00 
2.029882e+00 -1.859829e+00 
2.025891e+00 -1.759867e+00 
2.021975e+00 -1.659916e+00 
2.018158e+00 -1.559988e+00 
2.014485e+00 -1.460073e+00 
2.010980e+00 -1.360091e+00 
2.007510e+00 -1.260070e+00 
2.004001e+00 -1.160138e+00 
2.000629e+00 -1.060206e+00 
1.997392e+00 -9.602534e-01 
1.994250e+00 -8.602862e-01 
1.991172e+00 -7.603136e-01 
1.988150e+00 -6.603355e-01 
1.985171e+00 -5.603517e-01 
1.982225e+00 -4.603623e-01 
1.979299e+00 -3.603489e-01 
1.976346e+00 -2.603114e-01 
1.973318e+00 -1.603004e-01 
1.970292e+00 -6.182443e-02 
1.970268e+00 6.030039e-02 
1.973318e+00 1.603114e-01 
1.976347e+00 2.603489e-01 
1.979299e+00 3.603623e-01 
1.982225e+00 4.603517e-01 
1.985171e+00 5.603355e-01 
1.988149e+00 6.603136e-01 
1.991172e+00 7.602862e-01 
1.994249e+00 8.602534e-01 
1.997391e+00 9.602059e-01 
2.000627e+00 1.060138e+00 
2.003999e+00 1.160070e+00 
2.007511e+00 1.260091e+00 
2.010979e+00 1.360073e+00 
2.014482e+00 1.459988e+00 
2.018155e+00 1.559916e+00 
2.021973e+00 1.659867e+00 
2.025889e+00 1.759829e+00 
2.029881e+00 1.859799e+00 
2.033935e+00 1.959775e+00 
2.038036e+00 2.059759e+00 
2.042170e+00 2.159750e+00 
2.046323e+00 2.259747e+00 
2.050481e+00 2.359752e+00 
2.054629e+00 2.459765e+00 
2.058752e+00 2.559763e+00 
2.062878e+00 2.659724e+00 
2.067081e+00 2.759667e+00 
2.071396e+00 2.859587e+00 
2.075871e+00 2.959486e+00 
2.080549e+00 3.059399e+00 
2.085401e+00 3.159328e+00 
2.090397e+00 3.259267e+00 
2.095516e+00 3.359216e+00 
2.100739e+00 3.459190e+00 
2.106015e+00 3.559174e+00 
2.111322e+00 3.659145e+00 
2.116687e+00 3.759097e+00 
2.122146e+00 3.859032e+00 
2.127737e+00 3.958981e+00 
2.133432e+00 4.058962e+00 
2.139166e+00 4.158953e+00 
2.144918e+00 4.258922e+00 
2.150727e+00 4.358833e+00 
2.156717e+00 4.458771e+00 
2.162835e+00 4.558740e+00 
2.169013e+00 4.658711e+00 
2.175251e+00 4.758689e+00 
2.181534e+00 4.858673e+00 
2.187849e+00 4.958664e+00 
2.194182e+00 5.058652e+00 
2.200537e+00 5.158603e+00 
2.206988e+00 5.258527e+00 
2.107206e+00 5.265122e+00 
2.100745e+00 5.165046e+00 
2.094383e+00 5.064997e+00 
2.088049e+00 4.964985e+00 
2.081733e+00 4.864976e+00 
2.075448e+00 4.764960e+00 
2.069207e+00 4.664938e+00 
2.063025e+00 4.564909e+00 
2.056904e+00 4.464878e+00 
2.050907e+00 4.364816e+00 
2.045086e+00 4.264727e+00 
2.039331e+00 4.164696e+00 
2.033596e+00 4.064687e+00 
2.027899e+00 3.964668e+00 
2.022302e+00 3.864617e+00 
2.016836e+00 3.764552e+00 
2.011466e+00 3.664504e+00 
2.006156e+00 3.564475e+00 
2.000878e+00 3.464459e+00 
1.995652e+00 3.364433e+00 
1.990528e+00 3.264382e+00 
1.985526e+00 3.164321e+00 
1.980666e+00 3.064250e+00 
1.975981e+00 2.964163e+00 
1.971496e+00 2.864062e+00 
1.967174e+00 2.763982e+00 
1.962966e+00 2.663925e+00 
1.958837e+00 2.563886e+00 
1.954714e+00 2.463884e+00 
1.950567e+00 2.363896e+00 
1.946410e+00 2.263901e+00 
1.942256e+00 2.163899e+00 
1.938121e+00 2.063890e+00 
1.934019e+00 1.963874e+00 
1.929963e+00 1.863850e+00 
1.925969e+00 1.763819e+00 
1.922050e+00 1.663782e+00 
1.918228e+00 1.563733e+00 
1.914549e+00 1.463661e+00 
1.911040e+00 1.363576e+00 
1.907571e+00 1.263558e+00 
1.904060e+00 1.163579e+00 
1.900684e+00 1.063510e+00 
1.897443e+00 9.634429e-01 
1.894298e+00 8.633955e-01 
1.891219e+00 7.633627e-01 
1.888195e+00 6.633353e-01 
1.885215e+00 5.633134e-01 
1.882268e+00 4.632971e-01 
1.879342e+00 3.632865e-01 
1.876390e+00 2.632999e-01 
1.873364e+00 1.633374e-01 
1.870315e+00 6.334848e-02 
1.870292e+00 -6.182443e-02 
1.873364e+00 -1.633485e-01 
1.876391e+00 -2.633374e-01 
1.879343e+00 -3.632999e-01 
1.882268e+00 -4.632865e-01 
1.885215e+00 -5.632971e-01 
1.888194e+00 -6.633134e-01 
1.891218e+00 -7.633353e-01 
1.894297e+00 -8.633627e-01 
1.897442e+00 -9.633955e-01 
1.900682e+00 -1.063443e+00 
1.904058e+00 -1.163510e+00 
1.907572e+00 -1.263579e+00 
1.911040e+00 -1.363558e+00 
1.914546e+00 -1.463576e+00 
1.918225e+00 -1.563661e+00 
1.922048e+00 -1.663733e+00 
1.925967e+00 -1.763782e+00 
1.929962e+00 -1.863819e+00 
1.934018e+00 -1.963850e+00 
1.938120e+00 -2.063874e+00 
1.942256e+00 -2.163890e+00 
1.946409e+00 -2.263899e+00 
1.950567e+00 -2.363901e+00 
1.954714e+00 -2.463896e+00 
1.958837e+00 -2.563884e+00 
1.962964e+00 -2.663886e+00 
1.967171e+00 -2.763925e+00 
1.971493e+00 -2.863982e+00 
1.975976e+00 -2.964062e+00 
1.980662e+00 -3.064163e+00 
1.985523e+00 -3.164250e+00 
1.990525e+00 -3.264321e+00 
1.995650e+00 -3.364382e+00 
2.000877e+00 -3.464433e+00 
2.006155e+00 -3.564459e+00 
2.011464e+00 -3.664475e+00 
2.016833e+00 -3.764504e+00 
2.022298e+00 -3.864552e+00 
2.027896e+00 -3.964617e+00 
2.033595e+00 -4.064668e+00 
2.039331e+00 -4.164687e+00 
2.045085e+00 -4.264696e+00 
2.050901e+00 -4.364727e+00 
2.056900e+00 -4.464816e+00 
2.063023e+00 -4.564878e+00 
2.069206e+00 -4.664909e+00 
2.075447e+00 -4.764938e+00 
2.081732e+00 -4.864960e+00 
2.088049e+00 -4.964976e+00 
2.094382e+00 -5.064985e+00 
2.100742e+00 -5.164997e+00 
2.107201e+00 -5.265046e+00 
2.113815e+00 -5.365122e+00 
2.120563e+00 -5.465189e+00 
2.127529e+00 -5.565295e+00 
2.134750e+00 -5.665421e+00 
2.142184e+00 -5.765528e+00 
2.149783e+00 -5.865610e+00 
2.157502e+00 -5.965670e+00 
2.165289e+00 -6.065705e+00 
2.173144e+00 -6.165738e+00 
2.181199e+00 -6.265835e+00 
2.189555e+00 -6.365982e+00 
2.198225e+00 -6.466137e+00 
2.207176e+00 -6.566276e+00 
2.216303e+00 -6.666365e+00 
2.225609e+00 -6.766453e+00 
2.235035e+00 -6.866514e+00 
2.244492e+00 -6.966531e+00 
2.254023e+00 -7.066567e+00 
2.263762e+00 -7.166666e+00 
2.273760e+00 -7.266792e+00 
2.284044e+00 -7.366932e+00 
2.294597e+00 -7.467065e+00 
2.305400e+00 -7.567188e+00 
2.316467e+00 -7.667317e+00 
2.327812e+00 -7.767453e+00 
2.339483e+00 -7.867612e+00 
2.351382e+00 -7.967726e+00 
2.363298e+00 -8.067740e+00 
2.375207e+00 -8.167737e+00 
2.387168e+00 -8.267762e+00 
2.399381e+00 -8.367879e+00 
2.411887e+00 -8.468021e+00 
2.424797e+00 -8.568215e+00 
2.438161e+00 -8.668434e+00 
2.451934e+00 -8.768633e+00 
2.466124e+00 -8.868835e+00 
2.480731e+00 -8.969037e+00 
2.495661e+00 -9.069196e+00 
2.510641e+00 -9.169229e+00 
2.526150e+00 -9.269470e+00 
2.542379e+00 -9.369808e+00 
2.559243e+00 -9.470115e+00 
2.576719e+00 -9.570408e+00 
2.594771e+00 -9.670684e+00 
2.613372e+00 -9.770945e+00 
2.632492e+00 -9.871192e+00 
2.652084e+00 -9.971417e+00 
2.672049e+00 -1.007160e+01 
2.692370e+00 -1.017177e+01 
2.712974e+00 -1.027190e+01 
2.734275e+00 -1.037221e+01 
2.756321e+00 -1.047255e+01 
2.779045e+00 -1.057287e+01 
2.802523e+00 -1.067322e+01 
2.826829e+00 -1.077359e+01 
2.852042e+00 -1.087400e+01 
2.878262e+00 -1.097445e+01 
2.905593e+00 -1.107495e+01 
2.934158e+00 -1.117549e+01 
2.964105e+00 -1.127609e+01 
2.995613e+00 -1.137676e+01 
3.028286e+00 -1.147728e+01 
3.062239e+00 -1.157782e+01 
3.097781e+00 -1.167848e+01 
3.135041e+00 -1.177918e+01 
3.174208e+00 -1.187994e+01 
3.215507e+00 -1.198078e+01 
3.259213e+00 -1.208170e+01 
3.305881e+00 -1.218279e+01 
3.355706e+00 -1.228393e+01 
3.408979e+00 -1.238512e+01 
3.466082e+00 -1.248639e+01 
3.527861e+00 -1.258784e+01 
3.595303e+00 -1.268948e+01 
3.669431e+00 -1.279127e+01 
3.751751e+00 -1.289325e+01 
3.844595e+00 -1.299547e+01 
3.946882e+00 -1.309423e+01 
4.048787e+00 -1.318288e+01 
4.150613e+00 -1.326331e+01 
4.252579e+00 -1.333600e+01 
4.354580e+00 -1.340153e+01 
4.456110e+00 -1.346169e+01 
4.557573e+00 -1.351728e+01 
4.659081e+00 -1.356847e+01 
4.760633e+00 -1.361538e+01 
4.862226e+00 -1.365807e+01 
4.963859e+00 -1.369664e+01 
5.065531e+00 -1.373114e+01 
5.167242e+00 -1.376164e+01 
5.268970e+00 -1.378820e+01 
5.370535e+00 -1.381124e+01 
5.471991e+00 -1.383110e+01 
5.573430e+00 -1.384789e+01 
5.674859e+00 -1.386168e+01 
5.775840e+00 -1.387337e+01 
5.876569e+00 -1.388354e+01 
5.977278e+00 -1.389225e+01 
6.077999e+00 -1.389950e+01 
6.178733e+00 -1.390526e+01 
6.279479e+00 -1.390951e+01 
6.380237e+00 -1.391224e+01 
6.481006e+00 -1.391341e+01 
6.581787e+00 -1.391301e+01 
6.682578e+00 -1.391102e+01 
6.783379e+00 -1.390741e+01 
6.884189e+00 -1.390216e+01 
6.985010e+00 -1.389525e+01 
7.085842e+00 -1.388664e+01 
7.186679e+00 -1.387632e+01 
7.287521e+00 -1.386427e+01 
7.388364e+00 -1.385048e+01 
7.489216e+00 -1.383491e+01 
7.590079e+00 -1.381754e+01 
7.690945e+00 -1.379832e+01 
7.791809e+00 -1.377726e+01 
7.892668e+00 -1.375435e+01 
7.993532e+00 -1.372954e+01 
8.094399e+00 -1.370281e+01 
8.195266e+00 -1.367412e+01 
8.296127e+00 -1.364347e+01 
8.396986e+00 -1.361083e+01 
8.497772e+00 -1.357635e+01 
8.598457e+00 -1.354027e+01 
8.699027e+00 -1.350284e+01 
8.799502e+00 -1.346428e+01 
8.899965e+00 -1.342457e+01 
9.000435e+00 -1.338368e+01 
9.100913e+00 -1.334157e+01 
9.201398e+00 -1.329821e+01 
9.301890e+00 -1.325356e+01 
9.402389e+00 -1.320758e+01 
9.502895e+00 -1.316023e+01 
9.603407e+00 -1.311148e+01 
9.703926e+00 -1.306128e+01 
9.804451e+00 -1.300959e+01 
9.904981e+00 -1.295637e+01 
1.000552e+01 -1.290157e+01 
1.010606e+01 -1.284514e+01 
1.020660e+01 -1.278704e+01 
1.030715e+01 -1.272720e+01 
1.040771e+01 -1.266559e+01 
1.050827e+01 -1.260215e+01 
1.060883e+01 -1.253682e+01 
1.070939e+01 -1.246953e+01 
1.080996e+01 -1.240024e+01 
1.091052e+01 -1.232887e+01 
1.101104e+01 -1.225559e+01 
1.111147e+01 -1.218071e+01 
1.121190e+01 -1.210417e+01 
1.131232e+01 -1.202589e+01 
1.141276e+01 -1.194582e+01 
1.151319e+01 -1.186390e+01 
1.161363e+01 -1.178007e+01 
1.171406e+01 -1.169426e+01 
1.181451e+01 -1.160640e+01 
1.191493e+01 -1.151652e+01 
1.201534e+01 -1.142463e+01 
1.211576e+01 -1.133059e+01 
1.221619e+01 -1.123430e+01 
1.231662e+01 -1.113567e+01 
1.241645e+01 -1.103525e+01 
1.251393e+01 -1.093483e+01 
1.260916e+01 -1.083440e+01 
1.270222e+01 -1.073398e+01 
1.279317e+01 -1.063356e+01 
1.288209e+01 -1.053315e+01 
1.296906e+01 -1.043273e+01 
1.305412e+01 -1.033232e+01 
1.313734e+01 -1.023190e+01 
1.321877e+01 -1.013149e+01 
1.329848e+01 -1.003109e+01 
1.337651e+01 -9.930680e+00 
1.345290e+01 -9.830275e+00 
1.352771e+01 -9.729872e+00 
1.360097e+01 -9.629472e+00 
1.367273e+01 -9.529073e+00 
1.374304e+01 -9.428683e+00 
1.381211e+01 -9.328351e+00 
1.387999e+01 -9.228017e+00 
1.394669e+01 -9.127679e+00 
1.401221e+01 -9.027338e+00 
1.407657e+01 -8.926993e+00 
1.413977e+01 -8.826645e+00 
1.420181e+01 -8.726294e+00 
1.426271e+01 -8.625939e+00 
1.432252e+01 -8.525601e+00 
1.438134e+01 -8.425289e+00 
1.443918e+01 -8.324977e+00 
1.449607e+01 -8.224664e+00 
1.455201e+01 -8.124351e+00 
1.460701e+01 -8.024037e+00 
1.466108e+01 -7.923723e+00 
1.471423e+01 -7.823409e+00 
1.476647e+01 -7.723096e+00 
1.481782e+01 -7.622782e+00 
1.486828e+01 -7.522468e+00 
1.491787e+01 -7.422155e+00 
1.496658e+01 -7.321842e+00 
1.501444e+01 -7.221529e+00 
1.506145e+01 -7.121217e+00 
1.510762e+01 -7.020905e+00 
1.515296e+01 -6.920594e+00 
1.519749e+01 -6.820284e+00 
1.524120e+01 -6.719975e+00 
1.528411e+01 -6.619666e+00 
1.532623e+01 -6.519354e+00 
1.536751e+01 -6.419023e+00 
1.540792e+01 -6.318681e+00 
1.544748e+01 -6.218337e+00 
1.548619e+01 -6.117993e+00 
1.552405e+01 -6.017650e+00 
1.556107e+01 -5.917306e+00 
1.559726e+01 -5.816962e+00 
1.563262e+01 -5.716619e+00 
1.566716e+01 -5.616276e+00 
1.570090e+01 -5.515933e+00 
1.573383e+01 -5.415590e+00 
1.576596e+01 -5.315247e+00 
1.579730e+01 -5.214905e+00 
1.582785e+01 -5.114564e+00 
1.585762e+01 -5.014222e+00 
1.588663e+01 -4.913886e+00 
1.591494e+01 -4.813580e+00 
1.594258e+01 -4.713287e+00 
1.596957e+01 -4.612993e+00 
1.599591e+01 -4.512700e+00 
1.602160e+01 -4.412407e+00 
1.604665e+01 -4.312114e+00 
1.607105e+01 -4.211821e+00 
1.609482e+01 -4.111529e+00 
1.611795e+01 -4.011237e+00 
1.614045e+01 -3.910945e+00 
1.616233e+01 -3.810654e+00 
1.618357e+01 -3.710362e+00 
1.620420e+01 -3.610071e+00 
1.622420e+01 -3.509781e+00 
1.624359e+01 -3.409491e+00 
1.626237e+01 -3.309201e+00 
1.628054e+01 -3.208911e+00 
1.629810e+01 -3.108622e+00 
1.631505e+01 -3.008333e+00 
1.633140e+01 -2.908045e+00 
1.634715e+01 -2.807757e+00 
1.636230e+01 -2.707470e+00 
1.637686e+01 -2.607183e+00 
1.639083e+01 -2.506896e+00 
1.640420e+01 -2.406610e+00 
1.641699e+01 -2.306324e+00 
1.642919e+01 -2.206038e+00 
1.644081e+01 -2.105753e+00 
1.645184e+01 -2.005469e+00 
1.646230e+01 -1.905184e+00 
1.647217e+01 -1.804900e+00 
1.648147e+01 -1.704617e+00 
1.649020e+01 -1.604334e+00 
1.649835e+01 -1.504051e+00 
1.650594e+01 -1.403769e+00 
1.651295e+01 -1.303487e+00 
1.651939e+01 -1.203206e+00 
1.652527e+01 -1.102925e+00 
1.653058e+01 -1.002644e+00 
1.653527e+01 -9.023366e-01 
1.653933e+01 -8.020203e-01 
1.654275e+01 -7.017040e-01 
1.654554e+01 -6.013877e-01 
1.654769e+01 -5.010715e-01 
1.654924e+01 -4.007722e-01 
1.644925e+01 -3.992278e-01 
