8.780173e-01 9.880691e+00 
8.889858e-01 9.980559e+00 
9.002229e-01 1.008043e+01 
9.117237e-01 1.018026e+01 
9.235625e-01 1.028008e+01 
9.357617e-01 1.037990e+01 
9.483379e-01 1.047970e+01 
9.613083e-01 1.057950e+01 
9.746928e-01 1.067929e+01 
9.885135e-01 1.077906e+01 
1.002795e+00 1.087883e+01 
1.017564e+00 1.097857e+01 
1.032848e+00 1.107829e+01 
1.048704e+00 1.117792e+01 
1.065323e+00 1.127754e+01 
1.082733e+00 1.137720e+01 
1.100863e+00 1.147687e+01 
1.119686e+00 1.157657e+01 
1.139146e+00 1.167626e+01 
1.159255e+00 1.177595e+01 
1.180022e+00 1.187564e+01 
1.201449e+00 1.197533e+01 
1.223538e+00 1.207503e+01 
1.246288e+00 1.217472e+01 
1.269687e+00 1.227443e+01 
1.293718e+00 1.237409e+01 
1.318443e+00 1.247362e+01 
1.344191e+00 1.257315e+01 
1.370995e+00 1.267268e+01 
1.398839e+00 1.277222e+01 
1.427709e+00 1.287178e+01 
1.457579e+00 1.297136e+01 
1.488413e+00 1.307096e+01 
1.520183e+00 1.317057e+01 
1.552857e+00 1.327021e+01 
1.586376e+00 1.336987e+01 
1.620711e+00 1.346959e+01 
1.655777e+00 1.356951e+01 
1.691048e+00 1.366944e+01 
1.726416e+00 1.376921e+01 
1.762283e+00 1.386882e+01 
1.799102e+00 1.396850e+01 
1.836677e+00 1.406810e+01 
1.875265e+00 1.416779e+01 
1.914590e+00 1.426740e+01 
1.954913e+00 1.436709e+01 
1.996001e+00 1.446672e+01 
2.038028e+00 1.456639e+01 
2.080904e+00 1.466605e+01 
2.124660e+00 1.476569e+01 
2.169364e+00 1.486535e+01 
2.214930e+00 1.496497e+01 
2.261495e+00 1.506459e+01 
2.309091e+00 1.516416e+01 
2.357831e+00 1.526371e+01 
2.407820e+00 1.536323e+01 
2.459132e+00 1.546273e+01 
2.511855e+00 1.556221e+01 
2.566086e+00 1.566166e+01 
2.621936e+00 1.576108e+01 
2.679531e+00 1.586046e+01 
2.739027e+00 1.595982e+01 
2.800647e+00 1.605933e+01 
2.863899e+00 1.615885e+01 
2.928725e+00 1.625836e+01 
2.995231e+00 1.635784e+01 
3.063532e+00 1.645730e+01 
3.133757e+00 1.655674e+01 
3.206059e+00 1.665615e+01 
3.280604e+00 1.675553e+01 
3.357590e+00 1.685491e+01 
3.437193e+00 1.695443e+01 
3.518877e+00 1.705395e+01 
3.602631e+00 1.715347e+01 
3.688573e+00 1.725297e+01 
3.776832e+00 1.735246e+01 
3.867557e+00 1.745195e+01 
3.960967e+00 1.755157e+01 
4.056352e+00 1.765122e+01 
4.153622e+00 1.775085e+01 
4.252910e+00 1.785048e+01 
4.352520e+00 1.794833e+01 
4.452116e+00 1.804406e+01 
4.551697e+00 1.813767e+01 
4.651265e+00 1.822914e+01 
4.750818e+00 1.831847e+01 
4.850356e+00 1.840567e+01 
4.949880e+00 1.849074e+01 
5.049389e+00 1.857366e+01 
5.148883e+00 1.865445e+01 
5.248362e+00 1.873312e+01 
5.347827e+00 1.880965e+01 
5.447277e+00 1.888408e+01 
5.546712e+00 1.895639e+01 
5.646138e+00 1.902660e+01 
5.745615e+00 1.909478e+01 
5.845263e+00 1.916124e+01 
5.944922e+00 1.922650e+01 
6.044572e+00 1.929061e+01 
6.144211e+00 1.935354e+01 
6.243842e+00 1.941529e+01 
6.343463e+00 1.947585e+01 
6.443075e+00 1.953520e+01 
6.542679e+00 1.959333e+01 
6.642273e+00 1.965025e+01 
6.741861e+00 1.970594e+01 
6.841438e+00 1.976039e+01 
6.941020e+00 1.981361e+01 
7.040615e+00 1.986564e+01 
7.140204e+00 1.991651e+01 
7.239784e+00 1.996622e+01 
7.339359e+00 2.001477e+01 
7.438926e+00 2.006216e+01 
7.538487e+00 2.010839e+01 
7.638041e+00 2.015345e+01 
7.737589e+00 2.019734e+01 
7.837131e+00 2.024006e+01 
7.936667e+00 2.028161e+01 
8.036198e+00 2.032198e+01 
8.135723e+00 2.036120e+01 
8.235243e+00 2.039924e+01 
8.334758e+00 2.043611e+01 
8.434269e+00 2.047182e+01 
8.533778e+00 2.050637e+01 
8.633317e+00 2.053977e+01 
8.732972e+00 2.057214e+01 
8.832671e+00 2.060373e+01 
8.932361e+00 2.063462e+01 
9.032043e+00 2.066480e+01 
9.131716e+00 2.069426e+01 
9.231381e+00 2.072298e+01 
9.331037e+00 2.075095e+01 
9.430683e+00 2.077815e+01 
9.530321e+00 2.080457e+01 
9.629950e+00 2.083018e+01 
9.729568e+00 2.085498e+01 
9.829178e+00 2.087895e+01 
9.928778e+00 2.090207e+01 
1.002837e+01 2.092433e+01 
1.012795e+01 2.094572e+01 
1.022752e+01 2.096621e+01 
1.032708e+01 2.098579e+01 
1.042663e+01 2.100444e+01 
1.052617e+01 2.102216e+01 
1.062571e+01 2.103892e+01 
1.072523e+01 2.105471e+01 
1.082474e+01 2.106951e+01 
1.092424e+01 2.108331e+01 
1.102375e+01 2.109610e+01 
1.112333e+01 2.110789e+01 
1.122296e+01 2.111884e+01 
1.132259e+01 2.112904e+01 
1.142221e+01 2.113848e+01 
1.152183e+01 2.114716e+01 
1.162145e+01 2.115507e+01 
1.172107e+01 2.116222e+01 
1.182068e+01 2.116861e+01 
1.192030e+01 2.117422e+01 
1.201991e+01 2.117906e+01 
1.211952e+01 2.118312e+01 
1.221914e+01 2.118640e+01 
1.231880e+01 2.118892e+01 
1.241851e+01 2.119078e+01 
1.251820e+01 2.119205e+01 
1.261790e+01 2.119271e+01 
1.271759e+01 2.119277e+01 
1.281728e+01 2.119222e+01 
1.291697e+01 2.119105e+01 
1.301666e+01 2.118926e+01 
1.311634e+01 2.118685e+01 
1.321602e+01 2.118380e+01 
1.331570e+01 2.118012e+01 
1.341538e+01 2.117579e+01 
1.351506e+01 2.117082e+01 
1.361473e+01 2.116520e+01 
1.371440e+01 2.115893e+01 
1.381407e+01 2.115199e+01 
1.391374e+01 2.114439e+01 
1.401341e+01 2.113613e+01 
1.411307e+01 2.112719e+01 
1.421273e+01 2.111758e+01 
1.431240e+01 2.110729e+01 
1.441206e+01 2.109631e+01 
1.451172e+01 2.108465e+01 
1.461138e+01 2.107229e+01 
1.471104e+01 2.105925e+01 
1.481068e+01 2.104550e+01 
1.491030e+01 2.103102e+01 
1.500990e+01 2.101577e+01 
1.510950e+01 2.099969e+01 
1.520909e+01 2.098277e+01 
1.530869e+01 2.096500e+01 
1.540833e+01 2.094639e+01 
1.550804e+01 2.092699e+01 
1.560774e+01 2.090699e+01 
1.570745e+01 2.088637e+01 
1.580716e+01 2.086513e+01 
1.590686e+01 2.084325e+01 
1.600656e+01 2.082074e+01 
1.610626e+01 2.079758e+01 
1.620595e+01 2.077378e+01 
1.630565e+01 2.074931e+01 
1.640534e+01 2.072418e+01 
1.650503e+01 2.069837e+01 
1.660472e+01 2.067188e+01 
1.670440e+01 2.064470e+01 
1.680409e+01 2.061682e+01 
1.690377e+01 2.058823e+01 
1.700345e+01 2.055893e+01 
1.710313e+01 2.052890e+01 
1.720280e+01 2.049814e+01 
1.730247e+01 2.046663e+01 
1.740215e+01 2.043437e+01 
1.750181e+01 2.040135e+01 
1.760148e+01 2.036755e+01 
1.770115e+01 2.033297e+01 
1.780081e+01 2.029760e+01 
1.790047e+01 2.026141e+01 
1.800013e+01 2.022442e+01 
1.809978e+01 2.018659e+01 
1.819944e+01 2.014792e+01 
1.829909e+01 2.010839e+01 
1.839874e+01 2.006800e+01 
1.849838e+01 2.002672e+01 
1.859803e+01 1.998455e+01 
1.869767e+01 1.994147e+01 
1.879731e+01 1.989747e+01 
1.889695e+01 1.985252e+01 
1.899658e+01 1.980662e+01 
1.909622e+01 1.975974e+01 
1.919585e+01 1.971187e+01 
1.929548e+01 1.966300e+01 
1.939510e+01 1.961309e+01 
1.949473e+01 1.956213e+01 
1.959436e+01 1.951009e+01 
1.969404e+01 1.945699e+01 
1.979371e+01 1.940294e+01 
1.989339e+01 1.934794e+01 
1.999306e+01 1.929197e+01 
2.009273e+01 1.923499e+01 
2.019243e+01 1.917699e+01 
2.029220e+01 1.911801e+01 
2.039199e+01 1.905832e+01 
2.049177e+01 1.899795e+01 
2.059155e+01 1.893687e+01 
2.069133e+01 1.887509e+01 
2.079111e+01 1.881258e+01 
2.089088e+01 1.874935e+01 
2.099066e+01 1.868538e+01 
2.109044e+01 1.862066e+01 
2.119021e+01 1.855517e+01 
2.128998e+01 1.848891e+01 
2.138976e+01 1.842187e+01 
2.148953e+01 1.835402e+01 
2.158930e+01 1.828537e+01 
2.168907e+01 1.821589e+01 
2.178883e+01 1.814557e+01 
2.188860e+01 1.807439e+01 
2.198837e+01 1.800235e+01 
2.208813e+01 1.792943e+01 
2.218789e+01 1.785561e+01 
2.228766e+01 1.778087e+01 
2.238742e+01 1.770521e+01 
2.248718e+01 1.762860e+01 
2.258694e+01 1.755102e+01 
2.268669e+01 1.747246e+01 
2.278645e+01 1.739290e+01 
2.288621e+01 1.731231e+01 
2.298596e+01 1.723069e+01 
2.308572e+01 1.714800e+01 
2.318547e+01 1.706422e+01 
2.328522e+01 1.697933e+01 
2.338497e+01 1.689332e+01 
2.348472e+01 1.680614e+01 
2.358446e+01 1.671778e+01 
2.368421e+01 1.662821e+01 
2.378396e+01 1.653740e+01 
2.388370e+01 1.644532e+01 
2.398344e+01 1.635194e+01 
2.408318e+01 1.625723e+01 
2.418292e+01 1.616116e+01 
2.428266e+01 1.606368e+01 
2.438240e+01 1.596476e+01 
2.448149e+01 1.586502e+01 
2.457913e+01 1.576529e+01 
2.467535e+01 1.566555e+01 
2.477016e+01 1.556582e+01 
2.486360e+01 1.546608e+01 
2.495567e+01 1.536635e+01 
2.504641e+01 1.526662e+01 
2.513583e+01 1.516689e+01 
2.522395e+01 1.506716e+01 
2.531079e+01 1.496744e+01 
2.539637e+01 1.486771e+01 
2.548071e+01 1.476799e+01 
2.556382e+01 1.466827e+01 
2.564572e+01 1.456855e+01 
2.572642e+01 1.446883e+01 
2.580595e+01 1.436911e+01 
2.588431e+01 1.426939e+01 
2.596153e+01 1.416967e+01 
2.603761e+01 1.406996e+01 
2.611257e+01 1.397023e+01 
2.618646e+01 1.387050e+01 
2.625934e+01 1.377078e+01 
2.633117e+01 1.367105e+01 
2.640199e+01 1.357132e+01 
2.647182e+01 1.347157e+01 
2.654080e+01 1.337178e+01 
2.660903e+01 1.327199e+01 
2.667653e+01 1.317220e+01 
2.674329e+01 1.307241e+01 
2.680933e+01 1.297262e+01 
2.687465e+01 1.287283e+01 
2.693925e+01 1.277304e+01 
2.700315e+01 1.267325e+01 
2.706634e+01 1.257346e+01 
2.712884e+01 1.247367e+01 
2.719064e+01 1.237389e+01 
2.725175e+01 1.227410e+01 
2.731217e+01 1.217432e+01 
2.737192e+01 1.207453e+01 
2.743098e+01 1.197475e+01 
2.748938e+01 1.187496e+01 
2.754711e+01 1.177518e+01 
2.760417e+01 1.167539e+01 
2.766058e+01 1.157561e+01 
2.771632e+01 1.147583e+01 
2.777142e+01 1.137605e+01 
2.782586e+01 1.127627e+01 
2.787966e+01 1.117649e+01 
2.793282e+01 1.107671e+01 
2.798533e+01 1.097693e+01 
2.803721e+01 1.087716e+01 
2.808846e+01 1.077738e+01 
2.813908e+01 1.067760e+01 
2.818907e+01 1.057783e+01 
2.823843e+01 1.047805e+01 
2.828717e+01 1.037828e+01 
2.833530e+01 1.027850e+01 
2.838281e+01 1.017873e+01 
2.842971e+01 1.007896e+01 
2.847599e+01 9.979187e+00 
2.852167e+01 9.879416e+00 
2.856674e+01 9.779646e+00 
2.861120e+01 9.679876e+00 
2.865507e+01 9.580108e+00 
2.869833e+01 9.480340e+00 
2.874100e+01 9.380572e+00 
2.878307e+01 9.280806e+00 
2.882455e+01 9.181040e+00 
2.886543e+01 9.081275e+00 
2.890573e+01 8.981511e+00 
2.894543e+01 8.881748e+00 
2.898455e+01 8.781985e+00 
2.902308e+01 8.682224e+00 
2.906103e+01 8.582444e+00 
2.909847e+01 8.482618e+00 
2.913548e+01 8.382792e+00 
2.917207e+01 8.282966e+00 
2.920825e+01 8.183140e+00 
2.924400e+01 8.083315e+00 
2.927934e+01 7.983490e+00 
2.931426e+01 7.883665e+00 
2.934876e+01 7.783847e+00 
2.938284e+01 7.684036e+00 
2.941646e+01 7.584239e+00 
2.944961e+01 7.484441e+00 
2.948229e+01 7.384645e+00 
2.951449e+01 7.284849e+00 
2.954622e+01 7.185054e+00 
2.957748e+01 7.085259e+00 
2.960827e+01 6.985465e+00 
2.963860e+01 6.885671e+00 
2.966845e+01 6.785877e+00 
2.969783e+01 6.686085e+00 
2.972675e+01 6.586292e+00 
2.975519e+01 6.486500e+00 
2.978318e+01 6.386709e+00 
2.981069e+01 6.286918e+00 
2.983775e+01 6.187127e+00 
2.986434e+01 6.087336e+00 
2.989046e+01 5.987546e+00 
2.991613e+01 5.887756e+00 
2.994133e+01 5.787967e+00 
2.996608e+01 5.688177e+00 
2.999036e+01 5.588388e+00 
3.001419e+01 5.488599e+00 
3.003756e+01 5.388810e+00 
3.006047e+01 5.289021e+00 
3.008293e+01 5.189233e+00 
3.010494e+01 5.089444e+00 
3.012649e+01 4.989655e+00 
3.014759e+01 4.889867e+00 
3.016825e+01 4.790078e+00 
3.018845e+01 4.690290e+00 
3.020821e+01 4.590501e+00 
3.022752e+01 4.490712e+00 
3.024638e+01 4.390924e+00 
3.026480e+01 4.291135e+00 
3.028278e+01 4.191346e+00 
3.030032e+01 4.091556e+00 
3.031742e+01 3.991767e+00 
3.033408e+01 3.891977e+00 
3.035030e+01 3.792187e+00 
3.036609e+01 3.692397e+00 
3.038144e+01 3.592606e+00 
3.039636e+01 3.492811e+00 
3.041086e+01 3.393015e+00 
3.042494e+01 3.293219e+00 
3.043860e+01 3.193424e+00 
3.045184e+01 3.093630e+00 
3.046466e+01 2.993836e+00 
3.047706e+01 2.894043e+00 
3.048903e+01 2.794251e+00 
3.050059e+01 2.694459e+00 
3.051171e+01 2.594668e+00 
3.052242e+01 2.494877e+00 
3.053270e+01 2.395088e+00 
3.054255e+01 2.295298e+00 
3.055197e+01 2.195509e+00 
3.056097e+01 2.095721e+00 
3.056954e+01 1.995934e+00 
3.057769e+01 1.896147e+00 
3.058540e+01 1.796360e+00 
3.059268e+01 1.696575e+00 
3.059954e+01 1.596789e+00 
3.060596e+01 1.497004e+00 
3.061195e+01 1.397220e+00 
3.061750e+01 1.297437e+00 
3.062263e+01 1.197653e+00 
3.062731e+01 1.097871e+00 
3.063157e+01 9.980887e-01 
3.063539e+01 8.983071e-01 
3.063877e+01 7.985259e-01 
3.064171e+01 6.987453e-01 
3.074168e+01 7.012547e-01 
3.073872e+01 8.014741e-01 
3.073533e+01 9.016929e-01 
3.073149e+01 1.001911e+00 
3.072722e+01 1.102129e+00 
3.072252e+01 1.202347e+00 
3.071737e+01 1.302563e+00 
3.071179e+01 1.402780e+00 
3.070578e+01 1.502996e+00 
3.069933e+01 1.603211e+00 
3.069245e+01 1.703425e+00 
3.068513e+01 1.803640e+00 
3.067739e+01 1.903853e+00 
3.066921e+01 2.004066e+00 
3.066061e+01 2.104279e+00 
3.065157e+01 2.204491e+00 
3.064210e+01 2.304702e+00 
3.063221e+01 2.404912e+00 
3.062189e+01 2.505123e+00 
3.061114e+01 2.605332e+00 
3.059997e+01 2.705541e+00 
3.058837e+01 2.805749e+00 
3.057635e+01 2.905957e+00 
3.056390e+01 3.006164e+00 
3.055103e+01 3.106370e+00 
3.053774e+01 3.206576e+00 
3.052402e+01 3.306781e+00 
3.050988e+01 3.406985e+00 
3.049532e+01 3.507189e+00 
3.048034e+01 3.607394e+00 
3.046492e+01 3.707603e+00 
3.044907e+01 3.807813e+00 
3.043278e+01 3.908023e+00 
3.041605e+01 4.008233e+00 
3.039888e+01 4.108444e+00 
3.038127e+01 4.208654e+00 
3.036322e+01 4.308865e+00 
3.034472e+01 4.409076e+00 
3.032578e+01 4.509288e+00 
3.030639e+01 4.609499e+00 
3.028655e+01 4.709710e+00 
3.026626e+01 4.809922e+00 
3.024552e+01 4.910133e+00 
3.022433e+01 5.010345e+00 
3.020268e+01 5.110556e+00 
3.018059e+01 5.210767e+00 
3.015803e+01 5.310979e+00 
3.013502e+01 5.411190e+00 
3.011155e+01 5.511401e+00 
3.008763e+01 5.611612e+00 
3.006324e+01 5.711823e+00 
3.003839e+01 5.812033e+00 
3.001308e+01 5.912244e+00 
2.998731e+01 6.012454e+00 
2.996108e+01 6.112664e+00 
2.993438e+01 6.212873e+00 
2.990721e+01 6.313082e+00 
2.987958e+01 6.413291e+00 
2.985148e+01 6.513500e+00 
2.982291e+01 6.613708e+00 
2.979388e+01 6.713915e+00 
2.976438e+01 6.814123e+00 
2.973440e+01 6.914329e+00 
2.970396e+01 7.014535e+00 
2.967304e+01 7.114741e+00 
2.964165e+01 7.214946e+00 
2.960979e+01 7.315151e+00 
2.957745e+01 7.415355e+00 
2.954464e+01 7.515559e+00 
2.951136e+01 7.615761e+00 
2.947760e+01 7.715964e+00 
2.944340e+01 7.816153e+00 
2.940877e+01 7.916335e+00 
2.937373e+01 8.016510e+00 
2.933827e+01 8.116685e+00 
2.930239e+01 8.216860e+00 
2.926609e+01 8.317034e+00 
2.922937e+01 8.417208e+00 
2.919223e+01 8.517382e+00 
2.915467e+01 8.617556e+00 
2.911655e+01 8.717776e+00 
2.907783e+01 8.818015e+00 
2.903853e+01 8.918252e+00 
2.899864e+01 9.018489e+00 
2.895815e+01 9.118725e+00 
2.891708e+01 9.218960e+00 
2.887541e+01 9.319194e+00 
2.883314e+01 9.419428e+00 
2.879028e+01 9.519660e+00 
2.874681e+01 9.619892e+00 
2.870275e+01 9.720124e+00 
2.865808e+01 9.820354e+00 
2.861280e+01 9.920584e+00 
2.856692e+01 1.002081e+01 
2.852042e+01 1.012104e+01 
2.847331e+01 1.022127e+01 
2.842559e+01 1.032150e+01 
2.837725e+01 1.042172e+01 
2.832828e+01 1.052195e+01 
2.827870e+01 1.062217e+01 
2.822848e+01 1.072240e+01 
2.817764e+01 1.082262e+01 
2.812617e+01 1.092284e+01 
2.807406e+01 1.102307e+01 
2.802131e+01 1.112329e+01 
2.796792e+01 1.122351e+01 
2.791389e+01 1.132373e+01 
2.785920e+01 1.142395e+01 
2.780387e+01 1.152417e+01 
2.774788e+01 1.162439e+01 
2.769123e+01 1.172461e+01 
2.763392e+01 1.182482e+01 
2.757594e+01 1.192504e+01 
2.751729e+01 1.202525e+01 
2.745797e+01 1.212547e+01 
2.739797e+01 1.222568e+01 
2.733729e+01 1.232590e+01 
2.727592e+01 1.242611e+01 
2.721385e+01 1.252633e+01 
2.715109e+01 1.262654e+01 
2.708763e+01 1.272675e+01 
2.702347e+01 1.282696e+01 
2.695859e+01 1.292717e+01 
2.689300e+01 1.302738e+01 
2.682668e+01 1.312759e+01 
2.675964e+01 1.322780e+01 
2.669186e+01 1.332801e+01 
2.662335e+01 1.342822e+01 
2.655408e+01 1.352843e+01 
2.648391e+01 1.362868e+01 
2.641271e+01 1.372895e+01 
2.634048e+01 1.382922e+01 
2.626721e+01 1.392950e+01 
2.619292e+01 1.402977e+01 
2.611754e+01 1.413004e+01 
2.604103e+01 1.423033e+01 
2.596338e+01 1.433061e+01 
2.588458e+01 1.443089e+01 
2.580461e+01 1.453117e+01 
2.572345e+01 1.463145e+01 
2.564110e+01 1.473173e+01 
2.555753e+01 1.483201e+01 
2.547273e+01 1.493229e+01 
2.538668e+01 1.503256e+01 
2.529937e+01 1.513284e+01 
2.521077e+01 1.523311e+01 
2.512086e+01 1.533338e+01 
2.502964e+01 1.543365e+01 
2.493707e+01 1.553392e+01 
2.484314e+01 1.563418e+01 
2.474783e+01 1.573445e+01 
2.465110e+01 1.583471e+01 
2.455295e+01 1.593498e+01 
2.445334e+01 1.603524e+01 
2.435308e+01 1.613468e+01 
2.425282e+01 1.623267e+01 
2.415256e+01 1.632925e+01 
2.405230e+01 1.642446e+01 
2.395204e+01 1.651832e+01 
2.385179e+01 1.661088e+01 
2.375153e+01 1.670215e+01 
2.365128e+01 1.679218e+01 
2.355103e+01 1.688099e+01 
2.345077e+01 1.696861e+01 
2.335052e+01 1.705506e+01 
2.325028e+01 1.714038e+01 
2.315003e+01 1.722457e+01 
2.304978e+01 1.730767e+01 
2.294954e+01 1.738971e+01 
2.284929e+01 1.747069e+01 
2.274905e+01 1.755064e+01 
2.264881e+01 1.762958e+01 
2.254857e+01 1.770754e+01 
2.244833e+01 1.778452e+01 
2.234809e+01 1.786055e+01 
2.224785e+01 1.793564e+01 
2.214761e+01 1.800981e+01 
2.204738e+01 1.808308e+01 
2.194714e+01 1.815546e+01 
2.184691e+01 1.822697e+01 
2.174668e+01 1.829762e+01 
2.164645e+01 1.836743e+01 
2.154622e+01 1.843640e+01 
2.144599e+01 1.850456e+01 
2.134576e+01 1.857191e+01 
2.124553e+01 1.863848e+01 
2.114531e+01 1.870426e+01 
2.104508e+01 1.876928e+01 
2.094486e+01 1.883353e+01 
2.084464e+01 1.889705e+01 
2.074441e+01 1.895983e+01 
2.064419e+01 1.902189e+01 
2.054397e+01 1.908324e+01 
2.044376e+01 1.914388e+01 
2.034354e+01 1.920383e+01 
2.024331e+01 1.926307e+01 
2.014301e+01 1.932143e+01 
2.004269e+01 1.937878e+01 
1.994236e+01 1.943513e+01 
1.984203e+01 1.949050e+01 
1.974171e+01 1.954490e+01 
1.964138e+01 1.959835e+01 
1.954102e+01 1.965077e+01 
1.944064e+01 1.970211e+01 
1.934027e+01 1.975240e+01 
1.923990e+01 1.980165e+01 
1.913953e+01 1.984988e+01 
1.903916e+01 1.989710e+01 
1.893879e+01 1.994335e+01 
1.883843e+01 1.998862e+01 
1.873807e+01 2.003295e+01 
1.863771e+01 2.007634e+01 
1.853736e+01 2.011882e+01 
1.843701e+01 2.016039e+01 
1.833666e+01 2.020107e+01 
1.823631e+01 2.024087e+01 
1.813596e+01 2.027981e+01 
1.803562e+01 2.031791e+01 
1.793527e+01 2.035516e+01 
1.783493e+01 2.039159e+01 
1.773460e+01 2.042721e+01 
1.763426e+01 2.046203e+01 
1.753393e+01 2.049605e+01 
1.743360e+01 2.052930e+01 
1.733327e+01 2.056177e+01 
1.723294e+01 2.059349e+01 
1.713262e+01 2.062445e+01 
1.703229e+01 2.065468e+01 
1.693197e+01 2.068417e+01 
1.683166e+01 2.071294e+01 
1.673134e+01 2.074100e+01 
1.663102e+01 2.076836e+01 
1.653071e+01 2.079501e+01 
1.643040e+01 2.082099e+01 
1.633010e+01 2.084628e+01 
1.622979e+01 2.087089e+01 
1.612949e+01 2.089485e+01 
1.602918e+01 2.091815e+01 
1.592888e+01 2.094080e+01 
1.582859e+01 2.096280e+01 
1.572829e+01 2.098417e+01 
1.562800e+01 2.100492e+01 
1.552771e+01 2.102504e+01 
1.542742e+01 2.104455e+01 
1.532706e+01 2.106330e+01 
1.522665e+01 2.108122e+01 
1.512625e+01 2.109828e+01 
1.502584e+01 2.111450e+01 
1.492544e+01 2.112987e+01 
1.482506e+01 2.114446e+01 
1.472471e+01 2.115831e+01 
1.462436e+01 2.117145e+01 
1.452402e+01 2.118389e+01 
1.442368e+01 2.119563e+01 
1.432335e+01 2.120668e+01 
1.422301e+01 2.121705e+01 
1.412267e+01 2.122673e+01 
1.402234e+01 2.123573e+01 
1.392200e+01 2.124405e+01 
1.382167e+01 2.125170e+01 
1.372134e+01 2.125868e+01 
1.362101e+01 2.126500e+01 
1.352069e+01 2.127066e+01 
1.342036e+01 2.127567e+01 
1.332004e+01 2.128002e+01 
1.321972e+01 2.128373e+01 
1.311940e+01 2.128680e+01 
1.301908e+01 2.128923e+01 
1.291877e+01 2.129104e+01 
1.281846e+01 2.129221e+01 
1.271815e+01 2.129277e+01 
1.261784e+01 2.129271e+01 
1.251754e+01 2.129205e+01 
1.241724e+01 2.129078e+01 
1.231694e+01 2.128891e+01 
1.221661e+01 2.128637e+01 
1.211623e+01 2.128306e+01 
1.201583e+01 2.127897e+01 
1.191545e+01 2.127410e+01 
1.181506e+01 2.126845e+01 
1.171467e+01 2.126202e+01 
1.161429e+01 2.125482e+01 
1.151391e+01 2.124684e+01 
1.141353e+01 2.123810e+01 
1.131316e+01 2.122859e+01 
1.121278e+01 2.121832e+01 
1.111241e+01 2.120729e+01 
1.101199e+01 2.119541e+01 
1.091150e+01 2.118250e+01 
1.081100e+01 2.116856e+01 
1.071052e+01 2.115362e+01 
1.061004e+01 2.113768e+01 
1.050957e+01 2.112077e+01 
1.040911e+01 2.110290e+01 
1.030866e+01 2.108408e+01 
1.020822e+01 2.106433e+01 
1.010779e+01 2.104366e+01 
1.000737e+01 2.102210e+01 
9.906965e+00 2.099966e+01 
9.806565e+00 2.097636e+01 
9.706175e+00 2.095221e+01 
9.605793e+00 2.092722e+01 
9.505422e+00 2.090142e+01 
9.405059e+00 2.087481e+01 
9.304706e+00 2.084742e+01 
9.204361e+00 2.081926e+01 
9.104026e+00 2.079035e+01 
9.003700e+00 2.076070e+01 
8.903382e+00 2.073033e+01 
8.803072e+00 2.069925e+01 
8.702771e+00 2.066747e+01 
8.602426e+00 2.063488e+01 
8.501965e+00 2.060117e+01 
8.401474e+00 2.056629e+01 
8.300985e+00 2.053024e+01 
8.200500e+00 2.049301e+01 
8.100020e+00 2.045460e+01 
7.999545e+00 2.041503e+01 
7.899076e+00 2.037427e+01 
7.798612e+00 2.033234e+01 
7.698154e+00 2.028923e+01 
7.597702e+00 2.024495e+01 
7.497256e+00 2.019949e+01 
7.396817e+00 2.015287e+01 
7.296384e+00 2.010507e+01 
7.195958e+00 2.005611e+01 
7.095539e+00 2.000598e+01 
6.995128e+00 1.995469e+01 
6.894723e+00 1.990225e+01 
6.794305e+00 1.984859e+01 
6.693882e+00 1.979367e+01 
6.593469e+00 1.973753e+01 
6.493064e+00 1.968016e+01 
6.392668e+00 1.962156e+01 
6.292280e+00 1.956176e+01 
6.191901e+00 1.950075e+01 
6.091532e+00 1.943854e+01 
5.991171e+00 1.937516e+01 
5.890821e+00 1.931061e+01 
5.790480e+00 1.924490e+01 
5.690128e+00 1.917797e+01 
5.589605e+00 1.910908e+01 
5.489031e+00 1.903807e+01 
5.388466e+00 1.896495e+01 
5.287916e+00 1.888972e+01 
5.187381e+00 1.881237e+01 
5.086860e+00 1.873290e+01 
4.986354e+00 1.865129e+01 
4.885863e+00 1.856756e+01 
4.785387e+00 1.848169e+01 
4.684925e+00 1.839370e+01 
4.584478e+00 1.830357e+01 
4.484046e+00 1.821131e+01 
4.383627e+00 1.811693e+01 
4.283223e+00 1.802043e+01 
4.182833e+00 1.792182e+01 
4.082793e+00 1.782145e+01 
3.984799e+00 1.772108e+01 
3.888730e+00 1.762072e+01 
3.794609e+00 1.752035e+01 
3.702944e+00 1.741984e+01 
3.613769e+00 1.731933e+01 
3.526954e+00 1.721883e+01 
3.442370e+00 1.711835e+01 
3.359896e+00 1.701787e+01 
3.279503e+00 1.691738e+01 
3.201551e+00 1.681677e+01 
3.126065e+00 1.671615e+01 
3.052888e+00 1.661556e+01 
2.981851e+00 1.651500e+01 
2.912799e+00 1.641446e+01 
2.845593e+00 1.631394e+01 
2.780113e+00 1.621344e+01 
2.716251e+00 1.611297e+01 
2.654010e+00 1.601247e+01 
2.593738e+00 1.591184e+01 
2.535417e+00 1.581122e+01 
2.478903e+00 1.571064e+01 
2.424062e+00 1.561009e+01 
2.370777e+00 1.550957e+01 
2.318943e+00 1.540907e+01 
2.268471e+00 1.530859e+01 
2.219280e+00 1.520814e+01 
2.171273e+00 1.510771e+01 
2.124340e+00 1.500732e+01 
2.078426e+00 1.490695e+01 
2.033418e+00 1.480661e+01 
1.989344e+00 1.470625e+01 
1.946170e+00 1.460591e+01 
1.903859e+00 1.450558e+01 
1.862466e+00 1.440521e+01 
1.821887e+00 1.430490e+01 
1.782252e+00 1.420451e+01 
1.743420e+00 1.410420e+01 
1.705539e+00 1.400380e+01 
1.668479e+00 1.390347e+01 
1.632329e+00 1.380309e+01 
1.596795e+00 1.370286e+01 
1.561478e+00 1.360279e+01 
1.526353e+00 1.350271e+01 
1.491824e+00 1.340243e+01 
1.458075e+00 1.330209e+01 
1.425162e+00 1.320173e+01 
1.393142e+00 1.310134e+01 
1.362053e+00 1.300094e+01 
1.331926e+00 1.290052e+01 
1.302796e+00 1.280008e+01 
1.274692e+00 1.269962e+01 
1.247632e+00 1.259915e+01 
1.221631e+00 1.249867e+01 
1.196668e+00 1.239820e+01 
1.172474e+00 1.229787e+01 
1.148933e+00 1.219757e+01 
1.126044e+00 1.209727e+01 
1.103817e+00 1.199697e+01 
1.082255e+00 1.189666e+01 
1.061357e+00 1.179635e+01 
1.041121e+00 1.169604e+01 
1.021538e+00 1.159573e+01 
1.002599e+00 1.149543e+01 
9.843479e-01 1.139510e+01 
9.668155e-01 1.129475e+01 
9.500673e-01 1.119438e+01 
9.340914e-01 1.109401e+01 
9.187183e-01 1.099373e+01 
9.038733e-01 1.089347e+01 
8.895227e-01 1.079323e+01 
8.756387e-01 1.069301e+01 
8.621960e-01 1.059280e+01 
8.491720e-01 1.049259e+01 
8.365463e-01 1.039240e+01 
8.243012e-01 1.029222e+01 
8.124196e-01 1.019204e+01 
8.008799e-01 1.009187e+01 
7.896129e-01 9.991740e+00 
7.786151e-01 9.891608e+00 
8.780173e-01 9.880691e+00 
