-4.998367e+00 6.024982e+00 
-5.249143e+00 6.030441e+00 
-5.498703e+00 6.033293e+00 
-5.748027e+00 6.037601e+00 
-5.998715e+00 6.044195e+00 
-6.248156e+00 6.048466e+00 
-6.498600e+00 6.054624e+00 
-6.748465e+00 6.059287e+00 
-6.998595e+00 6.064408e+00 
-7.248082e+00 6.069081e+00 
-7.497612e+00 6.075461e+00 
-7.746966e+00 6.083402e+00 
-7.998063e+00 6.093561e+00 
-8.247864e+00 6.100015e+00 
-8.497347e+00 6.107123e+00 
-8.746811e+00 6.115949e+00 
-8.996638e+00 6.126580e+00 
-9.246355e+00 6.137786e+00 
-9.495812e+00 6.149921e+00 
-9.745680e+00 6.163894e+00 
-9.994632e+00 6.178252e+00 
-1.024449e+01 6.196180e+00 
-1.049399e+01 6.214552e+00 
-1.074272e+01 6.234532e+00 
-1.099254e+01 6.258888e+00 
-1.124088e+01 6.283679e+00 
-1.148777e+01 6.313868e+00 
-1.173496e+01 6.354685e+00 
-1.198151e+01 6.405056e+00 
-1.222784e+01 6.467622e+00 
-1.247474e+01 6.543899e+00 
-1.272218e+01 6.632367e+00 
-1.297060e+01 6.731575e+00 
-1.322048e+01 6.838032e+00 
-1.346876e+01 6.944293e+00 
-1.371765e+01 7.058302e+00 
-1.396719e+01 7.177594e+00 
-1.421563e+01 7.298432e+00 
-1.446317e+01 7.425982e+00 
-1.471096e+01 7.565626e+00 
-1.495858e+01 7.716514e+00 
-1.520601e+01 7.880329e+00 
-1.545322e+01 8.059249e+00 
-1.570016e+01 8.256190e+00 
-1.594807e+01 8.476570e+00 
-1.619596e+01 8.714401e+00 
-1.643424e+01 8.961850e+00 
-1.665108e+01 9.208903e+00 
-1.684621e+01 9.455542e+00 
-1.701957e+01 9.701758e+00 
-1.717165e+01 9.948154e+00 
-1.730587e+01 1.019544e+01 
-1.742733e+01 1.044270e+01 
-1.753661e+01 1.068990e+01 
-1.763411e+01 1.093705e+01 
-1.772021e+01 1.118421e+01 
-1.779545e+01 1.143142e+01 
-1.786037e+01 1.167870e+01 
-1.791562e+01 1.192666e+01 
-1.796375e+01 1.217489e+01 
-1.800572e+01 1.242306e+01 
-1.804139e+01 1.267116e+01 
-1.807060e+01 1.291917e+01 
-1.809313e+01 1.316709e+01 
-1.810873e+01 1.341513e+01 
-1.811781e+01 1.366367e+01 
-1.812205e+01 1.391190e+01 
-1.812046e+01 1.416023e+01 
-1.811333e+01 1.440865e+01 
-1.810094e+01 1.465716e+01 
-1.808358e+01 1.490576e+01 
-1.806150e+01 1.515468e+01 
-1.803575e+01 1.540375e+01 
-1.800689e+01 1.565248e+01 
-1.797381e+01 1.590069e+01 
-1.793467e+01 1.614876e+01 
-1.788882e+01 1.639684e+01 
-1.783626e+01 1.664490e+01 
-1.777664e+01 1.689348e+01 
-1.771185e+01 1.714209e+01 
-1.764196e+01 1.739069e+01 
-1.756687e+01 1.763909e+01 
-1.748574e+01 1.788734e+01 
-1.739776e+01 1.813568e+01 
-1.730308e+01 1.838410e+01 
-1.720188e+01 1.863262e+01 
-1.709451e+01 1.888099e+01 
-1.698010e+01 1.912921e+01 
-1.685773e+01 1.937736e+01 
-1.672674e+01 1.962544e+01 
-1.658636e+01 1.987345e+01 
-1.643576e+01 2.012139e+01 
-1.627398e+01 2.036929e+01 
-1.609997e+01 2.061713e+01 
-1.591273e+01 2.086468e+01 
-1.570868e+01 2.111225e+01 
-1.548615e+01 2.135984e+01 
-1.524308e+01 2.160748e+01 
-1.499547e+01 2.183796e+01 
-1.474776e+01 2.204952e+01 
-1.449993e+01 2.224479e+01 
-1.425198e+01 2.242595e+01 
-1.400393e+01 2.259478e+01 
-1.375665e+01 2.275208e+01 
-1.350886e+01 2.289531e+01 
-1.326030e+01 2.302797e+01 
-1.301165e+01 2.315383e+01 
-1.276370e+01 2.327317e+01 
-1.251562e+01 2.338349e+01 
-1.226740e+01 2.348571e+01 
-1.201905e+01 2.358064e+01 
-1.177060e+01 2.366896e+01 
-1.152268e+01 2.375106e+01 
-1.127529e+01 2.382511e+01 
-1.102711e+01 2.388970e+01 
-1.077833e+01 2.394784e+01 
-1.052834e+01 2.400185e+01 
-1.027767e+01 2.405597e+01 
-1.002887e+01 2.411208e+01 
-9.780356e+00 2.416387e+01 
-9.530731e+00 2.421065e+01 
-9.280944e+00 2.425614e+01 
-9.031637e+00 2.430081e+01 
-8.782832e+00 2.434299e+01 
-8.533815e+00 2.438107e+01 
-8.284093e+00 2.441588e+01 
-8.033757e+00 2.444983e+01 
-7.784726e+00 2.448475e+01 
-7.536092e+00 2.451631e+01 
-7.287021e+00 2.454330e+01 
-7.037521e+00 2.456719e+01 
-6.787671e+00 2.458943e+01 
-6.537496e+00 2.461119e+01 
-6.286974e+00 2.463357e+01 
-6.036084e+00 2.465776e+01 
-5.786772e+00 2.468480e+01 
-5.536863e+00 2.470957e+01 
-5.287072e+00 2.473402e+01 
-5.037332e+00 2.475776e+01 
-4.787602e+00 2.478062e+01 
-4.537897e+00 2.480258e+01 
-4.288246e+00 2.482353e+01 
-4.038619e+00 2.484331e+01 
-3.786734e+00 2.486202e+01 
-3.537513e+00 2.488686e+01 
-3.289721e+00 2.490897e+01 
-3.041224e+00 2.492375e+01 
-2.792016e+00 2.493355e+01 
-2.541537e+00 2.494075e+01 
-2.289026e+00 2.494966e+01 
-2.038782e+00 2.496686e+01 
-1.790605e+00 2.498475e+01 
-1.542466e+00 2.499658e+01 
-1.292259e+00 2.500227e+01 
-1.041852e+00 2.500865e+01 
-1.046487e+00 2.515858e+01 
-1.296080e+00 2.515222e+01 
-1.545873e+00 2.514655e+01 
-1.797734e+00 2.513459e+01 
-2.049557e+00 2.511647e+01 
-2.299313e+00 2.509930e+01 
-2.546802e+00 2.509065e+01 
-2.796323e+00 2.508349e+01 
-3.047115e+00 2.507364e+01 
-3.298618e+00 2.505871e+01 
-3.550826e+00 2.503627e+01 
-3.801606e+00 2.501128e+01 
-4.049720e+00 2.499290e+01 
-4.300093e+00 2.497306e+01 
-4.550442e+00 2.495205e+01 
-4.800738e+00 2.493005e+01 
-5.051008e+00 2.490713e+01 
-5.301267e+00 2.488334e+01 
-5.551476e+00 2.485885e+01 
-5.801567e+00 2.483407e+01 
-6.052255e+00 2.480689e+01 
-6.301365e+00 2.478288e+01 
-6.550843e+00 2.476060e+01 
-6.800669e+00 2.473887e+01 
-7.050818e+00 2.471660e+01 
-7.301318e+00 2.469262e+01 
-7.552247e+00 2.466544e+01 
-7.803613e+00 2.463355e+01 
-8.054582e+00 2.459837e+01 
-8.304246e+00 2.456452e+01 
-8.554524e+00 2.452964e+01 
-8.805507e+00 2.449126e+01 
-9.056702e+00 2.444870e+01 
-9.307395e+00 2.440379e+01 
-9.557608e+00 2.435822e+01 
-9.807983e+00 2.431131e+01 
-1.005947e+01 2.425893e+01 
-1.031067e+01 2.420229e+01 
-1.056000e+01 2.414847e+01 
-1.081001e+01 2.409446e+01 
-1.106123e+01 2.403577e+01 
-1.131305e+01 2.397027e+01 
-1.156566e+01 2.389477e+01 
-1.181774e+01 2.381136e+01 
-1.206928e+01 2.372198e+01 
-1.232094e+01 2.362583e+01 
-1.257272e+01 2.352219e+01 
-1.282463e+01 2.341024e+01 
-1.307669e+01 2.328900e+01 
-1.332804e+01 2.316180e+01 
-1.357948e+01 2.302764e+01 
-1.383169e+01 2.288196e+01 
-1.408441e+01 2.272137e+01 
-1.433636e+01 2.254996e+01 
-1.458841e+01 2.236592e+01 
-1.484058e+01 2.216735e+01 
-1.509287e+01 2.195204e+01 
-1.534526e+01 2.171730e+01 
-1.559318e+01 2.146494e+01 
-1.582022e+01 2.121254e+01 
-1.602846e+01 2.096011e+01 
-1.621958e+01 2.070765e+01 
-1.639673e+01 2.045550e+01 
-1.656136e+01 2.020339e+01 
-1.671455e+01 1.995134e+01 
-1.685727e+01 1.969934e+01 
-1.699037e+01 1.944742e+01 
-1.711462e+01 1.919557e+01 
-1.723073e+01 1.894379e+01 
-1.733956e+01 1.869216e+01 
-1.744200e+01 1.844068e+01 
-1.753792e+01 1.818911e+01 
-1.762712e+01 1.793744e+01 
-1.770945e+01 1.768570e+01 
-1.778554e+01 1.743410e+01 
-1.785625e+01 1.718270e+01 
-1.792179e+01 1.693131e+01 
-1.798212e+01 1.667989e+01 
-1.803556e+01 1.642795e+01 
-1.808217e+01 1.617603e+01 
-1.812197e+01 1.592409e+01 
-1.815558e+01 1.567231e+01 
-1.818475e+01 1.542104e+01 
-1.821070e+01 1.517011e+01 
-1.823300e+01 1.491902e+01 
-1.825058e+01 1.466762e+01 
-1.826314e+01 1.441613e+01 
-1.827040e+01 1.416455e+01 
-1.827205e+01 1.391288e+01 
-1.826779e+01 1.366112e+01 
-1.825863e+01 1.340966e+01 
-1.824283e+01 1.315769e+01 
-1.821998e+01 1.290561e+01 
-1.819036e+01 1.265363e+01 
-1.815419e+01 1.240172e+01 
-1.811165e+01 1.214989e+01 
-1.806288e+01 1.189812e+01 
-1.800678e+01 1.164609e+01 
-1.794054e+01 1.139336e+01 
-1.786372e+01 1.114057e+01 
-1.777577e+01 1.088773e+01 
-1.767616e+01 1.063489e+01 
-1.756454e+01 1.038208e+01 
-1.744052e+01 1.012934e+01 
-1.730350e+01 9.876629e+00 
-1.714725e+01 9.623025e+00 
-1.696890e+01 9.369241e+00 
-1.676876e+01 9.115880e+00 
-1.654700e+01 8.862933e+00 
-1.630404e+01 8.610382e+00 
-1.605193e+01 8.368348e+00 
-1.579984e+01 8.144099e+00 
-1.554678e+01 7.942008e+00 
-1.529399e+01 7.758840e+00 
-1.504142e+01 7.591460e+00 
-1.478904e+01 7.437548e+00 
-1.453683e+01 7.295316e+00 
-1.428437e+01 7.165106e+00 
-1.403281e+01 7.042708e+00 
-1.378235e+01 6.922971e+00 
-1.353124e+01 6.807922e+00 
-1.327952e+01 6.700137e+00 
-1.302940e+01 6.593577e+00 
-1.277782e+01 6.493068e+00 
-1.252526e+01 6.402664e+00 
-1.227216e+01 6.324318e+00 
-1.201849e+01 6.259686e+00 
-1.176504e+01 6.207731e+00 
-1.151223e+01 6.165877e+00 
-1.125912e+01 6.134793e+00 
-1.100746e+01 6.109631e+00 
-1.075728e+01 6.085240e+00 
-1.050601e+01 6.065034e+00 
-1.025551e+01 6.046585e+00 
-1.000537e+01 6.028636e+00 
-9.754320e+00 6.014143e+00 
-9.504188e+00 6.000155e+00 
-9.253645e+00 5.987963e+00 
-9.003362e+00 5.976731e+00 
-8.753189e+00 5.966085e+00 
-8.502653e+00 5.957217e+00 
-8.252136e+00 5.950076e+00 
-8.001937e+00 5.943611e+00 
-7.753034e+00 5.933525e+00 
-7.502388e+00 5.925537e+00 
-7.251918e+00 5.919130e+00 
-7.001405e+00 5.914434e+00 
-6.751535e+00 5.909319e+00 
-6.501400e+00 5.904650e+00 
-6.251844e+00 5.898512e+00 
-6.001285e+00 5.894217e+00 
-5.751973e+00 5.887653e+00 
-5.501297e+00 5.883315e+00 
-5.250857e+00 5.880451e+00 
-5.001633e+00 5.875018e+00 
-4.998367e+00 6.024982e+00 
