-2.074222e+01 -5.986382e-01 
-2.073950e+01 -6.984359e-01 
-2.073638e+01 -7.982370e-01 
-2.073286e+01 -8.980392e-01 
-2.072894e+01 -9.978413e-01 
-2.072463e+01 -1.097643e+00 
-2.071992e+01 -1.197446e+00 
-2.071481e+01 -1.297248e+00 
-2.070931e+01 -1.397050e+00 
-2.070341e+01 -1.496852e+00 
-2.069712e+01 -1.596653e+00 
-2.069042e+01 -1.696455e+00 
-2.068333e+01 -1.796257e+00 
-2.067584e+01 -1.896059e+00 
-2.066794e+01 -1.995860e+00 
-2.065965e+01 -2.095662e+00 
-2.065096e+01 -2.195464e+00 
-2.064187e+01 -2.295265e+00 
-2.063238e+01 -2.395066e+00 
-2.062248e+01 -2.494867e+00 
-2.061218e+01 -2.594650e+00 
-2.060145e+01 -2.694402e+00 
-2.059021e+01 -2.794155e+00 
-2.057847e+01 -2.893908e+00 
-2.056623e+01 -2.993661e+00 
-2.055348e+01 -3.093415e+00 
-2.054023e+01 -3.193168e+00 
-2.052647e+01 -3.292922e+00 
-2.051220e+01 -3.392676e+00 
-2.049743e+01 -3.492430e+00 
-2.048215e+01 -3.592184e+00 
-2.046637e+01 -3.691939e+00 
-2.045007e+01 -3.791694e+00 
-2.043326e+01 -3.891449e+00 
-2.041595e+01 -3.991204e+00 
-2.039812e+01 -4.090960e+00 
-2.037978e+01 -4.190716e+00 
-2.036093e+01 -4.290472e+00 
-2.034157e+01 -4.390228e+00 
-2.032169e+01 -4.489985e+00 
-2.030130e+01 -4.589742e+00 
-2.028039e+01 -4.689500e+00 
-2.025896e+01 -4.789257e+00 
-2.023701e+01 -4.889015e+00 
-2.021455e+01 -4.988774e+00 
-2.019157e+01 -5.088531e+00 
-2.016806e+01 -5.188288e+00 
-2.014403e+01 -5.288028e+00 
-2.011943e+01 -5.387767e+00 
-2.009426e+01 -5.487506e+00 
-2.006853e+01 -5.587243e+00 
-2.004221e+01 -5.686980e+00 
-2.001531e+01 -5.786716e+00 
-1.998783e+01 -5.886451e+00 
-1.995975e+01 -5.986186e+00 
-1.993108e+01 -6.085920e+00 
-1.990181e+01 -6.185653e+00 
-1.987194e+01 -6.285385e+00 
-1.984146e+01 -6.385117e+00 
-1.981036e+01 -6.484848e+00 
-1.977865e+01 -6.584578e+00 
-1.974631e+01 -6.684308e+00 
-1.971335e+01 -6.784037e+00 
-1.967975e+01 -6.883765e+00 
-1.964552e+01 -6.983492e+00 
-1.961064e+01 -7.083219e+00 
-1.957511e+01 -7.182946e+00 
-1.953892e+01 -7.282672e+00 
-1.950208e+01 -7.382397e+00 
-1.946457e+01 -7.482121e+00 
-1.942639e+01 -7.581846e+00 
-1.938753e+01 -7.681569e+00 
-1.934799e+01 -7.781292e+00 
-1.930775e+01 -7.881015e+00 
-1.926682e+01 -7.980737e+00 
-1.922519e+01 -8.080459e+00 
-1.918285e+01 -8.180180e+00 
-1.913980e+01 -8.279901e+00 
-1.909602e+01 -8.379622e+00 
-1.905151e+01 -8.479342e+00 
-1.900627e+01 -8.579062e+00 
-1.896029e+01 -8.678782e+00 
-1.891356e+01 -8.778501e+00 
-1.886607e+01 -8.878221e+00 
-1.881781e+01 -8.977940e+00 
-1.876879e+01 -9.077659e+00 
-1.871899e+01 -9.177378e+00 
-1.866840e+01 -9.277097e+00 
-1.861701e+01 -9.376816e+00 
-1.856482e+01 -9.476535e+00 
-1.851183e+01 -9.576254e+00 
-1.845801e+01 -9.675973e+00 
-1.840337e+01 -9.775693e+00 
-1.834790e+01 -9.875413e+00 
-1.829157e+01 -9.975148e+00 
-1.823444e+01 -1.007489e+01 
-1.817651e+01 -1.017463e+01 
-1.811778e+01 -1.027436e+01 
-1.805821e+01 -1.037406e+01 
-1.799773e+01 -1.047375e+01 
-1.793625e+01 -1.057342e+01 
-1.787371e+01 -1.067308e+01 
-1.781006e+01 -1.077274e+01 
-1.774525e+01 -1.087240e+01 
-1.767928e+01 -1.097205e+01 
-1.761211e+01 -1.107171e+01 
-1.754373e+01 -1.117136e+01 
-1.747411e+01 -1.127102e+01 
-1.740323e+01 -1.137067e+01 
-1.733106e+01 -1.147032e+01 
-1.725757e+01 -1.156998e+01 
-1.718274e+01 -1.166963e+01 
-1.710654e+01 -1.176928e+01 
-1.702894e+01 -1.186893e+01 
-1.694991e+01 -1.196858e+01 
-1.686942e+01 -1.206823e+01 
-1.678745e+01 -1.216789e+01 
-1.670395e+01 -1.226754e+01 
-1.661889e+01 -1.236719e+01 
-1.653224e+01 -1.246685e+01 
-1.644396e+01 -1.256650e+01 
-1.635402e+01 -1.266615e+01 
-1.626238e+01 -1.276581e+01 
-1.616899e+01 -1.286547e+01 
-1.607382e+01 -1.296513e+01 
-1.597682e+01 -1.306479e+01 
-1.587796e+01 -1.316445e+01 
-1.577830e+01 -1.326301e+01 
-1.567864e+01 -1.335971e+01 
-1.557897e+01 -1.345461e+01 
-1.547931e+01 -1.354778e+01 
-1.537966e+01 -1.363925e+01 
-1.528003e+01 -1.372899e+01 
-1.518043e+01 -1.381691e+01 
-1.508082e+01 -1.390298e+01 
-1.498122e+01 -1.398725e+01 
-1.488161e+01 -1.406977e+01 
-1.478200e+01 -1.415060e+01 
-1.468239e+01 -1.422979e+01 
-1.458278e+01 -1.430738e+01 
-1.448317e+01 -1.438341e+01 
-1.438355e+01 -1.445793e+01 
-1.428393e+01 -1.453098e+01 
-1.418431e+01 -1.460260e+01 
-1.408469e+01 -1.467281e+01 
-1.398511e+01 -1.474164e+01 
-1.388555e+01 -1.480897e+01 
-1.378601e+01 -1.487476e+01 
-1.368647e+01 -1.493898e+01 
-1.358694e+01 -1.500167e+01 
-1.348740e+01 -1.506286e+01 
-1.338786e+01 -1.512258e+01 
-1.328832e+01 -1.518086e+01 
-1.318877e+01 -1.523773e+01 
-1.308923e+01 -1.529321e+01 
-1.298969e+01 -1.534735e+01 
-1.289014e+01 -1.540015e+01 
-1.279060e+01 -1.545165e+01 
-1.269105e+01 -1.550187e+01 
-1.259150e+01 -1.555083e+01 
-1.249195e+01 -1.559856e+01 
-1.239240e+01 -1.564508e+01 
-1.229285e+01 -1.569040e+01 
-1.219330e+01 -1.573455e+01 
-1.209377e+01 -1.577751e+01 
-1.199424e+01 -1.581929e+01 
-1.189470e+01 -1.585988e+01 
-1.179516e+01 -1.589932e+01 
-1.169562e+01 -1.593762e+01 
-1.159608e+01 -1.597481e+01 
-1.149653e+01 -1.601090e+01 
-1.139698e+01 -1.604591e+01 
-1.129743e+01 -1.607986e+01 
-1.119787e+01 -1.611277e+01 
-1.109831e+01 -1.614466e+01 
-1.099875e+01 -1.617553e+01 
-1.089918e+01 -1.620541e+01 
-1.079965e+01 -1.623429e+01 
-1.070017e+01 -1.626212e+01 
-1.060078e+01 -1.628877e+01 
-1.050142e+01 -1.631408e+01 
-1.040206e+01 -1.633800e+01 
-1.030269e+01 -1.636054e+01 
-1.020331e+01 -1.638175e+01 
-1.010393e+01 -1.640163e+01 
-1.000455e+01 -1.642021e+01 
-9.905152e+00 -1.643751e+01 
-9.805752e+00 -1.645356e+01 
-9.706344e+00 -1.646837e+01 
-9.606930e+00 -1.648197e+01 
-9.507509e+00 -1.649437e+01 
-9.408080e+00 -1.650560e+01 
-9.308645e+00 -1.651567e+01 
-9.209201e+00 -1.652461e+01 
-9.109750e+00 -1.653243e+01 
-9.010292e+00 -1.653915e+01 
-8.910825e+00 -1.654478e+01 
-8.811351e+00 -1.654935e+01 
-8.711868e+00 -1.655288e+01 
-8.612378e+00 -1.655537e+01 
-8.512879e+00 -1.655684e+01 
-8.413373e+00 -1.655732e+01 
-8.313858e+00 -1.655682e+01 
-8.214335e+00 -1.655535e+01 
-8.114790e+00 -1.655293e+01 
-8.015409e+00 -1.654961e+01 
-7.916202e+00 -1.654506e+01 
-7.817068e+00 -1.653894e+01 
-7.717918e+00 -1.653110e+01 
-7.618742e+00 -1.652154e+01 
-7.519522e+00 -1.651031e+01 
-7.420282e+00 -1.649751e+01 
-7.321029e+00 -1.648314e+01 
-7.221764e+00 -1.646725e+01 
-7.122486e+00 -1.644982e+01 
-7.023155e+00 -1.643088e+01 
-6.923801e+00 -1.641053e+01 
-6.824413e+00 -1.638880e+01 
-6.725012e+00 -1.636575e+01 
-6.625588e+00 -1.634141e+01 
-6.526130e+00 -1.631580e+01 
-6.426663e+00 -1.628899e+01 
-6.327173e+00 -1.626100e+01 
-6.227632e+00 -1.623184e+01 
-6.128069e+00 -1.620165e+01 
-6.028500e+00 -1.617045e+01 
-5.928990e+00 -1.613828e+01 
-5.829684e+00 -1.610504e+01 
-5.730730e+00 -1.607031e+01 
-5.631757e+00 -1.603307e+01 
-5.532761e+00 -1.599332e+01 
-5.433728e+00 -1.595102e+01 
-5.334641e+00 -1.590621e+01 
-5.235552e+00 -1.585896e+01 
-5.136391e+00 -1.580919e+01 
-5.037258e+00 -1.575707e+01 
-4.938024e+00 -1.570237e+01 
-4.838833e+00 -1.564540e+01 
-4.739547e+00 -1.558587e+01 
-4.640272e+00 -1.552406e+01 
-4.540966e+00 -1.545984e+01 
-4.441616e+00 -1.539323e+01 
-4.342467e+00 -1.532447e+01 
-4.243741e+00 -1.525292e+01 
-4.144991e+00 -1.517645e+01 
-4.046174e+00 -1.509473e+01 
-3.947255e+00 -1.500759e+01 
-3.848269e+00 -1.491513e+01 
-3.749235e+00 -1.481726e+01 
-3.654392e+00 -1.471822e+01 
-3.564413e+00 -1.461916e+01 
-3.478869e+00 -1.452009e+01 
-3.397502e+00 -1.442111e+01 
-3.320593e+00 -1.432243e+01 
-3.248801e+00 -1.422377e+01 
-3.181636e+00 -1.412478e+01 
-3.117903e+00 -1.402575e+01 
-3.057304e+00 -1.392669e+01 
-2.999643e+00 -1.382761e+01 
-2.944752e+00 -1.372852e+01 
-2.892495e+00 -1.362941e+01 
-2.842748e+00 -1.353029e+01 
-2.795426e+00 -1.343120e+01 
-2.750519e+00 -1.333212e+01 
-2.707914e+00 -1.323286e+01 
-2.667161e+00 -1.313354e+01 
-2.628086e+00 -1.303420e+01 
-2.590583e+00 -1.293472e+01 
-2.554297e+00 -1.283512e+01 
-2.518921e+00 -1.273539e+01 
-2.484171e+00 -1.263565e+01 
-2.450054e+00 -1.253594e+01 
-2.416626e+00 -1.243628e+01 
-2.384019e+00 -1.233672e+01 
-2.352457e+00 -1.223721e+01 
-2.322020e+00 -1.213771e+01 
-2.292698e+00 -1.203816e+01 
-2.264341e+00 -1.193846e+01 
-2.236611e+00 -1.183860e+01 
-2.209192e+00 -1.173870e+01 
-2.181991e+00 -1.163882e+01 
-2.155069e+00 -1.153899e+01 
-2.128540e+00 -1.143920e+01 
-2.102488e+00 -1.133946e+01 
-2.077008e+00 -1.123976e+01 
-2.052185e+00 -1.114008e+01 
-2.028075e+00 -1.104045e+01 
-2.004779e+00 -1.094085e+01 
-1.982328e+00 -1.084121e+01 
-1.960653e+00 -1.074153e+01 
-1.939635e+00 -1.064179e+01 
-1.919166e+00 -1.054201e+01 
-1.899156e+00 -1.044224e+01 
-1.879644e+00 -1.034253e+01 
-1.860748e+00 -1.024283e+01 
-1.842473e+00 -1.014307e+01 
-1.824695e+00 -1.004325e+01 
-1.807289e+00 -9.943407e+00 
-1.790213e+00 -9.843580e+00 
-1.773501e+00 -9.743780e+00 
-1.757211e+00 -9.644011e+00 
-1.741407e+00 -9.544289e+00 
-1.726169e+00 -9.444513e+00 
-1.711393e+00 -9.344743e+00 
-1.697091e+00 -9.244973e+00 
-1.683253e+00 -9.145128e+00 
-1.669730e+00 -9.045260e+00 
-1.656474e+00 -8.945378e+00 
-1.643460e+00 -8.845486e+00 
-1.630665e+00 -8.745583e+00 
-1.618072e+00 -8.645695e+00 
-1.605714e+00 -8.545860e+00 
-1.593696e+00 -8.446056e+00 
-1.582075e+00 -8.346231e+00 
-1.570806e+00 -8.246356e+00 
-1.559796e+00 -8.146537e+00 
-1.549170e+00 -8.046869e+00 
-1.539213e+00 -7.947162e+00 
-1.529837e+00 -7.847325e+00 
-1.520780e+00 -7.747373e+00 
-1.511819e+00 -7.647428e+00 
-1.502977e+00 -7.547552e+00 
-1.494386e+00 -7.447679e+00 
-1.486048e+00 -7.347776e+00 
-1.477899e+00 -7.247781e+00 
-1.469754e+00 -7.147719e+00 
-1.461486e+00 -7.047686e+00 
-1.453155e+00 -6.947705e+00 
-1.444868e+00 -6.847776e+00 
-1.436726e+00 -6.747873e+00 
-1.428779e+00 -6.647960e+00 
-1.421006e+00 -6.548044e+00 
-1.413404e+00 -6.448135e+00 
-1.405986e+00 -6.348227e+00 
-1.398752e+00 -6.248319e+00 
-1.391704e+00 -6.148412e+00 
-1.384843e+00 -6.048505e+00 
-1.378169e+00 -5.948599e+00 
-1.371684e+00 -5.848689e+00 
-1.365379e+00 -5.748760e+00 
-1.359215e+00 -5.648792e+00 
-1.353113e+00 -5.548790e+00 
-1.347009e+00 -5.448822e+00 
-1.340973e+00 -5.348916e+00 
-1.335126e+00 -5.249017e+00 
-1.329481e+00 -5.149103e+00 
-1.324008e+00 -5.049178e+00 
-1.318686e+00 -4.949244e+00 
-1.313496e+00 -4.849299e+00 
-1.308415e+00 -4.749338e+00 
-1.303411e+00 -4.649358e+00 
-1.298445e+00 -4.549356e+00 
-1.293475e+00 -4.449336e+00 
-1.288463e+00 -4.349300e+00 
-1.283379e+00 -4.249249e+00 
-1.278194e+00 -4.149230e+00 
-1.272976e+00 -4.049297e+00 
-1.267896e+00 -3.949413e+00 
-1.263044e+00 -3.849489e+00 
-1.258343e+00 -3.749498e+00 
-1.253657e+00 -3.649482e+00 
-1.248940e+00 -3.549465e+00 
-1.244190e+00 -3.449471e+00 
-1.239454e+00 -3.349501e+00 
-1.234779e+00 -3.249555e+00 
-1.230212e+00 -3.149631e+00 
-1.225799e+00 -3.049730e+00 
-1.221585e+00 -2.949850e+00 
-1.217613e+00 -2.849987e+00 
-1.213914e+00 -2.750108e+00 
-1.210453e+00 -2.650130e+00 
-1.207033e+00 -2.550062e+00 
-1.203478e+00 -2.449997e+00 
-1.199794e+00 -2.349955e+00 
-1.196026e+00 -2.249941e+00 
-1.192230e+00 -2.149951e+00 
-1.188455e+00 -2.049974e+00 
-1.184728e+00 -1.950024e+00 
-1.181103e+00 -1.850133e+00 
-1.177696e+00 -1.750228e+00 
-1.174478e+00 -1.650257e+00 
-1.171316e+00 -1.550280e+00 
-1.168200e+00 -1.450295e+00 
-1.165114e+00 -1.350296e+00 
-1.162030e+00 -1.250281e+00 
-1.158916e+00 -1.150251e+00 
-1.155740e+00 -1.050213e+00 
-1.152491e+00 -9.502474e-01 
-1.149312e+00 -8.503224e-01 
-1.146281e+00 -7.503390e-01 
-1.143283e+00 -6.503428e-01 
-1.140293e+00 -5.503588e-01 
-1.137336e+00 -4.503872e-01 
-1.134435e+00 -3.504284e-01 
-1.131618e+00 -2.504827e-01 
-1.128908e+00 -1.505002e-01 
-1.126250e+00 -5.183739e-02 
-1.126232e+00 5.050024e-02 
-1.128907e+00 1.504827e-01 
-1.131616e+00 2.504284e-01 
-1.134434e+00 3.503872e-01 
-1.137335e+00 4.503588e-01 
-1.140293e+00 5.503428e-01 
-1.143283e+00 6.503390e-01 
-1.146281e+00 7.503224e-01 
-1.149310e+00 8.502474e-01 
-1.152490e+00 9.502134e-01 
-1.155741e+00 1.050251e+00 
-1.158917e+00 1.150281e+00 
-1.162030e+00 1.250296e+00 
-1.165114e+00 1.350295e+00 
-1.168199e+00 1.450280e+00 
-1.171315e+00 1.550257e+00 
-1.174477e+00 1.650228e+00 
-1.177693e+00 1.750133e+00 
-1.181099e+00 1.850024e+00 
-1.184726e+00 1.949974e+00 
-1.188454e+00 2.049951e+00 
-1.192230e+00 2.149941e+00 
-1.196026e+00 2.249955e+00 
-1.199796e+00 2.349997e+00 
-1.203481e+00 2.450062e+00 
-1.207035e+00 2.550130e+00 
-1.210452e+00 2.650108e+00 
-1.213909e+00 2.749987e+00 
-1.217608e+00 2.849850e+00 
-1.221580e+00 2.949730e+00 
-1.225795e+00 3.049631e+00 
-1.230209e+00 3.149555e+00 
-1.234777e+00 3.249501e+00 
-1.239453e+00 3.349471e+00 
-1.244190e+00 3.449465e+00 
-1.248941e+00 3.549482e+00 
-1.253658e+00 3.649498e+00 
-1.258343e+00 3.749489e+00 
-1.263041e+00 3.849413e+00 
-1.267890e+00 3.949297e+00 
-1.272973e+00 4.049230e+00 
-1.278195e+00 4.149249e+00 
-1.283382e+00 4.249300e+00 
-1.288465e+00 4.349336e+00 
-1.293476e+00 4.449356e+00 
-1.298445e+00 4.549358e+00 
-1.303410e+00 4.649338e+00 
-1.308413e+00 4.749299e+00 
-1.313493e+00 4.849244e+00 
-1.318683e+00 4.949178e+00 
-1.324004e+00 5.049103e+00 
-1.329476e+00 5.149017e+00 
-1.335120e+00 5.248916e+00 
-1.340968e+00 5.348822e+00 
-1.347007e+00 5.448790e+00 
-1.353113e+00 5.548792e+00 
-1.359213e+00 5.648760e+00 
-1.365375e+00 5.748689e+00 
-1.371678e+00 5.848599e+00 
-1.378163e+00 5.948505e+00 
-1.384836e+00 6.048412e+00 
-1.391698e+00 6.148319e+00 
-1.291945e+00 6.155356e+00 
-1.285071e+00 6.055263e+00 
-1.278385e+00 5.955170e+00 
-1.271888e+00 5.855076e+00 
-1.265573e+00 5.754986e+00 
-1.259402e+00 5.654915e+00 
-1.253299e+00 5.554882e+00 
-1.247193e+00 5.454885e+00 
-1.241150e+00 5.354853e+00 
-1.235291e+00 5.254759e+00 
-1.229635e+00 5.154658e+00 
-1.224154e+00 5.054571e+00 
-1.218824e+00 4.954496e+00 
-1.213628e+00 4.854431e+00 
-1.208542e+00 4.754376e+00 
-1.203535e+00 4.654337e+00 
-1.198569e+00 4.554317e+00 
-1.193599e+00 4.454319e+00 
-1.188590e+00 4.354339e+00 
-1.183511e+00 4.254375e+00 
-1.178330e+00 4.154426e+00 
-1.173109e+00 4.054445e+00 
-1.168019e+00 3.954377e+00 
-1.163158e+00 3.854262e+00 
-1.158453e+00 3.754186e+00 
-1.153768e+00 3.654177e+00 
-1.149052e+00 3.554193e+00 
-1.144302e+00 3.454210e+00 
-1.139565e+00 3.354203e+00 
-1.134886e+00 3.254173e+00 
-1.130313e+00 3.154120e+00 
-1.125892e+00 3.054044e+00 
-1.121669e+00 2.953945e+00 
-1.117687e+00 2.853824e+00 
-1.113978e+00 2.753688e+00 
-1.110512e+00 2.653567e+00 
-1.107093e+00 2.553545e+00 
-1.103544e+00 2.453612e+00 
-1.099864e+00 2.353677e+00 
-1.096097e+00 2.253720e+00 
-1.092302e+00 2.153734e+00 
-1.088525e+00 2.053724e+00 
-1.084795e+00 1.953701e+00 
-1.081165e+00 1.853650e+00 
-1.077751e+00 1.753541e+00 
-1.074529e+00 1.653446e+00 
-1.071365e+00 1.553418e+00 
-1.068248e+00 1.453395e+00 
-1.065162e+00 1.353379e+00 
-1.062078e+00 1.253379e+00 
-1.058965e+00 1.153393e+00 
-1.055792e+00 1.053424e+00 
-1.052543e+00 9.534614e-01 
-1.049360e+00 8.534274e-01 
-1.046327e+00 7.533524e-01 
-1.043328e+00 6.533358e-01 
-1.040338e+00 5.533319e-01 
-1.037379e+00 4.533159e-01 
-1.034476e+00 3.532876e-01 
-1.031656e+00 2.532464e-01 
-1.028944e+00 1.531921e-01 
-1.026268e+00 5.317454e-02 
-1.026250e+00 -5.183739e-02 
-1.028943e+00 -1.531745e-01 
-1.031654e+00 -2.531921e-01 
-1.034475e+00 -3.532464e-01 
-1.037378e+00 -4.532876e-01 
-1.040337e+00 -5.533159e-01 
-1.043328e+00 -6.533319e-01 
-1.046326e+00 -7.533358e-01 
-1.049358e+00 -8.533524e-01 
-1.052542e+00 -9.534274e-01 
-1.055793e+00 -1.053461e+00 
-1.058966e+00 -1.153424e+00 
-1.062078e+00 -1.253393e+00 
-1.065162e+00 -1.353379e+00 
-1.068247e+00 -1.453379e+00 
-1.071364e+00 -1.553395e+00 
-1.074528e+00 -1.653418e+00 
-1.077748e+00 -1.753446e+00 
-1.081161e+00 -1.853541e+00 
-1.084794e+00 -1.953650e+00 
-1.088524e+00 -2.053701e+00 
-1.092302e+00 -2.153724e+00 
-1.096098e+00 -2.253734e+00 
-1.099865e+00 -2.353720e+00 
-1.103546e+00 -2.453677e+00 
-1.107096e+00 -2.553612e+00 
-1.110511e+00 -2.653545e+00 
-1.113974e+00 -2.753567e+00 
-1.117681e+00 -2.853688e+00 
-1.121664e+00 -2.953824e+00 
-1.125888e+00 -3.053945e+00 
-1.130310e+00 -3.154044e+00 
-1.134884e+00 -3.254120e+00 
-1.139563e+00 -3.354173e+00 
-1.144302e+00 -3.454203e+00 
-1.149053e+00 -3.554210e+00 
-1.153769e+00 -3.654193e+00 
-1.158453e+00 -3.754177e+00 
-1.163155e+00 -3.854186e+00 
-1.168013e+00 -3.954262e+00 
-1.173105e+00 -4.054377e+00 
-1.178330e+00 -4.154445e+00 
-1.183513e+00 -4.254426e+00 
-1.188592e+00 -4.354375e+00 
-1.193600e+00 -4.454339e+00 
-1.198569e+00 -4.554319e+00 
-1.203534e+00 -4.654317e+00 
-1.208540e+00 -4.754337e+00 
-1.213625e+00 -4.854376e+00 
-1.218821e+00 -4.954431e+00 
-1.224150e+00 -5.054496e+00 
-1.229630e+00 -5.154571e+00 
-1.235285e+00 -5.254658e+00 
-1.241144e+00 -5.354759e+00 
-1.247191e+00 -5.454853e+00 
-1.253299e+00 -5.554885e+00 
-1.259400e+00 -5.654882e+00 
-1.265569e+00 -5.754915e+00 
-1.271883e+00 -5.854986e+00 
-1.278379e+00 -5.955076e+00 
-1.285065e+00 -6.055170e+00 
-1.291939e+00 -6.155263e+00 
-1.299000e+00 -6.255356e+00 
-1.306247e+00 -6.355448e+00 
-1.313678e+00 -6.455540e+00 
-1.321294e+00 -6.555631e+00 
-1.329080e+00 -6.655715e+00 
-1.337041e+00 -6.755802e+00 
-1.345198e+00 -6.855899e+00 
-1.353497e+00 -6.955970e+00 
-1.361831e+00 -7.055989e+00 
-1.370094e+00 -7.155956e+00 
-1.378228e+00 -7.255894e+00 
-1.386379e+00 -7.355899e+00 
-1.394732e+00 -7.455996e+00 
-1.403345e+00 -7.556122e+00 
-1.412209e+00 -7.656247e+00 
-1.421179e+00 -7.756302e+00 
-1.430245e+00 -7.856350e+00 
-1.439651e+00 -7.956512e+00 
-1.449665e+00 -8.056805e+00 
-1.460359e+00 -8.157137e+00 
-1.471408e+00 -8.257319e+00 
-1.482706e+00 -8.357443e+00 
-1.494367e+00 -8.457619e+00 
-1.506431e+00 -8.557815e+00 
-1.518829e+00 -8.657979e+00 
-1.531450e+00 -8.758091e+00 
-1.544270e+00 -8.858189e+00 
-1.557312e+00 -8.958297e+00 
-1.570599e+00 -9.058415e+00 
-1.584158e+00 -9.158547e+00 
-1.598038e+00 -9.258701e+00 
-1.612405e+00 -9.358932e+00 
-1.627248e+00 -9.459162e+00 
-1.642553e+00 -9.559385e+00 
-1.658443e+00 -9.659663e+00 
-1.674808e+00 -9.759895e+00 
-1.691586e+00 -9.860095e+00 
-1.708720e+00 -9.960267e+00 
-1.726181e+00 -1.006042e+01 
-1.744022e+00 -1.016060e+01 
-1.762384e+00 -1.026085e+01 
-1.781393e+00 -1.036115e+01 
-1.801017e+00 -1.046144e+01 
-1.821118e+00 -1.056167e+01 
-1.841675e+00 -1.066188e+01 
-1.862801e+00 -1.076215e+01 
-1.884611e+00 -1.086246e+01 
-1.907225e+00 -1.096283e+01 
-1.930703e+00 -1.106322e+01 
-1.954990e+00 -1.116360e+01 
-1.979971e+00 -1.126392e+01 
-2.005601e+00 -1.136422e+01 
-2.031786e+00 -1.146447e+01 
-2.058426e+00 -1.156468e+01 
-2.085441e+00 -1.166486e+01 
-2.112706e+00 -1.176498e+01 
-2.140177e+00 -1.186507e+01 
-2.167987e+00 -1.196522e+01 
-2.196513e+00 -1.206552e+01 
-2.226094e+00 -1.216596e+01 
-2.256830e+00 -1.226646e+01 
-2.288698e+00 -1.236695e+01 
-2.321593e+00 -1.246740e+01 
-2.355244e+00 -1.256774e+01 
-2.389556e+00 -1.266802e+01 
-2.424488e+00 -1.276829e+01 
-2.460050e+00 -1.286855e+01 
-2.496624e+00 -1.296895e+01 
-2.534513e+00 -1.306947e+01 
-2.574101e+00 -1.317014e+01 
-2.615397e+00 -1.327081e+01 
-2.658624e+00 -1.337156e+01 
-2.704340e+00 -1.347247e+01 
-2.752506e+00 -1.357338e+01 
-2.803117e+00 -1.367426e+01 
-2.856290e+00 -1.377515e+01 
-2.912162e+00 -1.387606e+01 
-2.970870e+00 -1.397698e+01 
-3.032593e+00 -1.407793e+01 
-3.097539e+00 -1.417889e+01 
-3.166045e+00 -1.427991e+01 
-3.239722e+00 -1.438125e+01 
-3.318613e+00 -1.448256e+01 
-3.401611e+00 -1.458358e+01 
-3.488716e+00 -1.468451e+01 
-3.580362e+00 -1.478545e+01 
-3.677003e+00 -1.488642e+01 
-3.777968e+00 -1.498625e+01 
-3.878982e+00 -1.508066e+01 
-3.980063e+00 -1.516975e+01 
-4.081246e+00 -1.525350e+01 
-4.182496e+00 -1.533198e+01 
-4.283770e+00 -1.540543e+01 
-4.384621e+00 -1.547540e+01 
-4.485271e+00 -1.554290e+01 
-4.585965e+00 -1.560803e+01 
-4.686690e+00 -1.567076e+01 
-4.787404e+00 -1.573116e+01 
-4.888213e+00 -1.578908e+01 
-4.988980e+00 -1.584464e+01 
-5.089846e+00 -1.589770e+01 
-5.190685e+00 -1.594833e+01 
-5.291596e+00 -1.599647e+01 
-5.392509e+00 -1.604213e+01 
-5.493476e+00 -1.608528e+01 
-5.594480e+00 -1.612587e+01 
-5.695507e+00 -1.616390e+01 
-5.796553e+00 -1.619940e+01 
-5.897247e+00 -1.623311e+01 
-5.997737e+00 -1.626560e+01 
-6.098168e+00 -1.629707e+01 
-6.198605e+00 -1.632754e+01 
-6.299064e+00 -1.635696e+01 
-6.399574e+00 -1.638525e+01 
-6.500107e+00 -1.641235e+01 
-6.600649e+00 -1.643825e+01 
-6.701225e+00 -1.646288e+01 
-6.801824e+00 -1.648621e+01 
-6.902436e+00 -1.650822e+01 
-7.003082e+00 -1.652885e+01 
-7.103751e+00 -1.654805e+01 
-7.204473e+00 -1.656574e+01 
-7.305208e+00 -1.658188e+01 
-7.405956e+00 -1.659647e+01 
-7.506715e+00 -1.660949e+01 
-7.607495e+00 -1.662090e+01 
-7.708319e+00 -1.663063e+01 
-7.809169e+00 -1.663863e+01 
-7.910035e+00 -1.664487e+01 
-8.010828e+00 -1.664950e+01 
-8.111447e+00 -1.665287e+01 
-8.211902e+00 -1.665532e+01 
-8.312379e+00 -1.665681e+01 
-8.412864e+00 -1.665732e+01 
-8.513358e+00 -1.665684e+01 
-8.613859e+00 -1.665536e+01 
-8.714369e+00 -1.665284e+01 
-8.814886e+00 -1.664929e+01 
-8.915412e+00 -1.664468e+01 
-9.015945e+00 -1.663899e+01 
-9.116487e+00 -1.663220e+01 
-9.217036e+00 -1.662430e+01 
-9.317593e+00 -1.661527e+01 
-9.418157e+00 -1.660509e+01 
-9.518728e+00 -1.659374e+01 
-9.619307e+00 -1.658120e+01 
-9.719893e+00 -1.656745e+01 
-9.820485e+00 -1.655246e+01 
-9.921085e+00 -1.653623e+01 
-1.002169e+01 -1.651872e+01 
-1.012230e+01 -1.649992e+01 
-1.022292e+01 -1.647980e+01 
-1.032355e+01 -1.645834e+01 
-1.042418e+01 -1.643552e+01 
-1.052482e+01 -1.641130e+01 
-1.062546e+01 -1.638568e+01 
-1.072606e+01 -1.635871e+01 
-1.082659e+01 -1.633059e+01 
-1.092705e+01 -1.630144e+01 
-1.102749e+01 -1.627131e+01 
-1.112793e+01 -1.624017e+01 
-1.122837e+01 -1.620801e+01 
-1.132881e+01 -1.617481e+01 
-1.142926e+01 -1.614056e+01 
-1.152971e+01 -1.610524e+01 
-1.163016e+01 -1.606882e+01 
-1.173061e+01 -1.603130e+01 
-1.183107e+01 -1.599265e+01 
-1.193154e+01 -1.595285e+01 
-1.203200e+01 -1.591188e+01 
-1.213247e+01 -1.586972e+01 
-1.223293e+01 -1.582636e+01 
-1.233339e+01 -1.578182e+01 
-1.243383e+01 -1.573609e+01 
-1.253428e+01 -1.568916e+01 
-1.263473e+01 -1.564101e+01 
-1.273519e+01 -1.559161e+01 
-1.283564e+01 -1.554093e+01 
-1.293609e+01 -1.548897e+01 
-1.303655e+01 -1.543569e+01 
-1.313700e+01 -1.538106e+01 
-1.323746e+01 -1.532507e+01 
-1.333792e+01 -1.526769e+01 
-1.343838e+01 -1.520888e+01 
-1.353884e+01 -1.514861e+01 
-1.363930e+01 -1.508687e+01 
-1.373976e+01 -1.502360e+01 
-1.384023e+01 -1.495879e+01 
-1.394069e+01 -1.489240e+01 
-1.404113e+01 -1.482447e+01 
-1.414154e+01 -1.475508e+01 
-1.424192e+01 -1.468433e+01 
-1.434230e+01 -1.461218e+01 
-1.444268e+01 -1.453858e+01 
-1.454307e+01 -1.446349e+01 
-1.464345e+01 -1.438687e+01 
-1.474384e+01 -1.430868e+01 
-1.484423e+01 -1.422888e+01 
-1.494462e+01 -1.414742e+01 
-1.504502e+01 -1.406425e+01 
-1.514541e+01 -1.397932e+01 
-1.524581e+01 -1.389257e+01 
-1.534621e+01 -1.380396e+01 
-1.544658e+01 -1.371355e+01 
-1.554693e+01 -1.362145e+01 
-1.564726e+01 -1.352767e+01 
-1.574760e+01 -1.343213e+01 
-1.584794e+01 -1.333478e+01 
-1.594828e+01 -1.323555e+01 
-1.604782e+01 -1.313521e+01 
-1.614548e+01 -1.303487e+01 
-1.624131e+01 -1.293453e+01 
-1.633534e+01 -1.283419e+01 
-1.642763e+01 -1.273385e+01 
-1.651820e+01 -1.263350e+01 
-1.660709e+01 -1.253315e+01 
-1.669435e+01 -1.243281e+01 
-1.678001e+01 -1.233246e+01 
-1.686409e+01 -1.223211e+01 
-1.694665e+01 -1.213177e+01 
-1.702770e+01 -1.203142e+01 
-1.710729e+01 -1.193107e+01 
-1.718544e+01 -1.183072e+01 
-1.726217e+01 -1.173037e+01 
-1.733753e+01 -1.163002e+01 
-1.741154e+01 -1.152968e+01 
-1.748422e+01 -1.142933e+01 
-1.755560e+01 -1.132898e+01 
-1.762571e+01 -1.122864e+01 
-1.769457e+01 -1.112829e+01 
-1.776220e+01 -1.102795e+01 
-1.782863e+01 -1.092760e+01 
-1.789389e+01 -1.082726e+01 
-1.795799e+01 -1.072692e+01 
-1.802095e+01 -1.062658e+01 
-1.808284e+01 -1.052625e+01 
-1.814371e+01 -1.042594e+01 
-1.820363e+01 -1.032564e+01 
-1.826268e+01 -1.022537e+01 
-1.832091e+01 -1.012511e+01 
-1.837835e+01 -1.002485e+01 
-1.843497e+01 -9.924587e+00 
-1.849076e+01 -9.824307e+00 
-1.854571e+01 -9.724027e+00 
-1.859983e+01 -9.623746e+00 
-1.865313e+01 -9.523465e+00 
-1.870561e+01 -9.423184e+00 
-1.875729e+01 -9.322903e+00 
-1.880816e+01 -9.222622e+00 
-1.885825e+01 -9.122341e+00 
-1.890755e+01 -9.022060e+00 
-1.895608e+01 -8.921779e+00 
-1.900384e+01 -8.821499e+00 
-1.905084e+01 -8.721218e+00 
-1.909708e+01 -8.620938e+00 
-1.914258e+01 -8.520658e+00 
-1.918734e+01 -8.420378e+00 
-1.923136e+01 -8.320099e+00 
-1.927466e+01 -8.219820e+00 
-1.931724e+01 -8.119541e+00 
-1.935910e+01 -8.019263e+00 
-1.940026e+01 -7.918985e+00 
-1.944072e+01 -7.818708e+00 
-1.948049e+01 -7.718431e+00 
-1.951956e+01 -7.618154e+00 
-1.955796e+01 -7.517879e+00 
-1.959568e+01 -7.417603e+00 
-1.963273e+01 -7.317328e+00 
-1.966911e+01 -7.217054e+00 
-1.970484e+01 -7.116781e+00 
-1.973991e+01 -7.016508e+00 
-1.977433e+01 -6.916235e+00 
-1.980812e+01 -6.815963e+00 
-1.984126e+01 -6.715692e+00 
-1.987378e+01 -6.615422e+00 
-1.990566e+01 -6.515152e+00 
-1.993693e+01 -6.414883e+00 
-1.996757e+01 -6.314615e+00 
-1.999761e+01 -6.214347e+00 
-2.002704e+01 -6.114080e+00 
-2.005586e+01 -6.013814e+00 
-2.008409e+01 -5.913549e+00 
-2.011172e+01 -5.813284e+00 
-2.013876e+01 -5.713020e+00 
-2.016522e+01 -5.612757e+00 
-2.019109e+01 -5.512494e+00 
-2.021639e+01 -5.412233e+00 
-2.024112e+01 -5.311972e+00 
-2.026528e+01 -5.211712e+00 
-2.028890e+01 -5.111469e+00 
-2.031200e+01 -5.011226e+00 
-2.033457e+01 -4.910985e+00 
-2.035662e+01 -4.810743e+00 
-2.037816e+01 -4.710500e+00 
-2.039917e+01 -4.610258e+00 
-2.041966e+01 -4.510015e+00 
-2.043964e+01 -4.409772e+00 
-2.045910e+01 -4.309528e+00 
-2.047805e+01 -4.209284e+00 
-2.049648e+01 -4.109040e+00 
-2.051439e+01 -4.008796e+00 
-2.053179e+01 -3.908551e+00 
-2.054868e+01 -3.808306e+00 
-2.056506e+01 -3.708061e+00 
-2.058092e+01 -3.607816e+00 
-2.059628e+01 -3.507570e+00 
-2.061112e+01 -3.407324e+00 
-2.062546e+01 -3.307078e+00 
-2.063929e+01 -3.206832e+00 
-2.065261e+01 -3.106585e+00 
-2.066542e+01 -3.006339e+00 
-2.067773e+01 -2.906092e+00 
-2.068953e+01 -2.805845e+00 
-2.070082e+01 -2.705598e+00 
-2.071161e+01 -2.605350e+00 
-2.072195e+01 -2.505133e+00 
-2.073189e+01 -2.404934e+00 
-2.074142e+01 -2.304735e+00 
-2.075055e+01 -2.204536e+00 
-2.075928e+01 -2.104338e+00 
-2.076760e+01 -2.004140e+00 
-2.077552e+01 -1.903941e+00 
-2.078305e+01 -1.803743e+00 
-2.079017e+01 -1.703545e+00 
-2.079689e+01 -1.603347e+00 
-2.080321e+01 -1.503148e+00 
-2.080914e+01 -1.402950e+00 
-2.081466e+01 -1.302752e+00 
-2.081979e+01 -1.202554e+00 
-2.082452e+01 -1.102357e+00 
-2.082885e+01 -1.002159e+00 
-2.083278e+01 -9.019608e-01 
-2.083631e+01 -8.017630e-01 
-2.083945e+01 -7.015641e-01 
-2.084218e+01 -6.013618e-01 
-2.074222e+01 -5.986382e-01 
