-1.561805e+00 7.761116e+00 
-1.571530e+00 7.860968e+00 
-1.581555e+00 7.960834e+00 
-1.591855e+00 8.060713e+00 
-1.602401e+00 8.160605e+00 
-1.613168e+00 8.260501e+00 
-1.624146e+00 8.360398e+00 
-1.635335e+00 8.460303e+00 
-1.646719e+00 8.560216e+00 
-1.658280e+00 8.660139e+00 
-1.669999e+00 8.760071e+00 
-1.681858e+00 8.860013e+00 
-1.693832e+00 8.959926e+00 
-1.705974e+00 9.059768e+00 
-1.718418e+00 9.159435e+00 
-1.731526e+00 9.258992e+00 
-1.745538e+00 9.358538e+00 
-1.760508e+00 9.458234e+00 
-1.776124e+00 9.558048e+00 
-1.792128e+00 9.657873e+00 
-1.808493e+00 9.757687e+00 
-1.825243e+00 9.857490e+00 
-1.842403e+00 9.957285e+00 
-1.859988e+00 1.005707e+01 
-1.878018e+00 1.015685e+01 
-1.896519e+00 1.025660e+01 
-1.915524e+00 1.035635e+01 
-1.935085e+00 1.045617e+01 
-1.955010e+00 1.055590e+01 
-1.975499e+00 1.065561e+01 
-1.996610e+00 1.075535e+01 
-2.018262e+00 1.085509e+01 
-2.040484e+00 1.095479e+01 
-2.063346e+00 1.105452e+01 
-2.086804e+00 1.115425e+01 
-2.110835e+00 1.125402e+01 
-2.135365e+00 1.135378e+01 
-2.160417e+00 1.145350e+01 
-2.186085e+00 1.155319e+01 
-2.212419e+00 1.165287e+01 
-2.239463e+00 1.175252e+01 
-2.267272e+00 1.185215e+01 
-2.295897e+00 1.195176e+01 
-2.325400e+00 1.205133e+01 
-2.355864e+00 1.215086e+01 
-2.387382e+00 1.225037e+01 
-2.420097e+00 1.235006e+01 
-2.453539e+00 1.244975e+01 
-2.487677e+00 1.254937e+01 
-2.522706e+00 1.264897e+01 
-2.558687e+00 1.274855e+01 
-2.595675e+00 1.284812e+01 
-2.633691e+00 1.294764e+01 
-2.672871e+00 1.304711e+01 
-2.713345e+00 1.314653e+01 
-2.755242e+00 1.324588e+01 
-2.798774e+00 1.334518e+01 
-2.844104e+00 1.344438e+01 
-2.891523e+00 1.354349e+01 
-2.941293e+00 1.364245e+01 
-2.993997e+00 1.374141e+01 
-3.049765e+00 1.384037e+01 
-3.108704e+00 1.393935e+01 
-3.170927e+00 1.403833e+01 
-3.236548e+00 1.413732e+01 
-3.305541e+00 1.423606e+01 
-3.379175e+00 1.433476e+01 
-3.458225e+00 1.443378e+01 
-3.541449e+00 1.453278e+01 
-3.629171e+00 1.463167e+01 
-3.722219e+00 1.473047e+01 
-3.820932e+00 1.482846e+01 
-3.919787e+00 1.491982e+01 
-4.018726e+00 1.500577e+01 
-4.117651e+00 1.508700e+01 
-4.216560e+00 1.516375e+01 
-4.315560e+00 1.523633e+01 
-4.414829e+00 1.530542e+01 
-4.514153e+00 1.537196e+01 
-4.613455e+00 1.543618e+01 
-4.712737e+00 1.549809e+01 
-4.811995e+00 1.555768e+01 
-4.911232e+00 1.561497e+01 
-5.010446e+00 1.566994e+01 
-5.109638e+00 1.572260e+01 
-5.208806e+00 1.577296e+01 
-5.307951e+00 1.582102e+01 
-5.407072e+00 1.586676e+01 
-5.506169e+00 1.591020e+01 
-5.605205e+00 1.595132e+01 
-5.704478e+00 1.599013e+01 
-5.803899e+00 1.602722e+01 
-5.903335e+00 1.606293e+01 
-6.002770e+00 1.609730e+01 
-6.102200e+00 1.613034e+01 
-6.201627e+00 1.616207e+01 
-6.301050e+00 1.619248e+01 
-6.400472e+00 1.622159e+01 
-6.499888e+00 1.624941e+01 
-6.599302e+00 1.627593e+01 
-6.698712e+00 1.630116e+01 
-6.798120e+00 1.632511e+01 
-6.897522e+00 1.634778e+01 
-6.996921e+00 1.636918e+01 
-7.096316e+00 1.638930e+01 
-7.195706e+00 1.640815e+01 
-7.295092e+00 1.642572e+01 
-7.394457e+00 1.644202e+01 
-7.493771e+00 1.645700e+01 
-7.593031e+00 1.647057e+01 
-7.692454e+00 1.648265e+01 
-7.791983e+00 1.649357e+01 
-7.891513e+00 1.650353e+01 
-7.991028e+00 1.651255e+01 
-8.090530e+00 1.652059e+01 
-8.190025e+00 1.652763e+01 
-8.289514e+00 1.653366e+01 
-8.388998e+00 1.653866e+01 
-8.488476e+00 1.654264e+01 
-8.587950e+00 1.654558e+01 
-8.687420e+00 1.654747e+01 
-8.786885e+00 1.654830e+01 
-8.886346e+00 1.654807e+01 
-8.985804e+00 1.654677e+01 
-9.085258e+00 1.654439e+01 
-9.184710e+00 1.654092e+01 
-9.284159e+00 1.653636e+01 
-9.383605e+00 1.653070e+01 
-9.483050e+00 1.652393e+01 
-9.582493e+00 1.651604e+01 
-9.681935e+00 1.650704e+01 
-9.781376e+00 1.649692e+01 
-9.880816e+00 1.648566e+01 
-9.980256e+00 1.647326e+01 
-1.007970e+01 1.645973e+01 
-1.017913e+01 1.644504e+01 
-1.027860e+01 1.642919e+01 
-1.037807e+01 1.641223e+01 
-1.047755e+01 1.639418e+01 
-1.057702e+01 1.637503e+01 
-1.067663e+01 1.635474e+01 
-1.077631e+01 1.633359e+01 
-1.087599e+01 1.631177e+01 
-1.097567e+01 1.628926e+01 
-1.107535e+01 1.626607e+01 
-1.117502e+01 1.624217e+01 
-1.127468e+01 1.621757e+01 
-1.137434e+01 1.619223e+01 
-1.147398e+01 1.616615e+01 
-1.157358e+01 1.613928e+01 
-1.167317e+01 1.611152e+01 
-1.177274e+01 1.608285e+01 
-1.187229e+01 1.605322e+01 
-1.197184e+01 1.602258e+01 
-1.207138e+01 1.599091e+01 
-1.217092e+01 1.595817e+01 
-1.227045e+01 1.592436e+01 
-1.236997e+01 1.588944e+01 
-1.246949e+01 1.585339e+01 
-1.256901e+01 1.581618e+01 
-1.266851e+01 1.577780e+01 
-1.276802e+01 1.573820e+01 
-1.286752e+01 1.569737e+01 
-1.296702e+01 1.565528e+01 
-1.306651e+01 1.561189e+01 
-1.316600e+01 1.556719e+01 
-1.326548e+01 1.552113e+01 
-1.336496e+01 1.547369e+01 
-1.346444e+01 1.542484e+01 
-1.356392e+01 1.537455e+01 
-1.366339e+01 1.532277e+01 
-1.376286e+01 1.526949e+01 
-1.386241e+01 1.521461e+01 
-1.396203e+01 1.515834e+01 
-1.406165e+01 1.510091e+01 
-1.416128e+01 1.504232e+01 
-1.426090e+01 1.498255e+01 
-1.436053e+01 1.492158e+01 
-1.446016e+01 1.485940e+01 
-1.455978e+01 1.479599e+01 
-1.465941e+01 1.473134e+01 
-1.475904e+01 1.466542e+01 
-1.485868e+01 1.459823e+01 
-1.495831e+01 1.452974e+01 
-1.505795e+01 1.445994e+01 
-1.515759e+01 1.438882e+01 
-1.525725e+01 1.431634e+01 
-1.535693e+01 1.424255e+01 
-1.545661e+01 1.416752e+01 
-1.555628e+01 1.409121e+01 
-1.565595e+01 1.401360e+01 
-1.575562e+01 1.393464e+01 
-1.585528e+01 1.385429e+01 
-1.595495e+01 1.377251e+01 
-1.605460e+01 1.368926e+01 
-1.615426e+01 1.360449e+01 
-1.625391e+01 1.351815e+01 
-1.635356e+01 1.343018e+01 
-1.645321e+01 1.334053e+01 
-1.655285e+01 1.324915e+01 
-1.665249e+01 1.315596e+01 
-1.675212e+01 1.306091e+01 
-1.685176e+01 1.296392e+01 
-1.695143e+01 1.286486e+01 
-1.704992e+01 1.276518e+01 
-1.714662e+01 1.266551e+01 
-1.724156e+01 1.256585e+01 
-1.733478e+01 1.246618e+01 
-1.742630e+01 1.236652e+01 
-1.751615e+01 1.226686e+01 
-1.760435e+01 1.216721e+01 
-1.769091e+01 1.206756e+01 
-1.777587e+01 1.196791e+01 
-1.785925e+01 1.186827e+01 
-1.794106e+01 1.176863e+01 
-1.802133e+01 1.166900e+01 
-1.810008e+01 1.156937e+01 
-1.817732e+01 1.146974e+01 
-1.825311e+01 1.137006e+01 
-1.832769e+01 1.127032e+01 
-1.840127e+01 1.117058e+01 
-1.847386e+01 1.107084e+01 
-1.854548e+01 1.097110e+01 
-1.861614e+01 1.087136e+01 
-1.868585e+01 1.077162e+01 
-1.875462e+01 1.067188e+01 
-1.882246e+01 1.057214e+01 
-1.888939e+01 1.047240e+01 
-1.895541e+01 1.037267e+01 
-1.902052e+01 1.027293e+01 
-1.908475e+01 1.017319e+01 
-1.914810e+01 1.007346e+01 
-1.921058e+01 9.973722e+00 
-1.927219e+01 9.873988e+00 
-1.933294e+01 9.774254e+00 
-1.939285e+01 9.674520e+00 
-1.945192e+01 9.574787e+00 
-1.951016e+01 9.475054e+00 
-1.956758e+01 9.375322e+00 
-1.962418e+01 9.275591e+00 
-1.967996e+01 9.175859e+00 
-1.973495e+01 9.076134e+00 
-1.978910e+01 8.976450e+00 
-1.984232e+01 8.876778e+00 
-1.989459e+01 8.777104e+00 
-1.994593e+01 8.677429e+00 
-1.999636e+01 8.577752e+00 
-2.004589e+01 8.478072e+00 
-2.009454e+01 8.378391e+00 
-2.014231e+01 8.278708e+00 
-2.018923e+01 8.179023e+00 
-2.023530e+01 8.079336e+00 
-2.028055e+01 7.979647e+00 
-2.032498e+01 7.879955e+00 
-2.036860e+01 7.780262e+00 
-2.041144e+01 7.680562e+00 
-2.045352e+01 7.580843e+00 
-2.049488e+01 7.481123e+00 
-2.053554e+01 7.381404e+00 
-2.057550e+01 7.281684e+00 
-2.061476e+01 7.181964e+00 
-2.065333e+01 7.082243e+00 
-2.069121e+01 6.982522e+00 
-2.072842e+01 6.882800e+00 
-2.076495e+01 6.783078e+00 
-2.080082e+01 6.683355e+00 
-2.083603e+01 6.583632e+00 
-2.087058e+01 6.483908e+00 
-2.090448e+01 6.384183e+00 
-2.093774e+01 6.284457e+00 
-2.097035e+01 6.184731e+00 
-2.100234e+01 6.085003e+00 
-2.103370e+01 5.985275e+00 
-2.106443e+01 5.885546e+00 
-2.109455e+01 5.785816e+00 
-2.112405e+01 5.686085e+00 
-2.115295e+01 5.586352e+00 
-2.118125e+01 5.486619e+00 
-2.120895e+01 5.386885e+00 
-2.123606e+01 5.287150e+00 
-2.126259e+01 5.187411e+00 
-2.128854e+01 5.087667e+00 
-2.131392e+01 4.987914e+00 
-2.133878e+01 4.888151e+00 
-2.136311e+01 4.788384e+00 
-2.138694e+01 4.688618e+00 
-2.141027e+01 4.588851e+00 
-2.143309e+01 4.489083e+00 
-2.145541e+01 4.389315e+00 
-2.147724e+01 4.289547e+00 
-2.149857e+01 4.189778e+00 
-2.151940e+01 4.090009e+00 
-2.153975e+01 3.990240e+00 
-2.155961e+01 3.890470e+00 
-2.157898e+01 3.790699e+00 
-2.159787e+01 3.690926e+00 
-2.161628e+01 3.591157e+00 
-2.163421e+01 3.491393e+00 
-2.165164e+01 3.391630e+00 
-2.166858e+01 3.291868e+00 
-2.168503e+01 3.192106e+00 
-2.170098e+01 3.092344e+00 
-2.171644e+01 2.992583e+00 
-2.173140e+01 2.892823e+00 
-2.174587e+01 2.793063e+00 
-2.175985e+01 2.693304e+00 
-2.177333e+01 2.593545e+00 
-2.178632e+01 2.493786e+00 
-2.179881e+01 2.394028e+00 
-2.181081e+01 2.294271e+00 
-2.182232e+01 2.194514e+00 
-2.183333e+01 2.094757e+00 
-2.184385e+01 1.995001e+00 
-2.185388e+01 1.895246e+00 
-2.186340e+01 1.795491e+00 
-2.187244e+01 1.695736e+00 
-2.188098e+01 1.595982e+00 
-2.188902e+01 1.496228e+00 
-2.189657e+01 1.396474e+00 
-2.190362e+01 1.296721e+00 
-2.191018e+01 1.196969e+00 
-2.191624e+01 1.097217e+00 
-2.192180e+01 9.974649e-01 
-2.192686e+01 8.977135e-01 
-2.193143e+01 7.979625e-01 
-2.193550e+01 6.982118e-01 
-2.193907e+01 5.984614e-01 
-2.203902e+01 6.015386e-01 
-2.203543e+01 7.017882e-01 
-2.203135e+01 8.020375e-01 
-2.202676e+01 9.022865e-01 
-2.202167e+01 1.002535e+00 
-2.201608e+01 1.102783e+00 
-2.200999e+01 1.203031e+00 
-2.200341e+01 1.303279e+00 
-2.199632e+01 1.403526e+00 
-2.198874e+01 1.503772e+00 
-2.198065e+01 1.604018e+00 
-2.197207e+01 1.704264e+00 
-2.196300e+01 1.804509e+00 
-2.195342e+01 1.904754e+00 
-2.194335e+01 2.004999e+00 
-2.193278e+01 2.105243e+00 
-2.192172e+01 2.205486e+00 
-2.191015e+01 2.305729e+00 
-2.189810e+01 2.405972e+00 
-2.188554e+01 2.506214e+00 
-2.187249e+01 2.606455e+00 
-2.185894e+01 2.706696e+00 
-2.184490e+01 2.806937e+00 
-2.183036e+01 2.907177e+00 
-2.181533e+01 3.007417e+00 
-2.179980e+01 3.107656e+00 
-2.178377e+01 3.207894e+00 
-2.176725e+01 3.308132e+00 
-2.175023e+01 3.408370e+00 
-2.173272e+01 3.508607e+00 
-2.171471e+01 3.608843e+00 
-2.169621e+01 3.709074e+00 
-2.167723e+01 3.809301e+00 
-2.165777e+01 3.909530e+00 
-2.163783e+01 4.009760e+00 
-2.161739e+01 4.109991e+00 
-2.159645e+01 4.210222e+00 
-2.157503e+01 4.310453e+00 
-2.155310e+01 4.410685e+00 
-2.153068e+01 4.510917e+00 
-2.150775e+01 4.611149e+00 
-2.148432e+01 4.711382e+00 
-2.146038e+01 4.811616e+00 
-2.143593e+01 4.911849e+00 
-2.141096e+01 5.012086e+00 
-2.138545e+01 5.112333e+00 
-2.135936e+01 5.212589e+00 
-2.133270e+01 5.312850e+00 
-2.130545e+01 5.413115e+00 
-2.127760e+01 5.513381e+00 
-2.124915e+01 5.613648e+00 
-2.122010e+01 5.713915e+00 
-2.119044e+01 5.814184e+00 
-2.116016e+01 5.914454e+00 
-2.112926e+01 6.014725e+00 
-2.109773e+01 6.114997e+00 
-2.106558e+01 6.215269e+00 
-2.103278e+01 6.315543e+00 
-2.099934e+01 6.415817e+00 
-2.096526e+01 6.516092e+00 
-2.093052e+01 6.616368e+00 
-2.089512e+01 6.716645e+00 
-2.085905e+01 6.816922e+00 
-2.082232e+01 6.917200e+00 
-2.078490e+01 7.017478e+00 
-2.074681e+01 7.117757e+00 
-2.070802e+01 7.218036e+00 
-2.066855e+01 7.318316e+00 
-2.062837e+01 7.418596e+00 
-2.058748e+01 7.518877e+00 
-2.054589e+01 7.619157e+00 
-2.050357e+01 7.719438e+00 
-2.046048e+01 7.819738e+00 
-2.041659e+01 7.920045e+00 
-2.037189e+01 8.020353e+00 
-2.032636e+01 8.120664e+00 
-2.028000e+01 8.220977e+00 
-2.023279e+01 8.321292e+00 
-2.018472e+01 8.421609e+00 
-2.013576e+01 8.521928e+00 
-2.008592e+01 8.622248e+00 
-2.003517e+01 8.722571e+00 
-1.998349e+01 8.822896e+00 
-1.993088e+01 8.923222e+00 
-1.987731e+01 9.023550e+00 
-1.982282e+01 9.123866e+00 
-1.976754e+01 9.224141e+00 
-1.971145e+01 9.324409e+00 
-1.965455e+01 9.424678e+00 
-1.959683e+01 9.524946e+00 
-1.953828e+01 9.625213e+00 
-1.947890e+01 9.725480e+00 
-1.941867e+01 9.825746e+00 
-1.935759e+01 9.926012e+00 
-1.929565e+01 1.002628e+01 
-1.923285e+01 1.012654e+01 
-1.916917e+01 1.022681e+01 
-1.910460e+01 1.032707e+01 
-1.903914e+01 1.042733e+01 
-1.897278e+01 1.052760e+01 
-1.890550e+01 1.062786e+01 
-1.883730e+01 1.072812e+01 
-1.876817e+01 1.082838e+01 
-1.869810e+01 1.092864e+01 
-1.862707e+01 1.102890e+01 
-1.855509e+01 1.112916e+01 
-1.848212e+01 1.122942e+01 
-1.840817e+01 1.132968e+01 
-1.833319e+01 1.142994e+01 
-1.825692e+01 1.153026e+01 
-1.817911e+01 1.163063e+01 
-1.809979e+01 1.173100e+01 
-1.801894e+01 1.183137e+01 
-1.793654e+01 1.193173e+01 
-1.785257e+01 1.203209e+01 
-1.776701e+01 1.213244e+01 
-1.767984e+01 1.223279e+01 
-1.759104e+01 1.233314e+01 
-1.750058e+01 1.243348e+01 
-1.740844e+01 1.253382e+01 
-1.731460e+01 1.263415e+01 
-1.721902e+01 1.273449e+01 
-1.712169e+01 1.283482e+01 
-1.702257e+01 1.293514e+01 
-1.692225e+01 1.303485e+01 
-1.682188e+01 1.313256e+01 
-1.672152e+01 1.322832e+01 
-1.662116e+01 1.332218e+01 
-1.652080e+01 1.341423e+01 
-1.642044e+01 1.350452e+01 
-1.632009e+01 1.359311e+01 
-1.621974e+01 1.368007e+01 
-1.611940e+01 1.376543e+01 
-1.601906e+01 1.384926e+01 
-1.591872e+01 1.393160e+01 
-1.581838e+01 1.401249e+01 
-1.571805e+01 1.409198e+01 
-1.561772e+01 1.417011e+01 
-1.551740e+01 1.424692e+01 
-1.541707e+01 1.432245e+01 
-1.531675e+01 1.439671e+01 
-1.521641e+01 1.446969e+01 
-1.511605e+01 1.454133e+01 
-1.501569e+01 1.461164e+01 
-1.491533e+01 1.468064e+01 
-1.481496e+01 1.474833e+01 
-1.471459e+01 1.481474e+01 
-1.461422e+01 1.487988e+01 
-1.451385e+01 1.494376e+01 
-1.441348e+01 1.500641e+01 
-1.431310e+01 1.506784e+01 
-1.421273e+01 1.512807e+01 
-1.411235e+01 1.518710e+01 
-1.401197e+01 1.524497e+01 
-1.391159e+01 1.530168e+01 
-1.381114e+01 1.535706e+01 
-1.371061e+01 1.541092e+01 
-1.361009e+01 1.546325e+01 
-1.350956e+01 1.551408e+01 
-1.340904e+01 1.556345e+01 
-1.330852e+01 1.561139e+01 
-1.320801e+01 1.565793e+01 
-1.310750e+01 1.570310e+01 
-1.300699e+01 1.574694e+01 
-1.290649e+01 1.578947e+01 
-1.280599e+01 1.583071e+01 
-1.270549e+01 1.587071e+01 
-1.260500e+01 1.590948e+01 
-1.250451e+01 1.594706e+01 
-1.240403e+01 1.598346e+01 
-1.230356e+01 1.601872e+01 
-1.220309e+01 1.605286e+01 
-1.210262e+01 1.608590e+01 
-1.200216e+01 1.611787e+01 
-1.190171e+01 1.614879e+01 
-1.180127e+01 1.617869e+01 
-1.170084e+01 1.620762e+01 
-1.160043e+01 1.623560e+01 
-1.150003e+01 1.626270e+01 
-1.139966e+01 1.628897e+01 
-1.129932e+01 1.631448e+01 
-1.119899e+01 1.633926e+01 
-1.109866e+01 1.636331e+01 
-1.099833e+01 1.638666e+01 
-1.089801e+01 1.640931e+01 
-1.079770e+01 1.643128e+01 
-1.069738e+01 1.645256e+01 
-1.059698e+01 1.647302e+01 
-1.049645e+01 1.649237e+01 
-1.039593e+01 1.651062e+01 
-1.029541e+01 1.652777e+01 
-1.019487e+01 1.654379e+01 
-1.009431e+01 1.655865e+01 
-9.993749e+00 1.657235e+01 
-9.893188e+00 1.658489e+01 
-9.792629e+00 1.659628e+01 
-9.692069e+00 1.660653e+01 
-9.591511e+00 1.661564e+01 
-9.490954e+00 1.662361e+01 
-9.390399e+00 1.663046e+01 
-9.289846e+00 1.663620e+01 
-9.189295e+00 1.664081e+01 
-9.088746e+00 1.664433e+01 
-8.988201e+00 1.664674e+01 
-8.887658e+00 1.664806e+01 
-8.787120e+00 1.664830e+01 
-8.686585e+00 1.664746e+01 
-8.586054e+00 1.664556e+01 
-8.485528e+00 1.664260e+01 
-8.385007e+00 1.663859e+01 
-8.284491e+00 1.663353e+01 
-8.183980e+00 1.662745e+01 
-8.083474e+00 1.662034e+01 
-7.982976e+00 1.661223e+01 
-7.882492e+00 1.660313e+01 
-7.782022e+00 1.659307e+01 
-7.681551e+00 1.658205e+01 
-7.580973e+00 1.656984e+01 
-7.480233e+00 1.655608e+01 
-7.379548e+00 1.654090e+01 
-7.278912e+00 1.652441e+01 
-7.178298e+00 1.650662e+01 
-7.077689e+00 1.648755e+01 
-6.977083e+00 1.646719e+01 
-6.876482e+00 1.644555e+01 
-6.775884e+00 1.642261e+01 
-6.675292e+00 1.639838e+01 
-6.574703e+00 1.637285e+01 
-6.474116e+00 1.634603e+01 
-6.373533e+00 1.631790e+01 
-6.272954e+00 1.628845e+01 
-6.172378e+00 1.625770e+01 
-6.071804e+00 1.622561e+01 
-5.971235e+00 1.619219e+01 
-5.870669e+00 1.615744e+01 
-5.770106e+00 1.612134e+01 
-5.669526e+00 1.608382e+01 
-5.568800e+00 1.604446e+01 
-5.467835e+00 1.600256e+01 
-5.366933e+00 1.595835e+01 
-5.266053e+00 1.591181e+01 
-5.165199e+00 1.586295e+01 
-5.064367e+00 1.581177e+01 
-4.963558e+00 1.575826e+01 
-4.862772e+00 1.570244e+01 
-4.762009e+00 1.564430e+01 
-4.661268e+00 1.558383e+01 
-4.560549e+00 1.552104e+01 
-4.459851e+00 1.545593e+01 
-4.359175e+00 1.538850e+01 
-4.258444e+00 1.531842e+01 
-4.157444e+00 1.524441e+01 
-4.056354e+00 1.516601e+01 
-3.955278e+00 1.508306e+01 
-3.854217e+00 1.499532e+01 
-3.753073e+00 1.490191e+01 
-3.651786e+00 1.480146e+01 
-3.556389e+00 1.470025e+01 
-3.466649e+00 1.459915e+01 
-3.381689e+00 1.449814e+01 
-3.301032e+00 1.439716e+01 
-3.225400e+00 1.429587e+01 
-3.154588e+00 1.419461e+01 
-3.087586e+00 1.409360e+01 
-3.024049e+00 1.399258e+01 
-2.963853e+00 1.389155e+01 
-2.906883e+00 1.379052e+01 
-2.853036e+00 1.368947e+01 
-2.802191e+00 1.358843e+01 
-2.753901e+00 1.348755e+01 
-2.707823e+00 1.338675e+01 
-2.663659e+00 1.328604e+01 
-2.621204e+00 1.318539e+01 
-2.580253e+00 1.308482e+01 
-2.540649e+00 1.298429e+01 
-2.502260e+00 1.288381e+01 
-2.464947e+00 1.278338e+01 
-2.428658e+00 1.268296e+01 
-2.393342e+00 1.258255e+01 
-2.358940e+00 1.248217e+01 
-2.325290e+00 1.238187e+01 
-2.292368e+00 1.228155e+01 
-2.260532e+00 1.218106e+01 
-2.229779e+00 1.208060e+01 
-2.200018e+00 1.198017e+01 
-2.171163e+00 1.187977e+01 
-2.143145e+00 1.177941e+01 
-2.115910e+00 1.167906e+01 
-2.089403e+00 1.157873e+01 
-2.063575e+00 1.147843e+01 
-2.038379e+00 1.137815e+01 
-2.013728e+00 1.127790e+01 
-1.989585e+00 1.117767e+01 
-1.966002e+00 1.107741e+01 
-1.943013e+00 1.097714e+01 
-1.920657e+00 1.087684e+01 
-1.898887e+00 1.077657e+01 
-1.877667e+00 1.067632e+01 
-1.857057e+00 1.057603e+01 
-1.837023e+00 1.047576e+01 
-1.817390e+00 1.037558e+01 
-1.798286e+00 1.027532e+01 
-1.779695e+00 1.017508e+01 
-1.761582e+00 1.007485e+01 
-1.743920e+00 9.974641e+00 
-1.726689e+00 9.874436e+00 
-1.709872e+00 9.774239e+00 
-1.693445e+00 9.674053e+00 
-1.677385e+00 9.573878e+00 
-1.661710e+00 9.473691e+00 
-1.646647e+00 9.373388e+00 
-1.632502e+00 9.272934e+00 
-1.619274e+00 9.172491e+00 
-1.606745e+00 9.072158e+00 
-1.594563e+00 8.972000e+00 
-1.582568e+00 8.871912e+00 
-1.570696e+00 8.771854e+00 
-1.558960e+00 8.671787e+00 
-1.547382e+00 8.571709e+00 
-1.535978e+00 8.471623e+00 
-1.524768e+00 8.371528e+00 
-1.513766e+00 8.271425e+00 
-1.502977e+00 8.171321e+00 
-1.492407e+00 8.071213e+00 
-1.482083e+00 7.971092e+00 
-1.472030e+00 7.870957e+00 
-1.462276e+00 7.770810e+00 
-1.561805e+00 7.761116e+00 
