-3.057301e+00 2.649990e+00 
-3.062754e+00 2.749870e+00 
-3.068446e+00 2.849735e+00 
-3.074407e+00 2.949586e+00 
-3.080672e+00 3.049483e+00 
-3.087155e+00 3.149566e+00 
-3.093474e+00 3.249683e+00 
-3.099547e+00 3.349639e+00 
-3.105703e+00 3.449524e+00 
-3.112089e+00 3.549388e+00 
-3.118753e+00 3.649306e+00 
-3.125586e+00 3.749288e+00 
-3.132454e+00 3.849256e+00 
-3.139385e+00 3.949193e+00 
-3.146441e+00 4.049109e+00 
-3.153666e+00 4.149011e+00 
-3.161085e+00 4.248905e+00 
-3.168719e+00 4.348809e+00 
-3.176549e+00 4.448727e+00 
-3.184544e+00 4.548652e+00 
-3.192687e+00 4.648538e+00 
-3.201057e+00 4.748388e+00 
-3.209732e+00 4.848251e+00 
-3.218686e+00 4.948136e+00 
-3.227874e+00 5.048032e+00 
-3.237272e+00 5.147940e+00 
-3.246858e+00 5.247859e+00 
-3.256608e+00 5.347790e+00 
-3.266501e+00 5.447732e+00 
-3.276511e+00 5.547681e+00 
-3.286623e+00 5.647610e+00 
-3.296877e+00 5.747514e+00 
-3.307324e+00 5.847398e+00 
-3.318002e+00 5.947236e+00 
-3.329005e+00 6.047048e+00 
-3.340391e+00 6.146862e+00 
-3.352156e+00 6.246675e+00 
-3.364311e+00 6.346565e+00 
-3.376689e+00 6.446432e+00 
-3.389335e+00 6.546266e+00 
-3.402320e+00 6.646109e+00 
-3.415618e+00 6.745884e+00 
-3.429373e+00 6.845621e+00 
-3.443654e+00 6.945263e+00 
-3.458682e+00 7.044969e+00 
-3.474337e+00 7.144798e+00 
-3.490342e+00 7.244611e+00 
-3.506727e+00 7.344361e+00 
-3.523618e+00 7.444045e+00 
-3.541162e+00 7.543702e+00 
-3.559422e+00 7.643348e+00 
-3.578422e+00 7.742983e+00 
-3.598189e+00 7.842605e+00 
-3.618754e+00 7.942212e+00 
-3.640150e+00 8.041808e+00 
-3.662406e+00 8.141385e+00 
-3.685566e+00 8.240939e+00 
-3.709688e+00 8.340490e+00 
-3.734781e+00 8.440016e+00 
-3.760903e+00 8.539508e+00 
-3.788112e+00 8.638879e+00 
-3.816698e+00 8.738165e+00 
-3.846876e+00 8.837409e+00 
-3.878763e+00 8.936592e+00 
-3.912515e+00 9.035704e+00 
-3.948337e+00 9.134741e+00 
-3.986435e+00 9.233672e+00 
-4.027117e+00 9.332484e+00 
-4.070746e+00 9.431142e+00 
-4.117784e+00 9.529567e+00 
-4.168976e+00 9.627678e+00 
-4.225498e+00 9.725514e+00 
-4.288587e+00 9.822990e+00 
-4.360104e+00 9.919973e+00 
-4.443389e+00 1.001645e+01 
-4.539336e+00 1.010794e+01 
-4.634914e+00 1.018139e+01 
-4.731655e+00 1.024029e+01 
-4.829121e+00 1.029002e+01 
-4.926480e+00 1.033300e+01 
-5.023731e+00 1.036947e+01 
-5.120863e+00 1.039959e+01 
-5.217877e+00 1.042346e+01 
-5.314742e+00 1.044111e+01 
-5.411452e+00 1.045247e+01 
-5.508123e+00 1.045740e+01 
-5.604731e+00 1.045589e+01 
-5.701154e+00 1.044783e+01 
-5.797476e+00 1.043274e+01 
-5.893777e+00 1.041016e+01 
-5.991130e+00 1.037921e+01 
-6.089499e+00 1.034169e+01 
-6.188109e+00 1.030004e+01 
-6.286966e+00 1.025470e+01 
-6.385856e+00 1.020626e+01 
-6.484774e+00 1.015473e+01 
-6.583713e+00 1.010006e+01 
-6.682673e+00 1.004217e+01 
-6.781655e+00 9.981008e+00 
-6.880657e+00 9.916477e+00 
-6.979679e+00 9.848490e+00 
-7.078719e+00 9.776942e+00 
-7.177776e+00 9.701714e+00 
-7.276851e+00 9.622673e+00 
-7.375941e+00 9.539665e+00 
-7.475046e+00 9.452516e+00 
-7.574164e+00 9.361025e+00 
-7.673318e+00 9.264937e+00 
-7.771139e+00 9.165503e+00 
-7.865942e+00 9.066046e+00 
-7.957960e+00 8.966585e+00 
-8.047324e+00 8.867120e+00 
-8.134154e+00 8.767652e+00 
-8.218557e+00 8.668180e+00 
-8.300632e+00 8.568706e+00 
-8.380468e+00 8.469229e+00 
-8.458147e+00 8.369749e+00 
-8.533748e+00 8.270266e+00 
-8.607340e+00 8.170782e+00 
-8.678986e+00 8.071295e+00 
-8.748748e+00 7.971806e+00 
-8.816682e+00 7.872316e+00 
-8.882838e+00 7.772824e+00 
-8.947265e+00 7.673330e+00 
-9.010010e+00 7.573835e+00 
-9.071113e+00 7.474339e+00 
-9.130624e+00 7.374827e+00 
-9.188619e+00 7.275305e+00 
-9.245156e+00 7.175775e+00 
-9.300285e+00 7.076242e+00 
-9.354038e+00 6.976708e+00 
-9.406443e+00 6.877172e+00 
-9.457524e+00 6.777635e+00 
-9.507307e+00 6.678097e+00 
-9.555815e+00 6.578558e+00 
-9.603072e+00 6.479016e+00 
-9.649113e+00 6.379443e+00 
-9.694055e+00 6.279804e+00 
-9.738060e+00 6.180147e+00 
-9.781176e+00 6.080491e+00 
-9.823409e+00 5.980835e+00 
-9.864766e+00 5.881181e+00 
-9.905252e+00 5.781527e+00 
-9.944874e+00 5.681875e+00 
-9.983637e+00 5.582223e+00 
-1.002155e+01 5.482571e+00 
-1.005861e+01 5.382920e+00 
-1.009483e+01 5.283270e+00 
-1.013021e+01 5.183620e+00 
-1.016476e+01 5.083971e+00 
-1.019849e+01 4.984322e+00 
-1.023140e+01 4.884674e+00 
-1.026349e+01 4.785024e+00 
-1.029477e+01 4.685371e+00 
-1.032527e+01 4.585713e+00 
-1.035498e+01 4.486054e+00 
-1.038393e+01 4.386395e+00 
-1.041211e+01 4.286736e+00 
-1.043953e+01 4.187079e+00 
-1.046619e+01 4.087422e+00 
-1.049210e+01 3.987765e+00 
-1.051725e+01 3.888109e+00 
-1.054165e+01 3.788453e+00 
-1.056530e+01 3.688798e+00 
-1.058822e+01 3.589143e+00 
-1.061039e+01 3.489488e+00 
-1.063182e+01 3.389833e+00 
-1.065251e+01 3.290179e+00 
-1.067248e+01 3.190524e+00 
-1.069171e+01 3.090870e+00 
-1.071022e+01 2.991216e+00 
-1.072801e+01 2.891562e+00 
-1.074507e+01 2.791907e+00 
-1.076142e+01 2.692253e+00 
-1.077705e+01 2.592598e+00 
-1.079197e+01 2.492943e+00 
-1.080618e+01 2.393288e+00 
-1.081968e+01 2.293633e+00 
-1.083248e+01 2.193977e+00 
-1.084457e+01 2.094307e+00 
-1.085600e+01 1.994622e+00 
-1.086678e+01 1.894948e+00 
-1.087691e+01 1.795272e+00 
-1.088638e+01 1.695595e+00 
-1.089519e+01 1.595917e+00 
-1.090336e+01 1.496238e+00 
-1.091088e+01 1.396557e+00 
-1.091777e+01 1.296876e+00 
-1.092401e+01 1.197193e+00 
-1.092961e+01 1.097509e+00 
-1.093459e+01 9.978237e-01 
-1.093893e+01 8.981375e-01 
-1.103886e+01 9.018625e-01 
-1.103449e+01 1.002176e+00 
-1.102949e+01 1.102491e+00 
-1.102385e+01 1.202807e+00 
-1.101757e+01 1.303124e+00 
-1.101065e+01 1.403443e+00 
-1.100308e+01 1.503762e+00 
-1.099486e+01 1.604083e+00 
-1.098599e+01 1.704405e+00 
-1.097646e+01 1.804728e+00 
-1.096627e+01 1.905052e+00 
-1.095542e+01 2.005378e+00 
-1.094392e+01 2.105693e+00 
-1.093175e+01 2.206023e+00 
-1.091887e+01 2.306367e+00 
-1.090527e+01 2.406712e+00 
-1.089097e+01 2.507057e+00 
-1.087595e+01 2.607402e+00 
-1.086021e+01 2.707747e+00 
-1.084375e+01 2.808093e+00 
-1.082657e+01 2.908438e+00 
-1.080867e+01 3.008784e+00 
-1.079003e+01 3.109130e+00 
-1.077067e+01 3.209476e+00 
-1.075057e+01 3.309821e+00 
-1.072973e+01 3.410167e+00 
-1.070815e+01 3.510512e+00 
-1.068583e+01 3.610857e+00 
-1.066276e+01 3.711202e+00 
-1.063895e+01 3.811547e+00 
-1.061438e+01 3.911891e+00 
-1.058906e+01 4.012235e+00 
-1.056298e+01 4.112578e+00 
-1.053614e+01 4.212921e+00 
-1.050853e+01 4.313264e+00 
-1.048016e+01 4.413605e+00 
-1.045101e+01 4.513946e+00 
-1.042110e+01 4.614287e+00 
-1.039040e+01 4.714629e+00 
-1.035890e+01 4.814976e+00 
-1.032658e+01 4.915326e+00 
-1.029345e+01 5.015678e+00 
-1.025949e+01 5.116029e+00 
-1.022469e+01 5.216380e+00 
-1.018906e+01 5.316730e+00 
-1.015259e+01 5.417080e+00 
-1.011527e+01 5.517429e+00 
-1.007710e+01 5.617777e+00 
-1.003807e+01 5.718125e+00 
-9.998177e+00 5.818473e+00 
-9.957413e+00 5.918819e+00 
-9.915772e+00 6.019165e+00 
-9.873249e+00 6.119509e+00 
-9.829839e+00 6.219853e+00 
-9.785535e+00 6.320196e+00 
-9.740271e+00 6.420557e+00 
-9.693840e+00 6.520984e+00 
-9.646153e+00 6.621442e+00 
-9.597202e+00 6.721903e+00 
-9.546963e+00 6.822365e+00 
-9.495412e+00 6.922828e+00 
-9.442524e+00 7.023292e+00 
-9.388275e+00 7.123758e+00 
-9.332635e+00 7.224225e+00 
-9.275571e+00 7.324695e+00 
-9.217025e+00 7.425173e+00 
-9.156939e+00 7.525661e+00 
-9.095226e+00 7.626165e+00 
-9.031852e+00 7.726670e+00 
-8.966778e+00 7.827176e+00 
-8.899955e+00 7.927684e+00 
-8.831334e+00 8.028194e+00 
-8.760865e+00 8.128705e+00 
-8.688489e+00 8.229218e+00 
-8.614144e+00 8.329734e+00 
-8.537767e+00 8.430251e+00 
-8.459288e+00 8.530771e+00 
-8.378624e+00 8.631294e+00 
-8.295694e+00 8.731820e+00 
-8.210406e+00 8.832348e+00 
-8.122661e+00 8.932880e+00 
-8.032349e+00 9.033415e+00 
-7.939349e+00 9.133954e+00 
-7.843525e+00 9.234497e+00 
-7.744608e+00 9.335063e+00 
-7.643763e+00 9.432830e+00 
-7.542881e+00 9.525990e+00 
-7.441985e+00 9.614753e+00 
-7.341075e+00 9.699323e+00 
-7.240150e+00 9.779878e+00 
-7.139207e+00 9.856573e+00 
-7.038247e+00 9.929543e+00 
-6.937269e+00 9.998909e+00 
-6.836271e+00 1.006478e+01 
-6.735253e+00 1.012724e+01 
-6.634213e+00 1.018637e+01 
-6.533153e+00 1.024225e+01 
-6.432070e+00 1.029495e+01 
-6.330960e+00 1.034450e+01 
-6.229817e+00 1.039093e+01 
-6.128427e+00 1.043380e+01 
-6.026796e+00 1.047264e+01 
-5.924149e+00 1.050544e+01 
-5.820450e+00 1.053007e+01 
-5.716772e+00 1.054660e+01 
-5.613195e+00 1.055553e+01 
-5.509803e+00 1.055739e+01 
-5.406474e+00 1.055235e+01 
-5.303184e+00 1.054044e+01 
-5.200049e+00 1.052185e+01 
-5.097063e+00 1.049671e+01 
-4.994196e+00 1.046501e+01 
-4.891446e+00 1.042666e+01 
-4.788805e+00 1.038153e+01 
-4.686271e+00 1.032940e+01 
-4.583012e+00 1.026686e+01 
-4.478590e+00 1.018737e+01 
-4.374537e+00 1.008898e+01 
-4.284527e+00 9.985457e+00 
-4.208178e+00 9.882440e+00 
-4.141592e+00 9.779917e+00 
-4.082416e+00 9.677752e+00 
-4.029147e+00 9.575863e+00 
-3.980533e+00 9.474288e+00 
-3.935669e+00 9.372946e+00 
-3.893971e+00 9.271758e+00 
-3.855022e+00 9.170689e+00 
-3.818481e+00 9.069726e+00 
-3.784104e+00 8.968838e+00 
-3.751677e+00 8.868021e+00 
-3.721025e+00 8.767265e+00 
-3.692017e+00 8.666551e+00 
-3.664455e+00 8.565922e+00 
-3.638060e+00 8.465414e+00 
-3.612723e+00 8.364940e+00 
-3.588379e+00 8.264491e+00 
-3.565007e+00 8.164045e+00 
-3.542558e+00 8.063622e+00 
-3.520985e+00 7.963218e+00 
-3.500255e+00 7.862826e+00 
-3.480335e+00 7.762447e+00 
-3.461192e+00 7.662082e+00 
-3.442800e+00 7.561728e+00 
-3.425132e+00 7.461385e+00 
-3.408132e+00 7.361069e+00 
-3.391665e+00 7.260819e+00 
-3.375598e+00 7.160632e+00 
-3.359889e+00 7.060461e+00 
-3.344771e+00 6.960168e+00 
-3.330385e+00 6.859809e+00 
-3.316556e+00 6.759546e+00 
-3.303197e+00 6.659321e+00 
-3.290170e+00 6.559164e+00 
-3.277482e+00 6.458999e+00 
-3.265070e+00 6.358865e+00 
-3.252889e+00 6.258755e+00 
-3.241079e+00 6.158568e+00 
-3.229649e+00 6.058382e+00 
-3.218604e+00 5.958194e+00 
-3.207891e+00 5.858033e+00 
-3.197419e+00 5.757916e+00 
-3.187145e+00 5.657820e+00 
-3.177019e+00 5.557749e+00 
-3.166998e+00 5.457698e+00 
-3.157094e+00 5.357640e+00 
-3.147330e+00 5.257571e+00 
-3.137729e+00 5.157490e+00 
-3.128313e+00 5.057398e+00 
-3.119106e+00 4.957294e+00 
-3.110132e+00 4.857179e+00 
-3.101432e+00 4.757043e+00 
-3.093037e+00 4.656892e+00 
-3.084875e+00 4.556778e+00 
-3.076868e+00 4.456703e+00 
-3.069025e+00 4.356621e+00 
-3.061376e+00 4.256525e+00 
-3.053940e+00 4.156419e+00 
-3.046702e+00 4.056321e+00 
-3.039634e+00 3.956237e+00 
-3.032694e+00 3.856174e+00 
-3.025822e+00 3.756142e+00 
-3.018986e+00 3.656124e+00 
-3.012311e+00 3.556043e+00 
-3.005907e+00 3.455906e+00 
-2.999736e+00 3.355791e+00 
-2.993658e+00 3.255747e+00 
-2.987354e+00 3.155864e+00 
-2.980881e+00 3.055947e+00 
-2.974603e+00 2.955844e+00 
-2.968623e+00 2.855695e+00 
-2.962916e+00 2.755560e+00 
-2.957450e+00 2.655440e+00 
-3.057301e+00 2.649990e+00 
