-2.145235e+00 5.970701e+00 
-2.153073e+00 6.070686e+00 
-2.160937e+00 6.170632e+00 
-2.168904e+00 6.270479e+00 
-2.177177e+00 6.370309e+00 
-2.185797e+00 6.470179e+00 
-2.194681e+00 6.570060e+00 
-2.203810e+00 6.669988e+00 
-2.213089e+00 6.769955e+00 
-2.222434e+00 6.869940e+00 
-2.231811e+00 6.969932e+00 
-2.241197e+00 7.069840e+00 
-2.250765e+00 7.169720e+00 
-2.260578e+00 7.269602e+00 
-2.270631e+00 7.369486e+00 
-2.280916e+00 7.469355e+00 
-2.291468e+00 7.569217e+00 
-2.302301e+00 7.669089e+00 
-2.313392e+00 7.768945e+00 
-2.324785e+00 7.868884e+00 
-2.336314e+00 7.968920e+00 
-2.347754e+00 8.068819e+00 
-2.359390e+00 8.168641e+00 
-2.371390e+00 8.268466e+00 
-2.383748e+00 8.368285e+00 
-2.396475e+00 8.468113e+00 
-2.409556e+00 8.567947e+00 
-2.422977e+00 8.667783e+00 
-2.436733e+00 8.767622e+00 
-2.450822e+00 8.867456e+00 
-2.465251e+00 8.967292e+00 
-2.480054e+00 9.067355e+00 
-2.494685e+00 9.167146e+00 
-2.509731e+00 9.266841e+00 
-2.525412e+00 9.366562e+00 
-2.541673e+00 9.466299e+00 
-2.558484e+00 9.566050e+00 
-2.575817e+00 9.665817e+00 
-2.593640e+00 9.765599e+00 
-2.611921e+00 9.865396e+00 
-2.630632e+00 9.965206e+00 
-2.649737e+00 1.006498e+01 
-2.669307e+00 1.016475e+01 
-2.689355e+00 1.026449e+01 
-2.709959e+00 1.036424e+01 
-2.731105e+00 1.046400e+01 
-2.752754e+00 1.056369e+01 
-2.775067e+00 1.066336e+01 
-2.798078e+00 1.076302e+01 
-2.821812e+00 1.086268e+01 
-2.846272e+00 1.096224e+01 
-2.871675e+00 1.106176e+01 
-2.898126e+00 1.116124e+01 
-2.925714e+00 1.126067e+01 
-2.954632e+00 1.136030e+01 
-2.984364e+00 1.145982e+01 
-3.015144e+00 1.155927e+01 
-3.047185e+00 1.165867e+01 
-3.080604e+00 1.175802e+01 
-3.115521e+00 1.185732e+01 
-3.152077e+00 1.195656e+01 
-3.190455e+00 1.205573e+01 
-3.230829e+00 1.215475e+01 
-3.273629e+00 1.225370e+01 
-3.319151e+00 1.235261e+01 
-3.367531e+00 1.245137e+01 
-3.419292e+00 1.255003e+01 
-3.474903e+00 1.264859e+01 
-3.534857e+00 1.274705e+01 
-3.599760e+00 1.284536e+01 
-3.670484e+00 1.294348e+01 
-3.748268e+00 1.304139e+01 
-3.835479e+00 1.313960e+01 
-3.931950e+00 1.323803e+01 
-4.030186e+00 1.332968e+01 
-4.128273e+00 1.341289e+01 
-4.226279e+00 1.348808e+01 
-4.324943e+00 1.355628e+01 
-4.423582e+00 1.361988e+01 
-4.522182e+00 1.367907e+01 
-4.620746e+00 1.373398e+01 
-4.719276e+00 1.378474e+01 
-4.817774e+00 1.383147e+01 
-4.916242e+00 1.387426e+01 
-5.014685e+00 1.391321e+01 
-5.113100e+00 1.394841e+01 
-5.211491e+00 1.397994e+01 
-5.309859e+00 1.400785e+01 
-5.408264e+00 1.403220e+01 
-5.507081e+00 1.405325e+01 
-5.606418e+00 1.407190e+01 
-5.705750e+00 1.408916e+01 
-5.805045e+00 1.410504e+01 
-5.904308e+00 1.411946e+01 
-6.003547e+00 1.413238e+01 
-6.102763e+00 1.414375e+01 
-6.201966e+00 1.415354e+01 
-6.301163e+00 1.416172e+01 
-6.400354e+00 1.416830e+01 
-6.499540e+00 1.417327e+01 
-6.598722e+00 1.417661e+01 
-6.697900e+00 1.417833e+01 
-6.797076e+00 1.417843e+01 
-6.896249e+00 1.417688e+01 
-6.995420e+00 1.417370e+01 
-7.094590e+00 1.416886e+01 
-7.193760e+00 1.416237e+01 
-7.292931e+00 1.415423e+01 
-7.392104e+00 1.414442e+01 
-7.491278e+00 1.413293e+01 
-7.590454e+00 1.411977e+01 
-7.689634e+00 1.410493e+01 
-7.788818e+00 1.408840e+01 
-7.888006e+00 1.407018e+01 
-7.987199e+00 1.405025e+01 
-8.086399e+00 1.402861e+01 
-8.185604e+00 1.400526e+01 
-8.284816e+00 1.398019e+01 
-8.384055e+00 1.395338e+01 
-8.483424e+00 1.392485e+01 
-8.582801e+00 1.389489e+01 
-8.682177e+00 1.386351e+01 
-8.781662e+00 1.383066e+01 
-8.881227e+00 1.379657e+01 
-8.980787e+00 1.376146e+01 
-9.080342e+00 1.372530e+01 
-9.179891e+00 1.368807e+01 
-9.279434e+00 1.364975e+01 
-9.378972e+00 1.361030e+01 
-9.478504e+00 1.356969e+01 
-9.578030e+00 1.352792e+01 
-9.677552e+00 1.348493e+01 
-9.777068e+00 1.344071e+01 
-9.876580e+00 1.339522e+01 
-9.976087e+00 1.334843e+01 
-1.007559e+01 1.330030e+01 
-1.017509e+01 1.325081e+01 
-1.027458e+01 1.319992e+01 
-1.037407e+01 1.314758e+01 
-1.047354e+01 1.309377e+01 
-1.057300e+01 1.303840e+01 
-1.067245e+01 1.298144e+01 
-1.077189e+01 1.292276e+01 
-1.087132e+01 1.286235e+01 
-1.097074e+01 1.280010e+01 
-1.107017e+01 1.273594e+01 
-1.116958e+01 1.266982e+01 
-1.126902e+01 1.260165e+01 
-1.136857e+01 1.253139e+01 
-1.146814e+01 1.245944e+01 
-1.156774e+01 1.238583e+01 
-1.166735e+01 1.231066e+01 
-1.176692e+01 1.223396e+01 
-1.186649e+01 1.215554e+01 
-1.196607e+01 1.207535e+01 
-1.206564e+01 1.199333e+01 
-1.216521e+01 1.190944e+01 
-1.226479e+01 1.182362e+01 
-1.236436e+01 1.173582e+01 
-1.246394e+01 1.164597e+01 
-1.256351e+01 1.155402e+01 
-1.266309e+01 1.145991e+01 
-1.276267e+01 1.136356e+01 
-1.286225e+01 1.126490e+01 
-1.296044e+01 1.116531e+01 
-1.305639e+01 1.106572e+01 
-1.315017e+01 1.096613e+01 
-1.324188e+01 1.086654e+01 
-1.333157e+01 1.076695e+01 
-1.341933e+01 1.066735e+01 
-1.350522e+01 1.056775e+01 
-1.358928e+01 1.046815e+01 
-1.367160e+01 1.036855e+01 
-1.375221e+01 1.026894e+01 
-1.383117e+01 1.016933e+01 
-1.390853e+01 1.006972e+01 
-1.398439e+01 9.970059e+00 
-1.405892e+01 9.870383e+00 
-1.413220e+01 9.770710e+00 
-1.420424e+01 9.671040e+00 
-1.427506e+01 9.571374e+00 
-1.434466e+01 9.471711e+00 
-1.441304e+01 9.372051e+00 
-1.448022e+01 9.272395e+00 
-1.454621e+01 9.172742e+00 
-1.461101e+01 9.073093e+00 
-1.467464e+01 8.973447e+00 
-1.473709e+01 8.873805e+00 
-1.479839e+01 8.774144e+00 
-1.485861e+01 8.674463e+00 
-1.491783e+01 8.574783e+00 
-1.497605e+01 8.475103e+00 
-1.503329e+01 8.375423e+00 
-1.508955e+01 8.275743e+00 
-1.514486e+01 8.176064e+00 
-1.519921e+01 8.076384e+00 
-1.525263e+01 7.976704e+00 
-1.530511e+01 7.877025e+00 
-1.535669e+01 7.777344e+00 
-1.540735e+01 7.677664e+00 
-1.545713e+01 7.577983e+00 
-1.550602e+01 7.478302e+00 
-1.555403e+01 7.378620e+00 
-1.560119e+01 7.278937e+00 
-1.564749e+01 7.179254e+00 
-1.569295e+01 7.079569e+00 
-1.573758e+01 6.979884e+00 
-1.578139e+01 6.880198e+00 
-1.582439e+01 6.780511e+00 
-1.586658e+01 6.680822e+00 
-1.590798e+01 6.581133e+00 
-1.594861e+01 6.481442e+00 
-1.598845e+01 6.381750e+00 
-1.602754e+01 6.282057e+00 
-1.606587e+01 6.182362e+00 
-1.610346e+01 6.082666e+00 
-1.614030e+01 5.982970e+00 
-1.617641e+01 5.883300e+00 
-1.621173e+01 5.783642e+00 
-1.624623e+01 5.683986e+00 
-1.627993e+01 5.584330e+00 
-1.631282e+01 5.484674e+00 
-1.634492e+01 5.384997e+00 
-1.637628e+01 5.285295e+00 
-1.640696e+01 5.185592e+00 
-1.643696e+01 5.085889e+00 
-1.646629e+01 4.986186e+00 
-1.649495e+01 4.886483e+00 
-1.652295e+01 4.786779e+00 
-1.655029e+01 4.687077e+00 
-1.657696e+01 4.587375e+00 
-1.660298e+01 4.487671e+00 
-1.662835e+01 4.387967e+00 
-1.665307e+01 4.288264e+00 
-1.667715e+01 4.188560e+00 
-1.670058e+01 4.088857e+00 
-1.672338e+01 3.989153e+00 
-1.674554e+01 3.889446e+00 
-1.676707e+01 3.789738e+00 
-1.678798e+01 3.690030e+00 
-1.680827e+01 3.590321e+00 
-1.682794e+01 3.490612e+00 
-1.684700e+01 3.390903e+00 
-1.686545e+01 3.291193e+00 
-1.688330e+01 3.191483e+00 
-1.690053e+01 3.091773e+00 
-1.691717e+01 2.992062e+00 
-1.693320e+01 2.892351e+00 
-1.694864e+01 2.792640e+00 
-1.696348e+01 2.692928e+00 
-1.697773e+01 2.593215e+00 
-1.699138e+01 2.493503e+00 
-1.700445e+01 2.393790e+00 
-1.701693e+01 2.294076e+00 
-1.702883e+01 2.194363e+00 
-1.704015e+01 2.094648e+00 
-1.705088e+01 1.994934e+00 
-1.706104e+01 1.895219e+00 
-1.707062e+01 1.795503e+00 
-1.707963e+01 1.695787e+00 
-1.708806e+01 1.596071e+00 
-1.709592e+01 1.496354e+00 
-1.710321e+01 1.396637e+00 
-1.710993e+01 1.296919e+00 
-1.711609e+01 1.197200e+00 
-1.712168e+01 1.097459e+00 
-1.712676e+01 9.976971e-01 
-1.713136e+01 8.979355e-01 
-1.713549e+01 7.981743e-01 
-1.713913e+01 6.984202e-01 
-1.723908e+01 7.015798e-01 
-1.723542e+01 8.018257e-01 
-1.723128e+01 9.020645e-01 
-1.722666e+01 1.002303e+00 
-1.722156e+01 1.102541e+00 
-1.721593e+01 1.202800e+00 
-1.720974e+01 1.303081e+00 
-1.720298e+01 1.403363e+00 
-1.719565e+01 1.503646e+00 
-1.718775e+01 1.603929e+00 
-1.717927e+01 1.704213e+00 
-1.717022e+01 1.804497e+00 
-1.716058e+01 1.904781e+00 
-1.715037e+01 2.005066e+00 
-1.713957e+01 2.105352e+00 
-1.712820e+01 2.205637e+00 
-1.711623e+01 2.305924e+00 
-1.710368e+01 2.406210e+00 
-1.709054e+01 2.506497e+00 
-1.707680e+01 2.606785e+00 
-1.706247e+01 2.707072e+00 
-1.704755e+01 2.807360e+00 
-1.703202e+01 2.907649e+00 
-1.701590e+01 3.007938e+00 
-1.699917e+01 3.108227e+00 
-1.698184e+01 3.208517e+00 
-1.696389e+01 3.308807e+00 
-1.694534e+01 3.409097e+00 
-1.692617e+01 3.509388e+00 
-1.690638e+01 3.609679e+00 
-1.688597e+01 3.709970e+00 
-1.686494e+01 3.810262e+00 
-1.684329e+01 3.910554e+00 
-1.682100e+01 4.010847e+00 
-1.679807e+01 4.111143e+00 
-1.677450e+01 4.211440e+00 
-1.675028e+01 4.311736e+00 
-1.672541e+01 4.412033e+00 
-1.669990e+01 4.512329e+00 
-1.667372e+01 4.612625e+00 
-1.664689e+01 4.712923e+00 
-1.661939e+01 4.813221e+00 
-1.659123e+01 4.913517e+00 
-1.656240e+01 5.013814e+00 
-1.653290e+01 5.114111e+00 
-1.650272e+01 5.214408e+00 
-1.647186e+01 5.314705e+00 
-1.644031e+01 5.415003e+00 
-1.640800e+01 5.515326e+00 
-1.637489e+01 5.615670e+00 
-1.634096e+01 5.716014e+00 
-1.630623e+01 5.816358e+00 
-1.627067e+01 5.916700e+00 
-1.623433e+01 6.017030e+00 
-1.619725e+01 6.117334e+00 
-1.615944e+01 6.217638e+00 
-1.612088e+01 6.317943e+00 
-1.608156e+01 6.418250e+00 
-1.604146e+01 6.518558e+00 
-1.600059e+01 6.618867e+00 
-1.595893e+01 6.719178e+00 
-1.591648e+01 6.819489e+00 
-1.587321e+01 6.919802e+00 
-1.582913e+01 7.020116e+00 
-1.578422e+01 7.120431e+00 
-1.573848e+01 7.220746e+00 
-1.569188e+01 7.321063e+00 
-1.564443e+01 7.421380e+00 
-1.559611e+01 7.521698e+00 
-1.554691e+01 7.622017e+00 
-1.549682e+01 7.722336e+00 
-1.544583e+01 7.822656e+00 
-1.539393e+01 7.922975e+00 
-1.534111e+01 8.023296e+00 
-1.528735e+01 8.123616e+00 
-1.523265e+01 8.223936e+00 
-1.517700e+01 8.324257e+00 
-1.512037e+01 8.424577e+00 
-1.506277e+01 8.524897e+00 
-1.500418e+01 8.625217e+00 
-1.494458e+01 8.725537e+00 
-1.488398e+01 8.825856e+00 
-1.482226e+01 8.926195e+00 
-1.475937e+01 9.026553e+00 
-1.469530e+01 9.126907e+00 
-1.463005e+01 9.227258e+00 
-1.456360e+01 9.327605e+00 
-1.449596e+01 9.427949e+00 
-1.442711e+01 9.528289e+00 
-1.435705e+01 9.628626e+00 
-1.428576e+01 9.728960e+00 
-1.421324e+01 9.829290e+00 
-1.413948e+01 9.929617e+00 
-1.406448e+01 1.002994e+01 
-1.398810e+01 1.013028e+01 
-1.391015e+01 1.023067e+01 
-1.383057e+01 1.033106e+01 
-1.374933e+01 1.043145e+01 
-1.366637e+01 1.053185e+01 
-1.358163e+01 1.063225e+01 
-1.349507e+01 1.073265e+01 
-1.340661e+01 1.083305e+01 
-1.331619e+01 1.093346e+01 
-1.322374e+01 1.103387e+01 
-1.312919e+01 1.113428e+01 
-1.303246e+01 1.123469e+01 
-1.293346e+01 1.133510e+01 
-1.283305e+01 1.143460e+01 
-1.273263e+01 1.153177e+01 
-1.263220e+01 1.162670e+01 
-1.253178e+01 1.171944e+01 
-1.243135e+01 1.181006e+01 
-1.233093e+01 1.189863e+01 
-1.223050e+01 1.198519e+01 
-1.213007e+01 1.206981e+01 
-1.202965e+01 1.215254e+01 
-1.192922e+01 1.223342e+01 
-1.182879e+01 1.231252e+01 
-1.172837e+01 1.238988e+01 
-1.162798e+01 1.246565e+01 
-1.152758e+01 1.253986e+01 
-1.142714e+01 1.261244e+01 
-1.132669e+01 1.268334e+01 
-1.122613e+01 1.275229e+01 
-1.112555e+01 1.281920e+01 
-1.102497e+01 1.288412e+01 
-1.092439e+01 1.294711e+01 
-1.082382e+01 1.300822e+01 
-1.072327e+01 1.306756e+01 
-1.062271e+01 1.312517e+01 
-1.052218e+01 1.318114e+01 
-1.042165e+01 1.323553e+01 
-1.032114e+01 1.328842e+01 
-1.022063e+01 1.333984e+01 
-1.012013e+01 1.338984e+01 
-1.001963e+01 1.343845e+01 
-9.919135e+00 1.348571e+01 
-9.818647e+00 1.353165e+01 
-9.718163e+00 1.357631e+01 
-9.617685e+00 1.361972e+01 
-9.517211e+00 1.366190e+01 
-9.416744e+00 1.370289e+01 
-9.316281e+00 1.374271e+01 
-9.215824e+00 1.378139e+01 
-9.115373e+00 1.381897e+01 
-9.014928e+00 1.385545e+01 
-8.914488e+00 1.389088e+01 
-8.814053e+00 1.392527e+01 
-8.713538e+00 1.395847e+01 
-8.612914e+00 1.399025e+01 
-8.512291e+00 1.402059e+01 
-8.411660e+00 1.404950e+01 
-8.310899e+00 1.407673e+01 
-8.210111e+00 1.410221e+01 
-8.109316e+00 1.412595e+01 
-8.008516e+00 1.414795e+01 
-7.907709e+00 1.416821e+01 
-7.806897e+00 1.418675e+01 
-7.706081e+00 1.420357e+01 
-7.605261e+00 1.421867e+01 
-7.504437e+00 1.423206e+01 
-7.403612e+00 1.424375e+01 
-7.302784e+00 1.425374e+01 
-7.201955e+00 1.426204e+01 
-7.101125e+00 1.426865e+01 
-7.000295e+00 1.427358e+01 
-6.899467e+00 1.427683e+01 
-6.798640e+00 1.427841e+01 
-6.697815e+00 1.427833e+01 
-6.596993e+00 1.427660e+01 
-6.496175e+00 1.427321e+01 
-6.395361e+00 1.426818e+01 
-6.294552e+00 1.426150e+01 
-6.193749e+00 1.425320e+01 
-6.092952e+00 1.424327e+01 
-5.992168e+00 1.423173e+01 
-5.891407e+00 1.421863e+01 
-5.790671e+00 1.420400e+01 
-5.689965e+00 1.418791e+01 
-5.589297e+00 1.417042e+01 
-5.488635e+00 1.415153e+01 
-5.387451e+00 1.413001e+01 
-5.285856e+00 1.410492e+01 
-5.184224e+00 1.407615e+01 
-5.082615e+00 1.404365e+01 
-4.981030e+00 1.400738e+01 
-4.879473e+00 1.396725e+01 
-4.777941e+00 1.392319e+01 
-4.676439e+00 1.387510e+01 
-4.574969e+00 1.382289e+01 
-4.473533e+00 1.376644e+01 
-4.372133e+00 1.370563e+01 
-4.270772e+00 1.364033e+01 
-4.169436e+00 1.357035e+01 
-4.067442e+00 1.349226e+01 
-3.965530e+00 1.340596e+01 
-3.863765e+00 1.331118e+01 
-3.764084e+00 1.320962e+01 
-3.673526e+00 1.310783e+01 
-3.592223e+00 1.300573e+01 
-3.518661e+00 1.290386e+01 
-3.451423e+00 1.280217e+01 
-3.389508e+00 1.270063e+01 
-3.332210e+00 1.259919e+01 
-3.278988e+00 1.249785e+01 
-3.229355e+00 1.239661e+01 
-3.182794e+00 1.229552e+01 
-3.139053e+00 1.219446e+01 
-3.097860e+00 1.209349e+01 
-3.058820e+00 1.199266e+01 
-3.021688e+00 1.189189e+01 
-2.986268e+00 1.179120e+01 
-2.952405e+00 1.169055e+01 
-2.919968e+00 1.158995e+01 
-2.888836e+00 1.148939e+01 
-2.858817e+00 1.138892e+01 
-2.829679e+00 1.128855e+01 
-2.801767e+00 1.118798e+01 
-2.775034e+00 1.108746e+01 
-2.749380e+00 1.098698e+01 
-2.724700e+00 1.088654e+01 
-2.700799e+00 1.078619e+01 
-2.677631e+00 1.068586e+01 
-2.655169e+00 1.058553e+01 
-2.633383e+00 1.048522e+01 
-2.612133e+00 1.038498e+01 
-2.591422e+00 1.028472e+01 
-2.571268e+00 1.018446e+01 
-2.551607e+00 1.008423e+01 
-2.532416e+00 9.984012e+00 
-2.513633e+00 9.883822e+00 
-2.495277e+00 9.783618e+00 
-2.477375e+00 9.683400e+00 
-2.459960e+00 9.583167e+00 
-2.443064e+00 9.482918e+00 
-2.426715e+00 9.382655e+00 
-2.410945e+00 9.282376e+00 
-2.395805e+00 9.182071e+00 
-2.381111e+00 9.081862e+00 
-2.366328e+00 8.981925e+00 
-2.351850e+00 8.881761e+00 
-2.337715e+00 8.781595e+00 
-2.323913e+00 8.681434e+00 
-2.310447e+00 8.581270e+00 
-2.297323e+00 8.481104e+00 
-2.284551e+00 8.380932e+00 
-2.272148e+00 8.280752e+00 
-2.260105e+00 8.180577e+00 
-2.248427e+00 8.080398e+00 
-2.236964e+00 7.980297e+00 
-2.225442e+00 7.880333e+00 
-2.214035e+00 7.780272e+00 
-2.202912e+00 7.680128e+00 
-2.192051e+00 7.580001e+00 
-2.181470e+00 7.479863e+00 
-2.171157e+00 7.379731e+00 
-2.161081e+00 7.279615e+00 
-2.151244e+00 7.179497e+00 
-2.141653e+00 7.079377e+00 
-2.132249e+00 6.979285e+00 
-2.122871e+00 6.879277e+00 
-2.113523e+00 6.779262e+00 
-2.104238e+00 6.679230e+00 
-2.095095e+00 6.579158e+00 
-2.086190e+00 6.479038e+00 
-2.077548e+00 6.378908e+00 
-2.069246e+00 6.278738e+00 
-2.061254e+00 6.178586e+00 
-2.053381e+00 6.078531e+00 
-2.045541e+00 5.978516e+00 
-2.145235e+00 5.970701e+00 
