3.936457e+00 5.638010e-01 
3.941163e+00 6.636598e-01 
3.946151e+00 7.635047e-01 
3.951452e+00 8.633761e-01 
3.957020e+00 9.634233e-01 
3.962487e+00 1.063340e+00 
3.968112e+00 1.163105e+00 
3.974211e+00 1.262925e+00 
3.980676e+00 1.362784e+00 
3.987423e+00 1.462643e+00 
3.994454e+00 1.562521e+00 
4.001734e+00 1.662419e+00 
4.009220e+00 1.762327e+00 
4.016891e+00 1.862247e+00 
4.024726e+00 1.962177e+00 
4.032701e+00 2.062093e+00 
4.040840e+00 2.161947e+00 
4.049266e+00 2.261720e+00 
4.058146e+00 2.361450e+00 
4.067570e+00 2.461178e+00 
4.077548e+00 2.560938e+00 
4.088016e+00 2.660715e+00 
4.098936e+00 2.760507e+00 
4.110282e+00 2.860308e+00 
4.122034e+00 2.960118e+00 
4.134173e+00 3.059930e+00 
4.146696e+00 3.159744e+00 
4.159599e+00 3.259559e+00 
4.172871e+00 3.359291e+00 
4.186689e+00 3.459007e+00 
4.201099e+00 3.558766e+00 
4.216004e+00 3.658520e+00 
4.231411e+00 3.758250e+00 
4.247375e+00 3.857955e+00 
4.263944e+00 3.957631e+00 
4.281180e+00 4.057256e+00 
4.299185e+00 4.156818e+00 
4.318090e+00 4.256288e+00 
4.338104e+00 4.355728e+00 
4.359298e+00 4.455144e+00 
4.381725e+00 4.554503e+00 
4.405514e+00 4.653796e+00 
4.430817e+00 4.753012e+00 
4.457764e+00 4.851968e+00 
4.487009e+00 4.950847e+00 
4.518778e+00 5.049683e+00 
4.553276e+00 5.148595e+00 
4.590269e+00 5.247276e+00 
4.630369e+00 5.345697e+00 
4.674322e+00 5.443821e+00 
4.723027e+00 5.541529e+00 
4.777808e+00 5.638574e+00 
4.841060e+00 5.734647e+00 
4.917449e+00 5.829546e+00 
5.011405e+00 5.917766e+00 
5.103539e+00 5.981057e+00 
5.193861e+00 6.021950e+00 
5.283222e+00 6.042252e+00 
5.372954e+00 6.043012e+00 
5.464146e+00 6.024414e+00 
5.557200e+00 5.986264e+00 
5.652617e+00 5.927949e+00 
5.750043e+00 5.852000e+00 
5.848085e+00 5.764329e+00 
5.946460e+00 5.666296e+00 
6.036320e+00 5.567894e+00 
6.118808e+00 5.469480e+00 
6.194741e+00 5.371003e+00 
6.264930e+00 5.272462e+00 
6.330022e+00 5.173866e+00 
6.390531e+00 5.075218e+00 
6.446884e+00 4.976514e+00 
6.499449e+00 4.877762e+00 
6.548533e+00 4.778956e+00 
6.594538e+00 4.679822e+00 
6.638355e+00 4.580491e+00 
6.680483e+00 4.481088e+00 
6.721108e+00 4.381672e+00 
6.760285e+00 4.282245e+00 
6.798056e+00 4.182820e+00 
6.834434e+00 4.083404e+00 
6.869424e+00 3.983974e+00 
6.903077e+00 3.884528e+00 
6.935447e+00 3.785064e+00 
6.966589e+00 3.685584e+00 
6.996549e+00 3.586092e+00 
7.025367e+00 3.486588e+00 
7.053079e+00 3.387070e+00 
7.079724e+00 3.287543e+00 
7.105331e+00 3.188008e+00 
7.129926e+00 3.088464e+00 
7.153536e+00 2.988908e+00 
7.176190e+00 2.889346e+00 
7.197906e+00 2.789779e+00 
7.218702e+00 2.690205e+00 
7.238596e+00 2.590626e+00 
7.257605e+00 2.491040e+00 
7.275747e+00 2.391449e+00 
7.293037e+00 2.291851e+00 
7.309491e+00 2.192253e+00 
7.325106e+00 2.092707e+00 
7.339780e+00 1.993197e+00 
7.353456e+00 1.893637e+00 
7.366236e+00 1.794051e+00 
7.378171e+00 1.694472e+00 
7.389248e+00 1.594902e+00 
7.399455e+00 1.495339e+00 
7.408778e+00 1.395783e+00 
7.417206e+00 1.296234e+00 
7.424726e+00 1.196693e+00 
7.431327e+00 1.097158e+00 
7.436996e+00 9.976291e-01 
7.441724e+00 8.980822e-01 
7.541650e+00 9.019178e-01 
7.536883e+00 1.002371e+00 
7.531165e+00 1.102842e+00 
7.524507e+00 1.203307e+00 
7.516922e+00 1.303766e+00 
7.508422e+00 1.404217e+00 
7.499020e+00 1.504661e+00 
7.488727e+00 1.605098e+00 
7.477558e+00 1.705528e+00 
7.465526e+00 1.805949e+00 
7.452643e+00 1.906363e+00 
7.438850e+00 2.006803e+00 
7.424036e+00 2.107293e+00 
7.408283e+00 2.207747e+00 
7.391700e+00 2.308149e+00 
7.374273e+00 2.408551e+00 
7.355987e+00 2.508960e+00 
7.336823e+00 2.609374e+00 
7.316765e+00 2.709795e+00 
7.295794e+00 2.810221e+00 
7.273893e+00 2.910654e+00 
7.251044e+00 3.011092e+00 
7.227228e+00 3.111536e+00 
7.202413e+00 3.211992e+00 
7.176571e+00 3.312457e+00 
7.149677e+00 3.412930e+00 
7.121702e+00 3.513412e+00 
7.092602e+00 3.613908e+00 
7.062342e+00 3.714416e+00 
7.030882e+00 3.814936e+00 
6.998169e+00 3.915472e+00 
6.964148e+00 4.016026e+00 
6.928765e+00 4.116596e+00 
6.891968e+00 4.217180e+00 
6.853768e+00 4.317755e+00 
6.814147e+00 4.418328e+00 
6.773054e+00 4.518912e+00 
6.730429e+00 4.619509e+00 
6.686034e+00 4.720178e+00 
6.639245e+00 4.821044e+00 
6.589014e+00 4.922238e+00 
6.535166e+00 5.023486e+00 
6.477384e+00 5.124782e+00 
6.415275e+00 5.226134e+00 
6.348396e+00 5.327538e+00 
6.276207e+00 5.428997e+00 
6.198017e+00 5.530520e+00 
6.112980e+00 5.632106e+00 
6.020326e+00 5.733704e+00 
5.918701e+00 5.835135e+00 
5.816743e+00 5.926506e+00 
5.714170e+00 6.006760e+00 
5.609586e+00 6.071444e+00 
5.502640e+00 6.116708e+00 
5.393832e+00 6.140808e+00 
5.283564e+00 6.142252e+00 
5.172925e+00 6.119734e+00 
5.063247e+00 6.072581e+00 
4.955381e+00 6.000599e+00 
4.849337e+00 5.902763e+00 
4.763413e+00 5.797663e+00 
4.694398e+00 5.693736e+00 
4.635997e+00 5.590781e+00 
4.584852e+00 5.488489e+00 
4.539123e+00 5.386613e+00 
4.497671e+00 5.285033e+00 
4.459646e+00 5.183715e+00 
4.424360e+00 5.082627e+00 
4.391811e+00 4.981462e+00 
4.361874e+00 4.880342e+00 
4.334334e+00 4.779298e+00 
4.308617e+00 4.678514e+00 
4.284478e+00 4.577807e+00 
4.261753e+00 4.477166e+00 
4.240302e+00 4.376582e+00 
4.220057e+00 4.276022e+00 
4.200944e+00 4.175492e+00 
4.182776e+00 4.075054e+00 
4.165408e+00 3.974679e+00 
4.148728e+00 3.874355e+00 
4.132669e+00 3.774060e+00 
4.117176e+00 3.673789e+00 
4.102197e+00 3.573544e+00 
4.087716e+00 3.473303e+00 
4.073818e+00 3.373018e+00 
4.060473e+00 3.272751e+00 
4.047521e+00 3.172565e+00 
4.034951e+00 3.072379e+00 
4.022765e+00 2.972192e+00 
4.010968e+00 2.872002e+00 
3.999576e+00 2.771803e+00 
3.988609e+00 2.671594e+00 
3.978094e+00 2.571372e+00 
3.968067e+00 2.471131e+00 
3.958589e+00 2.370859e+00 
3.949660e+00 2.270589e+00 
3.941195e+00 2.170363e+00 
3.933031e+00 2.070217e+00 
3.925043e+00 1.970133e+00 
3.917197e+00 1.870063e+00 
3.909513e+00 1.769982e+00 
3.902013e+00 1.669891e+00 
3.894719e+00 1.569789e+00 
3.887670e+00 1.469666e+00 
3.880903e+00 1.369526e+00 
3.874420e+00 1.269385e+00 
3.868298e+00 1.169204e+00 
3.862646e+00 1.068970e+00 
3.857170e+00 9.688864e-01 
3.851606e+00 8.689336e-01 
3.846292e+00 7.688050e-01 
3.841287e+00 6.686499e-01 
3.836568e+00 5.685087e-01 
3.936457e+00 5.638010e-01 
