-3.000574e+00 3.474998e+00 
-3.250943e+00 3.473080e+00 
-3.501208e+00 3.469932e+00 
-3.750965e+00 3.465910e+00 
-4.001398e+00 3.462686e+00 
-4.251239e+00 3.458027e+00 
-4.501523e+00 3.453891e+00 
-4.751858e+00 3.448804e+00 
-5.002296e+00 3.442595e+00 
-5.252692e+00 3.434925e+00 
-5.502456e+00 3.425953e+00 
-5.752810e+00 3.417751e+00 
-6.003341e+00 3.408355e+00 
-6.253348e+00 3.397207e+00 
-6.503557e+00 3.386028e+00 
-6.754570e+00 3.374101e+00 
-7.004818e+00 3.358823e+00 
-7.255243e+00 3.342700e+00 
-7.505631e+00 3.325153e+00 
-7.755898e+00 3.306309e+00 
-8.007524e+00 3.286442e+00 
-8.259078e+00 3.261062e+00 
-8.510446e+00 3.230397e+00 
-8.762723e+00 3.194877e+00 
-9.014444e+00 3.151525e+00 
-9.266036e+00 3.102129e+00 
-9.518749e+00 3.046765e+00 
-9.774417e+00 2.980513e+00 
-1.003095e+01 2.891835e+00 
-1.028897e+01 2.774330e+00 
-1.054968e+01 2.614383e+00 
-1.079863e+01 2.394265e+00 
-1.104306e+01 2.185665e+00 
-1.128739e+01 2.013960e+00 
-1.153140e+01 1.873271e+00 
-1.177935e+01 1.758928e+00 
-1.203031e+01 1.652209e+00 
-1.228438e+01 1.539816e+00 
-1.253873e+01 1.408459e+00 
-1.279513e+01 1.253376e+00 
-1.305320e+01 1.058002e+00 
-1.330837e+01 8.001835e-01 
-1.350166e+01 5.417438e-01 
-1.364463e+01 2.853676e-01 
-1.375703e+01 2.950474e-02 
-1.384474e+01 -2.266893e-01 
-1.390838e+01 -4.824940e-01 
-1.395079e+01 -7.369504e-01 
-1.397761e+01 -9.907106e-01 
-1.399158e+01 -1.244620e+00 
-1.399229e+01 -1.498650e+00 
-1.397932e+01 -1.752771e+00 
-1.395225e+01 -2.006877e+00 
-1.391108e+01 -2.260095e+00 
-1.385849e+01 -2.513269e+00 
-1.379434e+01 -2.766370e+00 
-1.371871e+01 -3.018857e+00 
-1.363339e+01 -3.271366e+00 
-1.353790e+01 -3.523989e+00 
-1.343131e+01 -3.776722e+00 
-1.331260e+01 -4.029557e+00 
-1.318078e+01 -4.282050e+00 
-1.303662e+01 -4.534427e+00 
-1.287979e+01 -4.786875e+00 
-1.270931e+01 -5.038901e+00 
-1.252658e+01 -5.290735e+00 
-1.233179e+01 -5.542608e+00 
-1.212378e+01 -5.794516e+00 
-1.190116e+01 -6.046454e+00 
-1.166228e+01 -6.298418e+00 
-1.141041e+01 -6.545267e+00 
-1.115869e+01 -6.775641e+00 
-1.090696e+01 -6.992227e+00 
-1.065523e+01 -7.195979e+00 
-1.040351e+01 -7.387782e+00 
-1.015181e+01 -7.568458e+00 
-9.900135e+00 -7.738769e+00 
-9.648552e+00 -7.899382e+00 
-9.397256e+00 -8.051163e+00 
-9.145980e+00 -8.196133e+00 
-8.894802e+00 -8.334585e+00 
-8.643693e+00 -8.467212e+00 
-8.392556e+00 -8.594551e+00 
-8.141230e+00 -8.716680e+00 
-7.889913e+00 -8.832783e+00 
-7.638612e+00 -8.943057e+00 
-7.387330e+00 -9.047717e+00 
-7.136068e+00 -9.146970e+00 
-6.884828e+00 -9.241015e+00 
-6.633611e+00 -9.330045e+00 
-6.382417e+00 -9.414241e+00 
-6.131247e+00 -9.493777e+00 
-5.880102e+00 -9.568819e+00 
-5.628980e+00 -9.639524e+00 
-5.378026e+00 -9.706004e+00 
-5.127102e+00 -9.768961e+00 
-4.876194e+00 -9.828544e+00 
-4.625301e+00 -9.884837e+00 
-4.374422e+00 -9.937923e+00 
-4.123557e+00 -9.987880e+00 
-3.872666e+00 -1.003479e+01 
-3.621737e+00 -1.007857e+01 
-3.370816e+00 -1.011911e+01 
-3.119903e+00 -1.015646e+01 
-2.868996e+00 -1.019065e+01 
-2.618097e+00 -1.022174e+01 
-2.367204e+00 -1.024976e+01 
-2.116317e+00 -1.027473e+01 
-1.865435e+00 -1.029670e+01 
-1.614558e+00 -1.031569e+01 
-1.363750e+00 -1.033172e+01 
-1.113004e+00 -1.034503e+01 
-8.622488e-01 -1.035584e+01 
-6.114856e-01 -1.036412e+01 
-6.080598e-01 -1.021416e+01 
-8.572967e-01 -1.020592e+01 
-1.106542e+00 -1.019517e+01 
-1.355795e+00 -1.018193e+01 
-1.604988e+00 -1.016600e+01 
-1.854111e+00 -1.014713e+01 
-2.103229e+00 -1.012530e+01 
-2.352341e+00 -1.010049e+01 
-2.601448e+00 -1.007267e+01 
-2.850549e+00 -1.004179e+01 
-3.099643e+00 -1.000783e+01 
-3.348729e+00 -9.970746e+00 
-3.597808e+00 -9.930490e+00 
-3.846879e+00 -9.887019e+00 
-4.095988e+00 -9.840435e+00 
-4.345124e+00 -9.790813e+00 
-4.594245e+00 -9.738087e+00 
-4.843351e+00 -9.682183e+00 
-5.092443e+00 -9.623020e+00 
-5.341519e+00 -9.560514e+00 
-5.590565e+00 -9.494527e+00 
-5.839444e+00 -9.424435e+00 
-6.088298e+00 -9.350057e+00 
-6.337128e+00 -9.271241e+00 
-6.585934e+00 -9.187823e+00 
-6.834717e+00 -9.099633e+00 
-7.083477e+00 -9.006492e+00 
-7.332215e+00 -8.908210e+00 
-7.580933e+00 -8.804591e+00 
-7.829632e+00 -8.695429e+00 
-8.078315e+00 -8.580512e+00 
-8.326989e+00 -8.459640e+00 
-8.575852e+00 -8.333430e+00 
-8.824743e+00 -8.201951e+00 
-9.073565e+00 -8.064771e+00 
-9.322290e+00 -7.921240e+00 
-9.570994e+00 -7.770989e+00 
-9.819410e+00 -7.612343e+00 
-1.006773e+01 -7.444237e+00 
-1.031603e+01 -7.265934e+00 
-1.056431e+01 -7.076677e+00 
-1.081258e+01 -6.875643e+00 
-1.106085e+01 -6.661945e+00 
-1.130913e+01 -6.434624e+00 
-1.155727e+01 -6.191304e+00 
-1.179229e+01 -5.943268e+00 
-1.201136e+01 -5.695206e+00 
-1.221612e+01 -5.447114e+00 
-1.240791e+01 -5.198987e+00 
-1.258789e+01 -4.950822e+00 
-1.275553e+01 -4.702848e+00 
-1.290919e+01 -4.455295e+00 
-1.305052e+01 -4.207672e+00 
-1.317961e+01 -3.960166e+00 
-1.329552e+01 -3.713000e+00 
-1.339967e+01 -3.465733e+00 
-1.349307e+01 -3.218356e+00 
-1.357659e+01 -2.970865e+00 
-1.365064e+01 -2.723352e+00 
-1.371308e+01 -2.476454e+00 
-1.376421e+01 -2.229628e+00 
-1.380419e+01 -1.982845e+00 
-1.383015e+01 -1.736951e+00 
-1.384248e+01 -1.491072e+00 
-1.384158e+01 -1.245102e+00 
-1.382784e+01 -9.990120e-01 
-1.380162e+01 -7.527722e-01 
-1.376044e+01 -5.072286e-01 
-1.369921e+01 -2.630333e-01 
-1.361517e+01 -1.922733e-02 
-1.350736e+01 2.249098e-01 
-1.337074e+01 4.685336e-01 
-1.318844e+01 7.100939e-01 
-1.294680e+01 9.522757e-01 
-1.270487e+01 1.133568e+00 
-1.246127e+01 1.280008e+00 
-1.221562e+01 1.406500e+00 
-1.196969e+01 1.515002e+00 
-1.172065e+01 1.620889e+00 
-1.146860e+01 1.737050e+00 
-1.121261e+01 1.883932e+00 
-1.095694e+01 2.062852e+00 
-1.070137e+01 2.280066e+00 
-1.045032e+01 2.502006e+00 
-1.021103e+01 2.646174e+00 
-9.969048e+00 2.755204e+00 
-9.725583e+00 2.838685e+00 
-9.481251e+00 2.901528e+00 
-9.233964e+00 2.955598e+00 
-8.985556e+00 3.004333e+00 
-8.737277e+00 3.047051e+00 
-8.489554e+00 3.081859e+00 
-8.240922e+00 3.112164e+00 
-7.992476e+00 3.137199e+00 
-7.744102e+00 3.156773e+00 
-7.494369e+00 3.175577e+00 
-7.244757e+00 3.193067e+00 
-6.995182e+00 3.209133e+00 
-6.745430e+00 3.224380e+00 
-6.496443e+00 3.236197e+00 
-6.246652e+00 3.247357e+00 
-5.996659e+00 3.258504e+00 
-5.747190e+00 3.267856e+00 
-5.497544e+00 3.276034e+00 
-5.247308e+00 3.285021e+00 
-4.997704e+00 3.292665e+00 
-4.748142e+00 3.298850e+00 
-4.498477e+00 3.303921e+00 
-4.248761e+00 3.308047e+00 
-3.998602e+00 3.312712e+00 
-3.749035e+00 3.315922e+00 
-3.498792e+00 3.319952e+00 
-3.249057e+00 3.323092e+00 
-2.999426e+00 3.325002e+00 
-3.000574e+00 3.474998e+00 
