-1.345024e+01 -3.992692e-01 
-1.344878e+01 -4.989651e-01 
-1.344672e+01 -5.986609e-01 
-1.344405e+01 -6.983568e-01 
-1.344077e+01 -7.980528e-01 
-1.343689e+01 -8.977489e-01 
-1.343240e+01 -9.974451e-01 
-1.342730e+01 -1.097142e+00 
-1.342159e+01 -1.196838e+00 
-1.341527e+01 -1.296535e+00 
-1.340835e+01 -1.396232e+00 
-1.340081e+01 -1.495929e+00 
-1.339267e+01 -1.595627e+00 
-1.338392e+01 -1.695325e+00 
-1.337456e+01 -1.795020e+00 
-1.336458e+01 -1.894728e+00 
-1.335401e+01 -1.994444e+00 
-1.334286e+01 -2.094160e+00 
-1.333113e+01 -2.193876e+00 
-1.331883e+01 -2.293593e+00 
-1.330594e+01 -2.393309e+00 
-1.329248e+01 -2.493025e+00 
-1.327843e+01 -2.592741e+00 
-1.326380e+01 -2.692457e+00 
-1.324858e+01 -2.792172e+00 
-1.323279e+01 -2.891849e+00 
-1.321632e+01 -2.991513e+00 
-1.319916e+01 -3.091176e+00 
-1.318129e+01 -3.190839e+00 
-1.316272e+01 -3.290503e+00 
-1.314344e+01 -3.390165e+00 
-1.312344e+01 -3.489828e+00 
-1.310274e+01 -3.589491e+00 
-1.308131e+01 -3.689153e+00 
-1.305917e+01 -3.788816e+00 
-1.303629e+01 -3.888479e+00 
-1.301270e+01 -3.988141e+00 
-1.298836e+01 -4.087803e+00 
-1.296330e+01 -4.187466e+00 
-1.293749e+01 -4.287128e+00 
-1.291094e+01 -4.386791e+00 
-1.288364e+01 -4.486454e+00 
-1.285559e+01 -4.586116e+00 
-1.282679e+01 -4.685779e+00 
-1.279722e+01 -4.785443e+00 
-1.276689e+01 -4.885106e+00 
-1.273580e+01 -4.984769e+00 
-1.270392e+01 -5.084433e+00 
-1.267127e+01 -5.184098e+00 
-1.263784e+01 -5.283764e+00 
-1.260362e+01 -5.383434e+00 
-1.256862e+01 -5.483105e+00 
-1.253284e+01 -5.582772e+00 
-1.249626e+01 -5.682433e+00 
-1.245887e+01 -5.782093e+00 
-1.242064e+01 -5.881749e+00 
-1.238157e+01 -5.981405e+00 
-1.234165e+01 -6.081061e+00 
-1.230086e+01 -6.180717e+00 
-1.225921e+01 -6.280373e+00 
-1.221668e+01 -6.380030e+00 
-1.217326e+01 -6.479686e+00 
-1.212895e+01 -6.579343e+00 
-1.208374e+01 -6.679000e+00 
-1.203762e+01 -6.778657e+00 
-1.199058e+01 -6.878315e+00 
-1.194262e+01 -6.977973e+00 
-1.189371e+01 -7.077632e+00 
-1.184386e+01 -7.177292e+00 
-1.179306e+01 -7.276953e+00 
-1.174130e+01 -7.376610e+00 
-1.168858e+01 -7.476223e+00 
-1.163476e+01 -7.575790e+00 
-1.157966e+01 -7.675354e+00 
-1.152326e+01 -7.774915e+00 
-1.146552e+01 -7.874475e+00 
-1.140642e+01 -7.974034e+00 
-1.134592e+01 -8.073591e+00 
-1.128400e+01 -8.173147e+00 
-1.122062e+01 -8.272703e+00 
-1.115575e+01 -8.372257e+00 
-1.108936e+01 -8.471811e+00 
-1.102141e+01 -8.571365e+00 
-1.095186e+01 -8.670918e+00 
-1.088069e+01 -8.770472e+00 
-1.080783e+01 -8.870025e+00 
-1.073327e+01 -8.969579e+00 
-1.065695e+01 -9.069134e+00 
-1.057884e+01 -9.168689e+00 
-1.049888e+01 -9.268246e+00 
-1.041703e+01 -9.367804e+00 
-1.033324e+01 -9.467363e+00 
-1.024746e+01 -9.566924e+00 
-1.015964e+01 -9.666487e+00 
-1.006973e+01 -9.766053e+00 
-9.977655e+00 -9.865621e+00 
-9.883372e+00 -9.965190e+00 
-9.786809e+00 -1.006476e+01 
-9.687900e+00 -1.016433e+01 
-9.588330e+00 -1.026217e+01 
-9.488757e+00 -1.035769e+01 
-9.389177e+00 -1.045100e+01 
-9.289593e+00 -1.054219e+01 
-9.190006e+00 -1.063134e+01 
-9.090420e+00 -1.071854e+01 
-8.990926e+00 -1.080375e+01 
-8.891581e+00 -1.088658e+01 
-8.792322e+00 -1.096653e+01 
-8.693086e+00 -1.104342e+01 
-8.593854e+00 -1.111730e+01 
-8.494624e+00 -1.118829e+01 
-8.395395e+00 -1.125650e+01 
-8.296167e+00 -1.132202e+01 
-8.196939e+00 -1.138495e+01 
-8.097711e+00 -1.144538e+01 
-7.998482e+00 -1.150339e+01 
-7.899250e+00 -1.155906e+01 
-7.800016e+00 -1.161246e+01 
-7.700779e+00 -1.166368e+01 
-7.601539e+00 -1.171276e+01 
-7.502294e+00 -1.175978e+01 
-7.403044e+00 -1.180479e+01 
-7.303789e+00 -1.184786e+01 
-7.204529e+00 -1.188903e+01 
-7.105263e+00 -1.192835e+01 
-7.005991e+00 -1.196589e+01 
-6.906712e+00 -1.200167e+01 
-6.807420e+00 -1.203575e+01 
-6.708131e+00 -1.206819e+01 
-6.608810e+00 -1.209900e+01 
-6.509669e+00 -1.212822e+01 
-6.411255e+00 -1.215535e+01 
-6.312999e+00 -1.217900e+01 
-6.214779e+00 -1.219897e+01 
-6.116586e+00 -1.221525e+01 
-6.018422e+00 -1.222787e+01 
-5.920272e+00 -1.223681e+01 
-5.822099e+00 -1.224210e+01 
-5.723910e+00 -1.224379e+01 
-5.625690e+00 -1.224192e+01 
-5.527451e+00 -1.223654e+01 
-5.429197e+00 -1.222768e+01 
-5.330927e+00 -1.221532e+01 
-5.232637e+00 -1.219945e+01 
-5.134327e+00 -1.218005e+01 
-5.035996e+00 -1.215709e+01 
-4.937640e+00 -1.213052e+01 
-4.839912e+00 -1.210053e+01 
-4.743136e+00 -1.206574e+01 
-4.646456e+00 -1.202321e+01 
-4.549659e+00 -1.197178e+01 
-4.452706e+00 -1.191066e+01 
-4.355560e+00 -1.183886e+01 
-4.258194e+00 -1.175522e+01 
-4.160613e+00 -1.165839e+01 
-4.075281e+00 -1.156077e+01 
-3.999808e+00 -1.146285e+01 
-3.931902e+00 -1.136463e+01 
-3.870016e+00 -1.126641e+01 
-3.813541e+00 -1.116792e+01 
-3.761457e+00 -1.106936e+01 
-3.713267e+00 -1.097057e+01 
-3.668275e+00 -1.087168e+01 
-3.626095e+00 -1.077267e+01 
-3.586384e+00 -1.067359e+01 
-3.548890e+00 -1.057445e+01 
-3.513437e+00 -1.047524e+01 
-3.479842e+00 -1.037600e+01 
-3.448009e+00 -1.027675e+01 
-3.417894e+00 -1.017756e+01 
-3.389619e+00 -1.007846e+01 
-3.363254e+00 -9.979017e+00 
-3.338104e+00 -9.879540e+00 
-3.314081e+00 -9.780013e+00 
-3.291047e+00 -9.680342e+00 
-3.268716e+00 -9.580658e+00 
-3.247049e+00 -9.480902e+00 
-3.225918e+00 -9.381224e+00 
-3.205470e+00 -9.281542e+00 
-3.185693e+00 -9.181853e+00 
-3.166573e+00 -9.082161e+00 
-3.148101e+00 -8.982481e+00 
-3.130293e+00 -8.882762e+00 
-3.113068e+00 -8.783022e+00 
-3.096383e+00 -8.683281e+00 
-3.080236e+00 -8.583528e+00 
-3.064596e+00 -8.483760e+00 
-3.049434e+00 -8.383977e+00 
-3.034711e+00 -8.284132e+00 
-3.020302e+00 -8.184238e+00 
-3.006105e+00 -8.084314e+00 
-2.992085e+00 -7.984535e+00 
-2.978530e+00 -7.884834e+00 
-2.965584e+00 -7.785114e+00 
-2.953210e+00 -7.685395e+00 
-2.941399e+00 -7.585595e+00 
-2.929985e+00 -7.485699e+00 
-2.918784e+00 -7.385810e+00 
-2.907804e+00 -7.285876e+00 
-2.896954e+00 -7.185907e+00 
-2.886165e+00 -7.085915e+00 
-2.875394e+00 -6.985929e+00 
-2.864664e+00 -6.886069e+00 
-2.854231e+00 -6.786322e+00 
-2.844304e+00 -6.686538e+00 
-2.834806e+00 -6.586651e+00 
-2.825528e+00 -6.486660e+00 
-2.816271e+00 -6.386706e+00 
-2.807109e+00 -6.286765e+00 
-2.798066e+00 -6.186822e+00 
-2.789140e+00 -6.086901e+00 
-2.780391e+00 -5.987179e+00 
-2.772183e+00 -5.887214e+00 
-2.764047e+00 -5.787263e+00 
-2.756007e+00 -5.687284e+00 
-2.748009e+00 -5.587299e+00 
-2.740042e+00 -5.487323e+00 
-2.732125e+00 -5.387357e+00 
-2.724278e+00 -5.287400e+00 
-2.716518e+00 -5.187453e+00 
-2.708865e+00 -5.087515e+00 
-2.701336e+00 -4.987585e+00 
-2.693951e+00 -4.887665e+00 
-2.686728e+00 -4.787761e+00 
-2.679701e+00 -4.687898e+00 
-2.672942e+00 -4.587929e+00 
-2.666250e+00 -4.488037e+00 
-2.659780e+00 -4.388201e+00 
-2.653636e+00 -4.288334e+00 
-2.647758e+00 -4.188440e+00 
-2.642094e+00 -4.088543e+00 
-2.636633e+00 -3.988605e+00 
-2.631296e+00 -3.888655e+00 
-2.626060e+00 -3.788697e+00 
-2.620906e+00 -3.688717e+00 
-2.615792e+00 -3.588713e+00 
-2.610667e+00 -3.488647e+00 
-2.605410e+00 -3.388606e+00 
-2.600072e+00 -3.288576e+00 
-2.594672e+00 -3.188546e+00 
-2.589213e+00 -3.088517e+00 
-2.583696e+00 -2.988494e+00 
-2.578135e+00 -2.888531e+00 
-2.572656e+00 -2.788708e+00 
-2.567533e+00 -2.688908e+00 
-2.562811e+00 -2.589094e+00 
-2.558460e+00 -2.489252e+00 
-2.554418e+00 -2.389233e+00 
-2.550337e+00 -2.289210e+00 
-2.546213e+00 -2.189194e+00 
-2.542056e+00 -2.089185e+00 
-2.537881e+00 -1.989183e+00 
-2.533702e+00 -1.889187e+00 
-2.529533e+00 -1.789199e+00 
-2.525385e+00 -1.689218e+00 
-2.521277e+00 -1.589261e+00 
-2.517259e+00 -1.489379e+00 
-2.513474e+00 -1.389402e+00 
-2.509736e+00 -1.289476e+00 
-2.506148e+00 -1.189551e+00 
-2.502706e+00 -1.089570e+00 
-2.499306e+00 -9.896486e-01 
-2.496062e+00 -8.897275e-01 
-2.492976e+00 -7.897929e-01 
-2.490020e+00 -6.898247e-01 
-2.487126e+00 -5.898029e-01 
-2.484188e+00 -4.897635e-01 
-2.481171e+00 -3.897184e-01 
-2.478063e+00 -2.896739e-01 
-2.474867e+00 -1.896564e-01 
-2.471663e+00 -9.127078e-02 
-2.471637e+00 8.965636e-02 
-2.474868e+00 1.896739e-01 
-2.478064e+00 2.897184e-01 
-2.481172e+00 3.897635e-01 
-2.484189e+00 4.898029e-01 
-2.487127e+00 5.898247e-01 
-2.490019e+00 6.897929e-01 
-2.492974e+00 7.897275e-01 
-2.496060e+00 8.896486e-01 
-2.499303e+00 9.895705e-01 
-2.502705e+00 1.089551e+00 
-2.506145e+00 1.189476e+00 
-2.509734e+00 1.289402e+00 
-2.513473e+00 1.389379e+00 
-2.517255e+00 1.489261e+00 
-2.521276e+00 1.589218e+00 
-2.525385e+00 1.689199e+00 
-2.529532e+00 1.789187e+00 
-2.533702e+00 1.889183e+00 
-2.537881e+00 1.989185e+00 
-2.542056e+00 2.089194e+00 
-2.546213e+00 2.189210e+00 
-2.550338e+00 2.289233e+00 
-2.554419e+00 2.389252e+00 
-2.558453e+00 2.489094e+00 
-2.562802e+00 2.588908e+00 
-2.567523e+00 2.688708e+00 
-2.572647e+00 2.788531e+00 
-2.578133e+00 2.888494e+00 
-2.583697e+00 2.988517e+00 
-2.589215e+00 3.088546e+00 
-2.594674e+00 3.188576e+00 
-2.600073e+00 3.288606e+00 
-2.605412e+00 3.388647e+00 
-2.610671e+00 3.488713e+00 
-2.615792e+00 3.588717e+00 
-2.620905e+00 3.688697e+00 
-2.626057e+00 3.788655e+00 
-2.526194e+00 3.793887e+00 
-2.521038e+00 3.693845e+00 
-2.515923e+00 3.593824e+00 
-2.510802e+00 3.493828e+00 
-2.505550e+00 3.393895e+00 
-2.500215e+00 3.293935e+00 
-2.494819e+00 3.193966e+00 
-2.489364e+00 3.093996e+00 
-2.483849e+00 2.994025e+00 
-2.478287e+00 2.894048e+00 
-2.472797e+00 2.794011e+00 
-2.467655e+00 2.693834e+00 
-2.462914e+00 2.593633e+00 
-2.458548e+00 2.493448e+00 
-2.454500e+00 2.393290e+00 
-2.450421e+00 2.293309e+00 
-2.446298e+00 2.193331e+00 
-2.442143e+00 2.093347e+00 
-2.437968e+00 1.993356e+00 
-2.433789e+00 1.893359e+00 
-2.429619e+00 1.793354e+00 
-2.425471e+00 1.693343e+00 
-2.421360e+00 1.593324e+00 
-2.417336e+00 1.493280e+00 
-2.413545e+00 1.393162e+00 
-2.409803e+00 1.293140e+00 
-2.406210e+00 1.193065e+00 
-2.402764e+00 1.092991e+00 
-2.399361e+00 9.929711e-01 
-2.396113e+00 8.928930e-01 
-2.393022e+00 7.928141e-01 
-2.390063e+00 6.927487e-01 
-2.387169e+00 5.927168e-01 
-2.384232e+00 4.927387e-01 
-2.381217e+00 3.927781e-01 
-2.378113e+00 2.928232e-01 
-2.374919e+00 1.928676e-01 
-2.371689e+00 9.288520e-02 
-2.371663e+00 -9.127078e-02 
-2.374919e+00 -1.928852e-01 
-2.378114e+00 -2.928676e-01 
-2.381219e+00 -3.928232e-01 
-2.384233e+00 -4.927781e-01 
-2.387169e+00 -5.927387e-01 
-2.390062e+00 -6.927168e-01 
-2.393020e+00 -7.927487e-01 
-2.396110e+00 -8.928141e-01 
-2.399359e+00 -9.928930e-01 
-2.402764e+00 -1.092971e+00 
-2.406207e+00 -1.192991e+00 
-2.409801e+00 -1.293065e+00 
-2.413544e+00 -1.393140e+00 
-2.417331e+00 -1.493162e+00 
-2.421358e+00 -1.593280e+00 
-2.425470e+00 -1.693324e+00 
-2.429618e+00 -1.793343e+00 
-2.433789e+00 -1.893354e+00 
-2.437969e+00 -1.993359e+00 
-2.442143e+00 -2.093356e+00 
-2.446299e+00 -2.193347e+00 
-2.450422e+00 -2.293331e+00 
-2.454501e+00 -2.393309e+00 
-2.458541e+00 -2.493290e+00 
-2.462906e+00 -2.593448e+00 
-2.467645e+00 -2.693633e+00 
-2.472788e+00 -2.793834e+00 
-2.478285e+00 -2.894011e+00 
-2.483850e+00 -2.994048e+00 
-2.489365e+00 -3.094025e+00 
-2.494821e+00 -3.193996e+00 
-2.500217e+00 -3.293966e+00 
-2.505552e+00 -3.393935e+00 
-2.510805e+00 -3.493895e+00 
-2.515923e+00 -3.593828e+00 
-2.521037e+00 -3.693824e+00 
-2.526192e+00 -3.793845e+00 
-2.531433e+00 -3.893887e+00 
-2.536776e+00 -3.993937e+00 
-2.542243e+00 -4.093999e+00 
-2.547919e+00 -4.194101e+00 
-2.553809e+00 -4.294208e+00 
-2.559968e+00 -4.394341e+00 
-2.566460e+00 -4.494504e+00 
-2.573165e+00 -4.594613e+00 
-2.579929e+00 -4.694644e+00 
-2.586975e+00 -4.794781e+00 
-2.594211e+00 -4.894876e+00 
-2.601608e+00 -4.994956e+00 
-2.609147e+00 -5.095027e+00 
-2.616810e+00 -5.195089e+00 
-2.624578e+00 -5.295141e+00 
-2.632432e+00 -5.395184e+00 
-2.640354e+00 -5.495218e+00 
-2.648325e+00 -5.595242e+00 
-2.656326e+00 -5.695258e+00 
-2.664369e+00 -5.795279e+00 
-2.672513e+00 -5.895327e+00 
-2.680726e+00 -5.995362e+00 
-2.689522e+00 -6.095640e+00 
-2.698462e+00 -6.195720e+00 
-2.707516e+00 -6.295777e+00 
-2.716688e+00 -6.395835e+00 
-2.725954e+00 -6.495882e+00 
-2.735233e+00 -6.595890e+00 
-2.744753e+00 -6.696004e+00 
-2.754722e+00 -6.796220e+00 
-2.765207e+00 -6.896472e+00 
-2.775966e+00 -6.996612e+00 
-2.786741e+00 -7.096626e+00 
-2.797531e+00 -7.196634e+00 
-2.808388e+00 -7.296666e+00 
-2.819383e+00 -7.396732e+00 
-2.830608e+00 -7.496843e+00 
-2.842045e+00 -7.596946e+00 
-2.853903e+00 -7.697147e+00 
-2.866346e+00 -7.797428e+00 
-2.879362e+00 -7.897707e+00 
-2.892997e+00 -7.998006e+00 
-2.907077e+00 -8.098227e+00 
-2.921296e+00 -8.198304e+00 
-2.935736e+00 -8.298409e+00 
-2.950504e+00 -8.398565e+00 
-2.965731e+00 -8.498782e+00 
-2.981442e+00 -8.599014e+00 
-2.997668e+00 -8.699260e+00 
-3.014438e+00 -8.799520e+00 
-3.031752e+00 -8.899780e+00 
-3.049658e+00 -9.000060e+00 
-3.068246e+00 -9.100381e+00 
-3.087483e+00 -9.200688e+00 
-3.107381e+00 -9.301000e+00 
-3.127957e+00 -9.401318e+00 
-3.149222e+00 -9.501639e+00 
-3.170995e+00 -9.601883e+00 
-3.193465e+00 -9.702200e+00 
-3.216649e+00 -9.802528e+00 
-3.240896e+00 -9.903002e+00 
-3.266303e+00 -1.000352e+01 
-3.292957e+00 -1.010408e+01 
-3.321729e+00 -1.020499e+01 
-3.352320e+00 -1.030579e+01 
-3.384618e+00 -1.040654e+01 
-3.418715e+00 -1.050730e+01 
-3.454721e+00 -1.060809e+01 
-3.492846e+00 -1.070895e+01 
-3.533268e+00 -1.080987e+01 
-3.576273e+00 -1.091086e+01 
-3.622238e+00 -1.101197e+01 
-3.671575e+00 -1.111319e+01 
-3.725115e+00 -1.121462e+01 
-3.783253e+00 -1.131613e+01 
-3.847275e+00 -1.141791e+01 
-3.917532e+00 -1.151969e+01 
-3.996045e+00 -1.162177e+01 
-4.085273e+00 -1.172415e+01 
-4.187692e+00 -1.182614e+01 
-4.290326e+00 -1.191465e+01 
-4.393180e+00 -1.199101e+01 
-4.496226e+00 -1.205631e+01 
-4.599429e+00 -1.211146e+01 
-4.702750e+00 -1.215722e+01 
-4.805973e+00 -1.219459e+01 
-4.908246e+00 -1.222610e+01 
-5.009890e+00 -1.225362e+01 
-5.111558e+00 -1.227743e+01 
-5.213249e+00 -1.229755e+01 
-5.314959e+00 -1.231404e+01 
-5.416688e+00 -1.232689e+01 
-5.518434e+00 -1.233614e+01 
-5.620195e+00 -1.234177e+01 
-5.721975e+00 -1.234377e+01 
-5.823787e+00 -1.234208e+01 
-5.925614e+00 -1.233667e+01 
-6.027464e+00 -1.232746e+01 
-6.129300e+00 -1.231444e+01 
-6.231107e+00 -1.229762e+01 
-6.332887e+00 -1.227700e+01 
-6.434631e+00 -1.225257e+01 
-6.536216e+00 -1.222463e+01 
-6.637076e+00 -1.219492e+01 
-6.737754e+00 -1.216370e+01 
-6.838466e+00 -1.213081e+01 
-6.939174e+00 -1.209625e+01 
-7.039895e+00 -1.205996e+01 
-7.140623e+00 -1.202189e+01 
-7.241356e+00 -1.198200e+01 
-7.342096e+00 -1.194023e+01 
-7.442841e+00 -1.189653e+01 
-7.543592e+00 -1.185085e+01 
-7.644347e+00 -1.180313e+01 
-7.745107e+00 -1.175331e+01 
-7.845869e+00 -1.170133e+01 
-7.946636e+00 -1.164712e+01 
-8.047404e+00 -1.159060e+01 
-8.148175e+00 -1.153171e+01 
-8.248946e+00 -1.147036e+01 
-8.349719e+00 -1.140647e+01 
-8.450491e+00 -1.133995e+01 
-8.551262e+00 -1.127070e+01 
-8.652032e+00 -1.119864e+01 
-8.752799e+00 -1.112363e+01 
-8.853564e+00 -1.104558e+01 
-8.954304e+00 -1.096446e+01 
-9.054960e+00 -1.088056e+01 
-9.155465e+00 -1.079450e+01 
-9.255880e+00 -1.070658e+01 
-9.356293e+00 -1.061669e+01 
-9.456709e+00 -1.052475e+01 
-9.557129e+00 -1.043067e+01 
-9.657555e+00 -1.033434e+01 
-9.757986e+00 -1.023567e+01 
-9.857754e+00 -1.013524e+01 
-9.955157e+00 -1.003481e+01 
-1.005027e+01 -9.934379e+00 
-1.014315e+01 -9.833947e+00 
-1.023386e+01 -9.733513e+00 
-1.032246e+01 -9.633076e+00 
-1.040900e+01 -9.532637e+00 
-1.049354e+01 -9.432196e+00 
-1.057612e+01 -9.331754e+00 
-1.065680e+01 -9.231311e+00 
-1.073562e+01 -9.130866e+00 
-1.081263e+01 -9.030421e+00 
-1.088787e+01 -8.929975e+00 
-1.096138e+01 -8.829528e+00 
-1.103321e+01 -8.729082e+00 
-1.110339e+01 -8.628635e+00 
-1.117195e+01 -8.528189e+00 
-1.123895e+01 -8.427743e+00 
-1.130440e+01 -8.327297e+00 
-1.136836e+01 -8.226853e+00 
-1.143084e+01 -8.126409e+00 
-1.149188e+01 -8.025966e+00 
-1.155151e+01 -7.925525e+00 
-1.160977e+01 -7.825085e+00 
-1.166667e+01 -7.724646e+00 
-1.172226e+01 -7.624210e+00 
-1.177655e+01 -7.523777e+00 
-1.182968e+01 -7.423390e+00 
-1.188180e+01 -7.323047e+00 
-1.193296e+01 -7.222708e+00 
-1.198315e+01 -7.122368e+00 
-1.203239e+01 -7.022027e+00 
-1.208069e+01 -6.921685e+00 
-1.212805e+01 -6.821343e+00 
-1.217449e+01 -6.721000e+00 
-1.222002e+01 -6.620657e+00 
-1.226464e+01 -6.520314e+00 
-1.230836e+01 -6.419970e+00 
-1.235118e+01 -6.319627e+00 
-1.239313e+01 -6.219283e+00 
-1.243420e+01 -6.118939e+00 
-1.247440e+01 -6.018595e+00 
-1.251374e+01 -5.918251e+00 
-1.255223e+01 -5.817907e+00 
-1.258989e+01 -5.717567e+00 
-1.262672e+01 -5.617228e+00 
-1.266274e+01 -5.516895e+00 
-1.269797e+01 -5.416566e+00 
-1.273242e+01 -5.316236e+00 
-1.276608e+01 -5.215902e+00 
-1.279895e+01 -5.115567e+00 
-1.283104e+01 -5.015231e+00 
-1.286236e+01 -4.914894e+00 
-1.289289e+01 -4.814557e+00 
-1.292266e+01 -4.714221e+00 
-1.295166e+01 -4.613884e+00 
-1.297990e+01 -4.513546e+00 
-1.300739e+01 -4.413209e+00 
-1.303412e+01 -4.312872e+00 
-1.306010e+01 -4.212534e+00 
-1.308534e+01 -4.112197e+00 
-1.310984e+01 -4.011859e+00 
-1.313360e+01 -3.911521e+00 
-1.315663e+01 -3.811184e+00 
-1.317893e+01 -3.710847e+00 
-1.320050e+01 -3.610509e+00 
-1.322135e+01 -3.510172e+00 
-1.324148e+01 -3.409835e+00 
-1.326090e+01 -3.309497e+00 
-1.327960e+01 -3.209161e+00 
-1.329759e+01 -3.108824e+00 
-1.331487e+01 -3.008487e+00 
-1.333145e+01 -2.908151e+00 
-1.334735e+01 -2.807828e+00 
-1.336266e+01 -2.707543e+00 
-1.337737e+01 -2.607259e+00 
-1.339150e+01 -2.506975e+00 
-1.340504e+01 -2.406691e+00 
-1.341800e+01 -2.306407e+00 
-1.343038e+01 -2.206124e+00 
-1.344217e+01 -2.105840e+00 
-1.345339e+01 -2.005556e+00 
-1.346402e+01 -1.905272e+00 
-1.347406e+01 -1.804980e+00 
-1.348348e+01 -1.704675e+00 
-1.349229e+01 -1.604373e+00 
-1.350048e+01 -1.504071e+00 
-1.350806e+01 -1.403768e+00 
-1.351503e+01 -1.303465e+00 
-1.352139e+01 -1.203162e+00 
-1.352713e+01 -1.102858e+00 
-1.353227e+01 -1.002555e+00 
-1.353679e+01 -9.022511e-01 
-1.354070e+01 -8.019472e-01 
-1.354400e+01 -7.016432e-01 
-1.354669e+01 -6.013391e-01 
-1.354876e+01 -5.010349e-01 
-1.355023e+01 -4.007308e-01 
-1.345024e+01 -3.992692e-01 
