-8.954008e+00 -2.999876e-01 
-8.953985e+00 -3.996448e-01 
-8.953278e+00 -4.993005e-01 
-8.951885e+00 -5.989545e-01 
-8.949802e+00 -6.986069e-01 
-8.947026e+00 -7.982577e-01 
-8.943553e+00 -8.979068e-01 
-8.939378e+00 -9.975542e-01 
-8.934500e+00 -1.097200e+00 
-8.928912e+00 -1.196844e+00 
-8.922610e+00 -1.296486e+00 
-8.915591e+00 -1.396126e+00 
-8.907849e+00 -1.495764e+00 
-8.899379e+00 -1.595401e+00 
-8.890176e+00 -1.695035e+00 
-8.880236e+00 -1.794668e+00 
-8.869551e+00 -1.894298e+00 
-8.858118e+00 -1.993920e+00 
-8.845915e+00 -2.093538e+00 
-8.832932e+00 -2.193156e+00 
-8.819167e+00 -2.292774e+00 
-8.804618e+00 -2.392392e+00 
-8.789284e+00 -2.492011e+00 
-8.773161e+00 -2.591630e+00 
-8.756248e+00 -2.691250e+00 
-8.738543e+00 -2.790869e+00 
-8.720041e+00 -2.890490e+00 
-8.700742e+00 -2.990110e+00 
-8.680642e+00 -3.089732e+00 
-8.659740e+00 -3.189354e+00 
-8.638031e+00 -3.288976e+00 
-8.615513e+00 -3.388599e+00 
-8.592184e+00 -3.488223e+00 
-8.568041e+00 -3.587847e+00 
-8.543079e+00 -3.687474e+00 
-8.517297e+00 -3.787109e+00 
-8.490710e+00 -3.886752e+00 
-8.463330e+00 -3.986403e+00 
-8.435172e+00 -4.086047e+00 
-8.406219e+00 -4.185685e+00 
-8.376450e+00 -4.285318e+00 
-8.345849e+00 -4.384945e+00 
-8.314396e+00 -4.484563e+00 
-8.282063e+00 -4.584174e+00 
-8.248830e+00 -4.683780e+00 
-8.214675e+00 -4.783374e+00 
-8.179564e+00 -4.882962e+00 
-8.143474e+00 -4.982542e+00 
-8.106375e+00 -5.082110e+00 
-8.068230e+00 -5.181672e+00 
-8.029010e+00 -5.281222e+00 
-7.988673e+00 -5.380769e+00 
-7.947306e+00 -5.480063e+00 
-7.904158e+00 -5.579318e+00 
-7.859063e+00 -5.678590e+00 
-7.812025e+00 -5.777875e+00 
-7.763034e+00 -5.877177e+00 
-7.712091e+00 -5.976491e+00 
-7.659181e+00 -6.075820e+00 
-7.604303e+00 -6.175159e+00 
-7.547434e+00 -6.274512e+00 
-7.488564e+00 -6.373877e+00 
-7.427663e+00 -6.473280e+00 
-7.364828e+00 -6.572673e+00 
-7.299976e+00 -6.672051e+00 
-7.232997e+00 -6.771418e+00 
-7.163786e+00 -6.870772e+00 
-7.092225e+00 -6.970110e+00 
-7.018166e+00 -7.069433e+00 
-6.941459e+00 -7.168740e+00 
-6.861932e+00 -7.268029e+00 
-6.779416e+00 -7.367264e+00 
-6.693852e+00 -7.466088e+00 
-6.602911e+00 -7.564677e+00 
-6.504624e+00 -7.663208e+00 
-6.406219e+00 -7.753828e+00 
-6.307872e+00 -7.836956e+00 
-6.209581e+00 -7.913117e+00 
-6.111355e+00 -7.982751e+00 
-6.013217e+00 -8.046192e+00 
-5.915196e+00 -8.103648e+00 
-5.817599e+00 -8.155093e+00 
-5.720701e+00 -8.199761e+00 
-5.624517e+00 -8.236532e+00 
-5.529135e+00 -8.264511e+00 
-5.434449e+00 -8.282822e+00 
-5.340295e+00 -8.290785e+00 
-5.246450e+00 -8.287765e+00 
-5.152640e+00 -8.273030e+00 
-5.058580e+00 -8.245676e+00 
-4.964036e+00 -8.204584e+00 
-4.869150e+00 -8.148614e+00 
-4.773819e+00 -8.075070e+00 
-4.677568e+00 -7.979369e+00 
-4.600082e+00 -7.882481e+00 
-4.533792e+00 -7.784914e+00 
-4.475370e+00 -7.687227e+00 
-4.423773e+00 -7.589530e+00 
-4.378275e+00 -7.491442e+00 
-4.337545e+00 -7.393038e+00 
-4.300625e+00 -7.294363e+00 
-4.266687e+00 -7.195211e+00 
-4.234641e+00 -7.095810e+00 
-4.203953e+00 -6.996359e+00 
-4.174504e+00 -6.896883e+00 
-4.146225e+00 -6.797386e+00 
-4.119061e+00 -6.697871e+00 
-4.092966e+00 -6.598343e+00 
-4.067902e+00 -6.498804e+00 
-4.043838e+00 -6.399257e+00 
-4.020757e+00 -6.299725e+00 
-3.998689e+00 -6.200231e+00 
-3.977705e+00 -6.100771e+00 
-3.957830e+00 -6.001132e+00 
-3.938711e+00 -5.901464e+00 
-3.920289e+00 -5.801792e+00 
-3.902550e+00 -5.702105e+00 
-3.885460e+00 -5.602401e+00 
-3.868986e+00 -5.502686e+00 
-3.853101e+00 -5.402966e+00 
-3.837792e+00 -5.303234e+00 
-3.823036e+00 -5.203487e+00 
-3.808795e+00 -5.103696e+00 
-3.794977e+00 -5.003855e+00 
-3.781486e+00 -4.904031e+00 
-3.768359e+00 -4.804220e+00 
-3.755618e+00 -4.704415e+00 
-3.743278e+00 -4.604616e+00 
-3.731347e+00 -4.504821e+00 
-3.719835e+00 -4.405032e+00 
-3.708753e+00 -4.305249e+00 
-3.698112e+00 -4.205471e+00 
-3.687921e+00 -4.105696e+00 
-3.678184e+00 -4.005895e+00 
-3.668848e+00 -3.906074e+00 
-3.659872e+00 -3.806236e+00 
-3.651222e+00 -3.706382e+00 
-3.642863e+00 -3.606481e+00 
-3.634699e+00 -3.506518e+00 
-3.626609e+00 -3.406537e+00 
-3.618554e+00 -3.306537e+00 
-3.610499e+00 -3.206531e+00 
-3.602442e+00 -3.106635e+00 
-3.594600e+00 -3.006823e+00 
-3.587137e+00 -2.907004e+00 
-3.580036e+00 -2.807161e+00 
-3.573249e+00 -2.707295e+00 
-3.566730e+00 -2.607405e+00 
-3.560432e+00 -2.507493e+00 
-3.554309e+00 -2.407559e+00 
-3.548316e+00 -2.307603e+00 
-3.542411e+00 -2.207626e+00 
-3.536554e+00 -2.107692e+00 
-3.530832e+00 -2.007805e+00 
-3.525337e+00 -1.907899e+00 
-3.520027e+00 -1.807950e+00 
-3.514820e+00 -1.707968e+00 
-3.509647e+00 -1.607985e+00 
-3.504510e+00 -1.507999e+00 
-3.499401e+00 -1.408017e+00 
-3.494327e+00 -1.308049e+00 
-3.489320e+00 -1.208121e+00 
-3.484459e+00 -1.108212e+00 
-3.479782e+00 -1.008321e+00 
-3.475322e+00 -9.084498e-01 
-3.471122e+00 -8.086060e-01 
-3.467238e+00 -7.088507e-01 
-3.463832e+00 -6.087554e-01 
-3.460235e+00 -5.086605e-01 
-3.456451e+00 -4.086484e-01 
-3.452643e+00 -3.086644e-01 
-3.448868e+00 -2.087017e-01 
-3.445169e+00 -1.087608e-01 
-3.441618e+00 -1.055108e-02 
-3.441586e+00 8.760808e-03 
-3.445167e+00 1.087017e-01 
-3.448867e+00 2.086644e-01 
-3.452642e+00 3.086484e-01 
-3.456451e+00 4.086605e-01 
-3.460238e+00 5.087554e-01 
-3.463835e+00 6.088507e-01 
-3.467229e+00 7.086060e-01 
-3.471116e+00 8.084498e-01 
-3.475316e+00 9.083207e-01 
-3.479777e+00 1.008212e+00 
-3.379886e+00 1.012890e+00 
-3.375416e+00 9.127815e-01 
-3.371204e+00 8.126524e-01 
-3.367305e+00 7.124961e-01 
-3.363893e+00 6.122514e-01 
-3.360303e+00 5.123467e-01 
-3.356523e+00 4.124416e-01 
-3.352715e+00 3.124538e-01 
-3.348938e+00 2.124378e-01 
-3.345235e+00 1.124005e-01 
-3.341650e+00 1.234135e-02 
-3.341618e+00 -1.055108e-02 
-3.345233e+00 -1.123414e-01 
-3.348937e+00 -2.124005e-01 
-3.352714e+00 -3.124378e-01 
-3.356523e+00 -4.124538e-01 
-3.360306e+00 -5.124416e-01 
-3.363896e+00 -6.123467e-01 
-3.367296e+00 -7.122514e-01 
-3.371198e+00 -8.124961e-01 
-3.375410e+00 -9.126524e-01 
-3.379881e+00 -1.012781e+00 
-3.384568e+00 -1.112890e+00 
-3.389438e+00 -1.212981e+00 
-3.394452e+00 -1.313053e+00 
-3.399529e+00 -1.413085e+00 
-3.404640e+00 -1.513103e+00 
-3.409779e+00 -1.613117e+00 
-3.414953e+00 -1.713134e+00 
-3.420163e+00 -1.813152e+00 
-3.425478e+00 -1.913203e+00 
-3.430983e+00 -2.013297e+00 
-3.436717e+00 -2.113411e+00 
-3.442582e+00 -2.213477e+00 
-3.448490e+00 -2.313499e+00 
-3.454488e+00 -2.413543e+00 
-3.460619e+00 -2.513609e+00 
-3.466928e+00 -2.613697e+00 
-3.473462e+00 -2.713807e+00 
-3.480266e+00 -2.813941e+00 
-3.487389e+00 -2.914098e+00 
-3.494879e+00 -3.014279e+00 
-3.502749e+00 -3.114467e+00 
-3.510823e+00 -3.214571e+00 
-3.518877e+00 -3.314565e+00 
-3.526932e+00 -3.414566e+00 
-3.535025e+00 -3.514584e+00 
-3.543195e+00 -3.614621e+00 
-3.551570e+00 -3.714720e+00 
-3.560245e+00 -3.814866e+00 
-3.569250e+00 -3.915028e+00 
-3.578618e+00 -4.015207e+00 
-3.588394e+00 -4.115406e+00 
-3.598629e+00 -4.215631e+00 
-3.609317e+00 -4.315853e+00 
-3.620446e+00 -4.416070e+00 
-3.632006e+00 -4.516281e+00 
-3.643985e+00 -4.616486e+00 
-3.656374e+00 -4.716687e+00 
-3.669164e+00 -4.816882e+00 
-3.682340e+00 -4.917071e+00 
-3.695878e+00 -5.017247e+00 
-3.709739e+00 -5.117406e+00 
-3.724039e+00 -5.217615e+00 
-3.738869e+00 -5.317868e+00 
-3.754258e+00 -5.418137e+00 
-3.770231e+00 -5.518416e+00 
-3.786798e+00 -5.618701e+00 
-3.803987e+00 -5.718998e+00 
-3.821835e+00 -5.819310e+00 
-3.840376e+00 -5.919638e+00 
-3.859620e+00 -6.019970e+00 
-3.879636e+00 -6.120331e+00 
-3.900842e+00 -6.220871e+00 
-3.923129e+00 -6.321377e+00 
-3.946423e+00 -6.421845e+00 
-3.970701e+00 -6.522298e+00 
-3.995993e+00 -6.622759e+00 
-4.022330e+00 -6.723231e+00 
-4.049754e+00 -6.823716e+00 
-4.078313e+00 -6.924219e+00 
-4.108066e+00 -7.024743e+00 
-4.139085e+00 -7.125292e+00 
-4.171510e+00 -7.225892e+00 
-4.206011e+00 -7.326739e+00 
-4.243880e+00 -7.428064e+00 
-4.285867e+00 -7.529660e+00 
-4.333040e+00 -7.631572e+00 
-4.386916e+00 -7.733875e+00 
-4.447938e+00 -7.836188e+00 
-4.517328e+00 -7.938621e+00 
-4.599397e+00 -8.041733e+00 
-4.703146e+00 -8.145818e+00 
-4.807814e+00 -8.227594e+00 
-4.912929e+00 -8.290538e+00 
-5.018385e+00 -8.337242e+00 
-5.124324e+00 -8.368937e+00 
-5.230514e+00 -8.386487e+00 
-5.336670e+00 -8.390720e+00 
-5.442516e+00 -8.382497e+00 
-5.547829e+00 -8.362749e+00 
-5.652448e+00 -8.332552e+00 
-5.756264e+00 -8.293223e+00 
-5.859366e+00 -8.245953e+00 
-5.961768e+00 -8.192142e+00 
-6.063748e+00 -8.132485e+00 
-6.165609e+00 -8.066754e+00 
-6.267383e+00 -7.994719e+00 
-6.369093e+00 -7.916025e+00 
-6.470746e+00 -7.830223e+00 
-6.572340e+00 -7.736792e+00 
-6.673687e+00 -7.635323e+00 
-6.767336e+00 -7.533912e+00 
-6.855004e+00 -7.432736e+00 
-6.938818e+00 -7.331971e+00 
-7.019505e+00 -7.231260e+00 
-7.097303e+00 -7.130567e+00 
-7.172389e+00 -7.029890e+00 
-7.244921e+00 -6.929228e+00 
-7.315048e+00 -6.828582e+00 
-7.382894e+00 -6.727949e+00 
-7.448571e+00 -6.627327e+00 
-7.512186e+00 -6.526720e+00 
-7.573831e+00 -6.426123e+00 
-7.633466e+00 -6.325488e+00 
-7.691089e+00 -6.224841e+00 
-7.746710e+00 -6.124180e+00 
-7.800348e+00 -6.023509e+00 
-7.852008e+00 -5.922823e+00 
-7.901703e+00 -5.822125e+00 
-7.949431e+00 -5.721410e+00 
-7.995202e+00 -5.620682e+00 
-8.039012e+00 -5.519937e+00 
-8.080981e+00 -5.419231e+00 
-8.121690e+00 -5.318778e+00 
-8.161269e+00 -5.218328e+00 
-8.199755e+00 -5.117890e+00 
-8.237180e+00 -5.017458e+00 
-8.273579e+00 -4.917038e+00 
-8.308985e+00 -4.816626e+00 
-8.343421e+00 -4.716220e+00 
-8.376922e+00 -4.615826e+00 
-8.409510e+00 -4.515437e+00 
-8.441208e+00 -4.415055e+00 
-8.472042e+00 -4.314682e+00 
-8.502033e+00 -4.214315e+00 
-8.531199e+00 -4.113953e+00 
-8.559561e+00 -4.013597e+00 
-8.587136e+00 -3.913248e+00 
-8.613917e+00 -3.812891e+00 
-8.639890e+00 -3.712526e+00 
-8.665042e+00 -3.612153e+00 
-8.689371e+00 -3.511777e+00 
-8.712879e+00 -3.411401e+00 
-8.735570e+00 -3.311024e+00 
-8.757446e+00 -3.210646e+00 
-8.778511e+00 -3.110268e+00 
-8.798767e+00 -3.009890e+00 
-8.818216e+00 -2.909510e+00 
-8.836861e+00 -2.809131e+00 
-8.854705e+00 -2.708750e+00 
-8.871750e+00 -2.608370e+00 
-8.887999e+00 -2.507989e+00 
-8.903454e+00 -2.407608e+00 
-8.918117e+00 -2.307226e+00 
-8.931990e+00 -2.206844e+00 
-8.945076e+00 -2.106462e+00 
-8.957376e+00 -2.006080e+00 
-8.968899e+00 -1.905702e+00 
-8.979665e+00 -1.805332e+00 
-8.989682e+00 -1.704965e+00 
-8.998955e+00 -1.604599e+00 
-9.007489e+00 -1.504236e+00 
-9.015290e+00 -1.403874e+00 
-9.022363e+00 -1.303514e+00 
-9.028712e+00 -1.203156e+00 
-9.034343e+00 -1.102800e+00 
-9.039259e+00 -1.002446e+00 
-9.043465e+00 -9.020932e-01 
-9.046965e+00 -8.017423e-01 
-9.049763e+00 -7.013931e-01 
-9.051863e+00 -6.010455e-01 
-9.053268e+00 -5.006995e-01 
-9.053982e+00 -4.003552e-01 
-9.054008e+00 -3.000124e-01 
-8.954008e+00 -2.999876e-01 
