1.904680e+01 -4.989713e-01 
1.904474e+01 -5.987356e-01 
1.904222e+01 -6.984997e-01 
1.903923e+01 -7.982615e-01 
1.903576e+01 -8.980217e-01 
1.903181e+01 -9.977678e-01 
1.902735e+01 -1.097507e+00 
1.902237e+01 -1.197235e+00 
1.901685e+01 -1.296971e+00 
1.901080e+01 -1.396714e+00 
1.900423e+01 -1.496468e+00 
1.899716e+01 -1.596222e+00 
1.898961e+01 -1.695975e+00 
1.898155e+01 -1.795729e+00 
1.897300e+01 -1.895482e+00 
1.896395e+01 -1.995236e+00 
1.895440e+01 -2.094989e+00 
1.894435e+01 -2.194743e+00 
1.893381e+01 -2.294496e+00 
1.892276e+01 -2.394250e+00 
1.891121e+01 -2.494004e+00 
1.889916e+01 -2.593757e+00 
1.888661e+01 -2.693511e+00 
1.887355e+01 -2.793265e+00 
1.885999e+01 -2.893019e+00 
1.884593e+01 -2.992774e+00 
1.883136e+01 -3.092528e+00 
1.881629e+01 -3.192283e+00 
1.880070e+01 -3.292037e+00 
1.878461e+01 -3.391792e+00 
1.876801e+01 -3.491547e+00 
1.875090e+01 -3.591302e+00 
1.873328e+01 -3.691058e+00 
1.871515e+01 -3.790813e+00 
1.869650e+01 -3.890569e+00 
1.867734e+01 -3.990325e+00 
1.865767e+01 -4.090081e+00 
1.863748e+01 -4.189838e+00 
1.861677e+01 -4.289595e+00 
1.859555e+01 -4.389352e+00 
1.857381e+01 -4.489109e+00 
1.855154e+01 -4.588867e+00 
1.852876e+01 -4.688624e+00 
1.850545e+01 -4.788383e+00 
1.848162e+01 -4.888141e+00 
1.845727e+01 -4.987900e+00 
1.843239e+01 -5.087656e+00 
1.840697e+01 -5.187410e+00 
1.838102e+01 -5.287157e+00 
1.835451e+01 -5.386901e+00 
1.832744e+01 -5.486644e+00 
1.829979e+01 -5.586386e+00 
1.827157e+01 -5.686128e+00 
1.824276e+01 -5.785869e+00 
1.821338e+01 -5.885610e+00 
1.818341e+01 -5.985350e+00 
1.815284e+01 -6.085090e+00 
1.812168e+01 -6.184829e+00 
1.808992e+01 -6.284567e+00 
1.805756e+01 -6.384305e+00 
1.802459e+01 -6.484043e+00 
1.799100e+01 -6.583780e+00 
1.795680e+01 -6.683517e+00 
1.792197e+01 -6.783253e+00 
1.788652e+01 -6.882988e+00 
1.785043e+01 -6.982723e+00 
1.781371e+01 -7.082458e+00 
1.777635e+01 -7.182193e+00 
1.773834e+01 -7.281927e+00 
1.769967e+01 -7.381660e+00 
1.766035e+01 -7.481394e+00 
1.762037e+01 -7.581127e+00 
1.757972e+01 -7.680859e+00 
1.753839e+01 -7.780592e+00 
1.749638e+01 -7.880324e+00 
1.745369e+01 -7.980056e+00 
1.741032e+01 -8.079771e+00 
1.736621e+01 -8.179471e+00 
1.732133e+01 -8.279145e+00 
1.727560e+01 -8.378807e+00 
1.722896e+01 -8.478470e+00 
1.718141e+01 -8.578133e+00 
1.713295e+01 -8.677797e+00 
1.708356e+01 -8.777462e+00 
1.703323e+01 -8.877128e+00 
1.698196e+01 -8.976795e+00 
1.692974e+01 -9.076463e+00 
1.687656e+01 -9.176132e+00 
1.682242e+01 -9.275803e+00 
1.676730e+01 -9.375475e+00 
1.671120e+01 -9.475149e+00 
1.665410e+01 -9.574826e+00 
1.659603e+01 -9.674478e+00 
1.653690e+01 -9.774099e+00 
1.647657e+01 -9.873719e+00 
1.641502e+01 -9.973339e+00 
1.635224e+01 -1.007296e+01 
1.628819e+01 -1.017258e+01 
1.622285e+01 -1.027220e+01 
1.615621e+01 -1.037182e+01 
1.608825e+01 -1.047144e+01 
1.601893e+01 -1.057106e+01 
1.594823e+01 -1.067069e+01 
1.587613e+01 -1.077031e+01 
1.580261e+01 -1.086993e+01 
1.572763e+01 -1.096956e+01 
1.565117e+01 -1.106918e+01 
1.557320e+01 -1.116881e+01 
1.549369e+01 -1.126844e+01 
1.541262e+01 -1.136807e+01 
1.532994e+01 -1.146770e+01 
1.524564e+01 -1.156734e+01 
1.515968e+01 -1.166697e+01 
1.507202e+01 -1.176661e+01 
1.498264e+01 -1.186625e+01 
1.489149e+01 -1.196589e+01 
1.479854e+01 -1.206554e+01 
1.470377e+01 -1.216519e+01 
1.460712e+01 -1.226484e+01 
1.450856e+01 -1.236449e+01 
1.440890e+01 -1.246330e+01 
1.430925e+01 -1.256022e+01 
1.420958e+01 -1.265531e+01 
1.410992e+01 -1.274864e+01 
1.401029e+01 -1.284024e+01 
1.391072e+01 -1.292995e+01 
1.381120e+01 -1.301756e+01 
1.371169e+01 -1.310294e+01 
1.361217e+01 -1.318614e+01 
1.351265e+01 -1.326726e+01 
1.341313e+01 -1.334635e+01 
1.331361e+01 -1.342349e+01 
1.321408e+01 -1.349873e+01 
1.311456e+01 -1.357214e+01 
1.301503e+01 -1.364376e+01 
1.291550e+01 -1.371365e+01 
1.281597e+01 -1.378185e+01 
1.271644e+01 -1.384842e+01 
1.261690e+01 -1.391338e+01 
1.251736e+01 -1.397678e+01 
1.241782e+01 -1.403866e+01 
1.231828e+01 -1.409906e+01 
1.221874e+01 -1.415801e+01 
1.211919e+01 -1.421555e+01 
1.201965e+01 -1.427171e+01 
1.192009e+01 -1.432651e+01 
1.182054e+01 -1.438001e+01 
1.172098e+01 -1.443223e+01 
1.162142e+01 -1.448318e+01 
1.152185e+01 -1.453292e+01 
1.142228e+01 -1.458147e+01 
1.132270e+01 -1.462886e+01 
1.122312e+01 -1.467511e+01 
1.112353e+01 -1.472026e+01 
1.102394e+01 -1.476433e+01 
1.092434e+01 -1.480734e+01 
1.082474e+01 -1.484932e+01 
1.072517e+01 -1.489027e+01 
1.062567e+01 -1.493012e+01 
1.052621e+01 -1.496872e+01 
1.042682e+01 -1.500598e+01 
1.032745e+01 -1.504177e+01 
1.022807e+01 -1.507608e+01 
1.012867e+01 -1.510895e+01 
1.002927e+01 -1.514041e+01 
9.929866e+00 -1.517051e+01 
9.830447e+00 -1.519927e+01 
9.731019e+00 -1.522674e+01 
9.631582e+00 -1.525295e+01 
9.532135e+00 -1.527793e+01 
9.432679e+00 -1.530171e+01 
9.333213e+00 -1.532432e+01 
9.233738e+00 -1.534580e+01 
9.134253e+00 -1.536615e+01 
9.034760e+00 -1.538543e+01 
8.935257e+00 -1.540364e+01 
8.835745e+00 -1.542082e+01 
8.736223e+00 -1.543699e+01 
8.636693e+00 -1.545217e+01 
8.537207e+00 -1.546637e+01 
8.437796e+00 -1.547952e+01 
8.338419e+00 -1.549147e+01 
8.239034e+00 -1.550215e+01 
8.139642e+00 -1.551159e+01 
8.040241e+00 -1.551981e+01 
7.940831e+00 -1.552683e+01 
7.841414e+00 -1.553267e+01 
7.741996e+00 -1.553735e+01 
7.642584e+00 -1.554086e+01 
7.543284e+00 -1.554321e+01 
7.444104e+00 -1.554416e+01 
7.344938e+00 -1.554349e+01 
7.245750e+00 -1.554116e+01 
7.146540e+00 -1.553721e+01 
7.047306e+00 -1.553169e+01 
6.948050e+00 -1.552464e+01 
6.848770e+00 -1.551610e+01 
6.749468e+00 -1.550611e+01 
6.650142e+00 -1.549470e+01 
6.550794e+00 -1.548192e+01 
6.451424e+00 -1.546781e+01 
6.352032e+00 -1.545240e+01 
6.252703e+00 -1.543574e+01 
6.153518e+00 -1.541772e+01 
6.054427e+00 -1.539801e+01 
5.955325e+00 -1.537638e+01 
5.856188e+00 -1.535282e+01 
5.757020e+00 -1.532739e+01 
5.657822e+00 -1.530011e+01 
5.558786e+00 -1.527110e+01 
5.459890e+00 -1.523996e+01 
5.361009e+00 -1.520627e+01 
5.262092e+00 -1.516993e+01 
5.163141e+00 -1.513095e+01 
5.064153e+00 -1.508935e+01 
4.965127e+00 -1.504513e+01 
4.866067e+00 -1.499832e+01 
4.766963e+00 -1.494893e+01 
4.667933e+00 -1.489707e+01 
4.569116e+00 -1.484252e+01 
4.470323e+00 -1.478441e+01 
4.371512e+00 -1.472248e+01 
4.272681e+00 -1.465656e+01 
4.173961e+00 -1.458659e+01 
4.075332e+00 -1.451188e+01 
3.976739e+00 -1.443164e+01 
3.878070e+00 -1.434511e+01 
3.779338e+00 -1.425202e+01 
3.681810e+00 -1.415330e+01 
3.591171e+00 -1.405481e+01 
3.507709e+00 -1.395645e+01 
3.430871e+00 -1.385771e+01 
3.358868e+00 -1.375888e+01 
3.291072e+00 -1.366000e+01 
3.227094e+00 -1.356109e+01 
3.166681e+00 -1.346220e+01 
3.109723e+00 -1.336331e+01 
3.056059e+00 -1.326440e+01 
3.005476e+00 -1.316545e+01 
2.957746e+00 -1.306641e+01 
2.912513e+00 -1.296722e+01 
2.869381e+00 -1.286800e+01 
2.828225e+00 -1.276877e+01 
2.788982e+00 -1.266953e+01 
2.751603e+00 -1.257029e+01 
2.715993e+00 -1.247087e+01 
2.681707e+00 -1.237132e+01 
2.648515e+00 -1.227186e+01 
2.616592e+00 -1.217250e+01 
2.586094e+00 -1.207300e+01 
2.556695e+00 -1.197336e+01 
2.528095e+00 -1.187365e+01 
2.500113e+00 -1.177387e+01 
2.472623e+00 -1.167405e+01 
2.445507e+00 -1.157419e+01 
2.418721e+00 -1.147441e+01 
2.392449e+00 -1.137469e+01 
2.366787e+00 -1.127499e+01 
2.341797e+00 -1.117531e+01 
2.317503e+00 -1.107566e+01 
2.293981e+00 -1.097603e+01 
2.271256e+00 -1.087637e+01 
2.249232e+00 -1.077664e+01 
2.227774e+00 -1.067685e+01 
2.206770e+00 -1.057703e+01 
2.186131e+00 -1.047718e+01 
2.165817e+00 -1.037737e+01 
2.145917e+00 -1.027760e+01 
2.126509e+00 -1.017787e+01 
2.107672e+00 -1.007815e+01 
2.089423e+00 -9.978393e+00 
2.071679e+00 -9.878640e+00 
2.054451e+00 -9.778888e+00 
2.037742e+00 -9.679161e+00 
2.021604e+00 -9.579447e+00 
2.006033e+00 -9.479584e+00 
1.990732e+00 -9.379623e+00 
1.975514e+00 -9.279678e+00 
1.960418e+00 -9.179787e+00 
1.945560e+00 -9.079982e+00 
1.931098e+00 -8.980138e+00 
1.916958e+00 -8.880292e+00 
1.903142e+00 -8.780511e+00 
1.889781e+00 -8.680773e+00 
1.876953e+00 -8.581003e+00 
1.864590e+00 -8.481198e+00 
1.852622e+00 -8.381361e+00 
1.840982e+00 -8.281492e+00 
1.829607e+00 -8.181598e+00 
1.818443e+00 -8.081669e+00 
1.807429e+00 -7.981777e+00 
1.796647e+00 -7.882011e+00 
1.786330e+00 -7.782148e+00 
1.776290e+00 -7.682281e+00 
1.766521e+00 -7.582423e+00 
1.757039e+00 -7.482562e+00 
1.747837e+00 -7.382696e+00 
1.738906e+00 -7.282824e+00 
1.730234e+00 -7.182947e+00 
1.721808e+00 -7.083042e+00 
1.713566e+00 -6.983051e+00 
1.705338e+00 -6.883001e+00 
1.697011e+00 -6.782999e+00 
1.688685e+00 -6.683023e+00 
1.680406e+00 -6.583048e+00 
1.672187e+00 -6.483176e+00 
1.664226e+00 -6.383307e+00 
1.656529e+00 -6.283439e+00 
1.649098e+00 -6.183572e+00 
1.641933e+00 -6.083701e+00 
1.635027e+00 -5.983804e+00 
1.628326e+00 -5.883885e+00 
1.621784e+00 -5.783894e+00 
1.615258e+00 -5.683889e+00 
1.608722e+00 -5.583880e+00 
1.602170e+00 -5.483872e+00 
1.595602e+00 -5.383879e+00 
1.589055e+00 -5.283972e+00 
1.582692e+00 -5.184058e+00 
1.576502e+00 -5.084136e+00 
1.570468e+00 -4.984204e+00 
1.564572e+00 -4.884262e+00 
1.558790e+00 -4.784309e+00 
1.553101e+00 -4.684345e+00 
1.547484e+00 -4.584370e+00 
1.541918e+00 -4.484385e+00 
1.536380e+00 -4.384388e+00 
1.530850e+00 -4.284381e+00 
1.525304e+00 -4.184362e+00 
1.519719e+00 -4.084348e+00 
1.514114e+00 -3.984448e+00 
1.508709e+00 -3.884580e+00 
1.503563e+00 -3.784580e+00 
1.498417e+00 -3.684556e+00 
1.493221e+00 -3.584518e+00 
1.487951e+00 -3.484505e+00 
1.482656e+00 -3.384515e+00 
1.477382e+00 -3.284550e+00 
1.472179e+00 -3.184608e+00 
1.467094e+00 -3.084690e+00 
1.462175e+00 -2.984795e+00 
1.457466e+00 -2.884917e+00 
1.453001e+00 -2.785024e+00 
1.448751e+00 -2.685129e+00 
1.444710e+00 -2.585201e+00 
1.440812e+00 -2.485224e+00 
1.436958e+00 -2.385242e+00 
1.433143e+00 -2.285264e+00 
1.429370e+00 -2.185287e+00 
1.425644e+00 -2.085312e+00 
1.421968e+00 -1.985339e+00 
1.418346e+00 -1.885375e+00 
1.414799e+00 -1.785468e+00 
1.411436e+00 -1.685535e+00 
1.408205e+00 -1.585476e+00 
1.404855e+00 -1.485428e+00 
1.401409e+00 -1.385370e+00 
1.397847e+00 -1.285309e+00 
1.394162e+00 -1.185290e+00 
1.390443e+00 -1.085314e+00 
1.386770e+00 -9.853236e-01 
1.383118e+00 -8.853899e-01 
1.379602e+00 -7.855297e-01 
1.376364e+00 -6.856229e-01 
1.373313e+00 -5.857277e-01 
1.370472e+00 -4.858445e-01 
1.367865e+00 -3.859636e-01 
1.365494e+00 -2.860148e-01 
1.363223e+00 -1.859757e-01 
1.360889e+00 -8.714929e-02 
1.360875e+00 8.597566e-02 
1.363224e+00 1.860148e-01 
1.365492e+00 2.859636e-01 
1.367862e+00 3.858445e-01 
1.370469e+00 4.857277e-01 
1.373310e+00 5.856229e-01 
1.376361e+00 6.855297e-01 
1.379597e+00 7.853899e-01 
1.383116e+00 8.853236e-01 
1.386769e+00 9.853139e-01 
1.390442e+00 1.085290e+00 
1.394163e+00 1.185309e+00 
1.397849e+00 1.285370e+00 
1.401411e+00 1.385428e+00 
1.404856e+00 1.485476e+00 
1.408207e+00 1.585535e+00 
1.411434e+00 1.685468e+00 
1.414796e+00 1.785375e+00 
1.418345e+00 1.885339e+00 
1.421968e+00 1.985312e+00 
1.425644e+00 2.085287e+00 
1.429369e+00 2.185264e+00 
1.433142e+00 2.285242e+00 
1.436958e+00 2.385224e+00 
1.440811e+00 2.485201e+00 
1.444707e+00 2.585129e+00 
1.448747e+00 2.685024e+00 
1.452997e+00 2.784917e+00 
1.457461e+00 2.884795e+00 
1.462170e+00 2.984690e+00 
1.467090e+00 3.084608e+00 
1.472176e+00 3.184550e+00 
1.477380e+00 3.284515e+00 
1.482655e+00 3.384505e+00 
1.487952e+00 3.484518e+00 
1.493223e+00 3.584556e+00 
1.498418e+00 3.684580e+00 
1.503563e+00 3.784580e+00 
1.508702e+00 3.884448e+00 
1.514108e+00 3.984348e+00 
1.519720e+00 4.084362e+00 
1.525305e+00 4.184381e+00 
1.530850e+00 4.284388e+00 
1.536380e+00 4.384385e+00 
1.541917e+00 4.484370e+00 
1.547483e+00 4.584345e+00 
1.553099e+00 4.684309e+00 
1.558787e+00 4.784262e+00 
1.564568e+00 4.884204e+00 
1.570464e+00 4.984136e+00 
1.576497e+00 5.084058e+00 
1.582687e+00 5.183972e+00 
1.589049e+00 5.283879e+00 
1.595602e+00 5.383872e+00 
1.602170e+00 5.483880e+00 
1.608723e+00 5.583889e+00 
1.508936e+00 5.590410e+00 
1.502384e+00 5.490418e+00 
1.495817e+00 5.390426e+00 
1.489263e+00 5.290419e+00 
1.482889e+00 5.190327e+00 
1.476688e+00 5.090241e+00 
1.470646e+00 4.990162e+00 
1.464742e+00 4.890094e+00 
1.458954e+00 4.790037e+00 
1.453260e+00 4.689990e+00 
1.447640e+00 4.589954e+00 
1.442071e+00 4.489929e+00 
1.436533e+00 4.389914e+00 
1.431003e+00 4.289910e+00 
1.425458e+00 4.189918e+00 
1.419876e+00 4.089937e+00 
1.414265e+00 3.989950e+00 
1.408849e+00 3.889851e+00 
1.403695e+00 3.789719e+00 
1.398550e+00 3.689718e+00 
1.393358e+00 3.589743e+00 
1.388091e+00 3.489780e+00 
1.382795e+00 3.389794e+00 
1.377519e+00 3.289783e+00 
1.372311e+00 3.189749e+00 
1.367219e+00 3.089691e+00 
1.362291e+00 2.989609e+00 
1.357572e+00 2.889504e+00 
1.353096e+00 2.789382e+00 
1.348837e+00 2.689274e+00 
1.344789e+00 2.589170e+00 
1.340887e+00 2.489097e+00 
1.337032e+00 2.389075e+00 
1.333215e+00 2.289056e+00 
1.329440e+00 2.189035e+00 
1.325713e+00 2.089011e+00 
1.322035e+00 1.988987e+00 
1.318410e+00 1.888960e+00 
1.314859e+00 1.788923e+00 
1.311491e+00 1.688831e+00 
1.308259e+00 1.588763e+00 
1.304912e+00 1.488823e+00 
1.301470e+00 1.388870e+00 
1.297912e+00 1.288928e+00 
1.294231e+00 1.188990e+00 
1.290511e+00 1.089008e+00 
1.286837e+00 9.889847e-01 
1.283183e+00 8.889750e-01 
1.279659e+00 7.889086e-01 
1.276414e+00 6.887688e-01 
1.273357e+00 5.886757e-01 
1.270509e+00 4.885709e-01 
1.267896e+00 3.884541e-01 
1.265521e+00 2.883350e-01 
1.263250e+00 1.882838e-01 
1.260903e+00 8.832292e-02 
1.260889e+00 -8.714929e-02 
1.263251e+00 -1.883229e-01 
1.265519e+00 -2.882838e-01 
1.267893e+00 -3.883350e-01 
1.270506e+00 -4.884541e-01 
1.273354e+00 -5.885709e-01 
1.276411e+00 -6.886757e-01 
1.279655e+00 -7.887688e-01 
1.283180e+00 -8.889086e-01 
1.286836e+00 -9.889750e-01 
1.290510e+00 -1.088985e+00 
1.294232e+00 -1.189008e+00 
1.297915e+00 -1.288990e+00 
1.301472e+00 -1.388928e+00 
1.304914e+00 -1.488870e+00 
1.308261e+00 -1.588823e+00 
1.311489e+00 -1.688763e+00 
1.314855e+00 -1.788831e+00 
1.318409e+00 -1.888923e+00 
1.322034e+00 -1.988960e+00 
1.325712e+00 -2.088987e+00 
1.329439e+00 -2.189011e+00 
1.333214e+00 -2.289035e+00 
1.337031e+00 -2.389056e+00 
1.340886e+00 -2.489075e+00 
1.344786e+00 -2.589097e+00 
1.348833e+00 -2.689170e+00 
1.353092e+00 -2.789274e+00 
1.357566e+00 -2.889382e+00 
1.362286e+00 -2.989504e+00 
1.367215e+00 -3.089609e+00 
1.372308e+00 -3.189691e+00 
1.377517e+00 -3.289749e+00 
1.382794e+00 -3.389783e+00 
1.388091e+00 -3.489794e+00 
1.393360e+00 -3.589780e+00 
1.398552e+00 -3.689743e+00 
1.403695e+00 -3.789718e+00 
1.408842e+00 -3.889719e+00 
1.414260e+00 -3.989851e+00 
1.419876e+00 -4.089950e+00 
1.425459e+00 -4.189937e+00 
1.431003e+00 -4.289918e+00 
1.436533e+00 -4.389910e+00 
1.442071e+00 -4.489914e+00 
1.447639e+00 -4.589929e+00 
1.453258e+00 -4.689954e+00 
1.458951e+00 -4.789990e+00 
1.464738e+00 -4.890037e+00 
1.470642e+00 -4.990094e+00 
1.476683e+00 -5.090162e+00 
1.482883e+00 -5.190241e+00 
1.489257e+00 -5.290327e+00 
1.495816e+00 -5.390419e+00 
1.502385e+00 -5.490426e+00 
1.508936e+00 -5.590418e+00 
1.515471e+00 -5.690410e+00 
1.521996e+00 -5.790405e+00 
1.528539e+00 -5.890414e+00 
1.535251e+00 -5.990495e+00 
1.542171e+00 -6.090598e+00 
1.549354e+00 -6.190727e+00 
1.556805e+00 -6.290860e+00 
1.564522e+00 -6.390991e+00 
1.572503e+00 -6.491122e+00 
1.580743e+00 -6.591250e+00 
1.589026e+00 -6.691276e+00 
1.597356e+00 -6.791299e+00 
1.605682e+00 -6.891298e+00 
1.613903e+00 -6.991248e+00 
1.622146e+00 -7.091256e+00 
1.630588e+00 -7.191351e+00 
1.639281e+00 -7.291474e+00 
1.648235e+00 -7.391603e+00 
1.657461e+00 -7.491737e+00 
1.666968e+00 -7.591875e+00 
1.676765e+00 -7.692018e+00 
1.686831e+00 -7.792151e+00 
1.697176e+00 -7.892287e+00 
1.708008e+00 -7.992522e+00 
1.719046e+00 -8.092629e+00 
1.730225e+00 -8.192701e+00 
1.741624e+00 -8.292806e+00 
1.753294e+00 -8.392937e+00 
1.765300e+00 -8.493100e+00 
1.777712e+00 -8.593296e+00 
1.790598e+00 -8.693525e+00 
1.804028e+00 -8.793788e+00 
1.817903e+00 -8.894007e+00 
1.832086e+00 -8.994160e+00 
1.846593e+00 -9.094317e+00 
1.861508e+00 -9.194511e+00 
1.876636e+00 -9.294620e+00 
1.891871e+00 -9.394676e+00 
1.907184e+00 -9.494715e+00 
1.922797e+00 -9.594852e+00 
1.939027e+00 -9.695137e+00 
1.955825e+00 -9.795411e+00 
1.973138e+00 -9.895658e+00 
1.990968e+00 -9.995905e+00 
2.009304e+00 -1.009615e+01 
2.028247e+00 -1.019643e+01 
2.047758e+00 -1.029670e+01 
2.067749e+00 -1.039693e+01 
2.088140e+00 -1.049712e+01 
2.108841e+00 -1.059727e+01 
2.129917e+00 -1.069744e+01 
2.151467e+00 -1.079766e+01 
2.173609e+00 -1.089793e+01 
2.196483e+00 -1.099826e+01 
2.220179e+00 -1.109864e+01 
2.244643e+00 -1.119899e+01 
2.269789e+00 -1.129931e+01 
2.295605e+00 -1.139961e+01 
2.322020e+00 -1.149989e+01 
2.348926e+00 -1.160011e+01 
2.376117e+00 -1.170025e+01 
2.403702e+00 -1.180042e+01 
2.431809e+00 -1.190065e+01 
2.460571e+00 -1.200093e+01 
2.490181e+00 -1.210130e+01 
2.520983e+00 -1.220180e+01 
2.553307e+00 -1.230244e+01 
2.586848e+00 -1.240297e+01 
2.621443e+00 -1.250343e+01 
2.657458e+00 -1.260401e+01 
2.695398e+00 -1.270477e+01 
2.735230e+00 -1.280553e+01 
2.777009e+00 -1.290630e+01 
2.820800e+00 -1.300708e+01 
2.866758e+00 -1.310789e+01 
2.915387e+00 -1.320885e+01 
2.967013e+00 -1.330990e+01 
3.021818e+00 -1.341099e+01 
3.080021e+00 -1.351210e+01 
3.141751e+00 -1.361321e+01 
3.207099e+00 -1.371430e+01 
3.276384e+00 -1.381542e+01 
3.350036e+00 -1.391658e+01 
3.428778e+00 -1.401785e+01 
3.514898e+00 -1.411949e+01 
3.608207e+00 -1.422100e+01 
3.708184e+00 -1.432228e+01 
3.809452e+00 -1.441785e+01 
3.910783e+00 -1.450681e+01 
4.012190e+00 -1.458943e+01 
4.113561e+00 -1.466629e+01 
4.214841e+00 -1.473814e+01 
4.316010e+00 -1.480566e+01 
4.417199e+00 -1.486914e+01 
4.518406e+00 -1.492870e+01 
4.619589e+00 -1.498461e+01 
4.720559e+00 -1.503751e+01 
4.821455e+00 -1.508782e+01 
4.922395e+00 -1.513554e+01 
5.023369e+00 -1.518065e+01 
5.124381e+00 -1.522314e+01 
5.225430e+00 -1.526297e+01 
5.326513e+00 -1.530013e+01 
5.427632e+00 -1.533461e+01 
5.528736e+00 -1.536648e+01 
5.629700e+00 -1.539608e+01 
5.730502e+00 -1.542381e+01 
5.831334e+00 -1.544969e+01 
5.932197e+00 -1.547367e+01 
6.033095e+00 -1.549571e+01 
6.134004e+00 -1.551580e+01 
6.234819e+00 -1.553413e+01 
6.335490e+00 -1.555102e+01 
6.436098e+00 -1.556663e+01 
6.536728e+00 -1.558093e+01 
6.637380e+00 -1.559388e+01 
6.738054e+00 -1.560545e+01 
6.838752e+00 -1.561560e+01 
6.939472e+00 -1.562427e+01 
7.040216e+00 -1.563144e+01 
7.140982e+00 -1.563706e+01 
7.241772e+00 -1.564108e+01 
7.342584e+00 -1.564346e+01 
7.443418e+00 -1.564416e+01 
7.544238e+00 -1.564320e+01 
7.644938e+00 -1.564084e+01 
7.745526e+00 -1.563728e+01 
7.846108e+00 -1.563256e+01 
7.946691e+00 -1.562666e+01 
8.047281e+00 -1.561957e+01 
8.147880e+00 -1.561125e+01 
8.248488e+00 -1.560170e+01 
8.349103e+00 -1.559090e+01 
8.449726e+00 -1.557881e+01 
8.550315e+00 -1.556551e+01 
8.650829e+00 -1.555116e+01 
8.751299e+00 -1.553584e+01 
8.851777e+00 -1.551952e+01 
8.952265e+00 -1.550218e+01 
9.052762e+00 -1.548379e+01 
9.153269e+00 -1.546433e+01 
9.253784e+00 -1.544377e+01 
9.354309e+00 -1.542207e+01 
9.454843e+00 -1.539922e+01 
9.555387e+00 -1.537519e+01 
9.655940e+00 -1.534994e+01 
9.756503e+00 -1.532344e+01 
9.857075e+00 -1.529566e+01 
9.957656e+00 -1.526657e+01 
1.005825e+01 -1.523612e+01 
1.015885e+01 -1.520429e+01 
1.025946e+01 -1.517103e+01 
1.036008e+01 -1.513630e+01 
1.046070e+01 -1.510007e+01 
1.056131e+01 -1.506236e+01 
1.066185e+01 -1.502335e+01 
1.076235e+01 -1.498311e+01 
1.086278e+01 -1.494181e+01 
1.096318e+01 -1.489949e+01 
1.106358e+01 -1.485613e+01 
1.116399e+01 -1.481171e+01 
1.126441e+01 -1.476619e+01 
1.136482e+01 -1.471955e+01 
1.146525e+01 -1.467176e+01 
1.156567e+01 -1.462281e+01 
1.166610e+01 -1.457264e+01 
1.176654e+01 -1.452125e+01 
1.186698e+01 -1.446857e+01 
1.196743e+01 -1.441460e+01 
1.206787e+01 -1.435931e+01 
1.216833e+01 -1.430264e+01 
1.226878e+01 -1.424459e+01 
1.236924e+01 -1.418511e+01 
1.246970e+01 -1.412416e+01 
1.257016e+01 -1.406170e+01 
1.267062e+01 -1.399772e+01 
1.277109e+01 -1.393216e+01 
1.287156e+01 -1.386498e+01 
1.297202e+01 -1.379614e+01 
1.307249e+01 -1.372561e+01 
1.317297e+01 -1.365331e+01 
1.327344e+01 -1.357921e+01 
1.337391e+01 -1.350326e+01 
1.347439e+01 -1.342539e+01 
1.357487e+01 -1.334555e+01 
1.367535e+01 -1.326366e+01 
1.377583e+01 -1.317966e+01 
1.387632e+01 -1.309345e+01 
1.397680e+01 -1.300501e+01 
1.407723e+01 -1.291453e+01 
1.417760e+01 -1.282226e+01 
1.427794e+01 -1.272830e+01 
1.437828e+01 -1.263257e+01 
1.447862e+01 -1.253500e+01 
1.457897e+01 -1.243551e+01 
1.467822e+01 -1.233516e+01 
1.477555e+01 -1.223481e+01 
1.487100e+01 -1.213446e+01 
1.496461e+01 -1.203411e+01 
1.505642e+01 -1.193375e+01 
1.514646e+01 -1.183339e+01 
1.523476e+01 -1.173303e+01 
1.532135e+01 -1.163266e+01 
1.540628e+01 -1.153230e+01 
1.548957e+01 -1.143193e+01 
1.557125e+01 -1.133156e+01 
1.565136e+01 -1.123119e+01 
1.572992e+01 -1.113082e+01 
1.580696e+01 -1.103044e+01 
1.588251e+01 -1.093007e+01 
1.595659e+01 -1.082969e+01 
1.602924e+01 -1.072931e+01 
1.610048e+01 -1.062894e+01 
1.617033e+01 -1.052856e+01 
1.623882e+01 -1.042818e+01 
1.630597e+01 -1.032780e+01 
1.637181e+01 -1.022742e+01 
1.643635e+01 -1.012704e+01 
1.649962e+01 -1.002666e+01 
1.656165e+01 -9.926281e+00 
1.662244e+01 -9.825901e+00 
1.668203e+01 -9.725522e+00 
1.674050e+01 -9.625174e+00 
1.679797e+01 -9.524851e+00 
1.685444e+01 -9.424525e+00 
1.690993e+01 -9.324197e+00 
1.696443e+01 -9.223868e+00 
1.701797e+01 -9.123537e+00 
1.707054e+01 -9.023205e+00 
1.712215e+01 -8.922872e+00 
1.717282e+01 -8.822538e+00 
1.722255e+01 -8.722203e+00 
1.727134e+01 -8.621867e+00 
1.731922e+01 -8.521530e+00 
1.736617e+01 -8.421193e+00 
1.741222e+01 -8.320855e+00 
1.745740e+01 -8.220529e+00 
1.750177e+01 -8.120229e+00 
1.754539e+01 -8.019944e+00 
1.758832e+01 -7.919676e+00 
1.763055e+01 -7.819408e+00 
1.767210e+01 -7.719141e+00 
1.771297e+01 -7.618873e+00 
1.775317e+01 -7.518606e+00 
1.779270e+01 -7.418340e+00 
1.783157e+01 -7.318073e+00 
1.786979e+01 -7.217807e+00 
1.790736e+01 -7.117542e+00 
1.794427e+01 -7.017277e+00 
1.798055e+01 -6.917012e+00 
1.801620e+01 -6.816747e+00 
1.805121e+01 -6.716483e+00 
1.808559e+01 -6.616220e+00 
1.811936e+01 -6.515957e+00 
1.815251e+01 -6.415695e+00 
1.818504e+01 -6.315433e+00 
1.821697e+01 -6.215171e+00 
1.824829e+01 -6.114910e+00 
1.827902e+01 -6.014650e+00 
1.830915e+01 -5.914390e+00 
1.833869e+01 -5.814131e+00 
1.836764e+01 -5.713872e+00 
1.839601e+01 -5.613614e+00 
1.842380e+01 -5.513356e+00 
1.845102e+01 -5.413099e+00 
1.847767e+01 -5.312843e+00 
1.850375e+01 -5.212590e+00 
1.852929e+01 -5.112344e+00 
1.855429e+01 -5.012100e+00 
1.857877e+01 -4.911859e+00 
1.860272e+01 -4.811617e+00 
1.862614e+01 -4.711376e+00 
1.864903e+01 -4.611133e+00 
1.867141e+01 -4.510891e+00 
1.869326e+01 -4.410648e+00 
1.871458e+01 -4.310405e+00 
1.873539e+01 -4.210162e+00 
1.875568e+01 -4.109919e+00 
1.877545e+01 -4.009675e+00 
1.879471e+01 -3.909431e+00 
1.881344e+01 -3.809187e+00 
1.883167e+01 -3.708942e+00 
1.884938e+01 -3.608698e+00 
1.886657e+01 -3.508453e+00 
1.888325e+01 -3.408208e+00 
1.889943e+01 -3.307963e+00 
1.891509e+01 -3.207717e+00 
1.893024e+01 -3.107472e+00 
1.894488e+01 -3.007226e+00 
1.895902e+01 -2.906981e+00 
1.897264e+01 -2.806735e+00 
1.898576e+01 -2.706489e+00 
1.899838e+01 -2.606243e+00 
1.901049e+01 -2.505996e+00 
1.902209e+01 -2.405750e+00 
1.903320e+01 -2.305504e+00 
1.904380e+01 -2.205257e+00 
1.905390e+01 -2.105011e+00 
1.906349e+01 -2.004764e+00 
1.907259e+01 -1.904518e+00 
1.908118e+01 -1.804271e+00 
1.908928e+01 -1.704025e+00 
1.909688e+01 -1.603778e+00 
1.910398e+01 -1.503532e+00 
1.911058e+01 -1.403286e+00 
1.911667e+01 -1.303029e+00 
1.912222e+01 -1.202765e+00 
1.912723e+01 -1.102493e+00 
1.913171e+01 -1.002232e+00 
1.913568e+01 -9.019783e-01 
1.913917e+01 -8.017385e-01 
1.914218e+01 -7.015003e-01 
1.914471e+01 -6.012644e-01 
1.914678e+01 -5.010287e-01 
1.904680e+01 -4.989713e-01 
