-3.002042e+00 7.240035e+00 
-2.801973e+00 7.233221e+00 
-2.601888e+00 7.226638e+00 
-2.401782e+00 7.220336e+00 
-2.201652e+00 7.214391e+00 
-2.001567e+00 7.208879e+00 
-1.801437e+00 7.203650e+00 
-1.601333e+00 7.198857e+00 
-1.401282e+00 7.194413e+00 
-1.201283e+00 7.190140e+00 
-1.001239e+00 7.185862e+00 
-8.011613e-01 7.181728e+00 
-6.010576e-01 7.177854e+00 
-4.009366e-01 7.174326e+00 
-2.008011e-01 7.171202e+00 
-6.949652e-04 7.168530e+00 
1.993967e-01 7.166213e+00 
3.994609e-01 7.164201e+00 
5.994586e-01 7.162404e+00 
7.994248e-01 7.160599e+00 
9.994413e-01 7.158682e+00 
1.199545e+00 7.156819e+00 
1.399635e+00 7.155302e+00 
1.599707e+00 7.154084e+00 
1.799763e+00 7.153108e+00 
1.999803e+00 7.152317e+00 
2.199836e+00 7.151661e+00 
2.399905e+00 7.151116e+00 
2.599935e+00 7.150798e+00 
2.800027e+00 7.150583e+00 
3.000115e+00 7.150674e+00 
3.200198e+00 7.151057e+00 
3.400277e+00 7.151718e+00 
3.600352e+00 7.152642e+00 
3.800423e+00 7.153816e+00 
4.000516e+00 7.155226e+00 
4.200654e+00 7.156947e+00 
4.400781e+00 7.159127e+00 
4.600929e+00 7.161733e+00 
4.801078e+00 7.164833e+00 
5.001238e+00 7.168430e+00 
5.201424e+00 7.172561e+00 
5.401617e+00 7.177314e+00 
5.601809e+00 7.182712e+00 
5.802025e+00 7.188751e+00 
6.002308e+00 7.195517e+00 
6.202564e+00 7.203225e+00 
6.402820e+00 7.211792e+00 
6.603073e+00 7.221213e+00 
6.803326e+00 7.231484e+00 
7.003607e+00 7.242603e+00 
7.203891e+00 7.254666e+00 
7.404231e+00 7.267686e+00 
7.604578e+00 7.281851e+00 
7.804906e+00 7.297180e+00 
8.005291e+00 7.313620e+00 
8.205698e+00 7.331365e+00 
8.406133e+00 7.350487e+00 
8.606591e+00 7.371087e+00 
8.807050e+00 7.393243e+00 
9.007505e+00 7.416962e+00 
9.207989e+00 7.442239e+00 
9.408546e+00 7.469185e+00 
9.609150e+00 7.498057e+00 
9.809815e+00 7.529026e+00 
1.001053e+01 7.562313e+00 
1.021130e+01 7.598109e+00 
1.041212e+01 7.636615e+00 
1.061299e+01 7.678046e+00 
1.081392e+01 7.722617e+00 
1.101491e+01 7.770572e+00 
1.121601e+01 7.822190e+00 
1.141721e+01 7.877905e+00 
1.161853e+01 7.938195e+00 
1.181984e+01 8.003575e+00 
1.202123e+01 8.074162e+00 
1.222272e+01 8.150416e+00 
1.242430e+01 8.232900e+00 
1.262602e+01 8.322275e+00 
1.282782e+01 8.419422e+00 
1.302971e+01 8.525104e+00 
1.323175e+01 8.640317e+00 
1.343375e+01 8.766327e+00 
1.363585e+01 8.903915e+00 
1.383806e+01 9.054684e+00 
1.404040e+01 9.220805e+00 
1.424290e+01 9.405353e+00 
1.444077e+01 9.607859e+00 
1.461723e+01 9.810291e+00 
1.477587e+01 1.001286e+01 
1.491784e+01 1.021555e+01 
1.504398e+01 1.041793e+01 
1.515753e+01 1.062030e+01 
1.525947e+01 1.082275e+01 
1.535019e+01 1.102525e+01 
1.543008e+01 1.122759e+01 
1.550031e+01 1.142962e+01 
1.556249e+01 1.163138e+01 
1.561798e+01 1.183308e+01 
1.566718e+01 1.203483e+01 
1.571001e+01 1.223665e+01 
1.574638e+01 1.243853e+01 
1.577618e+01 1.264046e+01 
1.579932e+01 1.284241e+01 
1.581577e+01 1.304404e+01 
1.582672e+01 1.324556e+01 
1.583255e+01 1.344710e+01 
1.583320e+01 1.364866e+01 
1.582859e+01 1.385025e+01 
1.581864e+01 1.405185e+01 
1.580328e+01 1.425343e+01 
1.578258e+01 1.445484e+01 
1.575704e+01 1.465624e+01 
1.572666e+01 1.485765e+01 
1.569138e+01 1.505905e+01 
1.565115e+01 1.526044e+01 
1.560592e+01 1.546183e+01 
1.555562e+01 1.566322e+01 
1.550020e+01 1.586458e+01 
1.543965e+01 1.606583e+01 
1.537438e+01 1.626683e+01 
1.530517e+01 1.646786e+01 
1.523181e+01 1.666892e+01 
1.515412e+01 1.687000e+01 
1.507189e+01 1.707114e+01 
1.498479e+01 1.727230e+01 
1.489256e+01 1.747349e+01 
1.479493e+01 1.767471e+01 
1.469156e+01 1.787596e+01 
1.458211e+01 1.807723e+01 
1.446624e+01 1.827851e+01 
1.434372e+01 1.847968e+01 
1.421485e+01 1.868071e+01 
1.408014e+01 1.888160e+01 
1.394013e+01 1.908251e+01 
1.379451e+01 1.928343e+01 
1.364292e+01 1.948437e+01 
1.348499e+01 1.968533e+01 
1.332029e+01 1.988630e+01 
1.314833e+01 2.008729e+01 
1.296856e+01 2.028830e+01 
1.278037e+01 2.048933e+01 
1.258305e+01 2.069036e+01 
1.238197e+01 2.088541e+01 
1.218096e+01 2.107096e+01 
1.198000e+01 2.124817e+01 
1.177912e+01 2.141793e+01 
1.157833e+01 2.158119e+01 
1.137753e+01 2.173889e+01 
1.117672e+01 2.189119e+01 
1.097591e+01 2.203826e+01 
1.077509e+01 2.218023e+01 
1.057427e+01 2.231726e+01 
1.037344e+01 2.244948e+01 
1.017261e+01 2.257702e+01 
9.971774e+00 2.270002e+01 
9.770939e+00 2.281858e+01 
9.570103e+00 2.293283e+01 
9.369279e+00 2.304286e+01 
9.168488e+00 2.314885e+01 
8.967704e+00 2.325104e+01 
8.766928e+00 2.334957e+01 
8.566162e+00 2.344454e+01 
8.365405e+00 2.353607e+01 
8.164658e+00 2.362427e+01 
7.963922e+00 2.370923e+01 
7.763201e+00 2.379107e+01 
7.562504e+00 2.386987e+01 
7.361885e+00 2.394578e+01 
7.161277e+00 2.401917e+01 
6.960677e+00 2.409012e+01 
6.760083e+00 2.415868e+01 
6.559497e+00 2.422491e+01 
6.358919e+00 2.428887e+01 
6.158353e+00 2.435059e+01 
5.957822e+00 2.441015e+01 
5.757296e+00 2.446770e+01 
5.556773e+00 2.452328e+01 
5.356253e+00 2.457691e+01 
5.155737e+00 2.462862e+01 
4.955212e+00 2.467843e+01 
4.754626e+00 2.472635e+01 
4.554007e+00 2.477215e+01 
4.353388e+00 2.481573e+01 
4.152773e+00 2.485710e+01 
3.952162e+00 2.489628e+01 
3.751555e+00 2.493331e+01 
3.550952e+00 2.496821e+01 
3.350354e+00 2.500101e+01 
3.149760e+00 2.503173e+01 
2.949174e+00 2.506040e+01 
2.748596e+00 2.508705e+01 
2.548019e+00 2.511173e+01 
2.347441e+00 2.513443e+01 
2.146861e+00 2.515517e+01 
1.946281e+00 2.517394e+01 
1.745698e+00 2.519075e+01 
1.545158e+00 2.520558e+01 
1.344664e+00 2.521860e+01 
1.144172e+00 2.522996e+01 
9.436818e-01 2.523967e+01 
7.431926e-01 2.524773e+01 
7.393469e-01 2.512780e+01 
9.388578e-01 2.511977e+01 
1.138367e+00 2.511010e+01 
1.337875e+00 2.509879e+01 
1.537382e+00 2.508584e+01 
1.736841e+00 2.507107e+01 
1.936259e+00 2.505436e+01 
2.135678e+00 2.503569e+01 
2.335099e+00 2.501507e+01 
2.534521e+00 2.499249e+01 
2.733943e+00 2.496795e+01 
2.933366e+00 2.494145e+01 
3.132779e+00 2.491294e+01 
3.332186e+00 2.488239e+01 
3.531587e+00 2.484979e+01 
3.730985e+00 2.481509e+01 
3.930378e+00 2.477828e+01 
4.129767e+00 2.473933e+01 
4.329152e+00 2.469821e+01 
4.528533e+00 2.465489e+01 
4.727914e+00 2.460936e+01 
4.927327e+00 2.456172e+01 
5.126803e+00 2.451216e+01 
5.326287e+00 2.446071e+01 
5.525767e+00 2.440735e+01 
5.725244e+00 2.435206e+01 
5.924718e+00 2.429481e+01 
6.124186e+00 2.423556e+01 
6.323621e+00 2.417418e+01 
6.523042e+00 2.411059e+01 
6.722456e+00 2.404473e+01 
6.921863e+00 2.397657e+01 
7.121262e+00 2.390604e+01 
7.320655e+00 2.383308e+01 
7.520036e+00 2.375764e+01 
7.719339e+00 2.367937e+01 
7.918617e+00 2.359811e+01 
8.117881e+00 2.351376e+01 
8.317134e+00 2.342621e+01 
8.516378e+00 2.333536e+01 
8.715611e+00 2.324109e+01 
8.914836e+00 2.314332e+01 
9.114052e+00 2.304190e+01 
9.313260e+00 2.293674e+01 
9.512437e+00 2.282759e+01 
9.711601e+00 2.271428e+01 
9.910766e+00 2.259668e+01 
1.010993e+01 2.247469e+01 
1.030910e+01 2.234819e+01 
1.050827e+01 2.221704e+01 
1.070745e+01 2.208111e+01 
1.090663e+01 2.194027e+01 
1.110582e+01 2.179438e+01 
1.130501e+01 2.164328e+01 
1.150421e+01 2.148682e+01 
1.170342e+01 2.132482e+01 
1.190254e+01 2.115652e+01 
1.210158e+01 2.098096e+01 
1.230057e+01 2.079724e+01 
1.249949e+01 2.060424e+01 
1.269473e+01 2.040527e+01 
1.288095e+01 2.020630e+01 
1.305888e+01 2.000730e+01 
1.322910e+01 1.980830e+01 
1.339218e+01 1.960927e+01 
1.354857e+01 1.941023e+01 
1.369870e+01 1.921117e+01 
1.384296e+01 1.901209e+01 
1.398169e+01 1.881300e+01 
1.411518e+01 1.861388e+01 
1.424269e+01 1.841492e+01 
1.436375e+01 1.821609e+01 
1.447811e+01 1.801737e+01 
1.458613e+01 1.781864e+01 
1.468818e+01 1.761989e+01 
1.478460e+01 1.742111e+01 
1.487570e+01 1.722230e+01 
1.496177e+01 1.702346e+01 
1.504305e+01 1.682460e+01 
1.511987e+01 1.662568e+01 
1.519243e+01 1.642674e+01 
1.526092e+01 1.622777e+01 
1.532552e+01 1.602877e+01 
1.538529e+01 1.583002e+01 
1.543992e+01 1.563138e+01 
1.548949e+01 1.543277e+01 
1.553406e+01 1.523416e+01 
1.557370e+01 1.503555e+01 
1.560845e+01 1.483695e+01 
1.563838e+01 1.463835e+01 
1.566353e+01 1.443976e+01 
1.568391e+01 1.424117e+01 
1.569899e+01 1.404275e+01 
1.570874e+01 1.384435e+01 
1.571323e+01 1.364593e+01 
1.571255e+01 1.344750e+01 
1.570677e+01 1.324904e+01 
1.569595e+01 1.305056e+01 
1.567971e+01 1.285219e+01 
1.565696e+01 1.265414e+01 
1.562767e+01 1.245607e+01 
1.559192e+01 1.225795e+01 
1.554980e+01 1.205976e+01 
1.550140e+01 1.186152e+01 
1.544680e+01 1.166322e+01 
1.538563e+01 1.146498e+01 
1.531674e+01 1.126701e+01 
1.523858e+01 1.106935e+01 
1.514997e+01 1.087185e+01 
1.505036e+01 1.067430e+01 
1.493934e+01 1.047667e+01 
1.481601e+01 1.027905e+01 
1.467761e+01 1.008174e+01 
1.452278e+01 9.884309e+00 
1.435034e+01 9.686740e+00 
1.415710e+01 9.489246e+00 
1.395960e+01 9.309528e+00 
1.376194e+01 9.147454e+00 
1.356415e+01 9.000135e+00 
1.336625e+01 8.865536e+00 
1.316825e+01 8.742145e+00 
1.297029e+01 8.629357e+00 
1.277218e+01 8.525747e+00 
1.257398e+01 8.430406e+00 
1.237570e+01 8.342620e+00 
1.217728e+01 8.261483e+00 
1.197877e+01 8.186398e+00 
1.178016e+01 8.116824e+00 
1.158147e+01 8.052330e+00 
1.138279e+01 7.992864e+00 
1.118399e+01 7.937840e+00 
1.098509e+01 7.886806e+00 
1.078608e+01 7.839342e+00 
1.058701e+01 7.795200e+00 
1.038788e+01 7.754142e+00 
1.018870e+01 7.715962e+00 
9.989470e+00 7.680450e+00 
9.790185e+00 7.647409e+00 
9.590850e+00 7.616653e+00 
9.391454e+00 7.587962e+00 
9.192011e+00 7.561170e+00 
8.992495e+00 7.536020e+00 
8.792950e+00 7.512411e+00 
8.593409e+00 7.490361e+00 
8.393867e+00 7.469858e+00 
8.194302e+00 7.450822e+00 
7.994709e+00 7.433153e+00 
7.795094e+00 7.416779e+00 
7.595422e+00 7.401501e+00 
7.395769e+00 7.387388e+00 
7.196109e+00 7.374413e+00 
6.996393e+00 7.362386e+00 
6.796674e+00 7.351300e+00 
6.596927e+00 7.341056e+00 
6.397180e+00 7.331659e+00 
6.197436e+00 7.323115e+00 
5.997692e+00 7.315428e+00 
5.797975e+00 7.308683e+00 
5.598191e+00 7.302657e+00 
5.398383e+00 7.297270e+00 
5.198576e+00 7.292528e+00 
4.998762e+00 7.288404e+00 
4.798922e+00 7.284814e+00 
4.599071e+00 7.281719e+00 
4.399219e+00 7.279117e+00 
4.199346e+00 7.276940e+00 
3.999484e+00 7.275222e+00 
3.799577e+00 7.273813e+00 
3.599648e+00 7.272640e+00 
3.399723e+00 7.271717e+00 
3.199802e+00 7.271057e+00 
2.999885e+00 7.270674e+00 
2.799973e+00 7.270583e+00 
2.600065e+00 7.270798e+00 
2.400095e+00 7.271116e+00 
2.200164e+00 7.271661e+00 
2.000197e+00 7.272317e+00 
1.800237e+00 7.273107e+00 
1.600293e+00 7.274083e+00 
1.400365e+00 7.275300e+00 
1.200455e+00 7.276815e+00 
1.000559e+00 7.278677e+00 
8.005752e-01 7.280594e+00 
6.005414e-01 7.282399e+00 
4.005391e-01 7.284196e+00 
2.006033e-01 7.286207e+00 
6.949652e-04 7.288522e+00 
-1.991989e-01 7.291192e+00 
-3.990634e-01 7.294312e+00 
-5.989424e-01 7.297836e+00 
-7.988387e-01 7.301706e+00 
-9.987606e-01 7.305836e+00 
-1.198717e+00 7.310112e+00 
-1.398718e+00 7.314386e+00 
-1.598667e+00 7.318827e+00 
-1.798563e+00 7.323616e+00 
-1.998433e+00 7.328838e+00 
-2.198348e+00 7.334346e+00 
-2.398218e+00 7.340283e+00 
-2.598112e+00 7.346578e+00 
-2.798027e+00 7.353156e+00 
-2.997958e+00 7.359965e+00 
-3.002042e+00 7.240035e+00 
