-3.271552e+00 2.053846e+00 
-3.276795e+00 2.153866e+00 
-3.281998e+00 2.253872e+00 
-3.287188e+00 2.353859e+00 
-3.292404e+00 2.453824e+00 
-3.297687e+00 2.553769e+00 
-3.303082e+00 2.653694e+00 
-3.308626e+00 2.753602e+00 
-3.314352e+00 2.853496e+00 
-3.320291e+00 2.953376e+00 
-3.326471e+00 3.053244e+00 
-3.332919e+00 3.153144e+00 
-3.339567e+00 3.253046e+00 
-3.346415e+00 3.352989e+00 
-3.353379e+00 3.452949e+00 
-3.360423e+00 3.552885e+00 
-3.367595e+00 3.652807e+00 
-3.374921e+00 3.752717e+00 
-3.382428e+00 3.852614e+00 
-3.390142e+00 3.952497e+00 
-3.398090e+00 4.052368e+00 
-3.406298e+00 4.152228e+00 
-3.414788e+00 4.252091e+00 
-3.423556e+00 4.351962e+00 
-3.432585e+00 4.451840e+00 
-3.441863e+00 4.551725e+00 
-3.451374e+00 4.651617e+00 
-3.461102e+00 4.751484e+00 
-3.471094e+00 4.851320e+00 
-3.481421e+00 4.951161e+00 
-3.492073e+00 5.051021e+00 
-3.503010e+00 5.150894e+00 
-3.514207e+00 5.250783e+00 
-3.525631e+00 5.350682e+00 
-3.537257e+00 5.450555e+00 
-3.549139e+00 5.550402e+00 
-3.561333e+00 5.650248e+00 
-3.573842e+00 5.750093e+00 
-3.586667e+00 5.849937e+00 
-3.599807e+00 5.949735e+00 
-3.613353e+00 6.049481e+00 
-3.627417e+00 6.149207e+00 
-3.642045e+00 6.248926e+00 
-3.657251e+00 6.348638e+00 
-3.673051e+00 6.448344e+00 
-3.689459e+00 6.548042e+00 
-3.706493e+00 6.647733e+00 
-3.724174e+00 6.747434e+00 
-3.742488e+00 6.847182e+00 
-3.761339e+00 6.946975e+00 
-3.780620e+00 7.046721e+00 
-3.800410e+00 7.146347e+00 
-3.820975e+00 7.245890e+00 
-3.842505e+00 7.345402e+00 
-3.865068e+00 7.444879e+00 
-3.888748e+00 7.544314e+00 
-3.913640e+00 7.643700e+00 
-3.939860e+00 7.743030e+00 
-3.967542e+00 7.842292e+00 
-3.996849e+00 7.941471e+00 
-4.027992e+00 8.040581e+00 
-4.061220e+00 8.139787e+00 
-4.096319e+00 8.239017e+00 
-4.133231e+00 8.338175e+00 
-4.172149e+00 8.437226e+00 
-4.213364e+00 8.536135e+00 
-4.257231e+00 8.634763e+00 
-4.304526e+00 8.733022e+00 
-4.356417e+00 8.830910e+00 
-4.414258e+00 8.928366e+00 
-4.479872e+00 9.025218e+00 
-4.556224e+00 9.121094e+00 
-4.651539e+00 9.216883e+00 
-4.746457e+00 9.291027e+00 
-4.842210e+00 9.348292e+00 
-4.938386e+00 9.393837e+00 
-5.034278e+00 9.429872e+00 
-5.129925e+00 9.456676e+00 
-5.225405e+00 9.474443e+00 
-5.320775e+00 9.483318e+00 
-5.416304e+00 9.483312e+00 
-5.512285e+00 9.474651e+00 
-5.608777e+00 9.457938e+00 
-5.705790e+00 9.433828e+00 
-5.803308e+00 9.403024e+00 
-5.901307e+00 9.366279e+00 
-5.999700e+00 9.324446e+00 
-6.098219e+00 9.278397e+00 
-6.196739e+00 9.228328e+00 
-6.295296e+00 9.174012e+00 
-6.393890e+00 9.115316e+00 
-6.492524e+00 9.052088e+00 
-6.591198e+00 8.984166e+00 
-6.689910e+00 8.911369e+00 
-6.788645e+00 8.833493e+00 
-6.887375e+00 8.750253e+00 
-6.986058e+00 8.661191e+00 
-7.084830e+00 8.565357e+00 
-7.179906e+00 8.466441e+00 
-7.269858e+00 8.367104e+00 
-7.356701e+00 8.267708e+00 
-7.440796e+00 8.168304e+00 
-7.522290e+00 8.068891e+00 
-7.601311e+00 7.969471e+00 
-7.677974e+00 7.870044e+00 
-7.752387e+00 7.770609e+00 
-7.824647e+00 7.671169e+00 
-7.894838e+00 7.571724e+00 
-7.963036e+00 7.472273e+00 
-8.029319e+00 7.372817e+00 
-8.093748e+00 7.273358e+00 
-8.156384e+00 7.173892e+00 
-8.217288e+00 7.074424e+00 
-8.276509e+00 6.974951e+00 
-8.334096e+00 6.875474e+00 
-8.390096e+00 6.775994e+00 
-8.444551e+00 6.676509e+00 
-8.497502e+00 6.577022e+00 
-8.548985e+00 6.477530e+00 
-8.599041e+00 6.378036e+00 
-8.647700e+00 6.278536e+00 
-8.694966e+00 6.179102e+00 
-8.740699e+00 6.079706e+00 
-8.784851e+00 5.980300e+00 
-8.827542e+00 5.880720e+00 
-8.869191e+00 5.781063e+00 
-8.909979e+00 5.681398e+00 
-8.949932e+00 5.581722e+00 
-8.989080e+00 5.482046e+00 
-9.027427e+00 5.382381e+00 
-9.064954e+00 5.282724e+00 
-9.101648e+00 5.183069e+00 
-9.137513e+00 5.083415e+00 
-9.172554e+00 4.983762e+00 
-9.206774e+00 4.884110e+00 
-9.240176e+00 4.784459e+00 
-9.272764e+00 4.684810e+00 
-9.304541e+00 4.585161e+00 
-9.335512e+00 4.485513e+00 
-9.365678e+00 4.385866e+00 
-9.395045e+00 4.286220e+00 
-9.423614e+00 4.186575e+00 
-9.451389e+00 4.086931e+00 
-9.478374e+00 3.987287e+00 
-9.504572e+00 3.887644e+00 
-9.529986e+00 3.788001e+00 
-9.554618e+00 3.688359e+00 
-9.578472e+00 3.588718e+00 
-9.601552e+00 3.489077e+00 
-9.623859e+00 3.389437e+00 
-9.645397e+00 3.289797e+00 
-9.666168e+00 3.190157e+00 
-9.686176e+00 3.090517e+00 
-9.705424e+00 2.990878e+00 
-9.723913e+00 2.891239e+00 
-9.741647e+00 2.791600e+00 
-9.758628e+00 2.691962e+00 
-9.774859e+00 2.592323e+00 
-9.790342e+00 2.492685e+00 
-9.805080e+00 2.393046e+00 
-9.819075e+00 2.293407e+00 
-9.832329e+00 2.193769e+00 
-9.844846e+00 2.094130e+00 
-9.856628e+00 1.994472e+00 
-9.867715e+00 1.894815e+00 
-9.878107e+00 1.795159e+00 
-9.887804e+00 1.695501e+00 
-9.896809e+00 1.595842e+00 
-9.905128e+00 1.496181e+00 
-9.912764e+00 1.396518e+00 
-9.919722e+00 1.296855e+00 
-9.926005e+00 1.197189e+00 
-9.931618e+00 1.097523e+00 
-9.936563e+00 9.978547e-01 
-9.940844e+00 8.981853e-01 
-1.004078e+01 9.018147e-01 
-1.003647e+01 1.002145e+00 
-1.003149e+01 1.102477e+00 
-1.002585e+01 1.202811e+00 
-1.001952e+01 1.303145e+00 
-1.001252e+01 1.403482e+00 
-1.000484e+01 1.503819e+00 
-9.996463e+00 1.604158e+00 
-9.987398e+00 1.704499e+00 
-9.977638e+00 1.804841e+00 
-9.967176e+00 1.905185e+00 
-9.956015e+00 2.005528e+00 
-9.944154e+00 2.105870e+00 
-9.931550e+00 2.206231e+00 
-9.918202e+00 2.306593e+00 
-9.904108e+00 2.406954e+00 
-9.889266e+00 2.507315e+00 
-9.873673e+00 2.607677e+00 
-9.857327e+00 2.708038e+00 
-9.840226e+00 2.808400e+00 
-9.822366e+00 2.908761e+00 
-9.803746e+00 3.009122e+00 
-9.784362e+00 3.109483e+00 
-9.764211e+00 3.209843e+00 
-9.743293e+00 3.310203e+00 
-9.721602e+00 3.410563e+00 
-9.699136e+00 3.510923e+00 
-9.675894e+00 3.611282e+00 
-9.651870e+00 3.711641e+00 
-9.627064e+00 3.811999e+00 
-9.601471e+00 3.912356e+00 
-9.575088e+00 4.012713e+00 
-9.547913e+00 4.113069e+00 
-9.519942e+00 4.213425e+00 
-9.491172e+00 4.313780e+00 
-9.461600e+00 4.414134e+00 
-9.431222e+00 4.514487e+00 
-9.400036e+00 4.614839e+00 
-9.368037e+00 4.715190e+00 
-9.335223e+00 4.815541e+00 
-9.301590e+00 4.915890e+00 
-9.267134e+00 5.016238e+00 
-9.231852e+00 5.116585e+00 
-9.195740e+00 5.216931e+00 
-9.158795e+00 5.317276e+00 
-9.121013e+00 5.417619e+00 
-9.082410e+00 5.517954e+00 
-9.043011e+00 5.618278e+00 
-9.002800e+00 5.718602e+00 
-8.961741e+00 5.818937e+00 
-8.919808e+00 5.919280e+00 
-8.876762e+00 6.019700e+00 
-8.832091e+00 6.120294e+00 
-8.785813e+00 6.220898e+00 
-8.738016e+00 6.321464e+00 
-8.688875e+00 6.421964e+00 
-8.638318e+00 6.522470e+00 
-8.586317e+00 6.622978e+00 
-8.532827e+00 6.723491e+00 
-8.477817e+00 6.824006e+00 
-8.421240e+00 6.924526e+00 
-8.363055e+00 7.025049e+00 
-8.303215e+00 7.125576e+00 
-8.241669e+00 7.226108e+00 
-8.178370e+00 7.326642e+00 
-8.113249e+00 7.427183e+00 
-8.046252e+00 7.527727e+00 
-7.977312e+00 7.628276e+00 
-7.906348e+00 7.728831e+00 
-7.833286e+00 7.829391e+00 
-7.758040e+00 7.929956e+00 
-7.680506e+00 8.030529e+00 
-7.600576e+00 8.131109e+00 
-7.518135e+00 8.231696e+00 
-7.433048e+00 8.332292e+00 
-7.345167e+00 8.432896e+00 
-7.254035e+00 8.533559e+00 
-7.156937e+00 8.634643e+00 
-7.055709e+00 8.732946e+00 
-6.954392e+00 8.824473e+00 
-6.853121e+00 8.909932e+00 
-6.751856e+00 8.989873e+00 
-6.650568e+00 9.064635e+00 
-6.549242e+00 9.134447e+00 
-6.447876e+00 9.199491e+00 
-6.346470e+00 9.259926e+00 
-6.245027e+00 9.315896e+00 
-6.143548e+00 9.367534e+00 
-6.042067e+00 9.415028e+00 
-5.940460e+00 9.458296e+00 
-5.838458e+00 9.496642e+00 
-5.735976e+00 9.529164e+00 
-5.632989e+00 9.554963e+00 
-5.529481e+00 9.573161e+00 
-5.425462e+00 9.582892e+00 
-5.320991e+00 9.583318e+00 
-5.216361e+00 9.574033e+00 
-5.111841e+00 9.555027e+00 
-5.007488e+00 9.526217e+00 
-4.903380e+00 9.487510e+00 
-4.799556e+00 9.438739e+00 
-4.695309e+00 9.376957e+00 
-4.590228e+00 9.295882e+00 
-4.485542e+00 9.191834e+00 
-4.401803e+00 9.087710e+00 
-4.331541e+00 8.984562e+00 
-4.270463e+00 8.882018e+00 
-4.216198e+00 8.779906e+00 
-4.167141e+00 8.678165e+00 
-4.122003e+00 8.576793e+00 
-4.079847e+00 8.475702e+00 
-4.040161e+00 8.374753e+00 
-4.002605e+00 8.273911e+00 
-3.966946e+00 8.173140e+00 
-3.933172e+00 8.072347e+00 
-3.901450e+00 7.971457e+00 
-3.871644e+00 7.870636e+00 
-3.843537e+00 7.769898e+00 
-3.816953e+00 7.669228e+00 
-3.791745e+00 7.568614e+00 
-3.767789e+00 7.468049e+00 
-3.744982e+00 7.367526e+00 
-3.723237e+00 7.267038e+00 
-3.702478e+00 7.166581e+00 
-3.682536e+00 7.066207e+00 
-3.663157e+00 6.965953e+00 
-3.644226e+00 6.865745e+00 
-3.625818e+00 6.765493e+00 
-3.608030e+00 6.665195e+00 
-3.590888e+00 6.564886e+00 
-3.574378e+00 6.464584e+00 
-3.558483e+00 6.364290e+00 
-3.543188e+00 6.264002e+00 
-3.528476e+00 6.163721e+00 
-3.514333e+00 6.063447e+00 
-3.500717e+00 5.963192e+00 
-3.487523e+00 5.862991e+00 
-3.474657e+00 5.762835e+00 
-3.462109e+00 5.662680e+00 
-3.449877e+00 5.562526e+00 
-3.437958e+00 5.462373e+00 
-3.426301e+00 5.362246e+00 
-3.414854e+00 5.262145e+00 
-3.403632e+00 5.162034e+00 
-3.392668e+00 5.061907e+00 
-3.381986e+00 4.961767e+00 
-3.371625e+00 4.861608e+00 
-3.361599e+00 4.761444e+00 
-3.351845e+00 4.661311e+00 
-3.342313e+00 4.561203e+00 
-3.333014e+00 4.461088e+00 
-3.323962e+00 4.360966e+00 
-3.315171e+00 4.260837e+00 
-3.306658e+00 4.160700e+00 
-3.298426e+00 4.060560e+00 
-3.290457e+00 3.960431e+00 
-3.282725e+00 3.860314e+00 
-3.275202e+00 3.760211e+00 
-3.267862e+00 3.660121e+00 
-3.260679e+00 3.560043e+00 
-3.253627e+00 3.459979e+00 
-3.246657e+00 3.359939e+00 
-3.239801e+00 3.259882e+00 
-3.233140e+00 3.159784e+00 
-3.226679e+00 3.059684e+00 
-3.220482e+00 2.959552e+00 
-3.214528e+00 2.859432e+00 
-3.208790e+00 2.759326e+00 
-3.203235e+00 2.659234e+00 
-3.197833e+00 2.559159e+00 
-3.192543e+00 2.459104e+00 
-3.187323e+00 2.359069e+00 
-3.182133e+00 2.259055e+00 
-3.176930e+00 2.159062e+00 
-3.171689e+00 2.059082e+00 
-3.271552e+00 2.053846e+00 
