-9.813870e-01 1.574098e+01 
-1.182384e+00 1.572974e+01 
-1.383395e+00 1.571514e+01 
-1.584424e+00 1.569712e+01 
-1.785524e+00 1.567559e+01 
-1.986746e+00 1.565028e+01 
-2.187946e+00 1.562076e+01 
-2.389117e+00 1.558707e+01 
-2.590262e+00 1.554928e+01 
-2.791385e+00 1.550743e+01 
-2.992489e+00 1.546154e+01 
-3.193578e+00 1.541163e+01 
-3.394655e+00 1.535771e+01 
-3.595724e+00 1.529975e+01 
-3.796825e+00 1.523772e+01 
-3.997926e+00 1.517141e+01 
-4.198998e+00 1.510077e+01 
-4.400125e+00 1.502578e+01 
-4.601385e+00 1.494609e+01 
-4.802634e+00 1.486107e+01 
-5.003880e+00 1.477062e+01 
-5.205163e+00 1.467455e+01 
-5.406466e+00 1.457251e+01 
-5.607794e+00 1.446419e+01 
-5.809205e+00 1.434914e+01 
-6.010734e+00 1.422662e+01 
-6.212401e+00 1.409552e+01 
-6.414230e+00 1.395448e+01 
-6.616380e+00 1.380153e+01 
-6.818759e+00 1.363330e+01 
-7.021325e+00 1.344598e+01 
-7.216007e+00 1.324298e+01 
-7.386303e+00 1.303963e+01 
-7.533739e+00 1.283588e+01 
-7.659583e+00 1.263090e+01 
-7.761073e+00 1.242315e+01 
-7.828959e+00 1.221422e+01 
-7.862841e+00 1.200424e+01 
-7.861236e+00 1.179363e+01 
-7.821714e+00 1.158310e+01 
-7.741086e+00 1.137364e+01 
-7.614885e+00 1.116460e+01 
-7.429631e+00 1.095728e+01 
-7.224181e+00 1.079606e+01 
-7.019994e+00 1.066948e+01 
-6.816692e+00 1.056491e+01 
-6.614069e+00 1.047582e+01 
-6.411911e+00 1.039809e+01 
-6.210086e+00 1.032921e+01 
-6.008511e+00 1.026754e+01 
-5.807181e+00 1.021190e+01 
-5.606073e+00 1.016125e+01 
-5.405125e+00 1.011468e+01 
-5.204224e+00 1.007154e+01 
-5.003381e+00 1.003161e+01 
-4.802591e+00 9.994680e+00 
-4.601769e+00 9.960509e+00 
-4.401140e+00 9.929228e+00 
-4.200600e+00 9.900135e+00 
-4.000118e+00 9.872909e+00 
-3.799648e+00 9.847335e+00 
-3.599115e+00 9.823361e+00 
-3.398750e+00 9.801221e+00 
-3.198368e+00 9.780320e+00 
-2.997973e+00 9.760711e+00 
-2.797565e+00 9.742438e+00 
-2.597143e+00 9.725545e+00 
-2.396707e+00 9.710074e+00 
-2.196298e+00 9.696073e+00 
-1.995979e+00 9.683451e+00 
-1.795548e+00 9.671894e+00 
-1.595217e+00 9.661788e+00 
-1.394965e+00 9.652792e+00 
-1.194697e+00 9.644642e+00 
-9.943660e-01 9.637385e+00 
-9.906837e-01 9.757329e+00 
-1.190352e+00 9.764563e+00 
-1.390085e+00 9.772693e+00 
-1.589832e+00 9.781667e+00 
-1.789501e+00 9.791742e+00 
-1.989070e+00 9.803252e+00 
-2.188752e+00 9.815835e+00 
-2.388343e+00 9.829782e+00 
-2.587907e+00 9.845189e+00 
-2.787485e+00 9.862014e+00 
-2.987076e+00 9.880215e+00 
-3.186681e+00 9.899749e+00 
-3.386300e+00 9.920573e+00 
-3.585935e+00 9.942635e+00 
-3.785402e+00 9.966487e+00 
-3.984932e+00 9.991944e+00 
-4.184450e+00 1.001904e+01 
-4.383910e+00 1.004798e+01 
-4.583281e+00 1.007908e+01 
-4.782459e+00 1.011298e+01 
-4.981669e+00 1.014963e+01 
-5.180825e+00 1.018923e+01 
-5.379924e+00 1.023201e+01 
-5.578977e+00 1.027815e+01 
-5.777869e+00 1.032827e+01 
-5.976539e+00 1.038320e+01 
-6.174964e+00 1.044396e+01 
-6.373139e+00 1.051165e+01 
-6.570980e+00 1.058781e+01 
-6.768357e+00 1.067475e+01 
-6.965056e+00 1.077616e+01 
-7.160869e+00 1.089800e+01 
-7.355419e+00 1.105158e+01 
-7.525130e+00 1.124425e+01 
-7.638092e+00 1.143522e+01 
-7.709547e+00 1.162575e+01 
-7.743195e+00 1.181522e+01 
-7.742842e+00 1.200462e+01 
-7.710567e+00 1.219464e+01 
-7.647066e+00 1.238570e+01 
-7.551895e+00 1.257796e+01 
-7.431545e+00 1.277298e+01 
-7.289132e+00 1.296922e+01 
-7.124052e+00 1.316588e+01 
-6.934756e+00 1.336288e+01 
-6.737321e+00 1.354516e+01 
-6.539700e+00 1.370922e+01 
-6.341850e+00 1.385876e+01 
-6.143679e+00 1.399715e+01 
-5.945346e+00 1.412600e+01 
-5.746876e+00 1.424660e+01 
-5.548286e+00 1.435998e+01 
-5.349615e+00 1.446684e+01 
-5.150917e+00 1.456751e+01 
-4.952200e+00 1.466232e+01 
-4.753447e+00 1.475162e+01 
-4.554695e+00 1.483554e+01 
-4.355955e+00 1.491420e+01 
-4.157082e+00 1.498833e+01 
-3.958154e+00 1.505820e+01 
-3.759256e+00 1.512375e+01 
-3.560357e+00 1.518508e+01 
-3.361425e+00 1.524240e+01 
-3.162502e+00 1.529573e+01 
-2.963591e+00 1.534507e+01 
-2.764695e+00 1.539043e+01 
-2.565819e+00 1.543180e+01 
-2.366964e+00 1.546914e+01 
-2.168134e+00 1.550241e+01 
-1.969334e+00 1.553155e+01 
-1.770556e+00 1.555653e+01 
-1.571656e+00 1.557780e+01 
-1.372685e+00 1.559562e+01 
-1.173697e+00 1.561006e+01 
-9.746932e-01 1.562117e+01 
-9.813870e-01 1.574098e+01 
