1.739031e+00 5.609773e+00 
1.745823e+00 5.709765e+00 
1.752631e+00 5.809757e+00 
1.759453e+00 5.909738e+00 
1.766309e+00 6.009649e+00 
1.773343e+00 6.109525e+00 
1.780624e+00 6.209376e+00 
1.788204e+00 6.309225e+00 
1.796090e+00 6.409078e+00 
1.804276e+00 6.508971e+00 
1.812688e+00 6.608998e+00 
1.821045e+00 6.709018e+00 
1.829365e+00 6.809060e+00 
1.837589e+00 6.908990e+00 
1.845951e+00 7.008871e+00 
1.854553e+00 7.108746e+00 
1.863408e+00 7.208616e+00 
1.872525e+00 7.308481e+00 
1.881914e+00 7.408342e+00 
1.891585e+00 7.508198e+00 
1.901546e+00 7.608051e+00 
1.911805e+00 7.707899e+00 
1.922372e+00 7.807741e+00 
1.933267e+00 7.907647e+00 
1.944359e+00 8.007612e+00 
1.955517e+00 8.107528e+00 
1.966845e+00 8.207435e+00 
1.978359e+00 8.307311e+00 
1.990122e+00 8.407155e+00 
2.002199e+00 8.506968e+00 
2.014655e+00 8.606748e+00 
2.027555e+00 8.706498e+00 
2.040964e+00 8.806226e+00 
2.054939e+00 8.905993e+00 
2.069400e+00 9.005821e+00 
2.084222e+00 9.105696e+00 
2.099306e+00 9.205599e+00 
2.114594e+00 9.305515e+00 
2.130058e+00 9.405439e+00 
2.145672e+00 9.505329e+00 
2.161482e+00 9.605020e+00 
2.177937e+00 9.704728e+00 
2.195001e+00 9.804456e+00 
2.212637e+00 9.904205e+00 
2.230793e+00 1.000393e+01 
2.249538e+00 1.010368e+01 
2.268813e+00 1.020346e+01 
2.288549e+00 1.030328e+01 
2.308672e+00 1.040314e+01 
2.329104e+00 1.050301e+01 
2.349795e+00 1.060284e+01 
2.370846e+00 1.070260e+01 
2.392388e+00 1.080230e+01 
2.414553e+00 1.090194e+01 
2.437477e+00 1.100154e+01 
2.461293e+00 1.110119e+01 
2.485870e+00 1.120087e+01 
2.511160e+00 1.130056e+01 
2.537129e+00 1.140029e+01 
2.563715e+00 1.150012e+01 
2.590674e+00 1.159994e+01 
2.618036e+00 1.169970e+01 
2.645877e+00 1.179927e+01 
2.674635e+00 1.189873e+01 
2.704586e+00 1.199807e+01 
2.736063e+00 1.209747e+01 
2.768970e+00 1.219702e+01 
2.802822e+00 1.229626e+01 
2.838443e+00 1.239547e+01 
2.875971e+00 1.249466e+01 
2.915461e+00 1.259386e+01 
2.956963e+00 1.269303e+01 
3.000563e+00 1.279220e+01 
3.046303e+00 1.289126e+01 
3.094467e+00 1.299017e+01 
3.145667e+00 1.308905e+01 
3.200057e+00 1.318790e+01 
3.257869e+00 1.328672e+01 
3.319395e+00 1.338548e+01 
3.384992e+00 1.348421e+01 
3.455066e+00 1.358292e+01 
3.529949e+00 1.368157e+01 
3.609994e+00 1.377987e+01 
3.697599e+00 1.387813e+01 
3.794370e+00 1.397672e+01 
3.892911e+00 1.406934e+01 
3.991514e+00 1.415496e+01 
4.090185e+00 1.423453e+01 
4.188910e+00 1.430879e+01 
4.287615e+00 1.437827e+01 
4.386301e+00 1.444322e+01 
4.484957e+00 1.450383e+01 
4.583597e+00 1.456026e+01 
4.682202e+00 1.461268e+01 
4.780966e+00 1.466127e+01 
4.879943e+00 1.470664e+01 
4.978909e+00 1.474935e+01 
5.077837e+00 1.478944e+01 
5.176732e+00 1.482689e+01 
5.275597e+00 1.486169e+01 
5.374513e+00 1.489386e+01 
5.473592e+00 1.492362e+01 
5.572760e+00 1.495133e+01 
5.671896e+00 1.497721e+01 
5.771000e+00 1.500119e+01 
5.870071e+00 1.502326e+01 
5.969109e+00 1.504334e+01 
6.068114e+00 1.506141e+01 
6.167083e+00 1.507742e+01 
6.266136e+00 1.509132e+01 
6.365354e+00 1.510332e+01 
6.464657e+00 1.511374e+01 
6.563964e+00 1.512276e+01 
6.663250e+00 1.513039e+01 
6.762515e+00 1.513659e+01 
6.861759e+00 1.514132e+01 
6.960982e+00 1.514455e+01 
7.060184e+00 1.514623e+01 
7.159366e+00 1.514633e+01 
7.258547e+00 1.514481e+01 
7.357860e+00 1.514166e+01 
7.457257e+00 1.513713e+01 
7.556665e+00 1.513140e+01 
7.656074e+00 1.512449e+01 
7.755474e+00 1.511639e+01 
7.854868e+00 1.510708e+01 
7.954253e+00 1.509655e+01 
8.053632e+00 1.508478e+01 
8.153004e+00 1.507175e+01 
8.252368e+00 1.505743e+01 
8.351725e+00 1.504181e+01 
8.451076e+00 1.502485e+01 
8.550421e+00 1.500655e+01 
8.649780e+00 1.498688e+01 
8.749213e+00 1.496583e+01 
8.848688e+00 1.494356e+01 
8.948157e+00 1.492016e+01 
9.047617e+00 1.489562e+01 
9.147068e+00 1.486990e+01 
9.246510e+00 1.484298e+01 
9.345943e+00 1.481482e+01 
9.445367e+00 1.478539e+01 
9.544783e+00 1.475465e+01 
9.644190e+00 1.472258e+01 
9.743588e+00 1.468914e+01 
9.842978e+00 1.465428e+01 
9.942359e+00 1.461798e+01 
1.004173e+01 1.458018e+01 
1.014110e+01 1.454085e+01 
1.024051e+01 1.449991e+01 
1.033999e+01 1.445747e+01 
1.043952e+01 1.441365e+01 
1.053910e+01 1.436857e+01 
1.063869e+01 1.432240e+01 
1.073827e+01 1.427511e+01 
1.083785e+01 1.422669e+01 
1.093742e+01 1.417711e+01 
1.103699e+01 1.412634e+01 
1.113656e+01 1.407435e+01 
1.123612e+01 1.402110e+01 
1.133568e+01 1.396658e+01 
1.143523e+01 1.391075e+01 
1.153478e+01 1.385357e+01 
1.163433e+01 1.379501e+01 
1.173388e+01 1.373504e+01 
1.183342e+01 1.367360e+01 
1.193295e+01 1.361067e+01 
1.203249e+01 1.354621e+01 
1.213202e+01 1.348015e+01 
1.223155e+01 1.341247e+01 
1.233107e+01 1.334311e+01 
1.243059e+01 1.327201e+01 
1.253011e+01 1.319912e+01 
1.262962e+01 1.312438e+01 
1.272913e+01 1.304773e+01 
1.282865e+01 1.296909e+01 
1.292817e+01 1.288841e+01 
1.302769e+01 1.280566e+01 
1.312722e+01 1.272080e+01 
1.322675e+01 1.263376e+01 
1.332629e+01 1.254449e+01 
1.342586e+01 1.245290e+01 
1.352544e+01 1.235913e+01 
1.362501e+01 1.226315e+01 
1.372459e+01 1.216484e+01 
1.382310e+01 1.206523e+01 
1.391953e+01 1.196558e+01 
1.401413e+01 1.186592e+01 
1.410695e+01 1.176627e+01 
1.419803e+01 1.166662e+01 
1.428740e+01 1.156697e+01 
1.437509e+01 1.146732e+01 
1.446114e+01 1.136768e+01 
1.454557e+01 1.126803e+01 
1.462842e+01 1.116839e+01 
1.470971e+01 1.106875e+01 
1.478947e+01 1.096912e+01 
1.486772e+01 1.086948e+01 
1.494451e+01 1.076985e+01 
1.501984e+01 1.067021e+01 
1.509375e+01 1.057058e+01 
1.516626e+01 1.047095e+01 
1.523739e+01 1.037132e+01 
1.530718e+01 1.027169e+01 
1.537563e+01 1.017206e+01 
1.544277e+01 1.007243e+01 
1.550863e+01 9.972799e+00 
1.557323e+01 9.873171e+00 
1.563658e+01 9.773543e+00 
1.569871e+01 9.673916e+00 
1.575963e+01 9.574288e+00 
1.581937e+01 9.474660e+00 
1.587795e+01 9.375015e+00 
1.593546e+01 9.275326e+00 
1.599203e+01 9.175637e+00 
1.604765e+01 9.075950e+00 
1.610234e+01 8.976264e+00 
1.615611e+01 8.876580e+00 
1.620896e+01 8.776897e+00 
1.626090e+01 8.677216e+00 
1.631193e+01 8.577535e+00 
1.636206e+01 8.477855e+00 
1.641130e+01 8.378177e+00 
1.645966e+01 8.278499e+00 
1.650714e+01 8.178822e+00 
1.655374e+01 8.079145e+00 
1.659949e+01 7.979469e+00 
1.664438e+01 7.879794e+00 
1.668841e+01 7.780119e+00 
1.673161e+01 7.680444e+00 
1.677397e+01 7.580769e+00 
1.681550e+01 7.481095e+00 
1.685622e+01 7.381420e+00 
1.689611e+01 7.281745e+00 
1.693521e+01 7.182064e+00 
1.697352e+01 7.082367e+00 
1.701110e+01 6.982656e+00 
1.704798e+01 6.882924e+00 
1.708423e+01 6.783184e+00 
1.711985e+01 6.683444e+00 
1.715485e+01 6.583704e+00 
1.718923e+01 6.483963e+00 
1.722301e+01 6.384222e+00 
1.725618e+01 6.284480e+00 
1.728875e+01 6.184738e+00 
1.732072e+01 6.084995e+00 
1.735210e+01 5.985252e+00 
1.738289e+01 5.885509e+00 
1.741310e+01 5.785765e+00 
1.744273e+01 5.686020e+00 
1.747177e+01 5.586275e+00 
1.750025e+01 5.486529e+00 
1.752815e+01 5.386783e+00 
1.755549e+01 5.287034e+00 
1.758228e+01 5.187280e+00 
1.760852e+01 5.087524e+00 
1.763423e+01 4.987764e+00 
1.765941e+01 4.888005e+00 
1.768406e+01 4.788247e+00 
1.770818e+01 4.688488e+00 
1.773179e+01 4.588730e+00 
1.775487e+01 4.488972e+00 
1.777743e+01 4.389214e+00 
1.779946e+01 4.289457e+00 
1.782098e+01 4.189700e+00 
1.784198e+01 4.089943e+00 
1.786247e+01 3.990186e+00 
1.788244e+01 3.890430e+00 
1.790189e+01 3.790673e+00 
1.792083e+01 3.690917e+00 
1.793926e+01 3.591161e+00 
1.795718e+01 3.491406e+00 
1.797458e+01 3.391650e+00 
1.799148e+01 3.291895e+00 
1.800787e+01 3.192139e+00 
1.802375e+01 3.092384e+00 
1.803912e+01 2.992629e+00 
1.805399e+01 2.892874e+00 
1.806835e+01 2.793128e+00 
1.808219e+01 2.693393e+00 
1.809549e+01 2.593667e+00 
1.810822e+01 2.493942e+00 
1.812040e+01 2.394217e+00 
1.813201e+01 2.294492e+00 
1.814306e+01 2.194766e+00 
1.815356e+01 2.095039e+00 
1.816351e+01 1.995313e+00 
1.817290e+01 1.895585e+00 
1.818174e+01 1.795857e+00 
1.819003e+01 1.696128e+00 
1.819778e+01 1.596399e+00 
1.820498e+01 1.496669e+00 
1.821164e+01 1.396938e+00 
1.821776e+01 1.297207e+00 
1.822334e+01 1.197475e+00 
1.822838e+01 1.097739e+00 
1.823290e+01 9.979948e-01 
1.823690e+01 8.982501e-01 
1.824039e+01 7.985054e-01 
1.834035e+01 8.014946e-01 
1.833684e+01 9.017499e-01 
1.833282e+01 1.002005e+00 
1.832828e+01 1.102261e+00 
1.832321e+01 1.202525e+00 
1.831760e+01 1.302793e+00 
1.831145e+01 1.403062e+00 
1.830476e+01 1.503331e+00 
1.829752e+01 1.603601e+00 
1.828973e+01 1.703872e+00 
1.828139e+01 1.804143e+00 
1.827251e+01 1.904415e+00 
1.826307e+01 2.004687e+00 
1.825307e+01 2.104961e+00 
1.824251e+01 2.205234e+00 
1.823140e+01 2.305508e+00 
1.821973e+01 2.405783e+00 
1.820749e+01 2.506058e+00 
1.819468e+01 2.606333e+00 
1.818132e+01 2.706607e+00 
1.816741e+01 2.806872e+00 
1.815297e+01 2.907126e+00 
1.813803e+01 3.007371e+00 
1.812258e+01 3.107616e+00 
1.810662e+01 3.207861e+00 
1.809016e+01 3.308105e+00 
1.807318e+01 3.408350e+00 
1.805569e+01 3.508594e+00 
1.803768e+01 3.608839e+00 
1.801917e+01 3.709083e+00 
1.800014e+01 3.809327e+00 
1.798059e+01 3.909570e+00 
1.796052e+01 4.009814e+00 
1.793994e+01 4.110057e+00 
1.791884e+01 4.210300e+00 
1.789721e+01 4.310543e+00 
1.787507e+01 4.410786e+00 
1.785240e+01 4.511028e+00 
1.782921e+01 4.611270e+00 
1.780550e+01 4.711512e+00 
1.778125e+01 4.811753e+00 
1.775648e+01 4.911995e+00 
1.773119e+01 5.012236e+00 
1.770536e+01 5.112476e+00 
1.767899e+01 5.212720e+00 
1.765207e+01 5.312966e+00 
1.762460e+01 5.413217e+00 
1.759655e+01 5.513471e+00 
1.756793e+01 5.613725e+00 
1.753874e+01 5.713980e+00 
1.750896e+01 5.814235e+00 
1.747860e+01 5.914491e+00 
1.744765e+01 6.014748e+00 
1.741612e+01 6.115005e+00 
1.738398e+01 6.215262e+00 
1.735124e+01 6.315520e+00 
1.731790e+01 6.415778e+00 
1.728395e+01 6.516037e+00 
1.724939e+01 6.616296e+00 
1.721421e+01 6.716556e+00 
1.717840e+01 6.816816e+00 
1.714197e+01 6.917076e+00 
1.710489e+01 7.017344e+00 
1.706709e+01 7.117633e+00 
1.702855e+01 7.217936e+00 
1.698921e+01 7.318255e+00 
1.694906e+01 7.418580e+00 
1.690808e+01 7.518905e+00 
1.686628e+01 7.619231e+00 
1.682364e+01 7.719556e+00 
1.678017e+01 7.819881e+00 
1.673585e+01 7.920206e+00 
1.669067e+01 8.020531e+00 
1.664463e+01 8.120855e+00 
1.659772e+01 8.221178e+00 
1.654994e+01 8.321501e+00 
1.650127e+01 8.421823e+00 
1.645172e+01 8.522145e+00 
1.640126e+01 8.622465e+00 
1.634991e+01 8.722784e+00 
1.629764e+01 8.823103e+00 
1.624446e+01 8.923420e+00 
1.619036e+01 9.023736e+00 
1.613532e+01 9.124050e+00 
1.607935e+01 9.224363e+00 
1.602244e+01 9.324674e+00 
1.596457e+01 9.424985e+00 
1.590558e+01 9.525340e+00 
1.584540e+01 9.625712e+00 
1.578402e+01 9.726084e+00 
1.572144e+01 9.826457e+00 
1.565762e+01 9.926829e+00 
1.559254e+01 1.002720e+01 
1.552619e+01 1.012757e+01 
1.545855e+01 1.022794e+01 
1.538960e+01 1.032831e+01 
1.531930e+01 1.042868e+01 
1.524765e+01 1.052905e+01 
1.517460e+01 1.062942e+01 
1.510016e+01 1.072979e+01 
1.502427e+01 1.083015e+01 
1.494693e+01 1.093052e+01 
1.486811e+01 1.103088e+01 
1.478778e+01 1.113125e+01 
1.470590e+01 1.123161e+01 
1.462247e+01 1.133197e+01 
1.453743e+01 1.143232e+01 
1.445078e+01 1.153268e+01 
1.436247e+01 1.163303e+01 
1.427247e+01 1.173338e+01 
1.418076e+01 1.183373e+01 
1.408731e+01 1.193408e+01 
1.399206e+01 1.203442e+01 
1.389496e+01 1.213477e+01 
1.379569e+01 1.223516e+01 
1.369527e+01 1.233431e+01 
1.359484e+01 1.243112e+01 
1.349442e+01 1.252570e+01 
1.339399e+01 1.261809e+01 
1.329352e+01 1.270821e+01 
1.319305e+01 1.279607e+01 
1.309258e+01 1.288175e+01 
1.299210e+01 1.296530e+01 
1.289163e+01 1.304677e+01 
1.279114e+01 1.312619e+01 
1.269065e+01 1.320360e+01 
1.259016e+01 1.327908e+01 
1.248968e+01 1.335269e+01 
1.238920e+01 1.342448e+01 
1.228873e+01 1.349451e+01 
1.218825e+01 1.356284e+01 
1.208779e+01 1.362953e+01 
1.198732e+01 1.369460e+01 
1.188686e+01 1.375813e+01 
1.178640e+01 1.382013e+01 
1.168594e+01 1.388067e+01 
1.158549e+01 1.393976e+01 
1.148504e+01 1.399746e+01 
1.138460e+01 1.405380e+01 
1.128415e+01 1.410881e+01 
1.118372e+01 1.416253e+01 
1.108328e+01 1.421498e+01 
1.098285e+01 1.426620e+01 
1.088242e+01 1.431621e+01 
1.078200e+01 1.436504e+01 
1.068158e+01 1.441273e+01 
1.058117e+01 1.445929e+01 
1.048076e+01 1.450475e+01 
1.038029e+01 1.454899e+01 
1.027976e+01 1.459188e+01 
1.017918e+01 1.463331e+01 
1.007854e+01 1.467316e+01 
9.977914e+00 1.471144e+01 
9.877296e+00 1.474821e+01 
9.776685e+00 1.478350e+01 
9.676084e+00 1.481736e+01 
9.575491e+00 1.484982e+01 
9.474906e+00 1.488092e+01 
9.374331e+00 1.491070e+01 
9.273764e+00 1.493919e+01 
9.173206e+00 1.496643e+01 
9.072657e+00 1.499244e+01 
8.972116e+00 1.501725e+01 
8.871585e+00 1.504090e+01 
8.771061e+00 1.506341e+01 
8.670493e+00 1.508471e+01 
8.569853e+00 1.510465e+01 
8.469197e+00 1.512320e+01 
8.368548e+00 1.514038e+01 
8.267906e+00 1.515621e+01 
8.167270e+00 1.517072e+01 
8.066641e+00 1.518393e+01 
7.966020e+00 1.519586e+01 
7.865406e+00 1.520652e+01 
7.764799e+00 1.521595e+01 
7.664200e+00 1.522416e+01 
7.563608e+00 1.523116e+01 
7.463016e+00 1.523697e+01 
7.362413e+00 1.524156e+01 
7.261726e+00 1.524476e+01 
7.160907e+00 1.524632e+01 
7.060089e+00 1.524623e+01 
6.959292e+00 1.524454e+01 
6.858514e+00 1.524127e+01 
6.757758e+00 1.523648e+01 
6.657023e+00 1.523020e+01 
6.556309e+00 1.522247e+01 
6.455616e+00 1.521333e+01 
6.354919e+00 1.520277e+01 
6.254137e+00 1.519060e+01 
6.153190e+00 1.517645e+01 
6.052160e+00 1.516013e+01 
5.951164e+00 1.514172e+01 
5.850203e+00 1.512126e+01 
5.749274e+00 1.509881e+01 
5.648378e+00 1.507440e+01 
5.547514e+00 1.504809e+01 
5.446682e+00 1.501993e+01 
5.345760e+00 1.498964e+01 
5.244677e+00 1.495679e+01 
5.143541e+00 1.492122e+01 
5.042436e+00 1.488296e+01 
4.941365e+00 1.484204e+01 
4.840331e+00 1.479846e+01 
4.739307e+00 1.475218e+01 
4.638072e+00 1.470242e+01 
4.536677e+00 1.464857e+01 
4.435316e+00 1.459064e+01 
4.333973e+00 1.452844e+01 
4.232659e+00 1.446182e+01 
4.131363e+00 1.439057e+01 
4.030088e+00 1.431445e+01 
3.928760e+00 1.423282e+01 
3.827363e+00 1.414486e+01 
3.725904e+00 1.404960e+01 
3.626253e+00 1.394820e+01 
3.535382e+00 1.384645e+01 
3.452431e+00 1.374475e+01 
3.375428e+00 1.364340e+01 
3.303461e+00 1.354211e+01 
3.236115e+00 1.344084e+01 
3.173001e+00 1.333961e+01 
3.113753e+00 1.323842e+01 
3.058061e+00 1.313727e+01 
3.005671e+00 1.303616e+01 
2.956404e+00 1.293506e+01 
2.909777e+00 1.283413e+01 
2.865423e+00 1.273329e+01 
2.823215e+00 1.263247e+01 
2.783066e+00 1.253166e+01 
2.744915e+00 1.243086e+01 
2.708707e+00 1.233006e+01 
2.674327e+00 1.222931e+01 
2.641117e+00 1.212886e+01 
2.609253e+00 1.202826e+01 
2.578894e+00 1.192760e+01 
2.549814e+00 1.182705e+01 
2.521730e+00 1.172663e+01 
2.494236e+00 1.162639e+01 
2.467175e+00 1.152620e+01 
2.440497e+00 1.142603e+01 
2.414387e+00 1.132576e+01 
2.388940e+00 1.122546e+01 
2.364201e+00 1.112513e+01 
2.340216e+00 1.102478e+01 
2.317101e+00 1.092438e+01 
2.294774e+00 1.082402e+01 
2.273102e+00 1.072372e+01 
2.251949e+00 1.062349e+01 
2.231185e+00 1.052331e+01 
2.210701e+00 1.042318e+01 
2.190519e+00 1.032304e+01 
2.170712e+00 1.022286e+01 
2.151353e+00 1.012264e+01 
2.132514e+00 1.002240e+01 
2.114255e+00 9.922118e+00 
2.096529e+00 9.821867e+00 
2.079370e+00 9.721595e+00 
2.062817e+00 9.621303e+00 
2.046907e+00 9.520994e+00 
2.031258e+00 9.420884e+00 
2.015770e+00 9.320808e+00 
2.000457e+00 9.220724e+00 
1.985343e+00 9.120626e+00 
1.970483e+00 9.020502e+00 
1.955972e+00 8.920330e+00 
1.941931e+00 8.820097e+00 
1.928447e+00 8.719825e+00 
1.915481e+00 8.619575e+00 
1.902969e+00 8.519355e+00 
1.890846e+00 8.419168e+00 
1.879046e+00 8.319012e+00 
1.867503e+00 8.218888e+00 
1.856154e+00 8.118795e+00 
1.844977e+00 8.018711e+00 
1.833877e+00 7.918676e+00 
1.822961e+00 7.818582e+00 
1.812361e+00 7.718424e+00 
1.802070e+00 7.618272e+00 
1.792079e+00 7.518125e+00 
1.782380e+00 7.417981e+00 
1.772964e+00 7.317842e+00 
1.763822e+00 7.217707e+00 
1.754944e+00 7.117577e+00 
1.746320e+00 7.017452e+00 
1.737938e+00 6.917333e+00 
1.729702e+00 6.817263e+00 
1.721389e+00 6.717305e+00 
1.713035e+00 6.617325e+00 
1.704627e+00 6.517352e+00 
1.696424e+00 6.417245e+00 
1.688514e+00 6.317098e+00 
1.680911e+00 6.216947e+00 
1.673608e+00 6.116798e+00 
1.666556e+00 6.016674e+00 
1.659688e+00 5.916584e+00 
1.652863e+00 5.816566e+00 
1.646054e+00 5.716558e+00 
1.639261e+00 5.616550e+00 
1.739031e+00 5.609773e+00 
