1.123825e+00 1.610290e+01 
1.323106e+00 1.609337e+01 
1.522388e+00 1.608191e+01 
1.721671e+00 1.606854e+01 
1.920955e+00 1.605325e+01 
2.120263e+00 1.603604e+01 
2.319569e+00 1.601696e+01 
2.518874e+00 1.599601e+01 
2.718176e+00 1.597318e+01 
2.917380e+00 1.594847e+01 
3.116549e+00 1.592159e+01 
3.315711e+00 1.589245e+01 
3.514866e+00 1.586100e+01 
3.714013e+00 1.582722e+01 
3.913154e+00 1.579107e+01 
4.112288e+00 1.575252e+01 
4.311415e+00 1.571153e+01 
4.510537e+00 1.566807e+01 
4.709653e+00 1.562210e+01 
4.908765e+00 1.557359e+01 
5.107871e+00 1.552249e+01 
5.306974e+00 1.546877e+01 
5.506073e+00 1.541239e+01 
5.705169e+00 1.535331e+01 
5.904262e+00 1.529149e+01 
6.103354e+00 1.522689e+01 
6.302444e+00 1.515948e+01 
6.501534e+00 1.508920e+01 
6.700602e+00 1.501603e+01 
6.899453e+00 1.493994e+01 
7.098232e+00 1.486010e+01 
7.296987e+00 1.477617e+01 
7.495725e+00 1.468798e+01 
7.694447e+00 1.459537e+01 
7.893156e+00 1.449816e+01 
8.091853e+00 1.439616e+01 
8.290541e+00 1.428920e+01 
8.489222e+00 1.417706e+01 
8.687900e+00 1.405953e+01 
8.886577e+00 1.393642e+01 
9.085256e+00 1.380748e+01 
9.283724e+00 1.367263e+01 
9.481979e+00 1.353060e+01 
9.680177e+00 1.337975e+01 
9.878332e+00 1.321914e+01 
1.007646e+01 1.304775e+01 
1.027456e+01 1.286438e+01 
1.047268e+01 1.266770e+01 
1.065843e+01 1.246950e+01 
1.083200e+01 1.227183e+01 
1.099132e+01 1.207489e+01 
1.113420e+01 1.187846e+01 
1.126050e+01 1.168195e+01 
1.137221e+01 1.148535e+01 
1.147097e+01 1.128863e+01 
1.155818e+01 1.109175e+01 
1.163488e+01 1.089507e+01 
1.170024e+01 1.070167e+01 
1.174624e+01 1.050955e+01 
1.177102e+01 1.031706e+01 
1.177629e+01 1.012431e+01 
1.176294e+01 9.931718e+00 
1.173116e+01 9.742506e+00 
1.167160e+01 9.556923e+00 
1.156424e+01 9.370247e+00 
1.139011e+01 9.181424e+00 
1.119934e+01 9.053634e+00 
1.100578e+01 8.960889e+00 
1.080914e+01 8.888575e+00 
1.060992e+01 8.825914e+00 
1.041342e+01 8.766365e+00 
1.021304e+01 8.716164e+00 
1.001518e+01 8.665472e+00 
9.816278e+00 8.620720e+00 
9.616155e+00 8.578833e+00 
9.416704e+00 8.536737e+00 
9.216770e+00 8.496099e+00 
9.017337e+00 8.455747e+00 
8.817361e+00 8.416891e+00 
8.617181e+00 8.378063e+00 
8.417235e+00 8.338772e+00 
8.217349e+00 8.299644e+00 
8.017800e+00 8.260904e+00 
7.818322e+00 8.223443e+00 
7.617748e+00 8.187243e+00 
7.417231e+00 8.149439e+00 
7.217840e+00 8.110395e+00 
7.018587e+00 8.073085e+00 
6.818830e+00 8.037774e+00 
6.618769e+00 8.003089e+00 
6.419189e+00 7.968313e+00 
6.219919e+00 7.934756e+00 
6.020397e+00 7.903179e+00 
5.821410e+00 7.872995e+00 
5.622360e+00 7.845576e+00 
5.422827e+00 7.820687e+00 
5.221628e+00 7.796865e+00 
5.022228e+00 7.769996e+00 
4.824248e+00 7.744919e+00 
4.625399e+00 7.725209e+00 
4.426274e+00 7.708570e+00 
4.225281e+00 7.694139e+00 
4.024466e+00 7.677040e+00 
3.825326e+00 7.657893e+00 
3.626778e+00 7.641098e+00 
3.427914e+00 7.628163e+00 
3.228500e+00 7.618236e+00 
3.028857e+00 7.609864e+00 
2.829185e+00 7.602444e+00 
2.628912e+00 7.595879e+00 
2.429700e+00 7.588618e+00 
2.230179e+00 7.583446e+00 
2.029759e+00 7.579534e+00 
1.829101e+00 7.574491e+00 
1.630103e+00 7.567739e+00 
1.431285e+00 7.563647e+00 
1.231547e+00 7.562694e+00 
1.031559e+00 7.562440e+00 
8.316445e-01 7.562217e+00 
6.318104e-01 7.562223e+00 
4.322868e-01 7.562668e+00 
2.326451e-01 7.564383e+00 
3.219942e-02 7.567062e+00 
-1.681291e-01 7.568549e+00 
-3.678116e-01 7.569157e+00 
-5.661752e-01 7.570584e+00 
-5.705402e-01 7.420647e+00 
-3.689037e-01 7.419161e+00 
-1.685862e-01 7.418550e+00 
3.108526e-02 7.417066e+00 
2.306396e-01 7.414396e+00 
4.309979e-01 7.412674e+00 
6.314743e-01 7.412223e+00 
8.316402e-01 7.412217e+00 
1.031726e+00 7.412440e+00 
1.231737e+00 7.412694e+00 
1.432000e+00 7.413648e+00 
1.633182e+00 7.417770e+00 
1.834183e+00 7.424578e+00 
2.033525e+00 7.429581e+00 
2.233106e+00 7.433475e+00 
2.433585e+00 7.438668e+00 
2.634373e+00 7.445978e+00 
2.834099e+00 7.452524e+00 
3.034427e+00 7.459968e+00 
3.234784e+00 7.468368e+00 
3.435370e+00 7.478348e+00 
3.636507e+00 7.491413e+00 
3.837959e+00 7.508426e+00 
4.038819e+00 7.527728e+00 
4.238004e+00 7.544679e+00 
4.437011e+00 7.558954e+00 
4.637886e+00 7.575729e+00 
4.839037e+00 7.595650e+00 
5.041057e+00 7.621182e+00 
5.241657e+00 7.648208e+00 
5.440457e+00 7.671727e+00 
5.640925e+00 7.696729e+00 
5.841875e+00 7.724398e+00 
6.042888e+00 7.754875e+00 
6.243365e+00 7.786600e+00 
6.444096e+00 7.820396e+00 
6.644516e+00 7.855315e+00 
6.844454e+00 7.889979e+00 
7.044698e+00 7.925375e+00 
7.245445e+00 7.962957e+00 
7.446054e+00 8.002234e+00 
7.645537e+00 8.039839e+00 
7.844962e+00 8.075827e+00 
8.045485e+00 8.113481e+00 
8.245935e+00 8.152394e+00 
8.446050e+00 8.191566e+00 
8.646104e+00 8.230878e+00 
8.845923e+00 8.269636e+00 
9.045948e+00 8.308501e+00 
9.246515e+00 8.349078e+00 
9.446581e+00 8.389742e+00 
9.647130e+00 8.432066e+00 
9.847007e+00 8.473901e+00 
1.004810e+01 8.519129e+00 
1.025025e+01 8.570852e+00 
1.044987e+01 8.620861e+00 
1.065336e+01 8.682342e+00 
1.085414e+01 8.745485e+00 
1.105750e+01 8.820086e+00 
1.126395e+01 8.918264e+00 
1.147318e+01 9.056528e+00 
1.167371e+01 9.267705e+00 
1.180098e+01 9.481030e+00 
1.187358e+01 9.695447e+00 
1.191076e+01 9.906234e+00 
1.192591e+01 1.011364e+01 
1.192097e+01 1.032089e+01 
1.189505e+01 1.052841e+01 
1.184619e+01 1.073628e+01 
1.177706e+01 1.094288e+01 
1.169795e+01 1.114620e+01 
1.160814e+01 1.134933e+01 
1.150629e+01 1.155260e+01 
1.139095e+01 1.175600e+01 
1.126042e+01 1.195950e+01 
1.111266e+01 1.216306e+01 
1.094866e+01 1.236612e+01 
1.077117e+01 1.256845e+01 
1.058214e+01 1.277026e+01 
1.038026e+01 1.297081e+01 
1.017837e+01 1.315781e+01 
9.976489e+00 1.333257e+01 
9.774644e+00 1.349627e+01 
9.572843e+00 1.364995e+01 
9.371097e+00 1.379456e+01 
9.169565e+00 1.393154e+01 
8.968244e+00 1.406224e+01 
8.766921e+00 1.418703e+01 
8.565599e+00 1.430615e+01 
8.364280e+00 1.441982e+01 
8.162968e+00 1.452823e+01 
7.961665e+00 1.463160e+01 
7.760374e+00 1.473011e+01 
7.559096e+00 1.482394e+01 
7.357834e+00 1.491327e+01 
7.156589e+00 1.499828e+01 
6.955368e+00 1.507913e+01 
6.754219e+00 1.515612e+01 
6.553287e+00 1.522999e+01 
6.352377e+00 1.530092e+01 
6.151467e+00 1.536897e+01 
5.950559e+00 1.543417e+01 
5.749652e+00 1.549656e+01 
5.548748e+00 1.555619e+01 
5.347847e+00 1.561309e+01 
5.146950e+00 1.566731e+01 
4.946056e+00 1.571888e+01 
4.745168e+00 1.576784e+01 
4.544284e+00 1.581423e+01 
4.343406e+00 1.585808e+01 
4.142533e+00 1.589944e+01 
3.941667e+00 1.593834e+01 
3.740808e+00 1.597481e+01 
3.539955e+00 1.600889e+01 
3.339110e+00 1.604061e+01 
3.138272e+00 1.607001e+01 
2.937441e+00 1.609712e+01 
2.736645e+00 1.612204e+01 
2.535947e+00 1.614503e+01 
2.335252e+00 1.616614e+01 
2.134558e+00 1.618535e+01 
1.933866e+00 1.620269e+01 
1.733150e+00 1.621810e+01 
1.532433e+00 1.623158e+01 
1.331715e+00 1.624312e+01 
1.130996e+00 1.625273e+01 
1.123825e+00 1.610290e+01 
