-1.283105e+00 6.892636e+00 
-1.291282e+00 6.992572e+00 
-1.299593e+00 7.092559e+00 
-1.307934e+00 7.192599e+00 
-1.316198e+00 7.292695e+00 
-1.324262e+00 7.392718e+00 
-1.332271e+00 7.492620e+00 
-1.340484e+00 7.592614e+00 
-1.348714e+00 7.692676e+00 
-1.356811e+00 7.792616e+00 
-1.365017e+00 7.892425e+00 
-1.373597e+00 7.992113e+00 
-1.382797e+00 8.091696e+00 
-1.392846e+00 8.191355e+00 
-1.403606e+00 8.291194e+00 
-1.414696e+00 8.391045e+00 
-1.426099e+00 8.490986e+00 
-1.437624e+00 8.590936e+00 
-1.449249e+00 8.690880e+00 
-1.460987e+00 8.790816e+00 
-1.472856e+00 8.890743e+00 
-1.484873e+00 8.990660e+00 
-1.497057e+00 9.090568e+00 
-1.509417e+00 9.190371e+00 
-1.522153e+00 9.289987e+00 
-1.535672e+00 9.389575e+00 
-1.550037e+00 9.489181e+00 
-1.565225e+00 9.588859e+00 
-1.581089e+00 9.688601e+00 
-1.597505e+00 9.788445e+00 
-1.614253e+00 9.888330e+00 
-1.631246e+00 9.988243e+00 
-1.648420e+00 1.008815e+01 
-1.665769e+00 1.018798e+01 
-1.683461e+00 1.028769e+01 
-1.701749e+00 1.038739e+01 
-1.720690e+00 1.048716e+01 
-1.740104e+00 1.058689e+01 
-1.760063e+00 1.068647e+01 
-1.780901e+00 1.078603e+01 
-1.802690e+00 1.088566e+01 
-1.825321e+00 1.098548e+01 
-1.848324e+00 1.108527e+01 
-1.871719e+00 1.118474e+01 
-1.896268e+00 1.128433e+01 
-1.921754e+00 1.138401e+01 
-1.947978e+00 1.148380e+01 
-1.974661e+00 1.158364e+01 
-2.001716e+00 1.168353e+01 
-2.029043e+00 1.178346e+01 
-2.056467e+00 1.188324e+01 
-2.084362e+00 1.198295e+01 
-2.112919e+00 1.208265e+01 
-2.142113e+00 1.218228e+01 
-2.172121e+00 1.228184e+01 
-2.203133e+00 1.238136e+01 
-2.235291e+00 1.248101e+01 
-2.268277e+00 1.258071e+01 
-2.301965e+00 1.268044e+01 
-2.336307e+00 1.278019e+01 
-2.371248e+00 1.287996e+01 
-2.406734e+00 1.297976e+01 
-2.442698e+00 1.307957e+01 
-2.479098e+00 1.317928e+01 
-2.516058e+00 1.327866e+01 
-2.554449e+00 1.337781e+01 
-2.594971e+00 1.347702e+01 
-2.637459e+00 1.357621e+01 
-2.682076e+00 1.367546e+01 
-2.728634e+00 1.377463e+01 
-2.777497e+00 1.387391e+01 
-2.828310e+00 1.397306e+01 
-2.881595e+00 1.407228e+01 
-2.937109e+00 1.417144e+01 
-2.995172e+00 1.427060e+01 
-3.055747e+00 1.436951e+01 
-3.119735e+00 1.446825e+01 
-3.188283e+00 1.456730e+01 
-3.260571e+00 1.466666e+01 
-3.335257e+00 1.476597e+01 
-3.412537e+00 1.486512e+01 
-3.493256e+00 1.496419e+01 
-3.577998e+00 1.506315e+01 
-3.667510e+00 1.516205e+01 
-3.762575e+00 1.526089e+01 
-3.861345e+00 1.535712e+01 
-3.960236e+00 1.544715e+01 
-4.059324e+00 1.553212e+01 
-4.158419e+00 1.561309e+01 
-4.257594e+00 1.569036e+01 
-4.356942e+00 1.576450e+01 
-4.456261e+00 1.583615e+01 
-4.555551e+00 1.590529e+01 
-4.654812e+00 1.597190e+01 
-4.754044e+00 1.603598e+01 
-4.853249e+00 1.609752e+01 
-4.952424e+00 1.615651e+01 
-5.051574e+00 1.621295e+01 
-5.150697e+00 1.626685e+01 
-5.249801e+00 1.631822e+01 
-5.348961e+00 1.636712e+01 
-5.448217e+00 1.641378e+01 
-5.547486e+00 1.645848e+01 
-5.646744e+00 1.650128e+01 
-5.746035e+00 1.654221e+01 
-5.845474e+00 1.658143e+01 
-5.945017e+00 1.661931e+01 
-6.044536e+00 1.665607e+01 
-6.144033e+00 1.669168e+01 
-6.243507e+00 1.672608e+01 
-6.342957e+00 1.675925e+01 
-6.442383e+00 1.679113e+01 
-6.541785e+00 1.682169e+01 
-6.641160e+00 1.685088e+01 
-6.740511e+00 1.687868e+01 
-6.839837e+00 1.690503e+01 
-6.939138e+00 1.692990e+01 
-7.038412e+00 1.695325e+01 
-7.137661e+00 1.697504e+01 
-7.236886e+00 1.699524e+01 
-7.336087e+00 1.701381e+01 
-7.435282e+00 1.703071e+01 
-7.534532e+00 1.704596e+01 
-7.633877e+00 1.705968e+01 
-7.733302e+00 1.707208e+01 
-7.832720e+00 1.708332e+01 
-7.932138e+00 1.709337e+01 
-8.031595e+00 1.710225e+01 
-8.131115e+00 1.711005e+01 
-8.230627e+00 1.711688e+01 
-8.330131e+00 1.712273e+01 
-8.429628e+00 1.712760e+01 
-8.529119e+00 1.713145e+01 
-8.628612e+00 1.713430e+01 
-8.728114e+00 1.713613e+01 
-8.827607e+00 1.713698e+01 
-8.927093e+00 1.713681e+01 
-9.026571e+00 1.713562e+01 
-9.126041e+00 1.713340e+01 
-9.225503e+00 1.713011e+01 
-9.324958e+00 1.712576e+01 
-9.424405e+00 1.712032e+01 
-9.523844e+00 1.711377e+01 
-9.623277e+00 1.710610e+01 
-9.722702e+00 1.709729e+01 
-9.822121e+00 1.708732e+01 
-9.921533e+00 1.707618e+01 
-1.002094e+01 1.706385e+01 
-1.012034e+01 1.705030e+01 
-1.021973e+01 1.703553e+01 
-1.031912e+01 1.701950e+01 
-1.041850e+01 1.700220e+01 
-1.051789e+01 1.698361e+01 
-1.061733e+01 1.696373e+01 
-1.071684e+01 1.694265e+01 
-1.081641e+01 1.692050e+01 
-1.091600e+01 1.689745e+01 
-1.101558e+01 1.687350e+01 
-1.111516e+01 1.684864e+01 
-1.121474e+01 1.682287e+01 
-1.131431e+01 1.679616e+01 
-1.141388e+01 1.676851e+01 
-1.151345e+01 1.673990e+01 
-1.161302e+01 1.671032e+01 
-1.171258e+01 1.667975e+01 
-1.181214e+01 1.664818e+01 
-1.191169e+01 1.661560e+01 
-1.201125e+01 1.658198e+01 
-1.211080e+01 1.654731e+01 
-1.221034e+01 1.651158e+01 
-1.230989e+01 1.647476e+01 
-1.240943e+01 1.643683e+01 
-1.250897e+01 1.639779e+01 
-1.260851e+01 1.635760e+01 
-1.270804e+01 1.631624e+01 
-1.280757e+01 1.627370e+01 
-1.290709e+01 1.622995e+01 
-1.300662e+01 1.618496e+01 
-1.310615e+01 1.613871e+01 
-1.320569e+01 1.609118e+01 
-1.330524e+01 1.604239e+01 
-1.340479e+01 1.599237e+01 
-1.350434e+01 1.594109e+01 
-1.360389e+01 1.588852e+01 
-1.370344e+01 1.583464e+01 
-1.380299e+01 1.577942e+01 
-1.390258e+01 1.572285e+01 
-1.400219e+01 1.566499e+01 
-1.410182e+01 1.560590e+01 
-1.420145e+01 1.554566e+01 
-1.430108e+01 1.548423e+01 
-1.440070e+01 1.542159e+01 
-1.450032e+01 1.535771e+01 
-1.459994e+01 1.529255e+01 
-1.469956e+01 1.522609e+01 
-1.479917e+01 1.515829e+01 
-1.489878e+01 1.508911e+01 
-1.499839e+01 1.501852e+01 
-1.509800e+01 1.494649e+01 
-1.519760e+01 1.487296e+01 
-1.529720e+01 1.479791e+01 
-1.539680e+01 1.472129e+01 
-1.549640e+01 1.464305e+01 
-1.559600e+01 1.456315e+01 
-1.569559e+01 1.448153e+01 
-1.579519e+01 1.439816e+01 
-1.589478e+01 1.431297e+01 
-1.599438e+01 1.422590e+01 
-1.609401e+01 1.413689e+01 
-1.619366e+01 1.404607e+01 
-1.629331e+01 1.395349e+01 
-1.639296e+01 1.385911e+01 
-1.649260e+01 1.376288e+01 
-1.659225e+01 1.366473e+01 
-1.669142e+01 1.356508e+01 
-1.678864e+01 1.346544e+01 
-1.688396e+01 1.336579e+01 
-1.697742e+01 1.326615e+01 
-1.706907e+01 1.316651e+01 
-1.715896e+01 1.306687e+01 
-1.724712e+01 1.296723e+01 
-1.733360e+01 1.286759e+01 
-1.741843e+01 1.276795e+01 
-1.750166e+01 1.266831e+01 
-1.758331e+01 1.256867e+01 
-1.766343e+01 1.246903e+01 
-1.774205e+01 1.236939e+01 
-1.781920e+01 1.226975e+01 
-1.789492e+01 1.217011e+01 
-1.796923e+01 1.207047e+01 
-1.804217e+01 1.197082e+01 
-1.811382e+01 1.187115e+01 
-1.818425e+01 1.177146e+01 
-1.825356e+01 1.167176e+01 
-1.832180e+01 1.157206e+01 
-1.838900e+01 1.147235e+01 
-1.845517e+01 1.137264e+01 
-1.852034e+01 1.127294e+01 
-1.858453e+01 1.117323e+01 
-1.864774e+01 1.107352e+01 
-1.871001e+01 1.097380e+01 
-1.877136e+01 1.087407e+01 
-1.883187e+01 1.077433e+01 
-1.889155e+01 1.067459e+01 
-1.895041e+01 1.057485e+01 
-1.900847e+01 1.047511e+01 
-1.906573e+01 1.037537e+01 
-1.912220e+01 1.027562e+01 
-1.917789e+01 1.017588e+01 
-1.923282e+01 1.007613e+01 
-1.928700e+01 9.976389e+00 
-1.934044e+01 9.876642e+00 
-1.939314e+01 9.776895e+00 
-1.944512e+01 9.677147e+00 
-1.949638e+01 9.577398e+00 
-1.954693e+01 9.477649e+00 
-1.959678e+01 9.377898e+00 
-1.964593e+01 9.278147e+00 
-1.969440e+01 9.178395e+00 
-1.974220e+01 9.078642e+00 
-1.978933e+01 8.978888e+00 
-1.983579e+01 8.879133e+00 
-1.988161e+01 8.779378e+00 
-1.992677e+01 8.679621e+00 
-1.997130e+01 8.579863e+00 
-2.001519e+01 8.480105e+00 
-2.005845e+01 8.380360e+00 
-2.010106e+01 8.280617e+00 
-2.014300e+01 8.180877e+00 
-2.018428e+01 8.081149e+00 
-2.022488e+01 7.981431e+00 
-2.026476e+01 7.881714e+00 
-2.030395e+01 7.781995e+00 
-2.034244e+01 7.682276e+00 
-2.038024e+01 7.582557e+00 
-2.041736e+01 7.482837e+00 
-2.045381e+01 7.383116e+00 
-2.048959e+01 7.283394e+00 
-2.052470e+01 7.183671e+00 
-2.055916e+01 7.083948e+00 
-2.059296e+01 6.984224e+00 
-2.062612e+01 6.884500e+00 
-2.065864e+01 6.784774e+00 
-2.069053e+01 6.685048e+00 
-2.072178e+01 6.585321e+00 
-2.075241e+01 6.485593e+00 
-2.078242e+01 6.385864e+00 
-2.081181e+01 6.286135e+00 
-2.084060e+01 6.186404e+00 
-2.086878e+01 6.086673e+00 
-2.089636e+01 5.986941e+00 
-2.092334e+01 5.887208e+00 
-2.094974e+01 5.787474e+00 
-2.097555e+01 5.687740e+00 
-2.100077e+01 5.588004e+00 
-2.102542e+01 5.488268e+00 
-2.104950e+01 5.388531e+00 
-2.107300e+01 5.288792e+00 
-2.109595e+01 5.189035e+00 
-2.111837e+01 5.089276e+00 
-2.114028e+01 4.989517e+00 
-2.116167e+01 4.889759e+00 
-2.118254e+01 4.790001e+00 
-2.120291e+01 4.690243e+00 
-2.122276e+01 4.590486e+00 
-2.124209e+01 4.490729e+00 
-2.126092e+01 4.390972e+00 
-2.127923e+01 4.291216e+00 
-2.129703e+01 4.191460e+00 
-2.131433e+01 4.091704e+00 
-2.133111e+01 3.991948e+00 
-2.134739e+01 3.892193e+00 
-2.136316e+01 3.792438e+00 
-2.137842e+01 3.692684e+00 
-2.139318e+01 3.592929e+00 
-2.140743e+01 3.493175e+00 
-2.142118e+01 3.393398e+00 
-2.143447e+01 3.293598e+00 
-2.144736e+01 3.193795e+00 
-2.145984e+01 3.093992e+00 
-2.147192e+01 2.994189e+00 
-2.148360e+01 2.894386e+00 
-2.149487e+01 2.794582e+00 
-2.150575e+01 2.694779e+00 
-2.151623e+01 2.594975e+00 
-2.152631e+01 2.495172e+00 
-2.153600e+01 2.395368e+00 
-2.154528e+01 2.295564e+00 
-2.155417e+01 2.195760e+00 
-2.156267e+01 2.095956e+00 
-2.157076e+01 1.996152e+00 
-2.157847e+01 1.896348e+00 
-2.158578e+01 1.796544e+00 
-2.159269e+01 1.696740e+00 
-2.159922e+01 1.596935e+00 
-2.160535e+01 1.497131e+00 
-2.161108e+01 1.397326e+00 
-2.161643e+01 1.297522e+00 
-2.162138e+01 1.197718e+00 
-2.162594e+01 1.097913e+00 
-2.163011e+01 9.981086e-01 
-2.163389e+01 8.983041e-01 
-2.163728e+01 7.984995e-01 
-2.164027e+01 6.986950e-01 
-2.164288e+01 5.988905e-01 
-2.174286e+01 6.011095e-01 
-2.174024e+01 7.013050e-01 
-2.173723e+01 8.015005e-01 
-2.173383e+01 9.016959e-01 
-2.173004e+01 1.001891e+00 
-2.172585e+01 1.102087e+00 
-2.172128e+01 1.202282e+00 
-2.171630e+01 1.302478e+00 
-2.171094e+01 1.402674e+00 
-2.170518e+01 1.502869e+00 
-2.169903e+01 1.603065e+00 
-2.169248e+01 1.703260e+00 
-2.168554e+01 1.803456e+00 
-2.167820e+01 1.903652e+00 
-2.167047e+01 2.003848e+00 
-2.166234e+01 2.104044e+00 
-2.165381e+01 2.204240e+00 
-2.164489e+01 2.304436e+00 
-2.163557e+01 2.404632e+00 
-2.162585e+01 2.504828e+00 
-2.161573e+01 2.605025e+00 
-2.160521e+01 2.705221e+00 
-2.159429e+01 2.805418e+00 
-2.158296e+01 2.905614e+00 
-2.157124e+01 3.005811e+00 
-2.155911e+01 3.106008e+00 
-2.154658e+01 3.206205e+00 
-2.153365e+01 3.306402e+00 
-2.152030e+01 3.406602e+00 
-2.150649e+01 3.506825e+00 
-2.149217e+01 3.607071e+00 
-2.147734e+01 3.707316e+00 
-2.146201e+01 3.807562e+00 
-2.144616e+01 3.907807e+00 
-2.142981e+01 4.008052e+00 
-2.141294e+01 4.108296e+00 
-2.139556e+01 4.208540e+00 
-2.137767e+01 4.308784e+00 
-2.135927e+01 4.409028e+00 
-2.134036e+01 4.509271e+00 
-2.132093e+01 4.609514e+00 
-2.130098e+01 4.709757e+00 
-2.128052e+01 4.809999e+00 
-2.125955e+01 4.910241e+00 
-2.123806e+01 5.010483e+00 
-2.121604e+01 5.110724e+00 
-2.119351e+01 5.210965e+00 
-2.117046e+01 5.311208e+00 
-2.114683e+01 5.411469e+00 
-2.112263e+01 5.511732e+00 
-2.109785e+01 5.611996e+00 
-2.107249e+01 5.712260e+00 
-2.104655e+01 5.812526e+00 
-2.102002e+01 5.912792e+00 
-2.099289e+01 6.013059e+00 
-2.096516e+01 6.113327e+00 
-2.093683e+01 6.213596e+00 
-2.090789e+01 6.313865e+00 
-2.087834e+01 6.414136e+00 
-2.084817e+01 6.514407e+00 
-2.081737e+01 6.614679e+00 
-2.078595e+01 6.714952e+00 
-2.075389e+01 6.815226e+00 
-2.072120e+01 6.915500e+00 
-2.068786e+01 7.015776e+00 
-2.065387e+01 7.116052e+00 
-2.061922e+01 7.216329e+00 
-2.058391e+01 7.316606e+00 
-2.054794e+01 7.416884e+00 
-2.051129e+01 7.517163e+00 
-2.047396e+01 7.617443e+00 
-2.043595e+01 7.717724e+00 
-2.039724e+01 7.818005e+00 
-2.035784e+01 7.918286e+00 
-2.031773e+01 8.018569e+00 
-2.027690e+01 8.118851e+00 
-2.023540e+01 8.219123e+00 
-2.019324e+01 8.319383e+00 
-2.015042e+01 8.419640e+00 
-2.010693e+01 8.519895e+00 
-2.006283e+01 8.620137e+00 
-2.001809e+01 8.720379e+00 
-1.997270e+01 8.820622e+00 
-1.992667e+01 8.920867e+00 
-1.987998e+01 9.021112e+00 
-1.983262e+01 9.121358e+00 
-1.978459e+01 9.221605e+00 
-1.973588e+01 9.321853e+00 
-1.968647e+01 9.422102e+00 
-1.963638e+01 9.522351e+00 
-1.958558e+01 9.622602e+00 
-1.953406e+01 9.722853e+00 
-1.948182e+01 9.823105e+00 
-1.942886e+01 9.923358e+00 
-1.937515e+01 1.002361e+01 
-1.932070e+01 1.012387e+01 
-1.926549e+01 1.022412e+01 
-1.920951e+01 1.032438e+01 
-1.915275e+01 1.042463e+01 
-1.909520e+01 1.052489e+01 
-1.903684e+01 1.062515e+01 
-1.897767e+01 1.072541e+01 
-1.891768e+01 1.082567e+01 
-1.885685e+01 1.092593e+01 
-1.879518e+01 1.102620e+01 
-1.873257e+01 1.112648e+01 
-1.866899e+01 1.122677e+01 
-1.860443e+01 1.132706e+01 
-1.853888e+01 1.142736e+01 
-1.847232e+01 1.152765e+01 
-1.840472e+01 1.162794e+01 
-1.833608e+01 1.172824e+01 
-1.826636e+01 1.182854e+01 
-1.819549e+01 1.192885e+01 
-1.812337e+01 1.202918e+01 
-1.804992e+01 1.212953e+01 
-1.797508e+01 1.222989e+01 
-1.789883e+01 1.233025e+01 
-1.782112e+01 1.243061e+01 
-1.774194e+01 1.253097e+01 
-1.766125e+01 1.263133e+01 
-1.757900e+01 1.273169e+01 
-1.749518e+01 1.283205e+01 
-1.740974e+01 1.293241e+01 
-1.732264e+01 1.303277e+01 
-1.723385e+01 1.313313e+01 
-1.714333e+01 1.323349e+01 
-1.705102e+01 1.333385e+01 
-1.695689e+01 1.343421e+01 
-1.686090e+01 1.353456e+01 
-1.676300e+01 1.363492e+01 
-1.666313e+01 1.373527e+01 
-1.656278e+01 1.383412e+01 
-1.646243e+01 1.393104e+01 
-1.636207e+01 1.402609e+01 
-1.626172e+01 1.411933e+01 
-1.616137e+01 1.421080e+01 
-1.606100e+01 1.430047e+01 
-1.596060e+01 1.438825e+01 
-1.586019e+01 1.447415e+01 
-1.575979e+01 1.455821e+01 
-1.565938e+01 1.464049e+01 
-1.555898e+01 1.472105e+01 
-1.545858e+01 1.479992e+01 
-1.535818e+01 1.487717e+01 
-1.525778e+01 1.495283e+01 
-1.515739e+01 1.502694e+01 
-1.505699e+01 1.509955e+01 
-1.495660e+01 1.517070e+01 
-1.485621e+01 1.524042e+01 
-1.475583e+01 1.530876e+01 
-1.465544e+01 1.537574e+01 
-1.455506e+01 1.544140e+01 
-1.445468e+01 1.550577e+01 
-1.435431e+01 1.556889e+01 
-1.425393e+01 1.563078e+01 
-1.415356e+01 1.569147e+01 
-1.405320e+01 1.575100e+01 
-1.395281e+01 1.580932e+01 
-1.385239e+01 1.586637e+01 
-1.375194e+01 1.592208e+01 
-1.365149e+01 1.597646e+01 
-1.355104e+01 1.602951e+01 
-1.345059e+01 1.608127e+01 
-1.335014e+01 1.613175e+01 
-1.324969e+01 1.618097e+01 
-1.314924e+01 1.622895e+01 
-1.304876e+01 1.627564e+01 
-1.294829e+01 1.632107e+01 
-1.284781e+01 1.636524e+01 
-1.274734e+01 1.640819e+01 
-1.264688e+01 1.644994e+01 
-1.254641e+01 1.649051e+01 
-1.244595e+01 1.652993e+01 
-1.234549e+01 1.656820e+01 
-1.224504e+01 1.660536e+01 
-1.214459e+01 1.664143e+01 
-1.204414e+01 1.667641e+01 
-1.194369e+01 1.671034e+01 
-1.184325e+01 1.674322e+01 
-1.174281e+01 1.677507e+01 
-1.164237e+01 1.680591e+01 
-1.154193e+01 1.683576e+01 
-1.144150e+01 1.686462e+01 
-1.134107e+01 1.689252e+01 
-1.124065e+01 1.691946e+01 
-1.114022e+01 1.694545e+01 
-1.103980e+01 1.697052e+01 
-1.093938e+01 1.699468e+01 
-1.083897e+01 1.701793e+01 
-1.073855e+01 1.704026e+01 
-1.063805e+01 1.706156e+01 
-1.053750e+01 1.708167e+01 
-1.043689e+01 1.710049e+01 
-1.033627e+01 1.711802e+01 
-1.023565e+01 1.713425e+01 
-1.013505e+01 1.714921e+01 
-1.003444e+01 1.716293e+01 
-9.933850e+00 1.717542e+01 
-9.833262e+00 1.718670e+01 
-9.732680e+00 1.719679e+01 
-9.632106e+00 1.720571e+01 
-9.531538e+00 1.721347e+01 
-9.430978e+00 1.722010e+01 
-9.330425e+00 1.722561e+01 
-9.229880e+00 1.723002e+01 
-9.129342e+00 1.723334e+01 
-9.028812e+00 1.723560e+01 
-8.928290e+00 1.723680e+01 
-8.827775e+00 1.723698e+01 
-8.727269e+00 1.723613e+01 
-8.626771e+00 1.723428e+01 
-8.526264e+00 1.723141e+01 
-8.425755e+00 1.722752e+01 
-8.325252e+00 1.722261e+01 
-8.224756e+00 1.721671e+01 
-8.124268e+00 1.720981e+01 
-8.023787e+00 1.720195e+01 
-7.923245e+00 1.719297e+01 
-7.822663e+00 1.718281e+01 
-7.722080e+00 1.717145e+01 
-7.621505e+00 1.715892e+01 
-7.520851e+00 1.714502e+01 
-7.420101e+00 1.712955e+01 
-7.319296e+00 1.711239e+01 
-7.218497e+00 1.709354e+01 
-7.117722e+00 1.707304e+01 
-7.016971e+00 1.705093e+01 
-6.916245e+00 1.702724e+01 
-6.815546e+00 1.700203e+01 
-6.714872e+00 1.697534e+01 
-6.614223e+00 1.694719e+01 
-6.513598e+00 1.691763e+01 
-6.413000e+00 1.688671e+01 
-6.312426e+00 1.685447e+01 
-6.211875e+00 1.682095e+01 
-6.111350e+00 1.678619e+01 
-6.010847e+00 1.675023e+01 
-5.910366e+00 1.671311e+01 
-5.809909e+00 1.667489e+01 
-5.709348e+00 1.663524e+01 
-5.608639e+00 1.659373e+01 
-5.507897e+00 1.655031e+01 
-5.407166e+00 1.650497e+01 
-5.306422e+00 1.645762e+01 
-5.205582e+00 1.640792e+01 
-5.104685e+00 1.635564e+01 
-5.003809e+00 1.630081e+01 
-4.902959e+00 1.624342e+01 
-4.802134e+00 1.618347e+01 
-4.701339e+00 1.612096e+01 
-4.600571e+00 1.605591e+01 
-4.499832e+00 1.598833e+01 
-4.399122e+00 1.591822e+01 
-4.298441e+00 1.584561e+01 
-4.197789e+00 1.577051e+01 
-4.096964e+00 1.569198e+01 
-3.996059e+00 1.560956e+01 
-3.895147e+00 1.552306e+01 
-3.794038e+00 1.543108e+01 
-3.692808e+00 1.533253e+01 
-3.595448e+00 1.523138e+01 
-3.503870e+00 1.513027e+01 
-3.417307e+00 1.502924e+01 
-3.335021e+00 1.492830e+01 
-3.256390e+00 1.482745e+01 
-3.180652e+00 1.472677e+01 
-3.107422e+00 1.462613e+01 
-3.037515e+00 1.452517e+01 
-2.971838e+00 1.442391e+01 
-2.909900e+00 1.432283e+01 
-2.850820e+00 1.422198e+01 
-2.794342e+00 1.412114e+01 
-2.740212e+00 1.402037e+01 
-2.688507e+00 1.391952e+01 
-2.638916e+00 1.381880e+01 
-2.591559e+00 1.371797e+01 
-2.546253e+00 1.361722e+01 
-2.503052e+00 1.351640e+01 
-2.461875e+00 1.341562e+01 
-2.422807e+00 1.331477e+01 
-2.385372e+00 1.321414e+01 
-2.348762e+00 1.311386e+01 
-2.312656e+00 1.301366e+01 
-2.277027e+00 1.291346e+01 
-2.241927e+00 1.281324e+01 
-2.207412e+00 1.271299e+01 
-2.173537e+00 1.261272e+01 
-2.140352e+00 1.251242e+01 
-2.107966e+00 1.241207e+01 
-2.076650e+00 1.231159e+01 
-2.046369e+00 1.221114e+01 
-2.016954e+00 1.211077e+01 
-1.988228e+00 1.201048e+01 
-1.960165e+00 1.191019e+01 
-1.932619e+00 1.180996e+01 
-1.905257e+00 1.170990e+01 
-1.878139e+00 1.160979e+01 
-1.851369e+00 1.150962e+01 
-1.825037e+00 1.140942e+01 
-1.799385e+00 1.130910e+01 
-1.774626e+00 1.120868e+01 
-1.750981e+00 1.110816e+01 
-1.727877e+00 1.100795e+01 
-1.705165e+00 1.090777e+01 
-1.683211e+00 1.080740e+01 
-1.662184e+00 1.070696e+01 
-1.642054e+00 1.060654e+01 
-1.622533e+00 1.050627e+01 
-1.603504e+00 1.040604e+01 
-1.585102e+00 1.030574e+01 
-1.567307e+00 1.020545e+01 
-1.549897e+00 1.010527e+01 
-1.532691e+00 1.000518e+01 
-1.515669e+00 9.905097e+00 
-1.498882e+00 9.804981e+00 
-1.482414e+00 9.704825e+00 
-1.466467e+00 9.604567e+00 
-1.451178e+00 9.504245e+00 
-1.436696e+00 9.403851e+00 
-1.423062e+00 9.303439e+00 
-1.410225e+00 9.203055e+00 
-1.397816e+00 9.102859e+00 
-1.385608e+00 9.002766e+00 
-1.373571e+00 8.902684e+00 
-1.361685e+00 8.802611e+00 
-1.349932e+00 8.702546e+00 
-1.338293e+00 8.602490e+00 
-1.326757e+00 8.502441e+00 
-1.315341e+00 8.402381e+00 
-1.304218e+00 8.302233e+00 
-1.293422e+00 8.202071e+00 
-1.283302e+00 8.101730e+00 
-1.274021e+00 8.001314e+00 
-1.265386e+00 7.901001e+00 
-1.257147e+00 7.800811e+00 
-1.249041e+00 7.700751e+00 
-1.240820e+00 7.600812e+00 
-1.232606e+00 7.500806e+00 
-1.224582e+00 7.400709e+00 
-1.216521e+00 7.300732e+00 
-1.208273e+00 7.200827e+00 
-1.199938e+00 7.100868e+00 
-1.191625e+00 7.000855e+00 
-1.183438e+00 6.900790e+00 
-1.283105e+00 6.892636e+00 
