-2.693045e+00 2.899840e+00 
-2.698246e+00 2.999777e+00 
-2.703571e+00 3.099701e+00 
-2.709052e+00 3.199659e+00 
-2.714618e+00 3.299622e+00 
-2.720258e+00 3.399592e+00 
-2.725959e+00 3.499568e+00 
-2.731708e+00 3.599545e+00 
-2.737504e+00 3.699511e+00 
-2.743364e+00 3.799417e+00 
-2.749426e+00 3.899540e+00 
-2.755227e+00 3.999429e+00 
-2.761249e+00 4.099314e+00 
-2.767505e+00 4.199239e+00 
-2.773913e+00 4.299170e+00 
-2.780461e+00 4.399100e+00 
-2.787148e+00 4.499029e+00 
-2.793979e+00 4.598957e+00 
-2.800955e+00 4.698882e+00 
-2.808079e+00 4.798807e+00 
-2.815359e+00 4.898770e+00 
-2.822716e+00 4.998754e+00 
-2.830098e+00 5.098673e+00 
-2.837643e+00 5.198588e+00 
-2.845361e+00 5.298499e+00 
-2.853258e+00 5.398407e+00 
-2.861340e+00 5.498311e+00 
-2.869615e+00 5.598200e+00 
-2.878116e+00 5.698109e+00 
-2.886802e+00 5.798050e+00 
-2.895610e+00 5.898001e+00 
-2.904513e+00 5.997924e+00 
-2.913574e+00 6.097857e+00 
-2.922768e+00 6.197770e+00 
-2.932140e+00 6.297705e+00 
-2.941632e+00 6.397523e+00 
-2.951494e+00 6.497356e+00 
-2.961698e+00 6.597210e+00 
-2.972200e+00 6.697083e+00 
-2.982951e+00 6.796878e+00 
-2.994121e+00 6.896694e+00 
-3.005670e+00 6.996548e+00 
-3.017520e+00 7.096441e+00 
-3.029594e+00 7.196371e+00 
-3.041813e+00 7.296324e+00 
-3.054124e+00 7.396245e+00 
-3.066595e+00 7.496154e+00 
-3.079245e+00 7.596007e+00 
-3.092193e+00 7.695828e+00 
-3.105504e+00 7.795615e+00 
-3.119247e+00 7.895392e+00 
-3.133448e+00 7.995158e+00 
-3.148128e+00 8.094898e+00 
-3.163340e+00 8.194622e+00 
-3.179121e+00 8.294327e+00 
-3.195510e+00 8.394017e+00 
-3.212562e+00 8.493812e+00 
-3.230027e+00 8.593521e+00 
-3.248109e+00 8.693280e+00 
-3.266699e+00 8.793046e+00 
-3.285779e+00 8.892812e+00 
-3.305357e+00 8.992596e+00 
-3.325375e+00 9.092307e+00 
-3.345992e+00 9.191950e+00 
-3.367359e+00 9.291550e+00 
-3.389570e+00 9.391103e+00 
-3.412699e+00 9.490483e+00 
-3.437180e+00 9.589908e+00 
-3.462919e+00 9.689351e+00 
-3.489872e+00 9.788746e+00 
-3.518139e+00 9.888037e+00 
-3.547966e+00 9.987232e+00 
-3.579639e+00 1.008647e+01 
-3.613100e+00 1.018574e+01 
-3.648267e+00 1.028502e+01 
-3.685114e+00 1.038416e+01 
-3.723980e+00 1.048313e+01 
-3.765237e+00 1.058176e+01 
-3.809928e+00 1.068023e+01 
-3.858611e+00 1.077851e+01 
-3.912017e+00 1.087661e+01 
-3.970994e+00 1.097448e+01 
-4.036608e+00 1.107193e+01 
-4.111285e+00 1.116910e+01 
-4.197983e+00 1.126622e+01 
-4.294850e+00 1.135863e+01 
-4.391337e+00 1.143647e+01 
-4.487709e+00 1.150122e+01 
-4.584675e+00 1.155497e+01 
-4.681916e+00 1.160048e+01 
-4.779115e+00 1.163905e+01 
-4.876243e+00 1.167104e+01 
-4.973318e+00 1.169668e+01 
-5.070390e+00 1.171618e+01 
-5.167529e+00 1.172974e+01 
-5.264929e+00 1.173765e+01 
-5.362583e+00 1.174047e+01 
-5.460346e+00 1.173870e+01 
-5.558182e+00 1.173253e+01 
-5.656099e+00 1.172207e+01 
-5.754164e+00 1.170740e+01 
-5.852694e+00 1.168866e+01 
-5.951532e+00 1.166676e+01 
-6.050425e+00 1.164236e+01 
-6.149325e+00 1.161555e+01 
-6.248232e+00 1.158629e+01 
-6.347155e+00 1.155454e+01 
-6.446086e+00 1.152030e+01 
-6.545029e+00 1.148351e+01 
-6.643989e+00 1.144415e+01 
-6.742958e+00 1.140217e+01 
-6.841949e+00 1.135754e+01 
-6.940950e+00 1.131022e+01 
-7.039974e+00 1.126015e+01 
-7.139012e+00 1.120731e+01 
-7.238073e+00 1.115163e+01 
-7.337152e+00 1.109307e+01 
-7.436251e+00 1.103159e+01 
-7.535376e+00 1.096712e+01 
-7.634518e+00 1.089963e+01 
-7.733673e+00 1.082906e+01 
-7.832808e+00 1.075532e+01 
-7.932074e+00 1.067809e+01 
-8.031499e+00 1.059768e+01 
-8.130979e+00 1.051475e+01 
-8.230459e+00 1.042950e+01 
-8.329938e+00 1.034185e+01 
-8.429411e+00 1.025170e+01 
-8.528881e+00 1.015893e+01 
-8.628348e+00 1.006340e+01 
-8.727823e+00 9.964985e+00 
-8.825410e+00 9.865516e+00 
-8.920157e+00 9.766048e+00 
-9.012170e+00 9.666582e+00 
-9.101548e+00 9.567118e+00 
-9.188384e+00 9.467655e+00 
-9.272765e+00 9.368193e+00 
-9.354773e+00 9.268732e+00 
-9.434487e+00 9.169271e+00 
-9.511979e+00 9.069811e+00 
-9.587316e+00 8.970352e+00 
-9.660584e+00 8.870864e+00 
-9.731982e+00 8.771296e+00 
-9.801814e+00 8.671700e+00 
-9.870193e+00 8.572107e+00 
-9.937136e+00 8.472517e+00 
-1.000266e+01 8.372930e+00 
-1.006679e+01 8.273346e+00 
-1.012954e+01 8.173764e+00 
-1.019092e+01 8.074185e+00 
-1.025096e+01 7.974596e+00 
-1.030971e+01 7.875006e+00 
-1.036721e+01 7.775388e+00 
-1.042355e+01 7.675772e+00 
-1.047873e+01 7.576157e+00 
-1.053277e+01 7.476543e+00 
-1.058569e+01 7.376930e+00 
-1.063750e+01 7.277318e+00 
-1.068820e+01 7.177707e+00 
-1.073782e+01 7.078096e+00 
-1.078637e+01 6.978486e+00 
-1.083385e+01 6.878875e+00 
-1.088028e+01 6.779265e+00 
-1.092568e+01 6.679654e+00 
-1.097006e+01 6.580043e+00 
-1.101342e+01 6.480432e+00 
-1.105579e+01 6.380819e+00 
-1.109717e+01 6.281207e+00 
-1.113758e+01 6.181593e+00 
-1.117702e+01 6.081977e+00 
-1.121552e+01 5.982361e+00 
-1.125308e+01 5.882743e+00 
-1.128971e+01 5.783124e+00 
-1.132543e+01 5.683503e+00 
-1.136026e+01 5.583868e+00 
-1.139423e+01 5.484212e+00 
-1.142741e+01 5.384532e+00 
-1.145984e+01 5.284844e+00 
-1.149155e+01 5.185157e+00 
-1.152254e+01 5.085470e+00 
-1.155282e+01 4.985784e+00 
-1.158238e+01 4.886098e+00 
-1.161123e+01 4.786413e+00 
-1.163938e+01 4.686728e+00 
-1.166683e+01 4.587044e+00 
-1.169357e+01 4.487359e+00 
-1.171962e+01 4.387675e+00 
-1.174498e+01 4.287972e+00 
-1.176969e+01 4.188265e+00 
-1.179377e+01 4.088557e+00 
-1.181721e+01 3.988850e+00 
-1.184002e+01 3.889142e+00 
-1.186221e+01 3.789434e+00 
-1.188376e+01 3.689725e+00 
-1.190470e+01 3.590017e+00 
-1.192502e+01 3.490308e+00 
-1.194472e+01 3.390599e+00 
-1.196381e+01 3.290890e+00 
-1.198229e+01 3.191180e+00 
-1.200016e+01 3.091470e+00 
-1.201742e+01 2.991759e+00 
-1.203408e+01 2.892048e+00 
-1.205015e+01 2.792337e+00 
-1.206561e+01 2.692624e+00 
-1.208049e+01 2.592912e+00 
-1.209477e+01 2.493198e+00 
-1.210846e+01 2.393484e+00 
-1.212157e+01 2.293774e+00 
-1.213408e+01 2.194076e+00 
-1.214597e+01 2.094390e+00 
-1.215723e+01 1.994704e+00 
-1.216785e+01 1.895020e+00 
-1.217783e+01 1.795336e+00 
-1.218717e+01 1.695652e+00 
-1.219587e+01 1.595968e+00 
-1.220394e+01 1.496283e+00 
-1.221137e+01 1.396598e+00 
-1.221817e+01 1.296912e+00 
-1.222434e+01 1.197225e+00 
-1.222988e+01 1.097537e+00 
-1.223480e+01 9.978479e-01 
-1.223909e+01 8.981581e-01 
-1.233903e+01 9.018419e-01 
-1.233471e+01 1.002152e+00 
-1.232976e+01 1.102463e+00 
-1.232418e+01 1.202775e+00 
-1.231798e+01 1.303088e+00 
-1.231114e+01 1.403402e+00 
-1.230366e+01 1.503717e+00 
-1.229555e+01 1.604032e+00 
-1.228679e+01 1.704348e+00 
-1.227739e+01 1.804664e+00 
-1.226735e+01 1.904980e+00 
-1.225667e+01 2.005296e+00 
-1.224534e+01 2.105610e+00 
-1.223337e+01 2.205924e+00 
-1.222079e+01 2.306226e+00 
-1.220761e+01 2.406516e+00 
-1.219384e+01 2.506802e+00 
-1.217948e+01 2.607088e+00 
-1.216452e+01 2.707376e+00 
-1.214897e+01 2.807663e+00 
-1.213281e+01 2.907952e+00 
-1.211605e+01 3.008241e+00 
-1.209869e+01 3.108530e+00 
-1.208072e+01 3.208820e+00 
-1.206214e+01 3.309110e+00 
-1.204294e+01 3.409401e+00 
-1.202312e+01 3.509692e+00 
-1.200269e+01 3.609983e+00 
-1.198163e+01 3.710275e+00 
-1.195995e+01 3.810566e+00 
-1.193764e+01 3.910858e+00 
-1.191469e+01 4.011150e+00 
-1.189112e+01 4.111443e+00 
-1.186690e+01 4.211735e+00 
-1.184205e+01 4.312028e+00 
-1.181654e+01 4.412325e+00 
-1.179033e+01 4.512641e+00 
-1.176341e+01 4.612956e+00 
-1.173580e+01 4.713272e+00 
-1.170747e+01 4.813587e+00 
-1.167844e+01 4.913902e+00 
-1.164869e+01 5.014216e+00 
-1.161822e+01 5.114530e+00 
-1.158704e+01 5.214843e+00 
-1.155513e+01 5.315156e+00 
-1.152250e+01 5.415468e+00 
-1.148912e+01 5.515788e+00 
-1.145491e+01 5.616132e+00 
-1.141983e+01 5.716497e+00 
-1.138384e+01 5.816876e+00 
-1.134693e+01 5.917257e+00 
-1.130909e+01 6.017639e+00 
-1.127030e+01 6.118023e+00 
-1.123055e+01 6.218407e+00 
-1.118984e+01 6.318793e+00 
-1.114814e+01 6.419181e+00 
-1.110545e+01 6.519568e+00 
-1.106175e+01 6.619957e+00 
-1.101703e+01 6.720346e+00 
-1.097128e+01 6.820735e+00 
-1.092449e+01 6.921125e+00 
-1.087664e+01 7.021514e+00 
-1.082772e+01 7.121904e+00 
-1.077771e+01 7.222293e+00 
-1.072662e+01 7.322682e+00 
-1.067441e+01 7.423070e+00 
-1.062108e+01 7.523457e+00 
-1.056663e+01 7.623843e+00 
-1.051102e+01 7.724228e+00 
-1.045426e+01 7.824612e+00 
-1.039632e+01 7.924994e+00 
-1.033710e+01 8.025404e+00 
-1.027656e+01 8.125815e+00 
-1.021467e+01 8.226236e+00 
-1.015140e+01 8.326654e+00 
-1.008674e+01 8.427070e+00 
-1.002068e+01 8.527483e+00 
-9.953187e+00 8.627893e+00 
-9.884255e+00 8.728300e+00 
-9.813862e+00 8.828704e+00 
-9.741851e+00 8.929136e+00 
-9.667839e+00 9.029648e+00 
-9.591694e+00 9.130189e+00 
-9.513373e+00 9.230729e+00 
-9.432807e+00 9.331268e+00 
-9.349923e+00 9.431807e+00 
-9.264642e+00 9.532345e+00 
-9.176881e+00 9.632882e+00 
-9.086554e+00 9.733418e+00 
-8.993567e+00 9.833952e+00 
-8.897821e+00 9.934484e+00 
-8.799209e+00 1.003501e+01 
-8.698683e+00 1.013449e+01 
-8.598150e+00 1.023105e+01 
-8.497620e+00 1.032483e+01 
-8.397094e+00 1.041595e+01 
-8.296572e+00 1.050453e+01 
-8.196053e+00 1.059068e+01 
-8.095533e+00 1.067449e+01 
-7.994958e+00 1.075584e+01 
-7.894224e+00 1.083424e+01 
-7.793359e+00 1.090929e+01 
-7.692513e+00 1.098110e+01 
-7.591656e+00 1.104978e+01 
-7.490780e+00 1.111542e+01 
-7.389880e+00 1.117804e+01 
-7.288959e+00 1.123771e+01 
-7.188020e+00 1.129448e+01 
-7.087058e+00 1.134837e+01 
-6.986081e+00 1.139945e+01 
-6.885083e+00 1.144776e+01 
-6.784073e+00 1.149333e+01 
-6.683043e+00 1.153620e+01 
-6.582003e+00 1.157642e+01 
-6.480945e+00 1.161402e+01 
-6.379877e+00 1.164904e+01 
-6.278800e+00 1.168150e+01 
-6.177707e+00 1.171144e+01 
-6.076607e+00 1.173888e+01 
-5.975500e+00 1.176385e+01 
-5.874338e+00 1.178629e+01 
-5.772868e+00 1.180563e+01 
-5.670932e+00 1.182096e+01 
-5.568849e+00 1.183196e+01 
-5.466685e+00 1.183850e+01 
-5.364449e+00 1.184045e+01 
-5.262103e+00 1.183761e+01 
-5.159503e+00 1.182942e+01 
-5.056642e+00 1.181523e+01 
-4.953713e+00 1.179474e+01 
-4.850789e+00 1.176774e+01 
-4.747917e+00 1.173406e+01 
-4.645116e+00 1.169347e+01 
-4.542357e+00 1.164557e+01 
-4.439323e+00 1.158874e+01 
-4.335694e+00 1.151956e+01 
-4.232182e+00 1.143656e+01 
-4.129049e+00 1.133866e+01 
-4.036767e+00 1.123578e+01 
-3.957386e+00 1.113295e+01 
-3.888092e+00 1.103040e+01 
-3.826395e+00 1.092827e+01 
-3.770804e+00 1.082637e+01 
-3.720334e+00 1.072465e+01 
-3.674188e+00 1.062312e+01 
-3.631734e+00 1.052174e+01 
-3.592037e+00 1.042072e+01 
-3.554534e+00 1.031986e+01 
-3.518841e+00 1.021914e+01 
-3.484879e+00 1.011841e+01 
-3.452703e+00 1.001764e+01 
-3.422377e+00 9.916840e+00 
-3.393695e+00 9.816132e+00 
-3.366405e+00 9.715526e+00 
-3.340371e+00 9.614969e+00 
-3.315600e+00 9.514394e+00 
-3.292174e+00 9.413774e+00 
-3.269759e+00 9.313327e+00 
-3.248217e+00 9.212927e+00 
-3.227450e+00 9.112570e+00 
-3.207314e+00 9.012281e+00 
-3.187650e+00 8.912065e+00 
-3.168479e+00 8.811831e+00 
-3.149802e+00 8.711598e+00 
-3.131631e+00 8.611357e+00 
-3.114062e+00 8.511066e+00 
-3.096939e+00 8.410860e+00 
-3.080446e+00 8.310550e+00 
-3.064569e+00 8.210256e+00 
-3.049272e+00 8.109979e+00 
-3.034514e+00 8.009720e+00 
-3.020245e+00 7.909485e+00 
-3.006439e+00 7.809262e+00 
-2.993071e+00 7.709050e+00 
-2.980076e+00 7.608871e+00 
-2.967388e+00 7.508723e+00 
-2.954894e+00 7.408632e+00 
-2.942563e+00 7.308553e+00 
-2.930333e+00 7.208506e+00 
-2.918242e+00 7.108436e+00 
-2.906366e+00 7.008329e+00 
-2.894783e+00 6.908183e+00 
-2.883571e+00 6.807999e+00 
-2.872775e+00 6.707795e+00 
-2.862246e+00 6.607668e+00 
-2.852012e+00 6.507521e+00 
-2.842116e+00 6.407354e+00 
-2.832589e+00 6.307172e+00 
-2.823205e+00 6.207107e+00 
-2.813995e+00 6.107020e+00 
-2.804922e+00 6.006954e+00 
-2.796004e+00 5.906876e+00 
-2.787188e+00 5.806827e+00 
-2.778491e+00 5.706768e+00 
-2.769975e+00 5.606678e+00 
-2.761681e+00 5.506567e+00 
-2.753583e+00 5.406470e+00 
-2.745672e+00 5.306378e+00 
-2.737940e+00 5.206289e+00 
-2.730382e+00 5.106204e+00 
-2.722987e+00 5.006123e+00 
-2.715628e+00 4.906108e+00 
-2.708344e+00 4.806070e+00 
-2.701208e+00 4.705995e+00 
-2.694222e+00 4.605921e+00 
-2.687381e+00 4.505848e+00 
-2.680684e+00 4.405777e+00 
-2.674127e+00 4.305707e+00 
-2.667710e+00 4.205638e+00 
-2.661444e+00 4.105563e+00 
-2.655408e+00 4.005448e+00 
-2.649594e+00 3.905337e+00 
-2.643547e+00 3.805460e+00 
-2.637675e+00 3.705366e+00 
-2.631876e+00 3.605333e+00 
-2.626124e+00 3.505309e+00 
-2.620420e+00 3.405285e+00 
-2.614777e+00 3.305255e+00 
-2.609206e+00 3.205219e+00 
-2.603721e+00 3.105176e+00 
-2.598387e+00 3.005100e+00 
-2.593181e+00 2.905037e+00 
-2.693045e+00 2.899840e+00 
