2.193908e+01 -5.982118e-01 
2.193551e+01 -6.979625e-01 
2.193144e+01 -7.977135e-01 
2.192687e+01 -8.974649e-01 
2.192181e+01 -9.972167e-01 
2.191625e+01 -1.096969e+00 
2.191019e+01 -1.196721e+00 
2.190364e+01 -1.296474e+00 
2.189659e+01 -1.396228e+00 
2.188904e+01 -1.495982e+00 
2.188100e+01 -1.595736e+00 
2.187246e+01 -1.695491e+00 
2.186343e+01 -1.795246e+00 
2.185390e+01 -1.895001e+00 
2.184388e+01 -1.994757e+00 
2.183336e+01 -2.094514e+00 
2.182235e+01 -2.194271e+00 
2.181084e+01 -2.294028e+00 
2.179884e+01 -2.393786e+00 
2.178635e+01 -2.493545e+00 
2.177336e+01 -2.593304e+00 
2.175988e+01 -2.693063e+00 
2.174590e+01 -2.792823e+00 
2.173143e+01 -2.892583e+00 
2.171647e+01 -2.992344e+00 
2.170101e+01 -3.092106e+00 
2.168506e+01 -3.191868e+00 
2.166862e+01 -3.291630e+00 
2.165168e+01 -3.391393e+00 
2.163425e+01 -3.491157e+00 
2.161632e+01 -3.590926e+00 
2.159791e+01 -3.690699e+00 
2.157902e+01 -3.790470e+00 
2.155965e+01 -3.890240e+00 
2.153980e+01 -3.990009e+00 
2.151945e+01 -4.089778e+00 
2.149862e+01 -4.189547e+00 
2.147729e+01 -4.289315e+00 
2.145546e+01 -4.389083e+00 
2.143314e+01 -4.488851e+00 
2.141032e+01 -4.588618e+00 
2.138700e+01 -4.688384e+00 
2.136317e+01 -4.788151e+00 
2.133884e+01 -4.887914e+00 
2.131399e+01 -4.987667e+00 
2.128860e+01 -5.087411e+00 
2.126265e+01 -5.187150e+00 
2.123613e+01 -5.286885e+00 
2.120902e+01 -5.386619e+00 
2.118132e+01 -5.486352e+00 
2.115303e+01 -5.586085e+00 
2.112413e+01 -5.685816e+00 
2.109463e+01 -5.785546e+00 
2.106451e+01 -5.885275e+00 
2.103378e+01 -5.985003e+00 
2.100243e+01 -6.084731e+00 
2.097044e+01 -6.184457e+00 
2.093783e+01 -6.284183e+00 
2.090457e+01 -6.383908e+00 
2.087067e+01 -6.483632e+00 
2.083612e+01 -6.583355e+00 
2.080092e+01 -6.683078e+00 
2.076506e+01 -6.782800e+00 
2.072852e+01 -6.882522e+00 
2.069132e+01 -6.982243e+00 
2.065343e+01 -7.081964e+00 
2.061487e+01 -7.181684e+00 
2.057561e+01 -7.281404e+00 
2.053566e+01 -7.381123e+00 
2.049500e+01 -7.480843e+00 
2.045364e+01 -7.580562e+00 
2.041157e+01 -7.680262e+00 
2.036874e+01 -7.779955e+00 
2.032511e+01 -7.879647e+00 
2.028069e+01 -7.979336e+00 
2.023544e+01 -8.079023e+00 
2.018937e+01 -8.178708e+00 
2.014246e+01 -8.278391e+00 
2.009469e+01 -8.378072e+00 
2.004605e+01 -8.477752e+00 
1.999653e+01 -8.577429e+00 
1.994610e+01 -8.677104e+00 
1.989476e+01 -8.776778e+00 
1.984249e+01 -8.876450e+00 
1.978927e+01 -8.976134e+00 
1.973510e+01 -9.075859e+00 
1.968011e+01 -9.175591e+00 
1.962433e+01 -9.275322e+00 
1.956773e+01 -9.375054e+00 
1.951032e+01 -9.474787e+00 
1.945208e+01 -9.574520e+00 
1.939301e+01 -9.674254e+00 
1.933311e+01 -9.773988e+00 
1.927235e+01 -9.873722e+00 
1.921074e+01 -9.973457e+00 
1.914827e+01 -1.007319e+01 
1.908492e+01 -1.017293e+01 
1.902070e+01 -1.027267e+01 
1.895558e+01 -1.037240e+01 
1.888956e+01 -1.047214e+01 
1.882264e+01 -1.057188e+01 
1.875480e+01 -1.067162e+01 
1.868603e+01 -1.077136e+01 
1.861632e+01 -1.087110e+01 
1.854566e+01 -1.097084e+01 
1.847404e+01 -1.107058e+01 
1.840146e+01 -1.117032e+01 
1.832789e+01 -1.127006e+01 
1.825335e+01 -1.136974e+01 
1.817760e+01 -1.146937e+01 
1.810037e+01 -1.156900e+01 
1.802162e+01 -1.166863e+01 
1.794136e+01 -1.176827e+01 
1.785955e+01 -1.186791e+01 
1.777617e+01 -1.196756e+01 
1.769121e+01 -1.206721e+01 
1.760465e+01 -1.216686e+01 
1.751646e+01 -1.226652e+01 
1.742661e+01 -1.236618e+01 
1.733510e+01 -1.246585e+01 
1.724188e+01 -1.256551e+01 
1.714693e+01 -1.266518e+01 
1.705024e+01 -1.276486e+01 
1.695176e+01 -1.286453e+01 
1.685212e+01 -1.296355e+01 
1.675249e+01 -1.306056e+01 
1.665285e+01 -1.315562e+01 
1.655321e+01 -1.324882e+01 
1.645356e+01 -1.334021e+01 
1.635391e+01 -1.342987e+01 
1.625426e+01 -1.351784e+01 
1.615460e+01 -1.360419e+01 
1.605495e+01 -1.368897e+01 
1.595528e+01 -1.377223e+01 
1.585562e+01 -1.385402e+01 
1.575595e+01 -1.393437e+01 
1.565628e+01 -1.401334e+01 
1.555661e+01 -1.409096e+01 
1.545693e+01 -1.416727e+01 
1.535725e+01 -1.424231e+01 
1.525759e+01 -1.431609e+01 
1.515795e+01 -1.438856e+01 
1.505831e+01 -1.445969e+01 
1.495868e+01 -1.452949e+01 
1.485904e+01 -1.459798e+01 
1.475941e+01 -1.466518e+01 
1.465978e+01 -1.473110e+01 
1.456016e+01 -1.479575e+01 
1.446053e+01 -1.485917e+01 
1.436090e+01 -1.492135e+01 
1.426128e+01 -1.498232e+01 
1.416165e+01 -1.504209e+01 
1.406203e+01 -1.510069e+01 
1.396241e+01 -1.515812e+01 
1.386286e+01 -1.521436e+01 
1.376339e+01 -1.526920e+01 
1.366392e+01 -1.532249e+01 
1.356444e+01 -1.537428e+01 
1.346496e+01 -1.542458e+01 
1.336548e+01 -1.547344e+01 
1.326600e+01 -1.552089e+01 
1.316651e+01 -1.556695e+01 
1.306702e+01 -1.561167e+01 
1.296752e+01 -1.565506e+01 
1.286802e+01 -1.569716e+01 
1.276851e+01 -1.573800e+01 
1.266901e+01 -1.577760e+01 
1.256949e+01 -1.581600e+01 
1.246997e+01 -1.585321e+01 
1.237045e+01 -1.588927e+01 
1.227092e+01 -1.592420e+01 
1.217138e+01 -1.595802e+01 
1.207184e+01 -1.599076e+01 
1.197229e+01 -1.602244e+01 
1.187274e+01 -1.605309e+01 
1.177317e+01 -1.608272e+01 
1.167358e+01 -1.611140e+01 
1.157398e+01 -1.613917e+01 
1.147434e+01 -1.616606e+01 
1.137468e+01 -1.619214e+01 
1.127502e+01 -1.621748e+01 
1.117535e+01 -1.624209e+01 
1.107567e+01 -1.626599e+01 
1.097599e+01 -1.628919e+01 
1.087631e+01 -1.631170e+01 
1.077663e+01 -1.633353e+01 
1.067702e+01 -1.635466e+01 
1.057755e+01 -1.637492e+01 
1.047807e+01 -1.639408e+01 
1.037860e+01 -1.641214e+01 
1.027913e+01 -1.642910e+01 
1.017970e+01 -1.644495e+01 
1.008026e+01 -1.645965e+01 
9.980816e+00 -1.647319e+01 
9.881376e+00 -1.648559e+01 
9.781935e+00 -1.649686e+01 
9.682493e+00 -1.650699e+01 
9.583050e+00 -1.651600e+01 
9.483605e+00 -1.652389e+01 
9.384159e+00 -1.653066e+01 
9.284710e+00 -1.653633e+01 
9.185258e+00 -1.654090e+01 
9.085804e+00 -1.654437e+01 
8.986346e+00 -1.654676e+01 
8.886885e+00 -1.654807e+01 
8.787420e+00 -1.654830e+01 
8.687950e+00 -1.654747e+01 
8.588476e+00 -1.654559e+01 
8.488998e+00 -1.654266e+01 
8.389514e+00 -1.653869e+01 
8.290025e+00 -1.653369e+01 
8.190530e+00 -1.652766e+01 
8.091028e+00 -1.652063e+01 
7.991513e+00 -1.651259e+01 
7.891983e+00 -1.650358e+01 
7.792454e+00 -1.649362e+01 
7.693031e+00 -1.648272e+01 
7.593771e+00 -1.647066e+01 
7.494457e+00 -1.645710e+01 
7.395092e+00 -1.644212e+01 
7.295706e+00 -1.642583e+01 
7.196316e+00 -1.640826e+01 
7.096921e+00 -1.638942e+01 
6.997522e+00 -1.636931e+01 
6.898120e+00 -1.634792e+01 
6.798712e+00 -1.632525e+01 
6.699302e+00 -1.630131e+01 
6.599888e+00 -1.627608e+01 
6.500472e+00 -1.624957e+01 
6.401050e+00 -1.622176e+01 
6.301627e+00 -1.619266e+01 
6.202200e+00 -1.616225e+01 
6.102770e+00 -1.613053e+01 
6.003335e+00 -1.609749e+01 
5.903899e+00 -1.606312e+01 
5.804478e+00 -1.602743e+01 
5.705205e+00 -1.599040e+01 
5.606169e+00 -1.595171e+01 
5.507072e+00 -1.591059e+01 
5.407951e+00 -1.586716e+01 
5.308806e+00 -1.582142e+01 
5.209638e+00 -1.577337e+01 
5.110446e+00 -1.572302e+01 
5.011232e+00 -1.567036e+01 
4.911995e+00 -1.561540e+01 
4.812737e+00 -1.555812e+01 
4.713455e+00 -1.549853e+01 
4.614153e+00 -1.543663e+01 
4.514829e+00 -1.537240e+01 
4.415560e+00 -1.530592e+01 
4.316560e+00 -1.523705e+01 
4.217651e+00 -1.516458e+01 
4.118726e+00 -1.508785e+01 
4.019787e+00 -1.500666e+01 
3.920932e+00 -1.492084e+01 
3.822219e+00 -1.482969e+01 
3.723393e+00 -1.473167e+01 
3.630180e+00 -1.463278e+01 
3.542317e+00 -1.453378e+01 
3.459028e+00 -1.443476e+01 
3.380174e+00 -1.433606e+01 
3.306451e+00 -1.423732e+01 
3.237239e+00 -1.413833e+01 
3.171584e+00 -1.403935e+01 
3.109333e+00 -1.394037e+01 
3.050366e+00 -1.384141e+01 
2.994568e+00 -1.374245e+01 
2.941831e+00 -1.364349e+01 
2.891959e+00 -1.354438e+01 
2.844478e+00 -1.344518e+01 
2.799090e+00 -1.334588e+01 
2.755520e+00 -1.324653e+01 
2.713584e+00 -1.314711e+01 
2.673082e+00 -1.304764e+01 
2.633878e+00 -1.294812e+01 
2.595837e+00 -1.284855e+01 
2.558841e+00 -1.274897e+01 
2.522850e+00 -1.264937e+01 
2.487809e+00 -1.254975e+01 
2.453644e+00 -1.245006e+01 
2.420201e+00 -1.235037e+01 
2.387541e+00 -1.225086e+01 
2.356009e+00 -1.215133e+01 
2.325529e+00 -1.205176e+01 
2.296012e+00 -1.195215e+01 
2.267377e+00 -1.185252e+01 
2.239559e+00 -1.175287e+01 
2.212506e+00 -1.165319e+01 
2.186165e+00 -1.155350e+01 
2.160489e+00 -1.145378e+01 
2.135425e+00 -1.135402e+01 
2.110891e+00 -1.125425e+01 
2.086866e+00 -1.115452e+01 
2.063410e+00 -1.105479e+01 
2.040551e+00 -1.095509e+01 
2.018321e+00 -1.085535e+01 
1.996665e+00 -1.075561e+01 
1.975559e+00 -1.065590e+01 
1.955064e+00 -1.055617e+01 
1.935121e+00 -1.045635e+01 
1.915573e+00 -1.035660e+01 
1.896564e+00 -1.025685e+01 
1.878060e+00 -1.015707e+01 
1.860026e+00 -1.005728e+01 
1.842438e+00 -9.957490e+00 
1.825277e+00 -9.857687e+00 
1.808524e+00 -9.757873e+00 
1.792156e+00 -9.658048e+00 
1.776153e+00 -9.558234e+00 
1.760555e+00 -9.458538e+00 
1.745605e+00 -9.358992e+00 
1.731586e+00 -9.259435e+00 
1.718461e+00 -9.159768e+00 
1.705994e+00 -9.059926e+00 
1.693842e+00 -8.960013e+00 
1.681865e+00 -8.860071e+00 
1.670007e+00 -8.760139e+00 
1.658289e+00 -8.660216e+00 
1.646729e+00 -8.560303e+00 
1.635346e+00 -8.460398e+00 
1.624158e+00 -8.360501e+00 
1.613179e+00 -8.260605e+00 
1.602413e+00 -8.160713e+00 
1.591867e+00 -8.060834e+00 
1.581569e+00 -7.960968e+00 
1.571544e+00 -7.861116e+00 
1.561820e+00 -7.761276e+00 
1.552420e+00 -7.661436e+00 
1.543339e+00 -7.561559e+00 
1.534504e+00 -7.461639e+00 
1.525830e+00 -7.361705e+00 
1.517285e+00 -7.261729e+00 
1.508786e+00 -7.161733e+00 
1.500300e+00 -7.061770e+00 
1.491892e+00 -6.961853e+00 
1.483650e+00 -6.861911e+00 
1.475524e+00 -6.761956e+00 
1.467488e+00 -6.662002e+00 
1.459547e+00 -6.562066e+00 
1.451737e+00 -6.462154e+00 
1.444105e+00 -6.362270e+00 
1.436706e+00 -6.262388e+00 
1.429546e+00 -6.162497e+00 
1.422604e+00 -6.062597e+00 
1.415863e+00 -5.962678e+00 
1.409282e+00 -5.862724e+00 
1.402793e+00 -5.762770e+00 
1.396397e+00 -5.662821e+00 
1.390102e+00 -5.562853e+00 
1.383872e+00 -5.462891e+00 
1.377719e+00 -5.362917e+00 
1.371619e+00 -5.262964e+00 
1.365616e+00 -5.163060e+00 
1.359807e+00 -5.063188e+00 
1.354254e+00 -4.963265e+00 
1.348853e+00 -4.863320e+00 
1.343562e+00 -4.763362e+00 
1.338354e+00 -4.663392e+00 
1.333208e+00 -4.563411e+00 
1.328099e+00 -4.463419e+00 
1.323005e+00 -4.363416e+00 
1.317905e+00 -4.263408e+00 
1.312788e+00 -4.163400e+00 
1.307655e+00 -4.063380e+00 
1.302480e+00 -3.963345e+00 
1.297235e+00 -3.863299e+00 
1.291899e+00 -3.763287e+00 
1.286544e+00 -3.663386e+00 
1.281394e+00 -3.563581e+00 
1.276634e+00 -3.463769e+00 
1.272248e+00 -3.363892e+00 
1.268106e+00 -3.263993e+00 
1.264167e+00 -3.164077e+00 
1.260394e+00 -3.064142e+00 
1.256751e+00 -2.964189e+00 
1.253201e+00 -2.864201e+00 
1.249673e+00 -2.764154e+00 
1.246050e+00 -2.664084e+00 
1.242288e+00 -2.564022e+00 
1.238402e+00 -2.464015e+00 
1.234507e+00 -2.364076e+00 
1.230730e+00 -2.264089e+00 
1.226976e+00 -2.164009e+00 
1.223064e+00 -2.063961e+00 
1.219055e+00 -1.963942e+00 
1.215011e+00 -1.863954e+00 
1.210993e+00 -1.763996e+00 
1.207058e+00 -1.664067e+00 
1.203267e+00 -1.564166e+00 
1.199675e+00 -1.464280e+00 
1.196311e+00 -1.364391e+00 
1.193169e+00 -1.264505e+00 
1.190253e+00 -1.164601e+00 
1.187531e+00 -1.064678e+00 
1.184962e+00 -9.647363e-01 
1.182509e+00 -8.647750e-01 
1.180133e+00 -7.647943e-01 
1.177795e+00 -6.647940e-01 
1.175456e+00 -5.647738e-01 
1.173077e+00 -4.647268e-01 
1.170602e+00 -3.646544e-01 
1.167983e+00 -2.646060e-01 
1.165268e+00 -1.646137e-01 
1.162587e+00 -6.596290e-02 
1.162569e+00 6.461374e-02 
1.165268e+00 1.646060e-01 
1.167984e+00 2.646544e-01 
1.170604e+00 3.647268e-01 
1.173078e+00 4.647738e-01 
1.175457e+00 5.647940e-01 
1.177795e+00 6.647943e-01 
1.180133e+00 7.647750e-01 
1.182508e+00 8.647363e-01 
1.184961e+00 9.646783e-01 
1.187529e+00 1.064601e+00 
1.190251e+00 1.164505e+00 
1.193165e+00 1.264391e+00 
1.196307e+00 1.364280e+00 
1.199671e+00 1.464166e+00 
1.203263e+00 1.564067e+00 
1.207055e+00 1.663996e+00 
1.210991e+00 1.763954e+00 
1.215011e+00 1.863942e+00 
1.219056e+00 1.963961e+00 
1.223066e+00 2.064009e+00 
1.226979e+00 2.164089e+00 
1.230730e+00 2.264076e+00 
1.234504e+00 2.364015e+00 
1.238403e+00 2.464022e+00 
1.242290e+00 2.564084e+00 
1.246053e+00 2.664154e+00 
1.249675e+00 2.764201e+00 
1.253200e+00 2.864189e+00 
1.256749e+00 2.964142e+00 
1.260392e+00 3.064077e+00 
1.264163e+00 3.163993e+00 
1.268102e+00 3.263892e+00 
1.272243e+00 3.363769e+00 
1.276626e+00 3.463581e+00 
1.281384e+00 3.563386e+00 
1.286539e+00 3.663287e+00 
1.291900e+00 3.763299e+00 
1.297237e+00 3.863345e+00 
1.302482e+00 3.963380e+00 
1.307656e+00 4.063400e+00 
1.312789e+00 4.163408e+00 
1.317905e+00 4.263416e+00 
1.323005e+00 4.363419e+00 
1.328098e+00 4.463411e+00 
1.333207e+00 4.563392e+00 
1.338353e+00 4.663362e+00 
1.343560e+00 4.763320e+00 
1.348850e+00 4.863265e+00 
1.354250e+00 4.963188e+00 
1.359800e+00 5.063060e+00 
1.365610e+00 5.162964e+00 
1.371616e+00 5.262917e+00 
1.377717e+00 5.362891e+00 
1.383870e+00 5.462853e+00 
1.390100e+00 5.562821e+00 
1.396394e+00 5.662770e+00 
1.402790e+00 5.762724e+00 
1.409279e+00 5.862678e+00 
1.415858e+00 5.962597e+00 
1.422597e+00 6.062497e+00 
1.429538e+00 6.162388e+00 
1.436698e+00 6.262270e+00 
1.444096e+00 6.362154e+00 
1.451730e+00 6.462066e+00 
1.459542e+00 6.562002e+00 
1.467485e+00 6.661956e+00 
1.475520e+00 6.761911e+00 
1.483645e+00 6.861853e+00 
1.491885e+00 6.961770e+00 
1.500297e+00 7.061733e+00 
1.508786e+00 7.161729e+00 
1.517283e+00 7.261705e+00 
1.525824e+00 7.361639e+00 
1.426199e+00 7.370287e+00 
1.417646e+00 7.270221e+00 
1.409145e+00 7.170197e+00 
1.400655e+00 7.070192e+00 
1.392237e+00 6.970156e+00 
1.383983e+00 6.870072e+00 
1.375849e+00 6.770014e+00 
1.367806e+00 6.669970e+00 
1.359856e+00 6.569924e+00 
1.352034e+00 6.469859e+00 
1.344387e+00 6.369772e+00 
1.336971e+00 6.269656e+00 
1.329794e+00 6.169538e+00 
1.322838e+00 6.069429e+00 
1.316085e+00 5.969328e+00 
1.309495e+00 5.869248e+00 
1.303000e+00 5.769202e+00 
1.296598e+00 5.669156e+00 
1.290297e+00 5.569105e+00 
1.284063e+00 5.469073e+00 
1.277906e+00 5.369035e+00 
1.271802e+00 5.269008e+00 
1.265790e+00 5.168962e+00 
1.259969e+00 5.068866e+00 
1.254404e+00 4.968738e+00 
1.248996e+00 4.868661e+00 
1.243700e+00 4.768606e+00 
1.238488e+00 4.668564e+00 
1.233339e+00 4.568533e+00 
1.228228e+00 4.468514e+00 
1.223134e+00 4.368506e+00 
1.218035e+00 4.268509e+00 
1.212919e+00 4.168517e+00 
1.207787e+00 4.068526e+00 
1.202615e+00 3.968546e+00 
1.197374e+00 3.868581e+00 
1.192042e+00 3.768627e+00 
1.186682e+00 3.668639e+00 
1.181517e+00 3.568539e+00 
1.176739e+00 3.468344e+00 
1.172339e+00 3.368157e+00 
1.168188e+00 3.268034e+00 
1.164241e+00 3.167933e+00 
1.160463e+00 3.067849e+00 
1.156815e+00 2.967784e+00 
1.153263e+00 2.867737e+00 
1.149737e+00 2.767725e+00 
1.146118e+00 2.667772e+00 
1.142361e+00 2.567842e+00 
1.138478e+00 2.467904e+00 
1.134580e+00 2.367910e+00 
1.130801e+00 2.267850e+00 
1.127049e+00 2.167837e+00 
1.123142e+00 2.067917e+00 
1.119136e+00 1.967965e+00 
1.115093e+00 1.867983e+00 
1.111072e+00 1.767971e+00 
1.107133e+00 1.667930e+00 
1.103335e+00 1.567859e+00 
1.099735e+00 1.467760e+00 
1.096364e+00 1.367646e+00 
1.093215e+00 1.267535e+00 
1.090293e+00 1.167421e+00 
1.087566e+00 1.067325e+00 
1.084994e+00 9.672475e-01 
1.082538e+00 8.671895e-01 
1.080161e+00 7.671508e-01 
1.077823e+00 6.671315e-01 
1.075484e+00 5.671318e-01 
1.073106e+00 4.671520e-01 
1.070634e+00 3.671990e-01 
1.068018e+00 2.672714e-01 
1.065305e+00 1.673198e-01 
1.062605e+00 6.731206e-02 
1.062587e+00 -6.596290e-02 
1.065304e+00 -1.673121e-01 
1.068019e+00 -2.673198e-01 
1.070636e+00 -3.672714e-01 
1.073107e+00 -4.671990e-01 
1.075485e+00 -5.671520e-01 
1.077823e+00 -6.671318e-01 
1.080161e+00 -7.671315e-01 
1.082538e+00 -8.671508e-01 
1.084992e+00 -9.671895e-01 
1.087564e+00 -1.067247e+00 
1.090291e+00 -1.167325e+00 
1.093211e+00 -1.267421e+00 
1.096360e+00 -1.367535e+00 
1.099731e+00 -1.467646e+00 
1.103331e+00 -1.567760e+00 
1.107130e+00 -1.667859e+00 
1.111070e+00 -1.767930e+00 
1.115092e+00 -1.867971e+00 
1.119137e+00 -1.967983e+00 
1.123144e+00 -2.067965e+00 
1.127052e+00 -2.167917e+00 
1.130801e+00 -2.267837e+00 
1.134578e+00 -2.367850e+00 
1.138478e+00 -2.467910e+00 
1.142363e+00 -2.567904e+00 
1.146121e+00 -2.667842e+00 
1.149739e+00 -2.767772e+00 
1.153263e+00 -2.867725e+00 
1.156814e+00 -2.967737e+00 
1.160461e+00 -3.067784e+00 
1.164238e+00 -3.167849e+00 
1.168184e+00 -3.267933e+00 
1.172334e+00 -3.368034e+00 
1.176731e+00 -3.468157e+00 
1.181508e+00 -3.568344e+00 
1.186677e+00 -3.668539e+00 
1.192043e+00 -3.768639e+00 
1.197377e+00 -3.868627e+00 
1.202617e+00 -3.968581e+00 
1.207788e+00 -4.068546e+00 
1.212920e+00 -4.168526e+00 
1.218035e+00 -4.268517e+00 
1.223134e+00 -4.368509e+00 
1.228228e+00 -4.468506e+00 
1.233338e+00 -4.568514e+00 
1.238487e+00 -4.668533e+00 
1.243697e+00 -4.768564e+00 
1.248993e+00 -4.868606e+00 
1.254399e+00 -4.968661e+00 
1.259961e+00 -5.068738e+00 
1.265785e+00 -5.168866e+00 
1.271799e+00 -5.268962e+00 
1.277904e+00 -5.369008e+00 
1.284061e+00 -5.469035e+00 
1.290295e+00 -5.569073e+00 
1.296594e+00 -5.669105e+00 
1.302997e+00 -5.769156e+00 
1.309492e+00 -5.869202e+00 
1.316079e+00 -5.969248e+00 
1.322831e+00 -6.069328e+00 
1.329786e+00 -6.169429e+00 
1.336962e+00 -6.269538e+00 
1.344378e+00 -6.369656e+00 
1.352027e+00 -6.469772e+00 
1.359851e+00 -6.569859e+00 
1.367802e+00 -6.669924e+00 
1.375845e+00 -6.769970e+00 
1.383978e+00 -6.870014e+00 
1.392230e+00 -6.970072e+00 
1.400652e+00 -7.070156e+00 
1.409145e+00 -7.170192e+00 
1.417644e+00 -7.270197e+00 
1.426193e+00 -7.370221e+00 
1.434879e+00 -7.470287e+00 
1.443728e+00 -7.570367e+00 
1.452831e+00 -7.670490e+00 
1.462261e+00 -7.770650e+00 
1.472015e+00 -7.870810e+00 
1.482069e+00 -7.970957e+00 
1.492395e+00 -8.071092e+00 
1.502966e+00 -8.171213e+00 
1.513755e+00 -8.271321e+00 
1.524756e+00 -8.371425e+00 
1.535967e+00 -8.471528e+00 
1.547372e+00 -8.571623e+00 
1.558951e+00 -8.671709e+00 
1.570688e+00 -8.771787e+00 
1.582561e+00 -8.871854e+00 
1.594553e+00 -8.971912e+00 
1.606725e+00 -9.072000e+00 
1.619231e+00 -9.172158e+00 
1.632442e+00 -9.272491e+00 
1.646581e+00 -9.372934e+00 
1.661663e+00 -9.473388e+00 
1.677355e+00 -9.573691e+00 
1.693417e+00 -9.673878e+00 
1.709842e+00 -9.774053e+00 
1.726656e+00 -9.874239e+00 
1.743885e+00 -9.974436e+00 
1.761544e+00 -1.007464e+01 
1.779654e+00 -1.017485e+01 
1.798241e+00 -1.027508e+01 
1.817341e+00 -1.037532e+01 
1.836987e+00 -1.047558e+01 
1.857003e+00 -1.057576e+01 
1.877606e+00 -1.067603e+01 
1.898832e+00 -1.077632e+01 
1.920598e+00 -1.087657e+01 
1.942946e+00 -1.097684e+01 
1.965939e+00 -1.107714e+01 
1.989523e+00 -1.117741e+01 
2.013671e+00 -1.127767e+01 
2.038318e+00 -1.137790e+01 
2.063503e+00 -1.147815e+01 
2.089323e+00 -1.157843e+01 
2.115823e+00 -1.167873e+01 
2.143050e+00 -1.177906e+01 
2.171058e+00 -1.187941e+01 
2.199903e+00 -1.197977e+01 
2.229650e+00 -1.208017e+01 
2.260388e+00 -1.218060e+01 
2.292209e+00 -1.228106e+01 
2.325187e+00 -1.238155e+01 
2.358836e+00 -1.248187e+01 
2.393210e+00 -1.258217e+01 
2.428515e+00 -1.268255e+01 
2.464793e+00 -1.278296e+01 
2.502097e+00 -1.288338e+01 
2.540462e+00 -1.298381e+01 
2.580041e+00 -1.308429e+01 
2.620965e+00 -1.318482e+01 
2.663380e+00 -1.328539e+01 
2.707508e+00 -1.338604e+01 
2.753527e+00 -1.348675e+01 
2.801755e+00 -1.358755e+01 
2.852498e+00 -1.368843e+01 
2.906312e+00 -1.378947e+01 
2.963252e+00 -1.389052e+01 
3.023420e+00 -1.399155e+01 
3.086929e+00 -1.409258e+01 
3.153897e+00 -1.419360e+01 
3.224491e+00 -1.429461e+01 
3.300033e+00 -1.439587e+01 
3.380885e+00 -1.449716e+01 
3.465781e+00 -1.459814e+01 
3.555380e+00 -1.469915e+01 
3.650611e+00 -1.480025e+01 
3.751786e+00 -1.490068e+01 
3.853073e+00 -1.499429e+01 
3.954217e+00 -1.508217e+01 
4.055278e+00 -1.516515e+01 
4.156354e+00 -1.524359e+01 
4.257444e+00 -1.531770e+01 
4.358444e+00 -1.538800e+01 
4.459175e+00 -1.545549e+01 
4.559851e+00 -1.552060e+01 
4.660549e+00 -1.558339e+01 
4.761268e+00 -1.564386e+01 
4.862009e+00 -1.570201e+01 
4.962772e+00 -1.575784e+01 
5.063558e+00 -1.581135e+01 
5.164367e+00 -1.586254e+01 
5.265199e+00 -1.591141e+01 
5.366053e+00 -1.595796e+01 
5.466933e+00 -1.600218e+01 
5.567835e+00 -1.604407e+01 
5.668800e+00 -1.608354e+01 
5.769526e+00 -1.612112e+01 
5.870106e+00 -1.615724e+01 
5.970669e+00 -1.619200e+01 
6.071235e+00 -1.622542e+01 
6.171804e+00 -1.625752e+01 
6.272378e+00 -1.628828e+01 
6.372954e+00 -1.631773e+01 
6.473533e+00 -1.634587e+01 
6.574116e+00 -1.637270e+01 
6.674703e+00 -1.639823e+01 
6.775292e+00 -1.642247e+01 
6.875884e+00 -1.644541e+01 
6.976482e+00 -1.646707e+01 
7.077083e+00 -1.648743e+01 
7.177689e+00 -1.650651e+01 
7.278298e+00 -1.652430e+01 
7.378912e+00 -1.654080e+01 
7.479548e+00 -1.655598e+01 
7.580233e+00 -1.656974e+01 
7.680973e+00 -1.658199e+01 
7.781551e+00 -1.659302e+01 
7.882022e+00 -1.660308e+01 
7.982492e+00 -1.661218e+01 
8.082976e+00 -1.662030e+01 
8.183474e+00 -1.662741e+01 
8.283980e+00 -1.663350e+01 
8.384491e+00 -1.663856e+01 
8.485007e+00 -1.664258e+01 
8.585528e+00 -1.664555e+01 
8.686054e+00 -1.664746e+01 
8.786585e+00 -1.664830e+01 
8.887120e+00 -1.664807e+01 
8.987658e+00 -1.664675e+01 
9.088201e+00 -1.664434e+01 
9.188746e+00 -1.664084e+01 
9.289295e+00 -1.663622e+01 
9.389846e+00 -1.663050e+01 
9.490399e+00 -1.662365e+01 
9.590954e+00 -1.661568e+01 
9.691511e+00 -1.660658e+01 
9.792069e+00 -1.659634e+01 
9.892629e+00 -1.658496e+01 
9.993188e+00 -1.657242e+01 
1.009375e+01 -1.655873e+01 
1.019431e+01 -1.654388e+01 
1.029487e+01 -1.652786e+01 
1.039541e+01 -1.651071e+01 
1.049593e+01 -1.649247e+01 
1.059645e+01 -1.647312e+01 
1.069698e+01 -1.645264e+01 
1.079738e+01 -1.643135e+01 
1.089770e+01 -1.640938e+01 
1.099801e+01 -1.638673e+01 
1.109833e+01 -1.636339e+01 
1.119866e+01 -1.633934e+01 
1.129899e+01 -1.631457e+01 
1.139932e+01 -1.628906e+01 
1.149966e+01 -1.626280e+01 
1.160003e+01 -1.623571e+01 
1.170043e+01 -1.620773e+01 
1.180084e+01 -1.617882e+01 
1.190127e+01 -1.614893e+01 
1.200171e+01 -1.611801e+01 
1.210216e+01 -1.608605e+01 
1.220262e+01 -1.605301e+01 
1.230309e+01 -1.601888e+01 
1.240356e+01 -1.598363e+01 
1.250403e+01 -1.594723e+01 
1.260451e+01 -1.590967e+01 
1.270500e+01 -1.587090e+01 
1.280549e+01 -1.583091e+01 
1.290599e+01 -1.578967e+01 
1.300649e+01 -1.574716e+01 
1.310699e+01 -1.570333e+01 
1.320750e+01 -1.565816e+01 
1.330801e+01 -1.561163e+01 
1.340852e+01 -1.556370e+01 
1.350904e+01 -1.551434e+01 
1.360956e+01 -1.546352e+01 
1.371009e+01 -1.541120e+01 
1.381061e+01 -1.535735e+01 
1.391114e+01 -1.530193e+01 
1.401159e+01 -1.524519e+01 
1.411197e+01 -1.518732e+01 
1.421235e+01 -1.512829e+01 
1.431273e+01 -1.506807e+01 
1.441310e+01 -1.500664e+01 
1.451348e+01 -1.494400e+01 
1.461385e+01 -1.488011e+01 
1.471422e+01 -1.481498e+01 
1.481459e+01 -1.474858e+01 
1.491496e+01 -1.468089e+01 
1.501533e+01 -1.461190e+01 
1.511569e+01 -1.454159e+01 
1.521605e+01 -1.446995e+01 
1.531641e+01 -1.439696e+01 
1.541675e+01 -1.432269e+01 
1.551707e+01 -1.424717e+01 
1.561740e+01 -1.417036e+01 
1.571772e+01 -1.409224e+01 
1.581805e+01 -1.401275e+01 
1.591838e+01 -1.393187e+01 
1.601872e+01 -1.384954e+01 
1.611906e+01 -1.376572e+01 
1.621940e+01 -1.368036e+01 
1.631974e+01 -1.359342e+01 
1.642009e+01 -1.350483e+01 
1.652044e+01 -1.341455e+01 
1.662080e+01 -1.332251e+01 
1.672116e+01 -1.322866e+01 
1.682152e+01 -1.313291e+01 
1.692188e+01 -1.303521e+01 
1.702225e+01 -1.293547e+01 
1.712137e+01 -1.283514e+01 
1.721871e+01 -1.273482e+01 
1.731428e+01 -1.263449e+01 
1.740813e+01 -1.253415e+01 
1.750027e+01 -1.243382e+01 
1.759073e+01 -1.233348e+01 
1.767953e+01 -1.223314e+01 
1.776671e+01 -1.213279e+01 
1.785227e+01 -1.203244e+01 
1.793624e+01 -1.193209e+01 
1.801864e+01 -1.183173e+01 
1.809950e+01 -1.173137e+01 
1.817882e+01 -1.163100e+01 
1.825663e+01 -1.153063e+01 
1.833295e+01 -1.143026e+01 
1.840797e+01 -1.132994e+01 
1.848193e+01 -1.122968e+01 
1.855490e+01 -1.112942e+01 
1.862689e+01 -1.102916e+01 
1.869792e+01 -1.092890e+01 
1.876799e+01 -1.082864e+01 
1.883712e+01 -1.072838e+01 
1.890532e+01 -1.062812e+01 
1.897260e+01 -1.052786e+01 
1.903897e+01 -1.042760e+01 
1.910443e+01 -1.032733e+01 
1.916900e+01 -1.022707e+01 
1.923268e+01 -1.012681e+01 
1.929549e+01 -1.002654e+01 
1.935743e+01 -9.926278e+00 
1.941851e+01 -9.826012e+00 
1.947874e+01 -9.725746e+00 
1.953812e+01 -9.625480e+00 
1.959667e+01 -9.525213e+00 
1.965440e+01 -9.424946e+00 
1.971130e+01 -9.324678e+00 
1.976739e+01 -9.224409e+00 
1.982267e+01 -9.124141e+00 
1.987714e+01 -9.023866e+00 
1.993070e+01 -8.923550e+00 
1.998332e+01 -8.823222e+00 
2.003500e+01 -8.722896e+00 
2.008576e+01 -8.622571e+00 
2.013560e+01 -8.522248e+00 
2.018456e+01 -8.421928e+00 
2.023264e+01 -8.321609e+00 
2.027985e+01 -8.221292e+00 
2.032622e+01 -8.120977e+00 
2.037175e+01 -8.020664e+00 
2.041645e+01 -7.920353e+00 
2.046035e+01 -7.820045e+00 
2.050345e+01 -7.719738e+00 
2.054577e+01 -7.619438e+00 
2.058737e+01 -7.519157e+00 
2.062826e+01 -7.418877e+00 
2.066844e+01 -7.318596e+00 
2.070792e+01 -7.218316e+00 
2.074670e+01 -7.118036e+00 
2.078480e+01 -7.017757e+00 
2.082221e+01 -6.917478e+00 
2.085895e+01 -6.817200e+00 
2.089502e+01 -6.716922e+00 
2.093042e+01 -6.616645e+00 
2.096516e+01 -6.516368e+00 
2.099925e+01 -6.416092e+00 
2.103269e+01 -6.315817e+00 
2.106549e+01 -6.215543e+00 
2.109765e+01 -6.115269e+00 
2.112918e+01 -6.014997e+00 
2.116008e+01 -5.914725e+00 
2.119036e+01 -5.814454e+00 
2.122002e+01 -5.714184e+00 
2.124908e+01 -5.613915e+00 
2.127753e+01 -5.513648e+00 
2.130538e+01 -5.413381e+00 
2.133263e+01 -5.313115e+00 
2.135930e+01 -5.212850e+00 
2.138538e+01 -5.112589e+00 
2.141090e+01 -5.012333e+00 
2.143587e+01 -4.912086e+00 
2.146032e+01 -4.811849e+00 
2.148426e+01 -4.711616e+00 
2.150770e+01 -4.611382e+00 
2.153063e+01 -4.511149e+00 
2.155305e+01 -4.410917e+00 
2.157498e+01 -4.310685e+00 
2.159641e+01 -4.210453e+00 
2.161734e+01 -4.110222e+00 
2.163778e+01 -4.009991e+00 
2.165773e+01 -3.909760e+00 
2.167719e+01 -3.809530e+00 
2.169617e+01 -3.709301e+00 
2.171466e+01 -3.609074e+00 
2.173267e+01 -3.508843e+00 
2.175019e+01 -3.408607e+00 
2.176721e+01 -3.308370e+00 
2.178373e+01 -3.208132e+00 
2.179976e+01 -3.107894e+00 
2.181529e+01 -3.007656e+00 
2.183033e+01 -2.907417e+00 
2.184487e+01 -2.807177e+00 
2.185891e+01 -2.706937e+00 
2.187246e+01 -2.606696e+00 
2.188551e+01 -2.506455e+00 
2.189807e+01 -2.406214e+00 
2.191013e+01 -2.305972e+00 
2.192169e+01 -2.205729e+00 
2.193276e+01 -2.105486e+00 
2.194333e+01 -2.005243e+00 
2.195340e+01 -1.904999e+00 
2.196297e+01 -1.804754e+00 
2.197205e+01 -1.704509e+00 
2.198063e+01 -1.604264e+00 
2.198872e+01 -1.504018e+00 
2.199630e+01 -1.403772e+00 
2.200339e+01 -1.303526e+00 
2.200998e+01 -1.203279e+00 
2.201607e+01 -1.103031e+00 
2.202166e+01 -1.002783e+00 
2.202675e+01 -9.025351e-01 
2.203134e+01 -8.022865e-01 
2.203543e+01 -7.020375e-01 
2.203901e+01 -6.017882e-01 
2.193908e+01 -5.982118e-01 
