2.398869e+00 3.866389e+00 
2.404412e+00 3.966416e+00 
2.409896e+00 4.066360e+00 
2.415491e+00 4.166291e+00 
2.421226e+00 4.266227e+00 
2.427088e+00 4.366169e+00 
2.433066e+00 4.466087e+00 
2.439208e+00 4.565989e+00 
2.445548e+00 4.665887e+00 
2.452092e+00 4.765793e+00 
2.458829e+00 4.865747e+00 
2.465666e+00 4.965816e+00 
2.472355e+00 5.065762e+00 
2.479146e+00 5.165612e+00 
2.486242e+00 5.265481e+00 
2.493603e+00 5.365383e+00 
2.501163e+00 5.465307e+00 
2.508878e+00 5.565241e+00 
2.516726e+00 5.665182e+00 
2.524693e+00 5.765130e+00 
2.532767e+00 5.865084e+00 
2.540933e+00 5.965046e+00 
2.549178e+00 6.065022e+00 
2.557477e+00 6.165066e+00 
2.565678e+00 6.264997e+00 
2.574020e+00 6.364940e+00 
2.582470e+00 6.464833e+00 
2.591132e+00 6.564660e+00 
2.600138e+00 6.664442e+00 
2.609585e+00 6.764223e+00 
2.619481e+00 6.864045e+00 
2.629742e+00 6.963911e+00 
2.640278e+00 7.063803e+00 
2.651036e+00 7.163729e+00 
2.661946e+00 7.263668e+00 
2.672981e+00 7.363608e+00 
2.684137e+00 7.463549e+00 
2.695413e+00 7.563485e+00 
2.706814e+00 7.663367e+00 
2.718453e+00 7.763223e+00 
2.730377e+00 7.863027e+00 
2.742699e+00 7.962805e+00 
2.755475e+00 8.062578e+00 
2.768717e+00 8.162368e+00 
2.782394e+00 8.262193e+00 
2.796435e+00 8.362045e+00 
2.810788e+00 8.461945e+00 
2.825349e+00 8.561863e+00 
2.840078e+00 8.661778e+00 
2.854980e+00 8.761673e+00 
2.870090e+00 8.861513e+00 
2.885524e+00 8.961304e+00 
2.901386e+00 9.061067e+00 
2.917734e+00 9.160795e+00 
2.934641e+00 9.260487e+00 
2.952183e+00 9.360144e+00 
2.970436e+00 9.459769e+00 
2.989482e+00 9.559433e+00 
3.009233e+00 9.659075e+00 
3.029737e+00 9.758699e+00 
3.051037e+00 9.858313e+00 
3.073161e+00 9.957921e+00 
3.096132e+00 1.005755e+01 
3.119922e+00 1.015725e+01 
3.144365e+00 1.025697e+01 
3.169397e+00 1.035663e+01 
3.195147e+00 1.045616e+01 
3.221921e+00 1.055567e+01 
3.249787e+00 1.065519e+01 
3.278678e+00 1.075457e+01 
3.308956e+00 1.085387e+01 
3.340809e+00 1.095311e+01 
3.374409e+00 1.105228e+01 
3.409934e+00 1.115139e+01 
3.447563e+00 1.125043e+01 
3.487500e+00 1.134938e+01 
3.530035e+00 1.144817e+01 
3.575625e+00 1.154682e+01 
3.624809e+00 1.164536e+01 
3.678014e+00 1.174377e+01 
3.735911e+00 1.184208e+01 
3.799095e+00 1.194027e+01 
3.868367e+00 1.203828e+01 
3.944658e+00 1.213565e+01 
4.032464e+00 1.223311e+01 
4.130220e+00 1.232719e+01 
4.227725e+00 1.241030e+01 
4.324969e+00 1.248303e+01 
4.422102e+00 1.254598e+01 
4.519585e+00 1.260024e+01 
4.617608e+00 1.264770e+01 
4.715685e+00 1.269002e+01 
4.813834e+00 1.272762e+01 
4.912134e+00 1.276090e+01 
5.010420e+00 1.279030e+01 
5.108550e+00 1.281591e+01 
5.206547e+00 1.283749e+01 
5.304476e+00 1.285490e+01 
5.402334e+00 1.286810e+01 
5.500120e+00 1.287702e+01 
5.598062e+00 1.288158e+01 
5.696615e+00 1.288209e+01 
5.795302e+00 1.287973e+01 
5.893971e+00 1.287478e+01 
5.992623e+00 1.286719e+01 
6.091412e+00 1.285689e+01 
6.190433e+00 1.284411e+01 
6.289470e+00 1.282934e+01 
6.388519e+00 1.281258e+01 
6.487578e+00 1.279384e+01 
6.586647e+00 1.277313e+01 
6.685727e+00 1.275043e+01 
6.784820e+00 1.272575e+01 
6.883925e+00 1.269908e+01 
6.983044e+00 1.267043e+01 
7.082177e+00 1.263978e+01 
7.181326e+00 1.260714e+01 
7.280490e+00 1.257250e+01 
7.379671e+00 1.253587e+01 
7.478912e+00 1.249723e+01 
7.578191e+00 1.245669e+01 
7.677465e+00 1.241433e+01 
7.776735e+00 1.237011e+01 
7.876000e+00 1.232396e+01 
7.975261e+00 1.227584e+01 
8.074518e+00 1.222568e+01 
8.173770e+00 1.217341e+01 
8.273019e+00 1.211898e+01 
8.372264e+00 1.206231e+01 
8.471506e+00 1.200332e+01 
8.570745e+00 1.194192e+01 
8.670008e+00 1.187801e+01 
8.769402e+00 1.181150e+01 
8.868884e+00 1.174280e+01 
8.968399e+00 1.167220e+01 
9.067912e+00 1.159980e+01 
9.167421e+00 1.152554e+01 
9.266928e+00 1.144936e+01 
9.366432e+00 1.137120e+01 
9.465934e+00 1.129098e+01 
9.565433e+00 1.120862e+01 
9.664930e+00 1.112405e+01 
9.764424e+00 1.103718e+01 
9.863917e+00 1.094792e+01 
9.963407e+00 1.085616e+01 
1.006290e+01 1.076180e+01 
1.016238e+01 1.066472e+01 
1.026146e+01 1.056522e+01 
1.035783e+01 1.046571e+01 
1.045160e+01 1.036620e+01 
1.054287e+01 1.026670e+01 
1.063173e+01 1.016719e+01 
1.071827e+01 1.006767e+01 
1.080268e+01 9.968071e+00 
1.088536e+01 9.868441e+00 
1.096643e+01 9.768815e+00 
1.104592e+01 9.669193e+00 
1.112385e+01 9.569575e+00 
1.120024e+01 9.469960e+00 
1.127511e+01 9.370349e+00 
1.134847e+01 9.270742e+00 
1.142035e+01 9.171138e+00 
1.149077e+01 9.071537e+00 
1.155973e+01 8.971940e+00 
1.162726e+01 8.872346e+00 
1.169337e+01 8.772756e+00 
1.175809e+01 8.673168e+00 
1.182143e+01 8.573583e+00 
1.188340e+01 8.474001e+00 
1.194402e+01 8.374422e+00 
1.200331e+01 8.274845e+00 
1.206127e+01 8.175271e+00 
1.211794e+01 8.075699e+00 
1.217333e+01 7.976098e+00 
1.222755e+01 7.876488e+00 
1.228062e+01 7.776879e+00 
1.233257e+01 7.677271e+00 
1.238341e+01 7.577664e+00 
1.243314e+01 7.478057e+00 
1.248180e+01 7.378438e+00 
1.252943e+01 7.278784e+00 
1.257614e+01 7.179105e+00 
1.262200e+01 7.079417e+00 
1.266703e+01 6.979731e+00 
1.271124e+01 6.880046e+00 
1.275463e+01 6.780363e+00 
1.279720e+01 6.680681e+00 
1.283895e+01 6.581001e+00 
1.287990e+01 6.481322e+00 
1.292004e+01 6.381645e+00 
1.295938e+01 6.281968e+00 
1.299792e+01 6.182293e+00 
1.303567e+01 6.082619e+00 
1.307262e+01 5.982946e+00 
1.310879e+01 5.883273e+00 
1.314418e+01 5.783602e+00 
1.317878e+01 5.683931e+00 
1.321261e+01 5.584261e+00 
1.324566e+01 5.484591e+00 
1.327795e+01 5.384922e+00 
1.330948e+01 5.285253e+00 
1.334024e+01 5.185585e+00 
1.337025e+01 5.085917e+00 
1.339951e+01 4.986249e+00 
1.342802e+01 4.886581e+00 
1.345579e+01 4.786914e+00 
1.348282e+01 4.687243e+00 
1.350912e+01 4.587549e+00 
1.353476e+01 4.487856e+00 
1.355972e+01 4.388162e+00 
1.358402e+01 4.288468e+00 
1.360765e+01 4.188775e+00 
1.363062e+01 4.089080e+00 
1.365293e+01 3.989386e+00 
1.367459e+01 3.889691e+00 
1.369559e+01 3.789996e+00 
1.371595e+01 3.690301e+00 
1.373567e+01 3.590605e+00 
1.375474e+01 3.490909e+00 
1.377318e+01 3.391212e+00 
1.379098e+01 3.291515e+00 
1.380815e+01 3.191817e+00 
1.382469e+01 3.092118e+00 
1.384060e+01 2.992419e+00 
1.385590e+01 2.892719e+00 
1.387058e+01 2.793018e+00 
1.388464e+01 2.693316e+00 
1.389809e+01 2.593614e+00 
1.391093e+01 2.493911e+00 
1.392316e+01 2.394207e+00 
1.393479e+01 2.294502e+00 
1.394582e+01 2.194796e+00 
1.395626e+01 2.095089e+00 
1.396610e+01 1.995381e+00 
1.397535e+01 1.895672e+00 
1.398402e+01 1.795962e+00 
1.399210e+01 1.696251e+00 
1.399959e+01 1.596539e+00 
1.400651e+01 1.496825e+00 
1.401286e+01 1.397091e+00 
1.401867e+01 1.297348e+00 
1.402397e+01 1.197593e+00 
1.402878e+01 1.097836e+00 
1.403310e+01 9.980781e-01 
1.403694e+01 8.983193e-01 
1.404030e+01 7.985600e-01 
1.404317e+01 6.988001e-01 
1.414314e+01 7.011999e-01 
1.414026e+01 8.014400e-01 
1.413689e+01 9.016807e-01 
1.413303e+01 1.001922e+00 
1.412869e+01 1.102164e+00 
1.412386e+01 1.202407e+00 
1.411853e+01 1.302652e+00 
1.411269e+01 1.402909e+00 
1.410631e+01 1.503175e+00 
1.409935e+01 1.603461e+00 
1.409182e+01 1.703749e+00 
1.408369e+01 1.804038e+00 
1.407498e+01 1.904328e+00 
1.406567e+01 2.004619e+00 
1.405578e+01 2.104911e+00 
1.404528e+01 2.205204e+00 
1.403419e+01 2.305498e+00 
1.402249e+01 2.405793e+00 
1.401018e+01 2.506089e+00 
1.399727e+01 2.606386e+00 
1.398374e+01 2.706684e+00 
1.396960e+01 2.806982e+00 
1.395483e+01 2.907281e+00 
1.393945e+01 3.007581e+00 
1.392344e+01 3.107882e+00 
1.390680e+01 3.208183e+00 
1.388953e+01 3.308485e+00 
1.387162e+01 3.408788e+00 
1.385307e+01 3.509091e+00 
1.383388e+01 3.609395e+00 
1.381405e+01 3.709699e+00 
1.379357e+01 3.810004e+00 
1.377244e+01 3.910309e+00 
1.375065e+01 4.010614e+00 
1.372820e+01 4.110920e+00 
1.370509e+01 4.211225e+00 
1.368132e+01 4.311532e+00 
1.365688e+01 4.411838e+00 
1.363176e+01 4.512144e+00 
1.360597e+01 4.612451e+00 
1.357951e+01 4.712757e+00 
1.355230e+01 4.813086e+00 
1.352435e+01 4.913419e+00 
1.349565e+01 5.013751e+00 
1.346620e+01 5.114083e+00 
1.343600e+01 5.214415e+00 
1.340503e+01 5.314747e+00 
1.337330e+01 5.415078e+00 
1.334080e+01 5.515409e+00 
1.330752e+01 5.615739e+00 
1.327347e+01 5.716069e+00 
1.323864e+01 5.816398e+00 
1.320303e+01 5.916727e+00 
1.316663e+01 6.017054e+00 
1.312943e+01 6.117381e+00 
1.309144e+01 6.217707e+00 
1.305265e+01 6.318032e+00 
1.301306e+01 6.418355e+00 
1.297266e+01 6.518678e+00 
1.293145e+01 6.618999e+00 
1.288943e+01 6.719319e+00 
1.284659e+01 6.819637e+00 
1.280293e+01 6.919954e+00 
1.275845e+01 7.020269e+00 
1.271313e+01 7.120583e+00 
1.266699e+01 7.220895e+00 
1.261998e+01 7.321216e+00 
1.257202e+01 7.421562e+00 
1.252300e+01 7.521943e+00 
1.247288e+01 7.622336e+00 
1.242164e+01 7.722729e+00 
1.236929e+01 7.823121e+00 
1.231580e+01 7.923512e+00 
1.226116e+01 8.023902e+00 
1.220533e+01 8.124301e+00 
1.214819e+01 8.224729e+00 
1.208973e+01 8.325155e+00 
1.202994e+01 8.425578e+00 
1.196882e+01 8.525999e+00 
1.190633e+01 8.626417e+00 
1.184247e+01 8.726832e+00 
1.177723e+01 8.827244e+00 
1.171057e+01 8.927654e+00 
1.164250e+01 9.028060e+00 
1.157298e+01 9.128463e+00 
1.150201e+01 9.228862e+00 
1.142957e+01 9.329258e+00 
1.135563e+01 9.429651e+00 
1.128018e+01 9.530040e+00 
1.120321e+01 9.630425e+00 
1.112469e+01 9.730807e+00 
1.104460e+01 9.831185e+00 
1.096292e+01 9.931559e+00 
1.087964e+01 1.003193e+01 
1.079456e+01 1.013233e+01 
1.070720e+01 1.023281e+01 
1.061746e+01 1.033330e+01 
1.052529e+01 1.043380e+01 
1.043060e+01 1.053429e+01 
1.033330e+01 1.063478e+01 
1.023325e+01 1.073528e+01 
1.013274e+01 1.083337e+01 
1.003223e+01 1.092871e+01 
9.931715e+00 1.102143e+01 
9.831208e+00 1.111161e+01 
9.730702e+00 1.119938e+01 
9.630199e+00 1.128482e+01 
9.529698e+00 1.136801e+01 
9.429200e+00 1.144905e+01 
9.328704e+00 1.152800e+01 
9.228211e+00 1.160494e+01 
9.127720e+00 1.167994e+01 
9.027233e+00 1.175306e+01 
8.926748e+00 1.182435e+01 
8.826230e+00 1.189378e+01 
8.725624e+00 1.196111e+01 
8.624887e+00 1.202599e+01 
8.524126e+00 1.208835e+01 
8.423368e+00 1.214827e+01 
8.322613e+00 1.220582e+01 
8.221862e+00 1.226109e+01 
8.121115e+00 1.231416e+01 
8.020371e+00 1.236508e+01 
7.919632e+00 1.241394e+01 
7.818897e+00 1.246079e+01 
7.718167e+00 1.250568e+01 
7.617441e+00 1.254867e+01 
7.516720e+00 1.258981e+01 
7.415961e+00 1.262906e+01 
7.315142e+00 1.266631e+01 
7.214306e+00 1.270154e+01 
7.113455e+00 1.273476e+01 
7.012588e+00 1.276596e+01 
6.911707e+00 1.279515e+01 
6.810812e+00 1.282231e+01 
6.709905e+00 1.284746e+01 
6.608985e+00 1.287060e+01 
6.508054e+00 1.289172e+01 
6.407113e+00 1.291084e+01 
6.306162e+00 1.292793e+01 
6.205199e+00 1.294302e+01 
6.104220e+00 1.295607e+01 
6.003009e+00 1.296665e+01 
5.901661e+00 1.297449e+01 
5.800330e+00 1.297961e+01 
5.699017e+00 1.298206e+01 
5.597570e+00 1.298158e+01 
5.495512e+00 1.297691e+01 
5.393298e+00 1.296769e+01 
5.291156e+00 1.295401e+01 
5.189085e+00 1.293595e+01 
5.087082e+00 1.291357e+01 
4.985212e+00 1.288708e+01 
4.883498e+00 1.285671e+01 
4.781798e+00 1.282235e+01 
4.679947e+00 1.278342e+01 
4.578024e+00 1.273953e+01 
4.476047e+00 1.269027e+01 
4.373530e+00 1.263339e+01 
4.270663e+00 1.256700e+01 
4.167907e+00 1.249043e+01 
4.065412e+00 1.240335e+01 
3.963168e+00 1.230520e+01 
3.870429e+00 1.220266e+01 
3.789710e+00 1.210003e+01 
3.717464e+00 1.199804e+01 
3.651839e+00 1.189623e+01 
3.591863e+00 1.179454e+01 
3.536857e+00 1.169295e+01 
3.486161e+00 1.159149e+01 
3.439269e+00 1.149014e+01 
3.395657e+00 1.138894e+01 
3.354837e+00 1.128788e+01 
3.316457e+00 1.118692e+01 
3.280276e+00 1.108603e+01 
3.246100e+00 1.098520e+01 
3.213743e+00 1.088444e+01 
3.183027e+00 1.078374e+01 
3.153764e+00 1.068312e+01 
3.125625e+00 1.058264e+01 
3.098582e+00 1.048215e+01 
3.072585e+00 1.038168e+01 
3.047378e+00 1.028134e+01 
3.022797e+00 1.018106e+01 
2.998863e+00 1.008076e+01 
2.975718e+00 9.980390e+00 
2.953417e+00 9.879997e+00 
2.931948e+00 9.779611e+00 
2.911286e+00 9.679235e+00 
2.891391e+00 9.578878e+00 
2.872214e+00 9.478541e+00 
2.853821e+00 9.378167e+00 
2.836155e+00 9.277824e+00 
2.819142e+00 9.177516e+00 
2.802703e+00 9.077244e+00 
2.786764e+00 8.977007e+00 
2.771265e+00 8.876798e+00 
2.756106e+00 8.776637e+00 
2.741173e+00 8.676533e+00 
2.726419e+00 8.576447e+00 
2.711833e+00 8.476366e+00 
2.697451e+00 8.376266e+00 
2.683368e+00 8.276118e+00 
2.669643e+00 8.175942e+00 
2.656344e+00 8.075733e+00 
2.643509e+00 7.975506e+00 
2.631131e+00 7.875284e+00 
2.619159e+00 7.775087e+00 
2.607486e+00 7.674944e+00 
2.596058e+00 7.574826e+00 
2.584768e+00 7.474761e+00 
2.573598e+00 7.374702e+00 
2.562550e+00 7.274643e+00 
2.551627e+00 7.174581e+00 
2.540852e+00 7.074508e+00 
2.530294e+00 6.974400e+00 
2.520005e+00 6.874266e+00 
2.510073e+00 6.774088e+00 
2.500584e+00 6.673868e+00 
2.491537e+00 6.573650e+00 
2.482845e+00 6.473477e+00 
2.474376e+00 6.373370e+00 
2.466025e+00 6.273314e+00 
2.457812e+00 6.173245e+00 
2.449520e+00 6.073289e+00 
2.441271e+00 5.973265e+00 
2.433099e+00 5.873226e+00 
2.425018e+00 5.773181e+00 
2.417042e+00 5.673129e+00 
2.409185e+00 5.573069e+00 
2.401460e+00 5.473004e+00 
2.393888e+00 5.372928e+00 
2.386512e+00 5.272830e+00 
2.379398e+00 5.172699e+00 
2.372586e+00 5.072548e+00 
2.365889e+00 4.972494e+00 
2.359062e+00 4.872564e+00 
2.352318e+00 4.772518e+00 
2.345761e+00 4.672424e+00 
2.339409e+00 4.572322e+00 
2.333255e+00 4.472224e+00 
2.327267e+00 4.372141e+00 
2.321397e+00 4.272083e+00 
2.315655e+00 4.172020e+00 
2.310052e+00 4.071951e+00 
2.304562e+00 3.971895e+00 
2.299022e+00 3.871922e+00 
2.398869e+00 3.866389e+00 
