-1.404749e+01 -4.990389e-01 
-1.404557e+01 -5.988001e-01 
-1.404318e+01 -6.985600e-01 
-1.404031e+01 -7.983193e-01 
-1.403695e+01 -8.980781e-01 
-1.403311e+01 -9.978364e-01 
-1.402879e+01 -1.097593e+00 
-1.402399e+01 -1.197348e+00 
-1.401869e+01 -1.297091e+00 
-1.401288e+01 -1.396825e+00 
-1.400653e+01 -1.496539e+00 
-1.399962e+01 -1.596251e+00 
-1.399212e+01 -1.695962e+00 
-1.398404e+01 -1.795672e+00 
-1.397538e+01 -1.895381e+00 
-1.396613e+01 -1.995089e+00 
-1.395629e+01 -2.094796e+00 
-1.394586e+01 -2.194502e+00 
-1.393483e+01 -2.294207e+00 
-1.392320e+01 -2.393911e+00 
-1.391096e+01 -2.493614e+00 
-1.389813e+01 -2.593316e+00 
-1.388468e+01 -2.693018e+00 
-1.387062e+01 -2.792719e+00 
-1.385594e+01 -2.892419e+00 
-1.384065e+01 -2.992118e+00 
-1.382474e+01 -3.091817e+00 
-1.380820e+01 -3.191515e+00 
-1.379103e+01 -3.291212e+00 
-1.377323e+01 -3.390909e+00 
-1.375480e+01 -3.490605e+00 
-1.373573e+01 -3.590301e+00 
-1.371601e+01 -3.689996e+00 
-1.369566e+01 -3.789691e+00 
-1.367465e+01 -3.889386e+00 
-1.365300e+01 -3.989080e+00 
-1.363069e+01 -4.088775e+00 
-1.360772e+01 -4.188468e+00 
-1.358409e+01 -4.288162e+00 
-1.355980e+01 -4.387856e+00 
-1.353484e+01 -4.487549e+00 
-1.350920e+01 -4.587243e+00 
-1.348290e+01 -4.686914e+00 
-1.345588e+01 -4.786581e+00 
-1.342811e+01 -4.886249e+00 
-1.339960e+01 -4.985917e+00 
-1.337035e+01 -5.085585e+00 
-1.334034e+01 -5.185253e+00 
-1.330958e+01 -5.284922e+00 
-1.327806e+01 -5.384591e+00 
-1.324577e+01 -5.484261e+00 
-1.321272e+01 -5.583931e+00 
-1.317889e+01 -5.683602e+00 
-1.314429e+01 -5.783273e+00 
-1.310891e+01 -5.882946e+00 
-1.307274e+01 -5.982619e+00 
-1.303579e+01 -6.082293e+00 
-1.299805e+01 -6.181968e+00 
-1.295951e+01 -6.281645e+00 
-1.292017e+01 -6.381322e+00 
-1.288003e+01 -6.481001e+00 
-1.283909e+01 -6.580681e+00 
-1.279733e+01 -6.680363e+00 
-1.275476e+01 -6.780046e+00 
-1.271138e+01 -6.879731e+00 
-1.266717e+01 -6.979417e+00 
-1.262214e+01 -7.079105e+00 
-1.257629e+01 -7.178784e+00 
-1.252960e+01 -7.278438e+00 
-1.248198e+01 -7.378057e+00 
-1.243334e+01 -7.477664e+00 
-1.238361e+01 -7.577271e+00 
-1.233277e+01 -7.676879e+00 
-1.228083e+01 -7.776488e+00 
-1.222775e+01 -7.876098e+00 
-1.217355e+01 -7.975699e+00 
-1.211818e+01 -8.075271e+00 
-1.206152e+01 -8.174845e+00 
-1.200356e+01 -8.274422e+00 
-1.194427e+01 -8.374001e+00 
-1.188366e+01 -8.473583e+00 
-1.182169e+01 -8.573168e+00 
-1.175836e+01 -8.672756e+00 
-1.169364e+01 -8.772346e+00 
-1.162753e+01 -8.871940e+00 
-1.156000e+01 -8.971537e+00 
-1.149104e+01 -9.071138e+00 
-1.142064e+01 -9.170742e+00 
-1.134876e+01 -9.270349e+00 
-1.127540e+01 -9.369960e+00 
-1.120054e+01 -9.469575e+00 
-1.112415e+01 -9.569193e+00 
-1.104622e+01 -9.668815e+00 
-1.096673e+01 -9.768441e+00 
-1.088566e+01 -9.868071e+00 
-1.080302e+01 -9.967673e+00 
-1.071868e+01 -1.006719e+01 
-1.063217e+01 -1.016670e+01 
-1.054332e+01 -1.026620e+01 
-1.045206e+01 -1.036571e+01 
-1.035830e+01 -1.046522e+01 
-1.026195e+01 -1.056472e+01 
-1.016290e+01 -1.066422e+01 
-1.006341e+01 -1.076131e+01 
-9.963917e+00 -1.085568e+01 
-9.864424e+00 -1.094746e+01 
-9.764930e+00 -1.103674e+01 
-9.665433e+00 -1.112362e+01 
-9.565934e+00 -1.120820e+01 
-9.466432e+00 -1.129057e+01 
-9.366928e+00 -1.137080e+01 
-9.267421e+00 -1.144898e+01 
-9.167912e+00 -1.152517e+01 
-9.068399e+00 -1.159944e+01 
-8.968884e+00 -1.167185e+01 
-8.869402e+00 -1.174243e+01 
-8.770008e+00 -1.181108e+01 
-8.670745e+00 -1.187752e+01 
-8.571506e+00 -1.194144e+01 
-8.472264e+00 -1.200286e+01 
-8.373019e+00 -1.206187e+01 
-8.273770e+00 -1.211856e+01 
-8.174518e+00 -1.217301e+01 
-8.075261e+00 -1.222529e+01 
-7.976000e+00 -1.227547e+01 
-7.876735e+00 -1.232361e+01 
-7.777465e+00 -1.236978e+01 
-7.678191e+00 -1.241402e+01 
-7.578912e+00 -1.245639e+01 
-7.479671e+00 -1.249693e+01 
-7.380490e+00 -1.253556e+01 
-7.281326e+00 -1.257220e+01 
-7.182177e+00 -1.260685e+01 
-7.083044e+00 -1.263950e+01 
-6.983925e+00 -1.267016e+01 
-6.884820e+00 -1.269883e+01 
-6.785727e+00 -1.272551e+01 
-6.686647e+00 -1.275021e+01 
-6.587578e+00 -1.277292e+01 
-6.488519e+00 -1.279366e+01 
-6.389470e+00 -1.281241e+01 
-6.290433e+00 -1.282918e+01 
-6.191412e+00 -1.284398e+01 
-6.092623e+00 -1.285675e+01 
-5.993971e+00 -1.286707e+01 
-5.895302e+00 -1.287470e+01 
-5.796615e+00 -1.287968e+01 
-5.698062e+00 -1.288207e+01 
-5.600120e+00 -1.288163e+01 
-5.502334e+00 -1.287717e+01 
-5.404476e+00 -1.286834e+01 
-5.306547e+00 -1.285522e+01 
-5.208550e+00 -1.283789e+01 
-5.110420e+00 -1.281635e+01 
-5.012134e+00 -1.279078e+01 
-4.913834e+00 -1.276144e+01 
-4.815685e+00 -1.272829e+01 
-4.717608e+00 -1.269080e+01 
-4.619585e+00 -1.264860e+01 
-4.522102e+00 -1.260155e+01 
-4.424969e+00 -1.254770e+01 
-4.327725e+00 -1.248495e+01 
-4.230220e+00 -1.241229e+01 
-4.132464e+00 -1.232922e+01 
-4.034930e+00 -1.223565e+01 
-3.946872e+00 -1.213828e+01 
-3.869854e+00 -1.204027e+01 
-3.800316e+00 -1.194208e+01 
-3.736950e+00 -1.184377e+01 
-3.678914e+00 -1.174536e+01 
-3.625565e+00 -1.164682e+01 
-3.576276e+00 -1.154817e+01 
-3.530573e+00 -1.144938e+01 
-3.487942e+00 -1.135043e+01 
-3.447939e+00 -1.125139e+01 
-3.410262e+00 -1.115228e+01 
-3.374697e+00 -1.105311e+01 
-3.341061e+00 -1.095387e+01 
-3.309175e+00 -1.085457e+01 
-3.278864e+00 -1.075519e+01 
-3.249923e+00 -1.065567e+01 
-3.222055e+00 -1.055616e+01 
-3.195271e+00 -1.045663e+01 
-3.169485e+00 -1.035697e+01 
-3.144434e+00 -1.025725e+01 
-3.119994e+00 -1.015755e+01 
-3.096219e+00 -1.005792e+01 
-3.073250e+00 -9.958313e+00 
-3.051121e+00 -9.858699e+00 
-3.029816e+00 -9.759075e+00 
-3.009305e+00 -9.659433e+00 
-2.989548e+00 -9.559769e+00 
-2.970506e+00 -9.460144e+00 
-2.952245e+00 -9.360487e+00 
-2.934694e+00 -9.260795e+00 
-2.917779e+00 -9.161067e+00 
-2.901424e+00 -9.061304e+00 
-2.885557e+00 -8.961513e+00 
-2.870115e+00 -8.861673e+00 
-2.854996e+00 -8.761778e+00 
-2.840091e+00 -8.661863e+00 
-2.825361e+00 -8.561945e+00 
-2.810802e+00 -8.462045e+00 
-2.796456e+00 -8.362193e+00 
-2.782418e+00 -8.262368e+00 
-2.768745e+00 -8.162578e+00 
-2.755504e+00 -8.062805e+00 
-2.742727e+00 -7.963027e+00 
-2.730401e+00 -7.863223e+00 
-2.718470e+00 -7.763367e+00 
-2.706828e+00 -7.663485e+00 
-2.695420e+00 -7.563549e+00 
-2.684144e+00 -7.463608e+00 
-2.672988e+00 -7.363668e+00 
-2.661953e+00 -7.263729e+00 
-2.651044e+00 -7.163803e+00 
-2.640289e+00 -7.063911e+00 
-2.629756e+00 -6.964045e+00 
-2.619499e+00 -6.864223e+00 
-2.609606e+00 -6.764442e+00 
-2.600159e+00 -6.664660e+00 
-2.591147e+00 -6.564833e+00 
-2.582479e+00 -6.464940e+00 
-2.574024e+00 -6.364997e+00 
-2.565684e+00 -6.265066e+00 
-2.557473e+00 -6.165022e+00 
-2.549180e+00 -6.065046e+00 
-2.540936e+00 -5.965084e+00 
-2.532771e+00 -5.865130e+00 
-2.524697e+00 -5.765182e+00 
-2.516730e+00 -5.665241e+00 
-2.508883e+00 -5.565307e+00 
-2.501169e+00 -5.465383e+00 
-2.493610e+00 -5.365481e+00 
-2.486251e+00 -5.265612e+00 
-2.479157e+00 -5.165762e+00 
-2.472359e+00 -5.065816e+00 
-2.465661e+00 -4.965747e+00 
-2.458832e+00 -4.865793e+00 
-2.452098e+00 -4.765887e+00 
-2.445554e+00 -4.665989e+00 
-2.439214e+00 -4.566087e+00 
-2.433071e+00 -4.466169e+00 
-2.427092e+00 -4.366227e+00 
-2.421229e+00 -4.266291e+00 
-2.415495e+00 -4.166360e+00 
-2.409899e+00 -4.066416e+00 
-2.404410e+00 -3.966389e+00 
-2.398864e+00 -3.866307e+00 
-2.393160e+00 -3.766330e+00 
-2.387504e+00 -3.666391e+00 
-2.381971e+00 -3.566463e+00 
-2.376582e+00 -3.466544e+00 
-2.371356e+00 -3.366630e+00 
-2.366303e+00 -3.266714e+00 
-2.361417e+00 -3.166759e+00 
-2.356619e+00 -3.066761e+00 
-2.351826e+00 -2.966778e+00 
-2.347072e+00 -2.866877e+00 
-2.342515e+00 -2.766972e+00 
-2.338146e+00 -2.667026e+00 
-2.333886e+00 -2.567053e+00 
-2.329678e+00 -2.467071e+00 
-2.325506e+00 -2.367080e+00 
-2.321352e+00 -2.267081e+00 
-2.317199e+00 -2.167073e+00 
-2.313030e+00 -2.067056e+00 
-2.308828e+00 -1.967036e+00 
-2.304585e+00 -1.867028e+00 
-2.300327e+00 -1.767039e+00 
-2.296091e+00 -1.667047e+00 
-2.291872e+00 -1.567074e+00 
-2.287710e+00 -1.467189e+00 
-2.283779e+00 -1.367335e+00 
-2.280140e+00 -1.267446e+00 
-2.276723e+00 -1.167527e+00 
-2.273467e+00 -1.067597e+00 
-2.270351e+00 -9.676686e-01 
-2.267377e+00 -8.677137e-01 
-2.264493e+00 -7.677293e-01 
-2.261640e+00 -6.677265e-01 
-2.258781e+00 -5.677167e-01 
-2.255903e+00 -4.677130e-01 
-2.253016e+00 -3.676982e-01 
-2.250101e+00 -2.676979e-01 
-2.247185e+00 -1.677119e-01 
-2.244318e+00 -6.915531e-02 
-2.244297e+00 6.771185e-02 
-2.247185e+00 1.676979e-01 
-2.250101e+00 2.676982e-01 
-2.253017e+00 3.677130e-01 
-2.255903e+00 4.677167e-01 
-2.258781e+00 5.677265e-01 
-2.261640e+00 6.677293e-01 
-2.264493e+00 7.677137e-01 
-2.267376e+00 8.676686e-01 
-2.270348e+00 9.675969e-01 
-2.273465e+00 1.067527e+00 
-2.276720e+00 1.167446e+00 
-2.280136e+00 1.267335e+00 
-2.283774e+00 1.367189e+00 
-2.287706e+00 1.467074e+00 
-2.291871e+00 1.567047e+00 
-2.296091e+00 1.667039e+00 
-2.300326e+00 1.767028e+00 
-2.304585e+00 1.867036e+00 
-2.308828e+00 1.967056e+00 
-2.313031e+00 2.067073e+00 
-2.317199e+00 2.167081e+00 
-2.321352e+00 2.267080e+00 
-2.325505e+00 2.367071e+00 
-2.329677e+00 2.467053e+00 
-2.333885e+00 2.567026e+00 
-2.338144e+00 2.666972e+00 
-2.342511e+00 2.766877e+00 
-2.347067e+00 2.866778e+00 
-2.351825e+00 2.966761e+00 
-2.356619e+00 3.066759e+00 
-2.361415e+00 3.166714e+00 
-2.366299e+00 3.266630e+00 
-2.371352e+00 3.366544e+00 
-2.376578e+00 3.466463e+00 
-2.276723e+00 3.471848e+00 
-2.271488e+00 3.371767e+00 
-2.266427e+00 3.271681e+00 
-2.261534e+00 3.171597e+00 
-2.256734e+00 3.071551e+00 
-2.251940e+00 2.971550e+00 
-2.247180e+00 2.871532e+00 
-2.242615e+00 2.771434e+00 
-2.238239e+00 2.671339e+00 
-2.233975e+00 2.571284e+00 
-2.229766e+00 2.471258e+00 
-2.225592e+00 2.371240e+00 
-2.221438e+00 2.271230e+00 
-2.217285e+00 2.171230e+00 
-2.213117e+00 2.071238e+00 
-2.208917e+00 1.971254e+00 
-2.204675e+00 1.871275e+00 
-2.200417e+00 1.771283e+00 
-2.196180e+00 1.671271e+00 
-2.191960e+00 1.571264e+00 
-2.187792e+00 1.471237e+00 
-2.183851e+00 1.371122e+00 
-2.180203e+00 1.270976e+00 
-2.176778e+00 1.170864e+00 
-2.173518e+00 1.070784e+00 
-2.170397e+00 9.707137e-01 
-2.167420e+00 8.706420e-01 
-2.164534e+00 7.705969e-01 
-2.161681e+00 6.705813e-01 
-2.158822e+00 5.705841e-01 
-2.155944e+00 4.705939e-01 
-2.153058e+00 3.705976e-01 
-2.150143e+00 2.706125e-01 
-2.147227e+00 1.706127e-01 
-2.144339e+00 7.059876e-02 
-2.144318e+00 -6.915531e-02 
-2.147227e+00 -1.705988e-01 
-2.150143e+00 -2.706127e-01 
-2.153059e+00 -3.706125e-01 
-2.155944e+00 -4.705976e-01 
-2.158822e+00 -5.705939e-01 
-2.161681e+00 -6.705841e-01 
-2.164534e+00 -7.705813e-01 
-2.167419e+00 -8.705969e-01 
-2.170395e+00 -9.706420e-01 
-2.173515e+00 -1.070714e+00 
-2.176776e+00 -1.170784e+00 
-2.180199e+00 -1.270864e+00 
-2.183846e+00 -1.370976e+00 
-2.187788e+00 -1.471122e+00 
-2.191959e+00 -1.571237e+00 
-2.196180e+00 -1.671264e+00 
-2.200416e+00 -1.771271e+00 
-2.204675e+00 -1.871283e+00 
-2.208918e+00 -1.971275e+00 
-2.213118e+00 -2.071254e+00 
-2.217286e+00 -2.171238e+00 
-2.221438e+00 -2.271230e+00 
-2.225592e+00 -2.371230e+00 
-2.229765e+00 -2.471240e+00 
-2.233974e+00 -2.571258e+00 
-2.238237e+00 -2.671284e+00 
-2.242610e+00 -2.771339e+00 
-2.247176e+00 -2.871434e+00 
-2.251939e+00 -2.971532e+00 
-2.256734e+00 -3.071550e+00 
-2.261532e+00 -3.171551e+00 
-2.266423e+00 -3.271597e+00 
-2.271484e+00 -3.371681e+00 
-2.276718e+00 -3.471767e+00 
-2.282116e+00 -3.571848e+00 
-2.287657e+00 -3.671919e+00 
-2.293319e+00 -3.771981e+00 
-2.299027e+00 -3.872004e+00 
-2.304563e+00 -3.971922e+00 
-2.310049e+00 -4.071895e+00 
-2.315651e+00 -4.171951e+00 
-2.321394e+00 -4.272020e+00 
-2.327264e+00 -4.372083e+00 
-2.333250e+00 -4.472141e+00 
-2.339403e+00 -4.572224e+00 
-2.345755e+00 -4.672322e+00 
-2.352312e+00 -4.772424e+00 
-2.359059e+00 -4.872518e+00 
-2.365894e+00 -4.972564e+00 
-2.372582e+00 -5.072494e+00 
-2.379387e+00 -5.172548e+00 
-2.386502e+00 -5.272699e+00 
-2.393881e+00 -5.372830e+00 
-2.401454e+00 -5.472928e+00 
-2.409180e+00 -5.573004e+00 
-2.417037e+00 -5.673069e+00 
-2.425014e+00 -5.773129e+00 
-2.433095e+00 -5.873181e+00 
-2.441268e+00 -5.973226e+00 
-2.449518e+00 -6.073265e+00 
-2.457815e+00 -6.173289e+00 
-2.466019e+00 -6.273245e+00 
-2.474371e+00 -6.373314e+00 
-2.482835e+00 -6.473370e+00 
-2.491521e+00 -6.573477e+00 
-2.500563e+00 -6.673650e+00 
-2.510052e+00 -6.773868e+00 
-2.519987e+00 -6.874088e+00 
-2.530280e+00 -6.974266e+00 
-2.540841e+00 -7.074400e+00 
-2.551619e+00 -7.174508e+00 
-2.562543e+00 -7.274581e+00 
-2.573592e+00 -7.374643e+00 
-2.584761e+00 -7.474702e+00 
-2.596051e+00 -7.574761e+00 
-2.607473e+00 -7.674826e+00 
-2.619142e+00 -7.774944e+00 
-2.631107e+00 -7.875087e+00 
-2.643481e+00 -7.975284e+00 
-2.656314e+00 -8.075506e+00 
-2.669614e+00 -8.175733e+00 
-2.683344e+00 -8.275942e+00 
-2.697430e+00 -8.376118e+00 
-2.711819e+00 -8.476266e+00 
-2.726407e+00 -8.576366e+00 
-2.741160e+00 -8.676447e+00 
-2.756091e+00 -8.776533e+00 
-2.771241e+00 -8.876637e+00 
-2.786732e+00 -8.976798e+00 
-2.802665e+00 -9.077007e+00 
-2.819097e+00 -9.177244e+00 
-2.836102e+00 -9.277516e+00 
-2.853759e+00 -9.377824e+00 
-2.872144e+00 -9.478167e+00 
-2.891325e+00 -9.578541e+00 
-2.911214e+00 -9.678878e+00 
-2.931869e+00 -9.779235e+00 
-2.953332e+00 -9.879611e+00 
-2.975629e+00 -9.979997e+00 
-2.998776e+00 -1.008039e+01 
-3.022725e+00 -1.018076e+01 
-3.047309e+00 -1.028106e+01 
-3.072498e+00 -1.038134e+01 
-3.098459e+00 -1.048168e+01 
-3.125490e+00 -1.058215e+01 
-3.153627e+00 -1.068264e+01 
-3.182841e+00 -1.078312e+01 
-3.213524e+00 -1.088374e+01 
-3.245848e+00 -1.098444e+01 
-3.279988e+00 -1.108520e+01 
-3.316129e+00 -1.118603e+01 
-3.354462e+00 -1.128692e+01 
-3.395216e+00 -1.138788e+01 
-3.438731e+00 -1.148894e+01 
-3.485510e+00 -1.159014e+01 
-3.536101e+00 -1.169149e+01 
-3.590963e+00 -1.179295e+01 
-3.650799e+00 -1.189454e+01 
-3.716243e+00 -1.199623e+01 
-3.788223e+00 -1.209804e+01 
-3.868215e+00 -1.220003e+01 
-3.960702e+00 -1.230266e+01 
-4.063168e+00 -1.240132e+01 
-4.165412e+00 -1.248845e+01 
-4.267907e+00 -1.256508e+01 
-4.370663e+00 -1.263167e+01 
-4.473530e+00 -1.268896e+01 
-4.576047e+00 -1.273863e+01 
-4.678024e+00 -1.278264e+01 
-4.779947e+00 -1.282168e+01 
-4.881798e+00 -1.285617e+01 
-4.983498e+00 -1.288660e+01 
-5.085212e+00 -1.291313e+01 
-5.187082e+00 -1.293555e+01 
-5.289085e+00 -1.295369e+01 
-5.391156e+00 -1.296745e+01 
-5.493298e+00 -1.297676e+01 
-5.595512e+00 -1.298153e+01 
-5.697570e+00 -1.298207e+01 
-5.799017e+00 -1.297965e+01 
-5.900330e+00 -1.297457e+01 
-6.001661e+00 -1.296677e+01 
-6.103009e+00 -1.295621e+01 
-6.204220e+00 -1.294315e+01 
-6.305199e+00 -1.292809e+01 
-6.406162e+00 -1.291101e+01 
-6.507113e+00 -1.289191e+01 
-6.608054e+00 -1.287081e+01 
-6.708985e+00 -1.284768e+01 
-6.809905e+00 -1.282255e+01 
-6.910812e+00 -1.279540e+01 
-7.011707e+00 -1.276622e+01 
-7.112588e+00 -1.273504e+01 
-7.213455e+00 -1.270183e+01 
-7.314306e+00 -1.266661e+01 
-7.415142e+00 -1.262937e+01 
-7.515961e+00 -1.259011e+01 
-7.616720e+00 -1.254897e+01 
-7.717441e+00 -1.250599e+01 
-7.818167e+00 -1.246112e+01 
-7.918897e+00 -1.241429e+01 
-8.019632e+00 -1.236545e+01 
-8.120371e+00 -1.231454e+01 
-8.221115e+00 -1.226149e+01 
-8.321862e+00 -1.220624e+01 
-8.422613e+00 -1.214871e+01 
-8.523368e+00 -1.208881e+01 
-8.624126e+00 -1.202647e+01 
-8.724887e+00 -1.196160e+01 
-8.825624e+00 -1.189419e+01 
-8.926230e+00 -1.182472e+01 
-9.026748e+00 -1.175341e+01 
-9.127233e+00 -1.168030e+01 
-9.227720e+00 -1.160531e+01 
-9.328211e+00 -1.152838e+01 
-9.428704e+00 -1.144944e+01 
-9.529200e+00 -1.136842e+01 
-9.629698e+00 -1.128524e+01 
-9.730199e+00 -1.119981e+01 
-9.830702e+00 -1.111206e+01 
-9.931208e+00 -1.102189e+01 
-1.003172e+01 -1.092919e+01 
-1.013223e+01 -1.083386e+01 
-1.023274e+01 -1.073578e+01 
-1.033281e+01 -1.063528e+01 
-1.043013e+01 -1.053478e+01 
-1.052484e+01 -1.043429e+01 
-1.061702e+01 -1.033380e+01 
-1.070676e+01 -1.023330e+01 
-1.079414e+01 -1.013281e+01 
-1.087931e+01 -1.003233e+01 
-1.096262e+01 -9.931929e+00 
-1.104430e+01 -9.831559e+00 
-1.112439e+01 -9.731185e+00 
-1.120291e+01 -9.630807e+00 
-1.127989e+01 -9.530425e+00 
-1.135534e+01 -9.430040e+00 
-1.142928e+01 -9.329651e+00 
-1.150173e+01 -9.229258e+00 
-1.157270e+01 -9.128862e+00 
-1.164222e+01 -9.028463e+00 
-1.171030e+01 -8.928060e+00 
-1.177696e+01 -8.827654e+00 
-1.184221e+01 -8.727244e+00 
-1.190607e+01 -8.626832e+00 
-1.196856e+01 -8.526417e+00 
-1.202969e+01 -8.425999e+00 
-1.208948e+01 -8.325578e+00 
-1.214794e+01 -8.225155e+00 
-1.220509e+01 -8.124729e+00 
-1.226094e+01 -8.024301e+00 
-1.231559e+01 -7.923902e+00 
-1.236908e+01 -7.823512e+00 
-1.242144e+01 -7.723121e+00 
-1.247268e+01 -7.622729e+00 
-1.252281e+01 -7.522336e+00 
-1.257184e+01 -7.421943e+00 
-1.261982e+01 -7.321562e+00 
-1.266684e+01 -7.221216e+00 
-1.271299e+01 -7.120895e+00 
-1.275831e+01 -7.020583e+00 
-1.280279e+01 -6.920269e+00 
-1.284645e+01 -6.819954e+00 
-1.288930e+01 -6.719637e+00 
-1.293132e+01 -6.619319e+00 
-1.297253e+01 -6.518999e+00 
-1.301293e+01 -6.418678e+00 
-1.305253e+01 -6.318355e+00 
-1.309132e+01 -6.218032e+00 
-1.312931e+01 -6.117707e+00 
-1.316651e+01 -6.017381e+00 
-1.320291e+01 -5.917054e+00 
-1.323853e+01 -5.816727e+00 
-1.327336e+01 -5.716398e+00 
-1.330741e+01 -5.616069e+00 
-1.334069e+01 -5.515739e+00 
-1.337319e+01 -5.415409e+00 
-1.340492e+01 -5.315078e+00 
-1.343589e+01 -5.214747e+00 
-1.346610e+01 -5.114415e+00 
-1.349556e+01 -5.014083e+00 
-1.352426e+01 -4.913751e+00 
-1.355221e+01 -4.813419e+00 
-1.357942e+01 -4.713086e+00 
-1.360589e+01 -4.612757e+00 
-1.363169e+01 -4.512451e+00 
-1.365680e+01 -4.412144e+00 
-1.368125e+01 -4.311838e+00 
-1.370502e+01 -4.211532e+00 
-1.372813e+01 -4.111225e+00 
-1.375058e+01 -4.010920e+00 
-1.377237e+01 -3.910614e+00 
-1.379351e+01 -3.810309e+00 
-1.381399e+01 -3.710004e+00 
-1.383383e+01 -3.609699e+00 
-1.385302e+01 -3.509395e+00 
-1.387156e+01 -3.409091e+00 
-1.388947e+01 -3.308788e+00 
-1.390675e+01 -3.208485e+00 
-1.392339e+01 -3.108183e+00 
-1.393940e+01 -3.007882e+00 
-1.395479e+01 -2.907581e+00 
-1.396955e+01 -2.807281e+00 
-1.398370e+01 -2.706982e+00 
-1.399723e+01 -2.606684e+00 
-1.401014e+01 -2.506386e+00 
-1.402245e+01 -2.406089e+00 
-1.403415e+01 -2.305793e+00 
-1.404525e+01 -2.205498e+00 
-1.405575e+01 -2.105204e+00 
-1.406565e+01 -2.004911e+00 
-1.407495e+01 -1.904619e+00 
-1.408367e+01 -1.804328e+00 
-1.409179e+01 -1.704038e+00 
-1.409933e+01 -1.603749e+00 
-1.410629e+01 -1.503461e+00 
-1.411267e+01 -1.403175e+00 
-1.411852e+01 -1.302909e+00 
-1.412385e+01 -1.202652e+00 
-1.412868e+01 -1.102407e+00 
-1.413302e+01 -1.002164e+00 
-1.413688e+01 -9.019219e-01 
-1.414025e+01 -8.016807e-01 
-1.414314e+01 -7.014400e-01 
-1.414554e+01 -6.011999e-01 
-1.414747e+01 -5.009611e-01 
-1.404749e+01 -4.990389e-01 
