-2.856603e+00 3.290665e+00 
-2.862090e+00 3.390688e+00 
-2.867528e+00 3.490640e+00 
-2.873061e+00 3.590571e+00 
-2.878731e+00 3.690485e+00 
-2.884573e+00 3.790380e+00 
-2.890624e+00 3.890258e+00 
-2.896920e+00 3.990116e+00 
-2.903505e+00 4.090027e+00 
-2.910272e+00 4.189995e+00 
-2.917101e+00 4.289931e+00 
-2.924059e+00 4.389877e+00 
-2.931125e+00 4.489819e+00 
-2.938304e+00 4.589678e+00 
-2.945767e+00 4.689532e+00 
-2.953525e+00 4.789417e+00 
-2.961517e+00 4.889314e+00 
-2.969717e+00 4.989222e+00 
-2.978104e+00 5.089141e+00 
-2.986656e+00 5.189078e+00 
-2.995335e+00 5.289030e+00 
-3.004113e+00 5.388989e+00 
-3.012975e+00 5.488950e+00 
-3.021917e+00 5.588935e+00 
-3.030892e+00 5.688944e+00 
-3.039851e+00 5.788968e+00 
-3.048727e+00 5.888642e+00 
-3.058295e+00 5.988648e+00 
-3.067859e+00 6.088749e+00 
-3.077200e+00 6.188639e+00 
-3.086758e+00 6.288481e+00 
-3.096635e+00 6.388305e+00 
-3.106865e+00 6.488113e+00 
-3.117484e+00 6.587903e+00 
-3.128528e+00 6.687674e+00 
-3.140035e+00 6.787426e+00 
-3.152046e+00 6.887169e+00 
-3.164591e+00 6.986992e+00 
-3.177513e+00 7.086924e+00 
-3.190572e+00 7.186834e+00 
-3.203811e+00 7.286713e+00 
-3.217294e+00 7.386559e+00 
-3.231087e+00 7.486373e+00 
-3.245260e+00 7.586158e+00 
-3.259872e+00 7.685927e+00 
-3.274956e+00 7.785675e+00 
-3.290558e+00 7.885389e+00 
-3.306748e+00 7.985096e+00 
-3.323548e+00 8.084803e+00 
-3.340962e+00 8.184537e+00 
-3.358928e+00 8.284240e+00 
-3.377528e+00 8.384003e+00 
-3.396624e+00 8.483758e+00 
-3.416234e+00 8.583500e+00 
-3.436378e+00 8.683183e+00 
-3.457161e+00 8.782715e+00 
-3.478936e+00 8.882232e+00 
-3.501741e+00 8.981728e+00 
-3.525627e+00 9.081195e+00 
-3.550657e+00 9.180612e+00 
-3.576953e+00 9.279987e+00 
-3.604616e+00 9.379313e+00 
-3.633782e+00 9.478622e+00 
-3.664507e+00 9.577926e+00 
-3.696816e+00 9.677187e+00 
-3.730834e+00 9.776420e+00 
-3.766626e+00 9.875551e+00 
-3.804456e+00 9.974547e+00 
-3.844719e+00 1.007346e+01 
-3.887652e+00 1.017220e+01 
-3.933749e+00 1.027068e+01 
-3.983872e+00 1.036899e+01 
-4.038733e+00 1.046711e+01 
-4.099161e+00 1.056497e+01 
-4.166469e+00 1.066247e+01 
-4.242681e+00 1.075948e+01 
-4.332209e+00 1.085668e+01 
-4.429309e+00 1.094658e+01 
-4.526087e+00 1.102338e+01 
-4.622546e+00 1.108813e+01 
-4.718713e+00 1.114172e+01 
-4.814626e+00 1.118488e+01 
-4.910356e+00 1.121821e+01 
-5.006858e+00 1.124236e+01 
-5.104280e+00 1.125939e+01 
-5.201757e+00 1.127124e+01 
-5.299537e+00 1.127811e+01 
-5.397552e+00 1.128061e+01 
-5.495554e+00 1.127923e+01 
-5.593539e+00 1.127392e+01 
-5.691509e+00 1.126463e+01 
-5.789470e+00 1.125128e+01 
-5.887425e+00 1.123379e+01 
-5.985376e+00 1.121205e+01 
-6.083330e+00 1.118594e+01 
-6.181461e+00 1.115523e+01 
-6.280421e+00 1.111990e+01 
-6.379516e+00 1.108201e+01 
-6.478617e+00 1.104190e+01 
-6.577715e+00 1.099952e+01 
-6.676818e+00 1.095482e+01 
-6.775918e+00 1.090773e+01 
-6.875022e+00 1.085819e+01 
-6.974124e+00 1.080613e+01 
-7.073230e+00 1.075145e+01 
-7.172335e+00 1.069410e+01 
-7.271445e+00 1.063395e+01 
-7.370573e+00 1.057091e+01 
-7.469718e+00 1.050492e+01 
-7.568878e+00 1.043592e+01 
-7.668052e+00 1.036384e+01 
-7.767239e+00 1.028858e+01 
-7.866437e+00 1.021003e+01 
-7.965646e+00 1.012810e+01 
-8.064864e+00 1.004264e+01 
-8.164092e+00 9.953504e+00 
-8.263513e+00 9.860354e+00 
-8.363006e+00 9.764104e+00 
-8.462512e+00 9.665062e+00 
-8.559717e+00 9.565557e+00 
-8.654284e+00 9.466050e+00 
-8.746324e+00 9.366541e+00 
-8.835941e+00 9.267030e+00 
-8.923228e+00 9.167518e+00 
-9.008275e+00 9.067996e+00 
-9.091203e+00 8.968459e+00 
-9.172136e+00 8.868913e+00 
-9.251162e+00 8.769367e+00 
-9.328329e+00 8.669823e+00 
-9.403680e+00 8.570281e+00 
-9.477258e+00 8.470739e+00 
-9.549105e+00 8.371197e+00 
-9.619259e+00 8.271656e+00 
-9.687760e+00 8.172115e+00 
-9.754644e+00 8.072574e+00 
-9.819947e+00 7.973033e+00 
-9.883702e+00 7.873492e+00 
-9.945945e+00 7.773951e+00 
-1.000671e+01 7.674408e+00 
-1.006602e+01 7.574865e+00 
-1.012391e+01 7.475321e+00 
-1.018040e+01 7.375776e+00 
-1.023554e+01 7.276229e+00 
-1.028933e+01 7.176681e+00 
-1.034182e+01 7.077132e+00 
-1.039302e+01 6.977581e+00 
-1.044297e+01 6.878020e+00 
-1.049173e+01 6.778401e+00 
-1.053946e+01 6.678741e+00 
-1.058628e+01 6.579082e+00 
-1.063219e+01 6.479423e+00 
-1.067719e+01 6.379765e+00 
-1.072130e+01 6.280107e+00 
-1.076451e+01 6.180451e+00 
-1.080685e+01 6.080794e+00 
-1.084831e+01 5.981139e+00 
-1.088890e+01 5.881484e+00 
-1.092863e+01 5.781829e+00 
-1.096751e+01 5.682175e+00 
-1.100553e+01 5.582521e+00 
-1.104272e+01 5.482868e+00 
-1.107906e+01 5.383214e+00 
-1.111458e+01 5.283561e+00 
-1.114928e+01 5.183908e+00 
-1.118315e+01 5.084255e+00 
-1.121621e+01 4.984602e+00 
-1.124847e+01 4.884949e+00 
-1.127993e+01 4.785296e+00 
-1.131059e+01 4.685643e+00 
-1.134046e+01 4.585990e+00 
-1.136955e+01 4.486337e+00 
-1.139786e+01 4.386684e+00 
-1.142540e+01 4.287030e+00 
-1.145217e+01 4.187376e+00 
-1.147817e+01 4.087722e+00 
-1.150342e+01 3.988067e+00 
-1.152791e+01 3.888412e+00 
-1.155165e+01 3.788757e+00 
-1.157465e+01 3.689102e+00 
-1.159691e+01 3.589446e+00 
-1.161843e+01 3.489790e+00 
-1.163922e+01 3.390133e+00 
-1.165928e+01 3.290476e+00 
-1.167862e+01 3.190818e+00 
-1.169724e+01 3.091160e+00 
-1.171514e+01 2.991502e+00 
-1.173233e+01 2.891843e+00 
-1.174881e+01 2.792178e+00 
-1.176460e+01 2.692511e+00 
-1.177970e+01 2.592844e+00 
-1.179412e+01 2.493175e+00 
-1.180785e+01 2.393507e+00 
-1.182090e+01 2.293838e+00 
-1.183328e+01 2.194166e+00 
-1.184500e+01 2.094456e+00 
-1.185612e+01 1.994761e+00 
-1.186663e+01 1.895071e+00 
-1.187650e+01 1.795379e+00 
-1.188576e+01 1.695686e+00 
-1.189439e+01 1.595990e+00 
-1.190242e+01 1.496291e+00 
-1.190983e+01 1.396592e+00 
-1.191664e+01 1.296894e+00 
-1.192285e+01 1.197197e+00 
-1.192845e+01 1.097499e+00 
-1.193344e+01 9.978020e-01 
-1.193783e+01 8.981052e-01 
-1.194161e+01 7.984088e-01 
-1.204156e+01 8.015912e-01 
-1.203776e+01 9.018948e-01 
-1.203335e+01 1.002198e+00 
-1.202832e+01 1.102501e+00 
-1.202269e+01 1.202803e+00 
-1.201645e+01 1.303106e+00 
-1.200960e+01 1.403408e+00 
-1.200214e+01 1.503709e+00 
-1.199407e+01 1.604010e+00 
-1.198539e+01 1.704314e+00 
-1.197608e+01 1.804621e+00 
-1.196614e+01 1.904929e+00 
-1.195557e+01 2.005239e+00 
-1.194438e+01 2.105544e+00 
-1.193260e+01 2.205834e+00 
-1.192014e+01 2.306162e+00 
-1.190700e+01 2.406493e+00 
-1.189318e+01 2.506825e+00 
-1.187867e+01 2.607156e+00 
-1.186347e+01 2.707489e+00 
-1.184758e+01 2.807822e+00 
-1.183099e+01 2.908157e+00 
-1.181369e+01 3.008498e+00 
-1.179567e+01 3.108840e+00 
-1.177692e+01 3.209182e+00 
-1.175745e+01 3.309524e+00 
-1.173726e+01 3.409867e+00 
-1.171632e+01 3.510210e+00 
-1.169466e+01 3.610554e+00 
-1.167225e+01 3.710898e+00 
-1.164909e+01 3.811243e+00 
-1.162519e+01 3.911588e+00 
-1.160053e+01 4.011933e+00 
-1.157511e+01 4.112278e+00 
-1.154893e+01 4.212624e+00 
-1.152198e+01 4.312970e+00 
-1.149425e+01 4.413316e+00 
-1.146575e+01 4.513663e+00 
-1.143646e+01 4.614010e+00 
-1.140638e+01 4.714357e+00 
-1.137551e+01 4.814704e+00 
-1.134383e+01 4.915051e+00 
-1.131135e+01 5.015398e+00 
-1.127806e+01 5.115745e+00 
-1.124396e+01 5.216092e+00 
-1.120902e+01 5.316439e+00 
-1.117326e+01 5.416786e+00 
-1.113666e+01 5.517132e+00 
-1.109922e+01 5.617479e+00 
-1.106094e+01 5.717825e+00 
-1.102180e+01 5.818171e+00 
-1.098179e+01 5.918516e+00 
-1.094092e+01 6.018861e+00 
-1.089918e+01 6.119206e+00 
-1.085655e+01 6.219549e+00 
-1.081304e+01 6.319893e+00 
-1.076863e+01 6.420235e+00 
-1.072332e+01 6.520577e+00 
-1.067711e+01 6.620918e+00 
-1.062997e+01 6.721259e+00 
-1.058192e+01 6.821599e+00 
-1.053279e+01 6.921980e+00 
-1.048241e+01 7.022419e+00 
-1.043075e+01 7.122868e+00 
-1.037779e+01 7.223319e+00 
-1.032351e+01 7.323771e+00 
-1.026788e+01 7.424224e+00 
-1.021088e+01 7.524679e+00 
-1.015246e+01 7.625135e+00 
-1.009261e+01 7.725592e+00 
-1.003130e+01 7.826049e+00 
-9.968493e+00 7.926508e+00 
-9.904156e+00 8.026967e+00 
-9.838258e+00 8.127426e+00 
-9.770764e+00 8.227885e+00 
-9.701639e+00 8.328344e+00 
-9.630845e+00 8.428803e+00 
-9.558345e+00 8.529261e+00 
-9.484098e+00 8.629719e+00 
-9.408063e+00 8.730177e+00 
-9.330198e+00 8.830633e+00 
-9.250458e+00 8.931087e+00 
-9.168797e+00 9.031541e+00 
-9.085106e+00 9.132004e+00 
-8.999252e+00 9.232482e+00 
-8.911121e+00 9.332970e+00 
-8.820635e+00 9.433459e+00 
-8.727698e+00 9.533950e+00 
-8.632207e+00 9.634443e+00 
-8.534047e+00 9.734938e+00 
-8.433554e+00 9.834978e+00 
-8.333046e+00 9.932224e+00 
-8.232467e+00 1.002648e+01 
-8.131695e+00 1.011703e+01 
-8.030914e+00 1.020386e+01 
-7.930122e+00 1.028713e+01 
-7.829320e+00 1.036697e+01 
-7.728507e+00 1.044350e+01 
-7.627681e+00 1.051681e+01 
-7.526841e+00 1.058700e+01 
-7.425987e+00 1.065415e+01 
-7.325115e+00 1.071833e+01 
-7.224224e+00 1.077958e+01 
-7.123329e+00 1.083800e+01 
-7.022435e+00 1.089368e+01 
-6.921537e+00 1.094671e+01 
-6.820641e+00 1.099717e+01 
-6.719741e+00 1.104514e+01 
-6.618844e+00 1.109067e+01 
-6.517942e+00 1.113384e+01 
-6.417043e+00 1.117470e+01 
-6.316139e+00 1.121330e+01 
-6.215098e+00 1.124940e+01 
-6.113229e+00 1.128136e+01 
-6.011183e+00 1.130867e+01 
-5.909135e+00 1.133141e+01 
-5.807089e+00 1.134972e+01 
-5.705050e+00 1.136371e+01 
-5.603020e+00 1.137347e+01 
-5.501005e+00 1.137908e+01 
-5.399007e+00 1.138060e+01 
-5.297023e+00 1.137807e+01 
-5.194802e+00 1.137100e+01 
-5.092280e+00 1.135867e+01 
-4.989701e+00 1.134087e+01 
-4.886203e+00 1.131524e+01 
-4.781934e+00 1.127939e+01 
-4.677846e+00 1.123299e+01 
-4.574013e+00 1.117557e+01 
-4.470472e+00 1.110648e+01 
-4.367251e+00 1.102500e+01 
-4.264350e+00 1.093013e+01 
-4.169211e+00 1.082732e+01 
-4.087908e+00 1.072434e+01 
-4.016912e+00 1.062184e+01 
-3.953678e+00 1.051970e+01 
-3.896609e+00 1.041782e+01 
-3.844675e+00 1.031613e+01 
-3.797093e+00 1.021461e+01 
-3.753020e+00 1.011335e+01 
-3.711841e+00 1.001226e+01 
-3.673218e+00 9.911257e+00 
-3.636780e+00 9.810388e+00 
-3.602222e+00 9.709621e+00 
-3.569419e+00 9.608882e+00 
-3.538251e+00 9.508186e+00 
-3.508670e+00 9.407495e+00 
-3.480621e+00 9.306821e+00 
-3.453986e+00 9.206196e+00 
-3.428654e+00 9.105613e+00 
-3.404506e+00 9.005080e+00 
-3.381464e+00 8.904576e+00 
-3.359472e+00 8.804093e+00 
-3.338489e+00 8.703625e+00 
-3.318215e+00 8.603308e+00 
-3.298503e+00 8.503050e+00 
-3.279311e+00 8.402805e+00 
-3.260622e+00 8.302568e+00 
-3.242547e+00 8.202271e+00 
-3.225038e+00 8.102005e+00 
-3.208138e+00 8.001712e+00 
-3.191851e+00 7.901419e+00 
-3.176158e+00 7.801133e+00 
-3.160996e+00 7.700881e+00 
-3.146316e+00 7.600650e+00 
-3.132081e+00 7.500435e+00 
-3.118235e+00 7.400249e+00 
-3.104710e+00 7.300095e+00 
-3.091439e+00 7.199974e+00 
-3.078356e+00 7.099884e+00 
-3.065417e+00 6.999816e+00 
-3.052826e+00 6.899639e+00 
-3.040752e+00 6.799382e+00 
-3.029187e+00 6.699134e+00 
-3.018091e+00 6.598905e+00 
-3.007427e+00 6.498695e+00 
-2.997156e+00 6.398503e+00 
-2.987244e+00 6.298327e+00 
-2.977655e+00 6.198169e+00 
-2.968293e+00 6.098059e+00 
-2.958748e+00 5.998160e+00 
-2.949181e+00 5.898166e+00 
-2.940245e+00 5.797840e+00 
-2.931291e+00 5.697864e+00 
-2.922317e+00 5.597873e+00 
-2.913372e+00 5.497858e+00 
-2.904503e+00 5.397819e+00 
-2.895719e+00 5.297778e+00 
-2.887031e+00 5.197730e+00 
-2.878468e+00 5.097667e+00 
-2.870068e+00 4.997586e+00 
-2.861852e+00 4.897494e+00 
-2.853843e+00 4.797391e+00 
-2.846067e+00 4.697276e+00 
-2.838582e+00 4.597130e+00 
-2.831383e+00 4.496989e+00 
-2.824308e+00 4.396931e+00 
-2.817342e+00 4.296877e+00 
-2.810504e+00 4.196813e+00 
-2.803733e+00 4.096781e+00 
-2.797137e+00 3.996692e+00 
-2.790822e+00 3.896550e+00 
-2.784756e+00 3.796428e+00 
-2.778901e+00 3.696323e+00 
-2.773222e+00 3.596237e+00 
-2.767681e+00 3.496168e+00 
-2.762237e+00 3.396120e+00 
-2.756753e+00 3.296143e+00 
-2.856603e+00 3.290665e+00 
