-9.453351e+00 -2.998972e-01 
-9.453147e+00 -3.995643e-01 
-9.452279e+00 -4.992300e-01 
-9.450745e+00 -5.988942e-01 
-9.448542e+00 -6.985570e-01 
-9.445665e+00 -7.982182e-01 
-9.442113e+00 -8.978780e-01 
-9.437881e+00 -9.975362e-01 
-9.432965e+00 -1.097193e+00 
-9.427363e+00 -1.196848e+00 
-9.421069e+00 -1.296501e+00 
-9.414080e+00 -1.396153e+00 
-9.406392e+00 -1.495803e+00 
-9.398000e+00 -1.595452e+00 
-9.388899e+00 -1.695098e+00 
-9.379084e+00 -1.794743e+00 
-9.368551e+00 -1.894389e+00 
-9.357300e+00 -1.994028e+00 
-9.345315e+00 -2.093656e+00 
-9.332573e+00 -2.193285e+00 
-9.319073e+00 -2.292914e+00 
-9.304811e+00 -2.392543e+00 
-9.289786e+00 -2.492172e+00 
-9.273996e+00 -2.591802e+00 
-9.257437e+00 -2.691431e+00 
-9.240108e+00 -2.791061e+00 
-9.222006e+00 -2.890691e+00 
-9.203129e+00 -2.990322e+00 
-9.183473e+00 -3.089952e+00 
-9.163036e+00 -3.189584e+00 
-9.141816e+00 -3.289215e+00 
-9.119809e+00 -3.388847e+00 
-9.097013e+00 -3.488480e+00 
-9.073425e+00 -3.588114e+00 
-9.049042e+00 -3.687748e+00 
-9.023860e+00 -3.787382e+00 
-8.997877e+00 -3.887018e+00 
-8.971090e+00 -3.986654e+00 
-8.943494e+00 -4.086291e+00 
-8.915088e+00 -4.185929e+00 
-8.885868e+00 -4.285568e+00 
-8.855830e+00 -4.385207e+00 
-8.824971e+00 -4.484848e+00 
-8.793286e+00 -4.584496e+00 
-8.760784e+00 -4.684153e+00 
-8.727483e+00 -4.783815e+00 
-8.693388e+00 -4.883471e+00 
-8.658485e+00 -4.983123e+00 
-8.622757e+00 -5.082765e+00 
-8.586172e+00 -5.182401e+00 
-8.548710e+00 -5.282031e+00 
-8.510348e+00 -5.381650e+00 
-8.471051e+00 -5.481264e+00 
-8.430800e+00 -5.580855e+00 
-8.389574e+00 -5.680329e+00 
-8.347075e+00 -5.779652e+00 
-8.302823e+00 -5.878991e+00 
-8.256823e+00 -5.978351e+00 
-8.209094e+00 -6.077724e+00 
-8.159638e+00 -6.177117e+00 
-8.108470e+00 -6.276535e+00 
-8.055610e+00 -6.376005e+00 
-8.001207e+00 -6.475466e+00 
-7.945204e+00 -6.574922e+00 
-7.887553e+00 -6.674371e+00 
-7.828193e+00 -6.773813e+00 
-7.767064e+00 -6.873248e+00 
-7.704103e+00 -6.972675e+00 
-7.639230e+00 -7.072095e+00 
-7.572373e+00 -7.171506e+00 
-7.503444e+00 -7.270908e+00 
-7.432344e+00 -7.370301e+00 
-7.358972e+00 -7.469685e+00 
-7.283217e+00 -7.569056e+00 
-7.204939e+00 -7.668415e+00 
-7.123994e+00 -7.767763e+00 
-7.040248e+00 -7.867063e+00 
-6.953645e+00 -7.966004e+00 
-6.862172e+00 -8.064704e+00 
-6.763882e+00 -8.163374e+00 
-6.665294e+00 -8.255046e+00 
-6.566784e+00 -8.339921e+00 
-6.468319e+00 -8.418331e+00 
-6.369891e+00 -8.490679e+00 
-6.271499e+00 -8.557327e+00 
-6.173142e+00 -8.618587e+00 
-6.074814e+00 -8.674726e+00 
-5.976459e+00 -8.726014e+00 
-5.878490e+00 -8.772625e+00 
-5.780998e+00 -8.813819e+00 
-5.684023e+00 -8.848804e+00 
-5.587605e+00 -8.876842e+00 
-5.491757e+00 -8.897230e+00 
-5.396459e+00 -8.909290e+00 
-5.301641e+00 -8.912328e+00 
-5.207169e+00 -8.905589e+00 
-5.112850e+00 -8.888183e+00 
-5.018378e+00 -8.858989e+00 
-4.923150e+00 -8.816603e+00 
-4.828888e+00 -8.762068e+00 
-4.733426e+00 -8.687226e+00 
-4.637789e+00 -8.591159e+00 
-4.559864e+00 -8.494157e+00 
-4.492841e+00 -8.396535e+00 
-4.433412e+00 -8.298467e+00 
-4.379660e+00 -8.200098e+00 
-4.330403e+00 -8.101476e+00 
-4.284794e+00 -8.002700e+00 
-4.242393e+00 -7.904015e+00 
-4.203287e+00 -7.805348e+00 
-4.167340e+00 -7.706504e+00 
-4.134068e+00 -7.607521e+00 
-4.103103e+00 -7.508427e+00 
-4.074160e+00 -7.409240e+00 
-4.047009e+00 -7.309978e+00 
-4.021450e+00 -7.210591e+00 
-3.997175e+00 -7.110985e+00 
-3.973731e+00 -7.011281e+00 
-3.950924e+00 -6.911567e+00 
-3.928730e+00 -6.811854e+00 
-3.907154e+00 -6.712149e+00 
-3.886210e+00 -6.612474e+00 
-3.865965e+00 -6.512838e+00 
-3.846496e+00 -6.413239e+00 
-3.827872e+00 -6.313645e+00 
-3.810092e+00 -6.214033e+00 
-3.793118e+00 -6.114402e+00 
-3.776897e+00 -6.014689e+00 
-3.761264e+00 -5.914919e+00 
-3.746103e+00 -5.815133e+00 
-3.731383e+00 -5.715341e+00 
-3.717091e+00 -5.615545e+00 
-3.703218e+00 -5.515746e+00 
-3.689756e+00 -5.415942e+00 
-3.676693e+00 -5.316115e+00 
-3.663979e+00 -5.216248e+00 
-3.651538e+00 -5.116398e+00 
-3.639409e+00 -5.016583e+00 
-3.627657e+00 -4.916765e+00 
-3.616272e+00 -4.816914e+00 
-3.605190e+00 -4.717054e+00 
-3.594392e+00 -4.617200e+00 
-3.583891e+00 -4.517353e+00 
-3.573701e+00 -4.417513e+00 
-3.563836e+00 -4.317679e+00 
-3.554309e+00 -4.217853e+00 
-3.545132e+00 -4.118023e+00 
-3.536297e+00 -4.018179e+00 
-3.527777e+00 -3.918321e+00 
-3.519541e+00 -3.818448e+00 
-3.511562e+00 -3.718561e+00 
-3.503810e+00 -3.618660e+00 
-3.496254e+00 -3.518733e+00 
-3.488843e+00 -3.418760e+00 
-3.481482e+00 -3.318729e+00 
-3.474064e+00 -3.218788e+00 
-3.466774e+00 -3.118947e+00 
-3.459803e+00 -3.019113e+00 
-3.453164e+00 -2.919259e+00 
-3.446817e+00 -2.819383e+00 
-3.440719e+00 -2.719486e+00 
-3.434827e+00 -2.619572e+00 
-3.429107e+00 -2.519639e+00 
-3.423520e+00 -2.419687e+00 
-3.418028e+00 -2.319716e+00 
-3.412593e+00 -2.219725e+00 
-3.407176e+00 -2.119727e+00 
-3.401766e+00 -2.019802e+00 
-3.396504e+00 -1.919817e+00 
-3.391272e+00 -1.819793e+00 
-3.385991e+00 -1.719792e+00 
-3.380710e+00 -1.619819e+00 
-3.375485e+00 -1.519861e+00 
-3.370344e+00 -1.419919e+00 
-3.365320e+00 -1.319998e+00 
-3.360455e+00 -1.220098e+00 
-3.355792e+00 -1.120211e+00 
-3.351356e+00 -1.020337e+00 
-3.347173e+00 -9.204740e-01 
-3.343267e+00 -8.206721e-01 
-3.339752e+00 -7.207471e-01 
-3.336384e+00 -6.207005e-01 
-3.332919e+00 -5.205685e-01 
-3.329193e+00 -4.205243e-01 
-3.325380e+00 -3.205332e-01 
-3.321586e+00 -2.205641e-01 
-3.317855e+00 -1.206137e-01 
-3.314254e+00 -2.242944e-02 
-3.314221e+00 2.061369e-02 
-3.317853e+00 1.205641e-01 
-3.321585e+00 2.205332e-01 
-3.325380e+00 3.205243e-01 
-3.329195e+00 4.205685e-01 
-3.332924e+00 5.207005e-01 
-3.336386e+00 6.207471e-01 
-3.339750e+00 7.206721e-01 
-3.343259e+00 8.204740e-01 
-3.347167e+00 9.203368e-01 
-3.351351e+00 1.020211e+00 
-3.355787e+00 1.120098e+00 
-3.360451e+00 1.219998e+00 
-3.365316e+00 1.319919e+00 
-3.265442e+00 1.324940e+00 
-3.260569e+00 1.224861e+00 
-3.255895e+00 1.124761e+00 
-3.251449e+00 1.024648e+00 
-3.247255e+00 9.245221e-01 
-3.243336e+00 8.243849e-01 
-3.239811e+00 7.241868e-01 
-3.236442e+00 6.241118e-01 
-3.232984e+00 5.241584e-01 
-3.229264e+00 4.242903e-01 
-3.225453e+00 3.243346e-01 
-3.221657e+00 2.243257e-01 
-3.217923e+00 1.242948e-01 
-3.214287e+00 2.424519e-02 
-3.214254e+00 -2.242944e-02 
-3.217921e+00 -1.242452e-01 
-3.221656e+00 -2.242948e-01 
-3.225452e+00 -3.243257e-01 
-3.229266e+00 -4.243346e-01 
-3.232988e+00 -5.242903e-01 
-3.236444e+00 -6.241584e-01 
-3.239809e+00 -7.241118e-01 
-3.243328e+00 -8.241868e-01 
-3.247250e+00 -9.243849e-01 
-3.251444e+00 -1.024522e+00 
-3.255890e+00 -1.124648e+00 
-3.260564e+00 -1.224761e+00 
-3.265439e+00 -1.324861e+00 
-3.270470e+00 -1.424940e+00 
-3.275617e+00 -1.524998e+00 
-3.280847e+00 -1.625040e+00 
-3.286130e+00 -1.725067e+00 
-3.291411e+00 -1.825066e+00 
-3.296641e+00 -1.925041e+00 
-3.301904e+00 -2.025057e+00 
-3.307322e+00 -2.125132e+00 
-3.312739e+00 -2.225134e+00 
-3.318176e+00 -2.325143e+00 
-3.323671e+00 -2.425172e+00 
-3.329263e+00 -2.525220e+00 
-3.334991e+00 -2.625287e+00 
-3.340892e+00 -2.725373e+00 
-3.347003e+00 -2.825476e+00 
-3.353366e+00 -2.925600e+00 
-3.360023e+00 -3.025746e+00 
-3.367017e+00 -3.125912e+00 
-3.374330e+00 -3.226071e+00 
-3.381756e+00 -3.326130e+00 
-3.389113e+00 -3.426099e+00 
-3.396528e+00 -3.526126e+00 
-3.404094e+00 -3.626199e+00 
-3.411862e+00 -3.726298e+00 
-3.419859e+00 -3.826411e+00 
-3.428115e+00 -3.926538e+00 
-3.436659e+00 -4.026680e+00 
-3.445521e+00 -4.126836e+00 
-3.454729e+00 -4.227006e+00 
-3.464288e+00 -4.327180e+00 
-3.474186e+00 -4.427346e+00 
-3.484408e+00 -4.527506e+00 
-3.494941e+00 -4.627659e+00 
-3.505769e+00 -4.727805e+00 
-3.516882e+00 -4.827944e+00 
-3.528301e+00 -4.928094e+00 
-3.540095e+00 -5.028276e+00 
-3.552268e+00 -5.128460e+00 
-3.564746e+00 -5.228611e+00 
-3.577494e+00 -5.328744e+00 
-3.590601e+00 -5.428916e+00 
-3.604116e+00 -5.529113e+00 
-3.618043e+00 -5.629313e+00 
-3.632393e+00 -5.729517e+00 
-3.647173e+00 -5.829726e+00 
-3.662398e+00 -5.929940e+00 
-3.678103e+00 -6.030170e+00 
-3.694416e+00 -6.130457e+00 
-3.711512e+00 -6.230826e+00 
-3.729427e+00 -6.331214e+00 
-3.748200e+00 -6.431619e+00 
-3.767823e+00 -6.532021e+00 
-3.788213e+00 -6.632385e+00 
-3.809290e+00 -6.732710e+00 
-3.830993e+00 -6.833004e+00 
-3.853312e+00 -6.933292e+00 
-3.876248e+00 -7.033577e+00 
-3.899830e+00 -7.133874e+00 
-3.924294e+00 -7.234268e+00 
-3.950160e+00 -7.334881e+00 
-3.977702e+00 -7.435619e+00 
-4.007104e+00 -7.536432e+00 
-4.038617e+00 -7.637338e+00 
-4.072549e+00 -7.738355e+00 
-4.109304e+00 -7.839511e+00 
-4.149422e+00 -7.940844e+00 
-4.192908e+00 -8.042159e+00 
-4.239608e+00 -8.143383e+00 
-4.290188e+00 -8.244761e+00 
-4.345644e+00 -8.346392e+00 
-4.407296e+00 -8.448324e+00 
-4.477386e+00 -8.550702e+00 
-4.559759e+00 -8.653700e+00 
-4.662413e+00 -8.757633e+00 
-4.766950e+00 -8.840577e+00 
-4.872689e+00 -8.902938e+00 
-4.977461e+00 -8.950235e+00 
-5.082989e+00 -8.983620e+00 
-5.188670e+00 -9.003863e+00 
-5.294198e+00 -9.012051e+00 
-5.399379e+00 -9.009247e+00 
-5.504082e+00 -8.996468e+00 
-5.608234e+00 -8.974691e+00 
-5.711816e+00 -8.944865e+00 
-5.814841e+00 -8.907918e+00 
-5.917349e+00 -8.864766e+00 
-6.019380e+00 -8.816334e+00 
-6.121024e+00 -8.763409e+00 
-6.222696e+00 -8.705445e+00 
-6.324340e+00 -8.642226e+00 
-6.425948e+00 -8.573490e+00 
-6.527520e+00 -8.498923e+00 
-6.629054e+00 -8.418167e+00 
-6.730545e+00 -8.330823e+00 
-6.831957e+00 -8.236626e+00 
-6.933000e+00 -8.135296e+00 
-7.026973e+00 -8.033996e+00 
-7.115485e+00 -7.932937e+00 
-7.200434e+00 -7.832237e+00 
-7.282461e+00 -7.731585e+00 
-7.361765e+00 -7.630944e+00 
-7.438495e+00 -7.530315e+00 
-7.512792e+00 -7.429699e+00 
-7.584774e+00 -7.329092e+00 
-7.654546e+00 -7.228494e+00 
-7.722208e+00 -7.127905e+00 
-7.787849e+00 -7.027325e+00 
-7.851548e+00 -6.926752e+00 
-7.913381e+00 -6.826187e+00 
-7.973417e+00 -6.725629e+00 
-8.031716e+00 -6.625078e+00 
-8.088341e+00 -6.524534e+00 
-8.143342e+00 -6.423995e+00 
-8.196774e+00 -6.323465e+00 
-8.248551e+00 -6.222883e+00 
-8.298621e+00 -6.122276e+00 
-8.346963e+00 -6.021649e+00 
-8.393568e+00 -5.921009e+00 
-8.438420e+00 -5.820348e+00 
-8.481509e+00 -5.719671e+00 
-8.523179e+00 -5.619145e+00 
-8.563764e+00 -5.518736e+00 
-8.603371e+00 -5.418350e+00 
-8.642029e+00 -5.317969e+00 
-8.679773e+00 -5.217599e+00 
-8.716628e+00 -5.117235e+00 
-8.752616e+00 -5.016877e+00 
-8.787766e+00 -4.916529e+00 
-8.822098e+00 -4.816185e+00 
-8.855629e+00 -4.715847e+00 
-8.888357e+00 -4.615504e+00 
-8.920269e+00 -4.515152e+00 
-8.951354e+00 -4.414793e+00 
-8.981612e+00 -4.314432e+00 
-9.011047e+00 -4.214071e+00 
-9.039662e+00 -4.113709e+00 
-9.067461e+00 -4.013346e+00 
-9.094447e+00 -3.912982e+00 
-9.120624e+00 -3.812618e+00 
-9.145993e+00 -3.712252e+00 
-9.170558e+00 -3.611886e+00 
-9.194323e+00 -3.511520e+00 
-9.217290e+00 -3.411153e+00 
-9.239462e+00 -3.310785e+00 
-9.260842e+00 -3.210416e+00 
-9.281433e+00 -3.110048e+00 
-9.301238e+00 -3.009678e+00 
-9.320258e+00 -2.909309e+00 
-9.338497e+00 -2.808939e+00 
-9.355958e+00 -2.708569e+00 
-9.372643e+00 -2.608198e+00 
-9.388553e+00 -2.507828e+00 
-9.403693e+00 -2.407457e+00 
-9.418064e+00 -2.307086e+00 
-9.431667e+00 -2.206715e+00 
-9.444507e+00 -2.106344e+00 
-9.456584e+00 -2.005972e+00 
-9.467919e+00 -1.905611e+00 
-9.478530e+00 -1.805257e+00 
-9.488417e+00 -1.704902e+00 
-9.497585e+00 -1.604548e+00 
-9.506039e+00 -1.504197e+00 
-9.513784e+00 -1.403847e+00 
-9.520824e+00 -1.303499e+00 
-9.527164e+00 -1.203152e+00 
-9.532808e+00 -1.102807e+00 
-9.537759e+00 -1.002464e+00 
-9.542023e+00 -9.021220e-01 
-9.545602e+00 -8.017818e-01 
-9.548500e+00 -7.014430e-01 
-9.550721e+00 -6.011058e-01 
-9.552267e+00 -5.007700e-01 
-9.553143e+00 -4.004357e-01 
-9.553350e+00 -3.001028e-01 
-9.453351e+00 -2.998972e-01 
