-2.177733e-04 9.840000e+00 
2.002156e-01 9.839274e+00 
4.004647e-01 9.839994e+00 
6.006352e-01 9.841545e+00 
8.008701e-01 9.843666e+00 
1.001210e+00 9.846572e+00 
1.201549e+00 9.850614e+00 
1.401856e+00 9.855789e+00 
1.602152e+00 9.861990e+00 
1.802425e+00 9.869178e+00 
2.002713e+00 9.877278e+00 
2.203018e+00 9.886345e+00 
2.403339e+00 9.896435e+00 
2.603642e+00 9.907600e+00 
2.804077e+00 9.919790e+00 
3.004530e+00 9.933446e+00 
3.204946e+00 9.948622e+00 
3.405327e+00 9.965198e+00 
3.605814e+00 9.983070e+00 
3.806378e+00 1.000260e+01 
4.006986e+00 1.002405e+01 
4.207686e+00 1.004758e+01 
4.408396e+00 1.007351e+01 
4.609302e+00 1.010191e+01 
4.810289e+00 1.013346e+01 
5.011352e+00 1.016847e+01 
5.212529e+00 1.020724e+01 
5.414116e+00 1.025031e+01 
5.615712e+00 1.029913e+01 
5.817441e+00 1.035389e+01 
6.019460e+00 1.041530e+01 
6.221845e+00 1.048475e+01 
6.425086e+00 1.056431e+01 
6.629167e+00 1.065843e+01 
6.834199e+00 1.077282e+01 
7.040538e+00 1.091663e+01 
7.247424e+00 1.110740e+01 
7.407992e+00 1.131600e+01 
7.518393e+00 1.152581e+01 
7.584999e+00 1.173656e+01 
7.610897e+00 1.194730e+01 
7.598974e+00 1.215742e+01 
7.550855e+00 1.236635e+01 
7.467689e+00 1.257366e+01 
7.351973e+00 1.277806e+01 
7.212308e+00 1.298162e+01 
7.049760e+00 1.318473e+01 
6.863460e+00 1.338748e+01 
6.660843e+00 1.358138e+01 
6.458516e+00 1.375345e+01 
6.256737e+00 1.390843e+01 
6.054842e+00 1.405198e+01 
5.852967e+00 1.418420e+01 
5.651213e+00 1.430595e+01 
5.449573e+00 1.441851e+01 
5.248040e+00 1.452296e+01 
5.046606e+00 1.462016e+01 
4.845266e+00 1.471085e+01 
4.644020e+00 1.479567e+01 
4.442923e+00 1.487516e+01 
4.241989e+00 1.495007e+01 
4.041082e+00 1.502121e+01 
3.840130e+00 1.508877e+01 
3.639191e+00 1.515261e+01 
3.438274e+00 1.521284e+01 
3.237387e+00 1.526960e+01 
3.036488e+00 1.532304e+01 
2.835546e+00 1.537318e+01 
2.634620e+00 1.541988e+01 
2.433710e+00 1.546325e+01 
2.232814e+00 1.550336e+01 
2.031931e+00 1.554030e+01 
1.831061e+00 1.557415e+01 
1.630202e+00 1.560497e+01 
1.429354e+00 1.563282e+01 
1.228515e+00 1.565775e+01 
1.027684e+00 1.567982e+01 
8.268608e-01 1.569906e+01 
6.260554e-01 1.571551e+01 
4.252323e-01 1.572924e+01 
2.243641e-01 1.574021e+01 
2.195556e-01 1.562030e+01 
4.186875e-01 1.560942e+01 
6.178643e-01 1.559579e+01 
8.170589e-01 1.557946e+01 
1.016236e+00 1.556036e+01 
1.215405e+00 1.553847e+01 
1.414566e+00 1.551373e+01 
1.613717e+00 1.548610e+01 
1.812859e+00 1.545554e+01 
2.011988e+00 1.542197e+01 
2.211106e+00 1.538534e+01 
2.410210e+00 1.534557e+01 
2.609299e+00 1.530259e+01 
2.808373e+00 1.525630e+01 
3.007432e+00 1.520661e+01 
3.206533e+00 1.515363e+01 
3.405646e+00 1.509736e+01 
3.604728e+00 1.503767e+01 
3.803790e+00 1.497441e+01 
4.002838e+00 1.490747e+01 
4.201931e+00 1.483696e+01 
4.400997e+00 1.476272e+01 
4.599900e+00 1.468407e+01 
4.798654e+00 1.460027e+01 
4.997314e+00 1.451075e+01 
5.195880e+00 1.441489e+01 
5.394346e+00 1.431198e+01 
5.592706e+00 1.420118e+01 
5.790953e+00 1.408147e+01 
5.989078e+00 1.395161e+01 
6.187183e+00 1.381065e+01 
6.385404e+00 1.365829e+01 
6.583077e+00 1.348999e+01 
6.780460e+00 1.330082e+01 
6.961360e+00 1.310358e+01 
7.118577e+00 1.290669e+01 
7.252981e+00 1.271024e+01 
7.363206e+00 1.251464e+01 
7.439374e+00 1.232195e+01 
7.481944e+00 1.213088e+01 
7.491063e+00 1.194100e+01 
7.465962e+00 1.175174e+01 
7.404138e+00 1.156249e+01 
7.302020e+00 1.137230e+01 
7.152576e+00 1.118091e+01 
6.959462e+00 1.100510e+01 
6.765801e+00 1.087142e+01 
6.570833e+00 1.076330e+01 
6.374914e+00 1.067332e+01 
6.178155e+00 1.059652e+01 
5.980540e+00 1.052882e+01 
5.782559e+00 1.046871e+01 
5.584288e+00 1.041494e+01 
5.385884e+00 1.036694e+01 
5.187471e+00 1.032459e+01 
4.988648e+00 1.028630e+01 
4.789711e+00 1.025168e+01 
4.590698e+00 1.022046e+01 
4.391604e+00 1.019233e+01 
4.192314e+00 1.016659e+01 
3.993014e+00 1.014323e+01 
3.793622e+00 1.012192e+01 
3.594186e+00 1.010251e+01 
3.394673e+00 1.008472e+01 
3.195054e+00 1.006821e+01 
2.995470e+00 1.005310e+01 
2.795923e+00 1.003951e+01 
2.596358e+00 1.002738e+01 
2.396661e+00 1.001625e+01 
2.196982e+00 1.000619e+01 
1.997287e+00 9.997156e+00 
1.797575e+00 9.989080e+00 
1.597848e+00 9.981913e+00 
1.398144e+00 9.975732e+00 
1.198451e+00 9.970574e+00 
9.987900e-01 9.966548e+00 
7.991299e-01 9.963653e+00 
5.993648e-01 9.961538e+00 
3.995353e-01 9.959991e+00 
1.997844e-01 9.959274e+00 
2.177733e-04 9.960000e+00 
-2.177733e-04 9.840000e+00 
