2.845375e+01 3.005281e-01 
2.845270e+01 2.006234e-01 
2.845145e+01 1.007238e-01 
2.845001e+01 -7.238121e-04 
2.845145e+01 -1.006234e-01 
2.845270e+01 -2.005281e-01 
2.845375e+01 -3.004369e-01 
2.845463e+01 -4.003491e-01 
2.845532e+01 -5.002639e-01 
2.845585e+01 -6.001807e-01 
2.845621e+01 -7.000990e-01 
2.845641e+01 -8.000182e-01 
2.845645e+01 -8.999378e-01 
2.845632e+01 -9.998573e-01 
2.845604e+01 -1.099776e+00 
2.845559e+01 -1.199694e+00 
2.845498e+01 -1.299611e+00 
2.845420e+01 -1.399541e+00 
2.845329e+01 -1.499326e+00 
2.845195e+01 -1.598824e+00 
2.844960e+01 -1.698425e+00 
2.844646e+01 -1.798284e+00 
2.844303e+01 -1.898242e+00 
2.843951e+01 -1.998289e+00 
2.843608e+01 -2.098304e+00 
2.843270e+01 -2.198044e+00 
2.842879e+01 -2.297811e+00 
2.842442e+01 -2.397669e+00 
2.841975e+01 -2.497704e+00 
2.841515e+01 -2.597732e+00 
2.841061e+01 -2.697752e+00 
2.840611e+01 -2.797765e+00 
2.840163e+01 -2.897769e+00 
2.839717e+01 -2.997766e+00 
2.839270e+01 -3.097755e+00 
2.838820e+01 -3.197736e+00 
2.838367e+01 -3.297709e+00 
2.837909e+01 -3.397675e+00 
2.837443e+01 -3.497632e+00 
2.836969e+01 -3.597581e+00 
2.836485e+01 -3.697548e+00 
2.835994e+01 -3.797578e+00 
2.835509e+01 -3.897486e+00 
2.835008e+01 -3.997175e+00 
2.834443e+01 -4.096892e+00 
2.833821e+01 -4.196844e+00 
2.833189e+01 -4.296824e+00 
2.832553e+01 -4.396625e+00 
2.831876e+01 -4.496691e+00 
2.831213e+01 -4.596698e+00 
2.830551e+01 -4.696677e+00 
2.829886e+01 -4.796651e+00 
2.829214e+01 -4.896619e+00 
2.828537e+01 -4.996581e+00 
2.827852e+01 -5.096537e+00 
2.827158e+01 -5.196488e+00 
2.826454e+01 -5.296433e+00 
2.825740e+01 -5.396372e+00 
2.825012e+01 -5.496305e+00 
2.824272e+01 -5.596227e+00 
2.823516e+01 -5.696144e+00 
2.822743e+01 -5.796053e+00 
2.821952e+01 -5.895955e+00 
2.821142e+01 -5.995736e+00 
2.820289e+01 -6.095378e+00 
2.819363e+01 -6.195144e+00 
2.818388e+01 -6.295102e+00 
2.817403e+01 -6.395169e+00 
2.816433e+01 -6.495106e+00 
2.815455e+01 -6.594574e+00 
2.814362e+01 -6.694654e+00 
2.813287e+01 -6.794658e+00 
2.812215e+01 -6.894424e+00 
2.811095e+01 -6.994168e+00 
2.809924e+01 -7.093926e+00 
2.808703e+01 -7.193698e+00 
2.807435e+01 -7.293482e+00 
2.806123e+01 -7.393280e+00 
2.804769e+01 -7.493089e+00 
2.803376e+01 -7.592909e+00 
2.801946e+01 -7.692740e+00 
2.800481e+01 -7.792582e+00 
2.798983e+01 -7.892436e+00 
2.797455e+01 -7.992302e+00 
2.795898e+01 -8.092179e+00 
2.794316e+01 -8.192063e+00 
2.792711e+01 -8.291921e+00 
2.791076e+01 -8.391792e+00 
2.789416e+01 -8.491506e+00 
2.787697e+01 -8.591227e+00 
2.785920e+01 -8.690954e+00 
2.784085e+01 -8.790713e+00 
2.782199e+01 -8.890504e+00 
2.780268e+01 -8.990304e+00 
2.778295e+01 -9.090112e+00 
2.776282e+01 -9.189929e+00 
2.774228e+01 -9.289786e+00 
2.772144e+01 -9.389687e+00 
2.770038e+01 -9.489596e+00 
2.767912e+01 -9.589514e+00 
2.765769e+01 -9.689440e+00 
2.763609e+01 -9.789386e+00 
2.761438e+01 -9.889351e+00 
2.759258e+01 -9.989332e+00 
2.757074e+01 -1.008933e+01 
2.754889e+01 -1.018934e+01 
2.752708e+01 -1.028926e+01 
2.750513e+01 -1.038912e+01 
2.748288e+01 -1.048898e+01 
2.746032e+01 -1.058884e+01 
2.743744e+01 -1.068869e+01 
2.741425e+01 -1.078853e+01 
2.739072e+01 -1.088837e+01 
2.736684e+01 -1.098820e+01 
2.734260e+01 -1.108804e+01 
2.731800e+01 -1.118786e+01 
2.729303e+01 -1.128769e+01 
2.726766e+01 -1.138752e+01 
2.724194e+01 -1.148732e+01 
2.721576e+01 -1.158720e+01 
2.718933e+01 -1.168702e+01 
2.716249e+01 -1.178687e+01 
2.713531e+01 -1.188670e+01 
2.710776e+01 -1.198651e+01 
2.707980e+01 -1.208631e+01 
2.705139e+01 -1.218609e+01 
2.702250e+01 -1.228586e+01 
2.699309e+01 -1.238561e+01 
2.696312e+01 -1.248535e+01 
2.693256e+01 -1.258507e+01 
2.690136e+01 -1.268477e+01 
2.686948e+01 -1.278446e+01 
2.683688e+01 -1.288412e+01 
2.680351e+01 -1.298378e+01 
2.676934e+01 -1.308341e+01 
2.673430e+01 -1.318303e+01 
2.669836e+01 -1.328265e+01 
2.666147e+01 -1.338236e+01 
2.662387e+01 -1.348208e+01 
2.658560e+01 -1.358179e+01 
2.654659e+01 -1.368152e+01 
2.650692e+01 -1.378127e+01 
2.646661e+01 -1.388105e+01 
2.642574e+01 -1.398087e+01 
2.638441e+01 -1.408067e+01 
2.634260e+01 -1.418043e+01 
2.630020e+01 -1.428013e+01 
2.625703e+01 -1.437983e+01 
2.621307e+01 -1.447952e+01 
2.616831e+01 -1.457921e+01 
2.612273e+01 -1.467890e+01 
2.607633e+01 -1.477859e+01 
2.602909e+01 -1.487827e+01 
2.598099e+01 -1.497795e+01 
2.593202e+01 -1.507763e+01 
2.588216e+01 -1.517731e+01 
2.583140e+01 -1.527699e+01 
2.577974e+01 -1.537667e+01 
2.572715e+01 -1.547634e+01 
2.567361e+01 -1.557601e+01 
2.561910e+01 -1.567567e+01 
2.556361e+01 -1.577533e+01 
2.550707e+01 -1.587502e+01 
2.544959e+01 -1.597470e+01 
2.539108e+01 -1.607439e+01 
2.533164e+01 -1.617409e+01 
2.527123e+01 -1.627378e+01 
2.520984e+01 -1.637348e+01 
2.514746e+01 -1.647317e+01 
2.508406e+01 -1.657286e+01 
2.501964e+01 -1.667255e+01 
2.495417e+01 -1.677224e+01 
2.488763e+01 -1.687193e+01 
2.482001e+01 -1.697162e+01 
2.475129e+01 -1.707131e+01 
2.468145e+01 -1.717100e+01 
2.461047e+01 -1.727068e+01 
2.453832e+01 -1.737036e+01 
2.446496e+01 -1.747004e+01 
2.439035e+01 -1.756971e+01 
2.431444e+01 -1.766938e+01 
2.423722e+01 -1.776904e+01 
2.415864e+01 -1.786871e+01 
2.407866e+01 -1.796837e+01 
2.399725e+01 -1.806802e+01 
2.391435e+01 -1.816768e+01 
2.382992e+01 -1.826733e+01 
2.374392e+01 -1.836698e+01 
2.365629e+01 -1.846663e+01 
2.356698e+01 -1.856627e+01 
2.347594e+01 -1.866592e+01 
2.338311e+01 -1.876556e+01 
2.328842e+01 -1.886521e+01 
2.319190e+01 -1.896486e+01 
2.309347e+01 -1.906452e+01 
2.299382e+01 -1.916345e+01 
2.289417e+01 -1.926045e+01 
2.279453e+01 -1.935556e+01 
2.269489e+01 -1.944881e+01 
2.259525e+01 -1.954024e+01 
2.249562e+01 -1.962987e+01 
2.239599e+01 -1.971775e+01 
2.229636e+01 -1.980390e+01 
2.219674e+01 -1.988836e+01 
2.209711e+01 -1.997117e+01 
2.199749e+01 -2.005234e+01 
2.189787e+01 -2.013191e+01 
2.179825e+01 -2.020992e+01 
2.169863e+01 -2.028639e+01 
2.159902e+01 -2.036134e+01 
2.149940e+01 -2.043482e+01 
2.139976e+01 -2.050688e+01 
2.130012e+01 -2.057758e+01 
2.120048e+01 -2.064697e+01 
2.110084e+01 -2.071507e+01 
2.100120e+01 -2.078190e+01 
2.090156e+01 -2.084749e+01 
2.080191e+01 -2.091187e+01 
2.070225e+01 -2.097511e+01 
2.060260e+01 -2.103721e+01 
2.050294e+01 -2.109819e+01 
2.040329e+01 -2.115807e+01 
2.030363e+01 -2.121687e+01 
2.020397e+01 -2.127460e+01 
2.010431e+01 -2.133129e+01 
2.000465e+01 -2.138695e+01 
1.990499e+01 -2.144160e+01 
1.980533e+01 -2.149527e+01 
1.970566e+01 -2.154796e+01 
1.960599e+01 -2.159970e+01 
1.950633e+01 -2.165050e+01 
1.940668e+01 -2.170034e+01 
1.930703e+01 -2.174922e+01 
1.920739e+01 -2.179712e+01 
1.910775e+01 -2.184406e+01 
1.900811e+01 -2.189003e+01 
1.890847e+01 -2.193504e+01 
1.880883e+01 -2.197911e+01 
1.870919e+01 -2.202224e+01 
1.860955e+01 -2.206446e+01 
1.850991e+01 -2.210576e+01 
1.841026e+01 -2.214616e+01 
1.831062e+01 -2.218568e+01 
1.821097e+01 -2.222432e+01 
1.811133e+01 -2.226209e+01 
1.801168e+01 -2.229901e+01 
1.791203e+01 -2.233508e+01 
1.781237e+01 -2.237032e+01 
1.771272e+01 -2.240474e+01 
1.761307e+01 -2.243834e+01 
1.751341e+01 -2.247113e+01 
1.741375e+01 -2.250313e+01 
1.731409e+01 -2.253435e+01 
1.721443e+01 -2.256479e+01 
1.711476e+01 -2.259446e+01 
1.701510e+01 -2.262338e+01 
1.691543e+01 -2.265155e+01 
1.681576e+01 -2.267899e+01 
1.671608e+01 -2.270569e+01 
1.661641e+01 -2.273167e+01 
1.651673e+01 -2.275694e+01 
1.641707e+01 -2.278150e+01 
1.631744e+01 -2.280533e+01 
1.621782e+01 -2.282834e+01 
1.611820e+01 -2.285054e+01 
1.601858e+01 -2.287193e+01 
1.591896e+01 -2.289250e+01 
1.581934e+01 -2.291228e+01 
1.571972e+01 -2.293125e+01 
1.562010e+01 -2.294943e+01 
1.552048e+01 -2.296682e+01 
1.542085e+01 -2.298342e+01 
1.532123e+01 -2.299924e+01 
1.522161e+01 -2.301428e+01 
1.512198e+01 -2.302855e+01 
1.502235e+01 -2.304205e+01 
1.492273e+01 -2.305479e+01 
1.482310e+01 -2.306677e+01 
1.472347e+01 -2.307800e+01 
1.462383e+01 -2.308848e+01 
1.452420e+01 -2.309821e+01 
1.442456e+01 -2.310721e+01 
1.432492e+01 -2.311548e+01 
1.422528e+01 -2.312302e+01 
1.412564e+01 -2.312983e+01 
1.402600e+01 -2.313593e+01 
1.392635e+01 -2.314132e+01 
1.382670e+01 -2.314601e+01 
1.372705e+01 -2.314999e+01 
1.362739e+01 -2.315328e+01 
1.352773e+01 -2.315588e+01 
1.342807e+01 -2.315779e+01 
1.332841e+01 -2.315903e+01 
1.322875e+01 -2.315959e+01 
1.312908e+01 -2.315949e+01 
1.302940e+01 -2.315873e+01 
1.292973e+01 -2.315732e+01 
1.283005e+01 -2.315526e+01 
1.273033e+01 -2.315257e+01 
1.263060e+01 -2.314930e+01 
1.253086e+01 -2.314550e+01 
1.243117e+01 -2.314118e+01 
1.233154e+01 -2.313626e+01 
1.223195e+01 -2.313058e+01 
1.213237e+01 -2.312407e+01 
1.203279e+01 -2.311673e+01 
1.193322e+01 -2.310854e+01 
1.183366e+01 -2.309949e+01 
1.173409e+01 -2.308956e+01 
1.163452e+01 -2.307876e+01 
1.153495e+01 -2.306709e+01 
1.143537e+01 -2.305454e+01 
1.133580e+01 -2.304113e+01 
1.123622e+01 -2.302684e+01 
1.113663e+01 -2.301169e+01 
1.103705e+01 -2.299568e+01 
1.093746e+01 -2.297880e+01 
1.083787e+01 -2.296106e+01 
1.073828e+01 -2.294246e+01 
1.063868e+01 -2.292300e+01 
1.053908e+01 -2.290269e+01 
1.043948e+01 -2.288154e+01 
1.033987e+01 -2.285954e+01 
1.024026e+01 -2.283669e+01 
1.014064e+01 -2.281301e+01 
1.004102e+01 -2.278849e+01 
9.941398e+00 -2.276315e+01 
9.841768e+00 -2.273698e+01 
9.742132e+00 -2.270999e+01 
9.642493e+00 -2.268219e+01 
9.542848e+00 -2.265358e+01 
9.443197e+00 -2.262417e+01 
9.343542e+00 -2.259397e+01 
9.243881e+00 -2.256298e+01 
9.144215e+00 -2.253121e+01 
9.044579e+00 -2.249867e+01 
8.945010e+00 -2.246532e+01 
8.845514e+00 -2.243097e+01 
8.746029e+00 -2.239544e+01 
8.646539e+00 -2.235867e+01 
8.547042e+00 -2.232066e+01 
8.447540e+00 -2.228141e+01 
8.348032e+00 -2.224093e+01 
8.248517e+00 -2.219920e+01 
8.148997e+00 -2.215622e+01 
8.049469e+00 -2.211200e+01 
7.949935e+00 -2.206654e+01 
7.850394e+00 -2.201984e+01 
7.750847e+00 -2.197189e+01 
7.651292e+00 -2.192269e+01 
7.551730e+00 -2.187225e+01 
7.452158e+00 -2.182057e+01 
7.352570e+00 -2.176765e+01 
7.252918e+00 -2.171349e+01 
7.153251e+00 -2.165830e+01 
7.053584e+00 -2.160211e+01 
6.953916e+00 -2.154490e+01 
6.854247e+00 -2.148668e+01 
6.754577e+00 -2.142742e+01 
6.654942e+00 -2.136714e+01 
6.555375e+00 -2.130574e+01 
6.455811e+00 -2.124292e+01 
6.356238e+00 -2.117865e+01 
6.256656e+00 -2.111293e+01 
6.157067e+00 -2.104575e+01 
6.057471e+00 -2.097712e+01 
5.957900e+00 -2.090705e+01 
5.858340e+00 -2.083540e+01 
5.758778e+00 -2.076210e+01 
5.659211e+00 -2.068710e+01 
5.559637e+00 -2.061039e+01 
5.460059e+00 -2.053194e+01 
5.360474e+00 -2.045174e+01 
5.260883e+00 -2.036975e+01 
5.161286e+00 -2.028597e+01 
5.061683e+00 -2.020036e+01 
4.962142e+00 -2.011297e+01 
4.862649e+00 -2.002344e+01 
4.763155e+00 -1.993140e+01 
4.663653e+00 -1.983676e+01 
4.564142e+00 -1.973946e+01 
4.465142e+00 -1.963994e+01 
4.368801e+00 -1.954042e+01 
4.274949e+00 -1.944087e+01 
4.183309e+00 -1.934124e+01 
4.093513e+00 -1.924162e+01 
4.005516e+00 -1.914200e+01 
3.919291e+00 -1.904238e+01 
3.834801e+00 -1.894276e+01 
3.752008e+00 -1.884314e+01 
3.670910e+00 -1.874357e+01 
3.591685e+00 -1.864408e+01 
3.514533e+00 -1.854459e+01 
3.439370e+00 -1.844506e+01 
3.366000e+00 -1.834548e+01 
3.294199e+00 -1.824588e+01 
3.223843e+00 -1.814625e+01 
3.154817e+00 -1.804660e+01 
3.087018e+00 -1.794693e+01 
3.020351e+00 -1.784723e+01 
2.954760e+00 -1.774756e+01 
2.890359e+00 -1.764800e+01 
2.827461e+00 -1.754851e+01 
2.766200e+00 -1.744899e+01 
2.706475e+00 -1.734946e+01 
2.648196e+00 -1.724991e+01 
2.591281e+00 -1.715034e+01 
2.535655e+00 -1.705075e+01 
2.481248e+00 -1.695115e+01 
2.427993e+00 -1.685153e+01 
2.375812e+00 -1.675187e+01 
2.324618e+00 -1.665221e+01 
2.274366e+00 -1.655254e+01 
2.225041e+00 -1.645289e+01 
2.176711e+00 -1.635331e+01 
2.129518e+00 -1.625373e+01 
2.083452e+00 -1.615413e+01 
2.038424e+00 -1.605451e+01 
1.994385e+00 -1.595487e+01 
1.951287e+00 -1.585522e+01 
1.909089e+00 -1.575556e+01 
1.867750e+00 -1.565589e+01 
1.827236e+00 -1.555621e+01 
1.787518e+00 -1.545652e+01 
1.748567e+00 -1.535683e+01 
1.710371e+00 -1.525715e+01 
1.672946e+00 -1.515745e+01 
1.636250e+00 -1.505773e+01 
1.600206e+00 -1.495799e+01 
1.564779e+00 -1.485823e+01 
1.529915e+00 -1.475844e+01 
1.495556e+00 -1.465865e+01 
1.461669e+00 -1.455883e+01 
1.428209e+00 -1.445899e+01 
1.395103e+00 -1.435908e+01 
1.362203e+00 -1.425915e+01 
1.329518e+00 -1.415942e+01 
1.297511e+00 -1.405984e+01 
1.266436e+00 -1.396017e+01 
1.236107e+00 -1.386043e+01 
1.206353e+00 -1.376066e+01 
1.177112e+00 -1.366087e+01 
1.148355e+00 -1.356109e+01 
1.120078e+00 -1.346130e+01 
1.092281e+00 -1.336152e+01 
1.064968e+00 -1.326174e+01 
1.038149e+00 -1.316198e+01 
1.011885e+00 -1.306231e+01 
9.863519e-01 -1.296267e+01 
9.615973e-01 -1.286299e+01 
9.375451e-01 -1.276334e+01 
9.142528e-01 -1.266371e+01 
8.917722e-01 -1.256410e+01 
8.701288e-01 -1.246450e+01 
8.493455e-01 -1.236492e+01 
8.294567e-01 -1.226542e+01 
8.106257e-01 -1.216596e+01 
7.929116e-01 -1.206643e+01 
7.761603e-01 -1.196679e+01 
7.601608e-01 -1.186714e+01 
7.448703e-01 -1.176743e+01 
7.301745e-01 -1.166768e+01 
7.159816e-01 -1.156794e+01 
7.023279e-01 -1.146823e+01 
6.892802e-01 -1.136852e+01 
6.768184e-01 -1.126879e+01 
6.649169e-01 -1.116906e+01 
6.535524e-01 -1.106931e+01 
6.427033e-01 -1.096956e+01 
6.323434e-01 -1.086976e+01 
6.223784e-01 -1.076987e+01 
6.126487e-01 -1.066998e+01 
6.031296e-01 -1.057007e+01 
5.938114e-01 -1.047019e+01 
5.847194e-01 -1.037032e+01 
5.759136e-01 -1.027051e+01 
5.674808e-01 -1.017065e+01 
5.593323e-01 -1.007075e+01 
5.513734e-01 -9.970827e+00 
5.435752e-01 -9.870935e+00 
5.359901e-01 -9.771007e+00 
5.285485e-01 -9.671047e+00 
5.211879e-01 -9.571081e+00 
5.138959e-01 -9.471122e+00 
5.066890e-01 -9.371197e+00 
4.996342e-01 -9.271301e+00 
4.927909e-01 -9.171427e+00 
4.862006e-01 -9.071550e+00 
4.798581e-01 -8.971669e+00 
4.737534e-01 -8.871783e+00 
4.678768e-01 -8.771891e+00 
4.622167e-01 -8.671981e+00 
4.567343e-01 -8.572020e+00 
4.513289e-01 -8.472018e+00 
4.459200e-01 -8.372029e+00 
4.405319e-01 -8.272030e+00 
4.351438e-01 -8.171974e+00 
4.296412e-01 -8.071899e+00 
4.239917e-01 -7.971899e+00 
4.183474e-01 -7.871972e+00 
4.128491e-01 -7.772057e+00 
4.075222e-01 -7.672131e+00 
4.023418e-01 -7.572191e+00 
3.972798e-01 -7.472213e+00 
3.922609e-01 -7.372210e+00 
3.872374e-01 -7.272212e+00 
3.822182e-01 -7.172218e+00 
3.772120e-01 -7.072240e+00 
3.722491e-01 -6.972257e+00 
3.673216e-01 -6.872310e+00 
3.625075e-01 -6.772497e+00 
3.580679e-01 -6.672700e+00 
3.540330e-01 -6.572844e+00 
3.502832e-01 -6.472894e+00 
3.466325e-01 -6.372939e+00 
3.430701e-01 -6.272955e+00 
3.395368e-01 -6.172876e+00 
3.358429e-01 -6.072747e+00 
3.318931e-01 -5.972688e+00 
3.278266e-01 -5.872669e+00 
3.237233e-01 -5.772672e+00 
3.196268e-01 -5.672682e+00 
3.155513e-01 -5.572725e+00 
3.115639e-01 -5.472818e+00 
3.077611e-01 -5.372880e+00 
3.040824e-01 -5.272929e+00 
3.005007e-01 -5.172964e+00 
2.969889e-01 -5.072985e+00 
2.935196e-01 -4.972993e+00 
2.900656e-01 -4.872987e+00 
2.865995e-01 -4.772966e+00 
2.830910e-01 -4.672938e+00 
2.795271e-01 -4.572943e+00 
2.759745e-01 -4.472962e+00 
2.724582e-01 -4.372926e+00 
2.688684e-01 -4.272886e+00 
2.651978e-01 -4.172846e+00 
2.614489e-01 -4.072815e+00 
2.576390e-01 -3.972818e+00 
2.538360e-01 -3.872836e+00 
2.500679e-01 -3.772862e+00 
2.463525e-01 -3.672895e+00 
2.427050e-01 -3.572952e+00 
2.391733e-01 -3.473075e+00 
2.358884e-01 -3.373201e+00 
2.328515e-01 -3.273228e+00 
2.298672e-01 -3.173205e+00 
2.268371e-01 -3.073188e+00 
2.237739e-01 -2.973178e+00 
2.206901e-01 -2.873174e+00 
2.175982e-01 -2.773179e+00 
2.145189e-01 -2.673212e+00 
2.115049e-01 -2.573260e+00 
2.085866e-01 -2.473271e+00 
2.056898e-01 -2.373249e+00 
2.027483e-01 -2.273211e+00 
1.997299e-01 -2.173189e+00 
1.966694e-01 -2.073200e+00 
1.936315e-01 -1.973229e+00 
1.906518e-01 -1.873276e+00 
1.877661e-01 -1.773340e+00 
1.850101e-01 -1.673418e+00 
1.824096e-01 -1.573482e+00 
1.799354e-01 -1.473507e+00 
1.775114e-01 -1.373519e+00 
1.751113e-01 -1.273518e+00 
1.727079e-01 -1.173505e+00 
1.702787e-01 -1.073465e+00 
1.677694e-01 -9.734131e-01 
1.651556e-01 -8.733601e-01 
1.624356e-01 -7.733118e-01 
1.596204e-01 -6.733172e-01 
1.568172e-01 -5.733631e-01 
1.541051e-01 -4.733819e-01 
1.514304e-01 -3.733914e-01 
1.487742e-01 -2.733834e-01 
1.461019e-01 -1.733699e-01 
1.434213e-01 -7.471889e-02 
1.434031e-01 7.336995e-02 
1.461023e-01 1.733834e-01 
1.487744e-01 2.733914e-01 
1.514302e-01 3.733819e-01 
1.541046e-01 4.733631e-01 
1.568159e-01 5.733172e-01 
1.596202e-01 6.733118e-01 
1.624369e-01 7.733601e-01 
1.651570e-01 8.734131e-01 
1.677708e-01 9.734653e-01 
1.702796e-01 1.073505e+00 
1.727082e-01 1.173518e+00 
1.751113e-01 1.273519e+00 
1.775111e-01 1.373507e+00 
1.799348e-01 1.473482e+00 
1.824080e-01 1.573418e+00 
1.850080e-01 1.673340e+00 
1.877643e-01 1.773276e+00 
1.906504e-01 1.873229e+00 
1.936306e-01 1.973200e+00 
1.966691e-01 2.073189e+00 
1.997305e-01 2.173211e+00 
2.027494e-01 2.273249e+00 
2.056904e-01 2.373271e+00 
2.085863e-01 2.473260e+00 
2.115035e-01 2.573212e+00 
2.145179e-01 2.673179e+00 
2.175980e-01 2.773174e+00 
2.206903e-01 2.873178e+00 
2.237743e-01 2.973188e+00 
2.268376e-01 3.073205e+00 
2.298678e-01 3.173228e+00 
2.328507e-01 3.273201e+00 
2.358844e-01 3.373075e+00 
2.391691e-01 3.472952e+00 
2.427029e-01 3.572895e+00 
2.463513e-01 3.672862e+00 
2.500669e-01 3.772836e+00 
2.538353e-01 3.872818e+00 
2.576388e-01 3.972815e+00 
2.614501e-01 4.072846e+00 
2.651993e-01 4.172886e+00 
2.688699e-01 4.272926e+00 
2.724595e-01 4.372962e+00 
2.759738e-01 4.472943e+00 
2.795269e-01 4.572938e+00 
2.830920e-01 4.672966e+00 
2.866003e-01 4.772987e+00 
2.900658e-01 4.872993e+00 
2.935194e-01 4.972985e+00 
2.969881e-01 5.072964e+00 
3.004995e-01 5.172929e+00 
3.040806e-01 5.272880e+00 
3.077587e-01 5.372818e+00 
3.115603e-01 5.472725e+00 
3.155495e-01 5.572682e+00 
3.196264e-01 5.672672e+00 
3.237232e-01 5.772669e+00 
3.278274e-01 5.872688e+00 
3.318954e-01 5.972747e+00 
3.358478e-01 6.072876e+00 
3.395397e-01 6.172955e+00 
3.430695e-01 6.272939e+00 
3.466309e-01 6.372894e+00 
3.502813e-01 6.472844e+00 
3.540274e-01 6.572700e+00 
3.580593e-01 6.672497e+00 
3.624988e-01 6.772310e+00 
3.673190e-01 6.872257e+00 
3.722483e-01 6.972240e+00 
3.772109e-01 7.072218e+00 
3.822179e-01 7.172212e+00 
3.872373e-01 7.272210e+00 
3.922610e-01 7.372213e+00 
3.972787e-01 7.472191e+00 
4.023388e-01 7.572131e+00 
4.075184e-01 7.672057e+00 
4.128444e-01 7.771972e+00 
4.183433e-01 7.871899e+00 
4.239917e-01 7.971899e+00 
4.296453e-01 8.071974e+00 
4.351469e-01 8.172030e+00 
4.405318e-01 8.272029e+00 
4.459195e-01 8.372018e+00 
4.513290e-01 8.472020e+00 
4.567321e-01 8.571981e+00 
3.568822e-01 8.577457e+00 
3.514748e-01 8.477418e+00 
3.460655e-01 8.377420e+00 
3.406766e-01 8.277409e+00 
3.352916e-01 8.177407e+00 
3.297962e-01 8.077464e+00 
3.241509e-01 7.977539e+00 
3.185025e-01 7.877539e+00 
3.129955e-01 7.777466e+00 
3.076601e-01 7.677380e+00 
3.024728e-01 7.577307e+00 
2.974066e-01 7.477247e+00 
2.923867e-01 7.377225e+00 
2.873633e-01 7.277227e+00 
2.823436e-01 7.177226e+00 
2.773360e-01 7.077219e+00 
2.723713e-01 6.977198e+00 
2.674403e-01 6.877181e+00 
2.626149e-01 6.777127e+00 
2.581581e-01 6.676941e+00 
2.541089e-01 6.576737e+00 
2.503516e-01 6.476593e+00 
2.466975e-01 6.376544e+00 
2.431329e-01 6.276499e+00 
2.396019e-01 6.176483e+00 
2.359158e-01 6.076562e+00 
2.319732e-01 5.976691e+00 
2.279099e-01 5.876750e+00 
2.238073e-01 5.776769e+00 
2.197103e-01 5.676766e+00 
2.156325e-01 5.576756e+00 
2.116398e-01 5.476713e+00 
2.078310e-01 5.376620e+00 
2.041483e-01 5.276558e+00 
2.005636e-01 5.176509e+00 
1.970498e-01 5.076474e+00 
1.935795e-01 4.976453e+00 
1.901254e-01 4.876445e+00 
1.866602e-01 4.776451e+00 
1.831535e-01 4.676472e+00 
1.795904e-01 4.576500e+00 
1.760369e-01 4.476494e+00 
1.725213e-01 4.376475e+00 
1.689342e-01 4.276512e+00 
1.652665e-01 4.176552e+00 
1.615203e-01 4.076591e+00 
1.577113e-01 3.976623e+00 
1.539076e-01 3.876619e+00 
1.501379e-01 3.776602e+00 
1.464203e-01 3.676576e+00 
1.427695e-01 3.576542e+00 
1.392315e-01 3.476486e+00 
1.359384e-01 3.376362e+00 
1.328968e-01 3.276237e+00 
1.299123e-01 3.176210e+00 
1.268835e-01 3.076233e+00 
1.238211e-01 2.976250e+00 
1.207378e-01 2.876260e+00 
1.176458e-01 2.776264e+00 
1.145653e-01 2.676258e+00 
1.115489e-01 2.576226e+00 
1.086288e-01 2.476178e+00 
1.057323e-01 2.376166e+00 
1.027926e-01 2.276188e+00 
9.977605e-02 2.176227e+00 
9.671588e-02 2.076249e+00 
9.367674e-02 1.976238e+00 
9.069485e-02 1.876209e+00 
8.780591e-02 1.776162e+00 
8.504599e-02 1.676097e+00 
8.244179e-02 1.576019e+00 
7.996542e-02 1.475956e+00 
7.754046e-02 1.375931e+00 
7.514010e-02 1.275919e+00 
7.273706e-02 1.175920e+00 
7.030910e-02 1.075933e+00 
6.780222e-02 9.759724e-01 
6.519108e-02 8.760247e-01 
6.247383e-02 7.760777e-01 
5.965983e-02 6.761260e-01 
5.685519e-02 5.761206e-01 
5.414138e-02 4.760747e-01 
5.146592e-02 3.760559e-01 
4.880968e-02 2.760464e-01 
4.613798e-02 1.760544e-01 
4.343948e-02 7.606782e-02 
4.342128e-02 -7.471889e-02 
4.613834e-02 -1.760678e-01 
4.880989e-02 -2.760544e-01 
5.146567e-02 -3.760464e-01 
5.414087e-02 -4.760559e-01 
5.685392e-02 -5.760747e-01 
5.965968e-02 -6.761206e-01 
6.247517e-02 -7.761260e-01 
6.519250e-02 -8.760777e-01 
6.780355e-02 -9.760247e-01 
7.031008e-02 -1.075972e+00 
7.273736e-02 -1.175933e+00 
7.514014e-02 -1.275920e+00 
7.754017e-02 -1.375919e+00 
7.996480e-02 -1.475931e+00 
8.244018e-02 -1.575956e+00 
8.504390e-02 -1.676019e+00 
8.780409e-02 -1.776097e+00 
9.069348e-02 -1.876162e+00 
9.367587e-02 -1.976209e+00 
9.671554e-02 -2.076238e+00 
9.977670e-02 -2.176249e+00 
1.027938e-01 -2.276227e+00 
1.057330e-01 -2.376188e+00 
1.086285e-01 -2.476166e+00 
1.115475e-01 -2.576178e+00 
1.145644e-01 -2.676226e+00 
1.176456e-01 -2.776258e+00 
1.207379e-01 -2.876264e+00 
1.238215e-01 -2.976260e+00 
1.268840e-01 -3.076250e+00 
1.299130e-01 -3.176233e+00 
1.328960e-01 -3.276210e+00 
1.359345e-01 -3.376237e+00 
1.392273e-01 -3.476362e+00 
1.427674e-01 -3.576486e+00 
1.464191e-01 -3.676542e+00 
1.501369e-01 -3.776576e+00 
1.539069e-01 -3.876602e+00 
1.577112e-01 -3.976619e+00 
1.615214e-01 -4.076623e+00 
1.652680e-01 -4.176591e+00 
1.689357e-01 -4.276552e+00 
1.725226e-01 -4.376512e+00 
1.760362e-01 -4.476475e+00 
1.795902e-01 -4.576494e+00 
1.831545e-01 -4.676500e+00 
1.866610e-01 -4.776472e+00 
1.901256e-01 -4.876451e+00 
1.935792e-01 -4.976445e+00 
1.970490e-01 -5.076453e+00 
2.005623e-01 -5.176474e+00 
2.041465e-01 -5.276509e+00 
2.078287e-01 -5.376558e+00 
2.116362e-01 -5.476620e+00 
2.156308e-01 -5.576713e+00 
2.197099e-01 -5.676756e+00 
2.238071e-01 -5.776766e+00 
2.279107e-01 -5.876769e+00 
2.319756e-01 -5.976750e+00 
2.359207e-01 -6.076691e+00 
2.396048e-01 -6.176562e+00 
2.431323e-01 -6.276483e+00 
2.466959e-01 -6.376499e+00 
2.503498e-01 -6.476544e+00 
2.541033e-01 -6.576593e+00 
2.581494e-01 -6.676737e+00 
2.626062e-01 -6.776941e+00 
2.674377e-01 -6.877127e+00 
2.723704e-01 -6.977181e+00 
2.773349e-01 -7.077198e+00 
2.823433e-01 -7.177219e+00 
2.873632e-01 -7.277226e+00 
2.923868e-01 -7.377227e+00 
2.974055e-01 -7.477225e+00 
3.024698e-01 -7.577247e+00 
3.076563e-01 -7.677307e+00 
3.129908e-01 -7.777380e+00 
3.184985e-01 -7.877466e+00 
3.241509e-01 -7.977539e+00 
3.298004e-01 -8.077539e+00 
3.352947e-01 -8.177464e+00 
3.406765e-01 -8.277407e+00 
3.460649e-01 -8.377409e+00 
3.514749e-01 -8.477420e+00 
3.568801e-01 -8.577418e+00 
3.623668e-01 -8.677457e+00 
3.680369e-01 -8.777547e+00 
3.739260e-01 -8.877655e+00 
3.800443e-01 -8.977769e+00 
3.864016e-01 -9.077887e+00 
3.930079e-01 -9.178011e+00 
3.998681e-01 -9.278137e+00 
4.069374e-01 -9.378241e+00 
4.141550e-01 -9.478316e+00 
4.214529e-01 -9.578357e+00 
4.288185e-01 -9.678390e+00 
4.362661e-01 -9.778431e+00 
4.438620e-01 -9.878503e+00 
4.516768e-01 -9.978610e+00 
4.596480e-01 -1.007869e+01 
4.678118e-01 -1.017878e+01 
4.762683e-01 -1.027893e+01 
4.851063e-01 -1.037911e+01 
4.942233e-01 -1.047925e+01 
5.035619e-01 -1.057936e+01 
5.130996e-01 -1.067946e+01 
5.228493e-01 -1.077957e+01 
5.328374e-01 -1.087968e+01 
5.432377e-01 -1.097988e+01 
5.541385e-01 -1.108012e+01 
5.655597e-01 -1.118038e+01 
5.775228e-01 -1.128064e+01 
5.900519e-01 -1.138092e+01 
6.031731e-01 -1.148121e+01 
6.169062e-01 -1.158150e+01 
6.311717e-01 -1.168176e+01 
6.459380e-01 -1.178201e+01 
6.613162e-01 -1.188230e+01 
6.774245e-01 -1.198264e+01 
6.942954e-01 -1.208301e+01 
7.121725e-01 -1.218348e+01 
7.312017e-01 -1.228402e+01 
7.512848e-01 -1.238452e+01 
7.722375e-01 -1.248493e+01 
7.940525e-01 -1.258534e+01 
8.167058e-01 -1.268573e+01 
8.401707e-01 -1.278610e+01 
8.643884e-01 -1.288645e+01 
8.892996e-01 -1.298677e+01 
9.150145e-01 -1.308713e+01 
9.414492e-01 -1.318746e+01 
9.683970e-01 -1.328770e+01 
9.958293e-01 -1.338792e+01 
1.023745e+00 -1.348814e+01 
1.052144e+00 -1.358835e+01 
1.081022e+00 -1.368856e+01 
1.110389e+00 -1.378878e+01 
1.140277e+00 -1.388901e+01 
1.170761e+00 -1.398926e+01 
1.202044e+00 -1.408960e+01 
1.234314e+00 -1.419002e+01 
1.267176e+00 -1.429029e+01 
1.300117e+00 -1.439035e+01 
1.333285e+00 -1.449045e+01 
1.366852e+00 -1.459061e+01 
1.400864e+00 -1.469079e+01 
1.435362e+00 -1.479100e+01 
1.470375e+00 -1.489121e+01 
1.505971e+00 -1.499145e+01 
1.542202e+00 -1.509171e+01 
1.579097e+00 -1.519198e+01 
1.616751e+00 -1.529229e+01 
1.655187e+00 -1.539261e+01 
1.694374e+00 -1.549291e+01 
1.734338e+00 -1.559322e+01 
1.775109e+00 -1.569354e+01 
1.816718e+00 -1.579387e+01 
1.859201e+00 -1.589421e+01 
1.902602e+00 -1.599457e+01 
1.946959e+00 -1.609493e+01 
1.992327e+00 -1.619531e+01 
2.038754e+00 -1.629571e+01 
2.086346e+00 -1.639613e+01 
2.135076e+00 -1.649655e+01 
2.184743e+00 -1.659690e+01 
2.235325e+00 -1.669723e+01 
2.286859e+00 -1.679756e+01 
2.339403e+00 -1.689791e+01 
2.393057e+00 -1.699829e+01 
2.447894e+00 -1.709869e+01 
2.503976e+00 -1.719910e+01 
2.561378e+00 -1.729953e+01 
2.620173e+00 -1.739998e+01 
2.680451e+00 -1.750044e+01 
2.742303e+00 -1.760093e+01 
2.805831e+00 -1.770144e+01 
2.870794e+00 -1.780187e+01 
2.936816e+00 -1.790220e+01 
3.003892e+00 -1.800251e+01 
3.072132e+00 -1.810284e+01 
3.141636e+00 -1.820319e+01 
3.212513e+00 -1.830356e+01 
3.284878e+00 -1.840396e+01 
3.358862e+00 -1.850438e+01 
3.434731e+00 -1.860485e+01 
3.512658e+00 -1.870536e+01 
3.592680e+00 -1.880586e+01 
3.674470e+00 -1.890629e+01 
3.757893e+00 -1.900668e+01 
3.843026e+00 -1.910706e+01 
3.929905e+00 -1.920744e+01 
4.018563e+00 -1.930782e+01 
4.109028e+00 -1.940819e+01 
4.201348e+00 -1.950857e+01 
4.296036e+00 -1.960902e+01 
4.393290e+00 -1.970949e+01 
4.493247e+00 -1.980998e+01 
4.593736e+00 -1.990826e+01 
4.694234e+00 -2.000386e+01 
4.794740e+00 -2.009685e+01 
4.895248e+00 -2.018730e+01 
4.995706e+00 -2.027551e+01 
5.096103e+00 -2.036180e+01 
5.196506e+00 -2.044627e+01 
5.296916e+00 -2.052894e+01 
5.397331e+00 -2.060982e+01 
5.497752e+00 -2.068894e+01 
5.598179e+00 -2.076632e+01 
5.698611e+00 -2.084198e+01 
5.799049e+00 -2.091593e+01 
5.899489e+00 -2.098822e+01 
5.999919e+00 -2.105890e+01 
6.100322e+00 -2.112809e+01 
6.200733e+00 -2.119583e+01 
6.301152e+00 -2.126211e+01 
6.401579e+00 -2.132694e+01 
6.502014e+00 -2.139031e+01 
6.602448e+00 -2.145226e+01 
6.702812e+00 -2.151298e+01 
6.803142e+00 -2.157264e+01 
6.903474e+00 -2.163125e+01 
7.003805e+00 -2.168884e+01 
7.104138e+00 -2.174541e+01 
7.204471e+00 -2.180097e+01 
7.304819e+00 -2.185551e+01 
7.405231e+00 -2.190887e+01 
7.505659e+00 -2.196101e+01 
7.606098e+00 -2.201189e+01 
7.706543e+00 -2.206154e+01 
7.806995e+00 -2.210993e+01 
7.907454e+00 -2.215707e+01 
8.007921e+00 -2.220296e+01 
8.108393e+00 -2.224761e+01 
8.208873e+00 -2.229100e+01 
8.309358e+00 -2.233315e+01 
8.409850e+00 -2.237404e+01 
8.510347e+00 -2.241368e+01 
8.610851e+00 -2.245208e+01 
8.711361e+00 -2.248924e+01 
8.811875e+00 -2.252514e+01 
8.912379e+00 -2.255984e+01 
9.012810e+00 -2.259349e+01 
9.113174e+00 -2.262627e+01 
9.213508e+00 -2.265826e+01 
9.313848e+00 -2.268946e+01 
9.414192e+00 -2.271987e+01 
9.514541e+00 -2.274949e+01 
9.614897e+00 -2.277831e+01 
9.715257e+00 -2.280631e+01 
9.815622e+00 -2.283350e+01 
9.915992e+00 -2.285986e+01 
1.001637e+01 -2.288540e+01 
1.011675e+01 -2.291011e+01 
1.021713e+01 -2.293398e+01 
1.031752e+01 -2.295700e+01 
1.041791e+01 -2.297918e+01 
1.051831e+01 -2.300051e+01 
1.061871e+01 -2.302098e+01 
1.071911e+01 -2.304060e+01 
1.081951e+01 -2.305936e+01 
1.091993e+01 -2.307725e+01 
1.102034e+01 -2.309427e+01 
1.112075e+01 -2.311042e+01 
1.122117e+01 -2.312570e+01 
1.132159e+01 -2.314011e+01 
1.142202e+01 -2.315365e+01 
1.152244e+01 -2.316630e+01 
1.162287e+01 -2.317808e+01 
1.172330e+01 -2.318898e+01 
1.182373e+01 -2.319900e+01 
1.192417e+01 -2.320813e+01 
1.202460e+01 -2.321640e+01 
1.212502e+01 -2.322380e+01 
1.222544e+01 -2.323037e+01 
1.232585e+01 -2.323609e+01 
1.242622e+01 -2.324106e+01 
1.252653e+01 -2.324541e+01 
1.262679e+01 -2.324922e+01 
1.272705e+01 -2.325252e+01 
1.282734e+01 -2.325523e+01 
1.292766e+01 -2.325730e+01 
1.302799e+01 -2.325872e+01 
1.312831e+01 -2.325949e+01 
1.322864e+01 -2.325959e+01 
1.332898e+01 -2.325903e+01 
1.342932e+01 -2.325778e+01 
1.352966e+01 -2.325586e+01 
1.363000e+01 -2.325324e+01 
1.373034e+01 -2.324993e+01 
1.383069e+01 -2.324593e+01 
1.393104e+01 -2.324121e+01 
1.403139e+01 -2.323579e+01 
1.413175e+01 -2.322965e+01 
1.423211e+01 -2.322278e+01 
1.433247e+01 -2.321519e+01 
1.443283e+01 -2.320687e+01 
1.453319e+01 -2.319781e+01 
1.463356e+01 -2.318800e+01 
1.473392e+01 -2.317745e+01 
1.483429e+01 -2.316614e+01 
1.493466e+01 -2.315407e+01 
1.503504e+01 -2.314124e+01 
1.513541e+01 -2.312764e+01 
1.523578e+01 -2.311327e+01 
1.533616e+01 -2.309812e+01 
1.543654e+01 -2.308218e+01 
1.553691e+01 -2.306546e+01 
1.563729e+01 -2.304794e+01 
1.573767e+01 -2.302963e+01 
1.583805e+01 -2.301051e+01 
1.593843e+01 -2.299059e+01 
1.603881e+01 -2.296986e+01 
1.613919e+01 -2.294831e+01 
1.623957e+01 -2.292595e+01 
1.633995e+01 -2.290276e+01 
1.644032e+01 -2.287876e+01 
1.654066e+01 -2.285404e+01 
1.664098e+01 -2.282860e+01 
1.674131e+01 -2.280245e+01 
1.684163e+01 -2.277558e+01 
1.694196e+01 -2.274797e+01 
1.704229e+01 -2.271961e+01 
1.714263e+01 -2.269050e+01 
1.724296e+01 -2.266063e+01 
1.734330e+01 -2.262999e+01 
1.744364e+01 -2.259856e+01 
1.754398e+01 -2.256634e+01 
1.764432e+01 -2.253332e+01 
1.774467e+01 -2.249949e+01 
1.784502e+01 -2.246484e+01 
1.794536e+01 -2.242936e+01 
1.804571e+01 -2.239304e+01 
1.814606e+01 -2.235586e+01 
1.824642e+01 -2.231783e+01 
1.834677e+01 -2.227891e+01 
1.844713e+01 -2.223912e+01 
1.854748e+01 -2.219843e+01 
1.864784e+01 -2.215684e+01 
1.874820e+01 -2.211432e+01 
1.884856e+01 -2.207088e+01 
1.894892e+01 -2.202650e+01 
1.904928e+01 -2.198116e+01 
1.914964e+01 -2.193486e+01 
1.925000e+01 -2.188759e+01 
1.935036e+01 -2.183934e+01 
1.945071e+01 -2.179012e+01 
1.955106e+01 -2.173993e+01 
1.965140e+01 -2.168880e+01 
1.975173e+01 -2.163672e+01 
1.985206e+01 -2.158368e+01 
1.995240e+01 -2.152965e+01 
2.005274e+01 -2.147463e+01 
2.015308e+01 -2.141859e+01 
2.025342e+01 -2.136152e+01 
2.035376e+01 -2.130340e+01 
2.045410e+01 -2.124420e+01 
2.055445e+01 -2.118391e+01 
2.065479e+01 -2.112251e+01 
2.075514e+01 -2.105997e+01 
2.085548e+01 -2.099631e+01 
2.095583e+01 -2.093148e+01 
2.105618e+01 -2.086543e+01 
2.115655e+01 -2.079812e+01 
2.125691e+01 -2.072953e+01 
2.135727e+01 -2.065964e+01 
2.145763e+01 -2.058843e+01 
2.155799e+01 -2.051585e+01 
2.165837e+01 -2.044182e+01 
2.175876e+01 -2.036629e+01 
2.185914e+01 -2.028924e+01 
2.195952e+01 -2.021065e+01 
2.205990e+01 -2.013047e+01 
2.216028e+01 -2.004869e+01 
2.226065e+01 -1.996527e+01 
2.236103e+01 -1.988018e+01 
2.246140e+01 -1.979339e+01 
2.256177e+01 -1.970487e+01 
2.266214e+01 -1.961458e+01 
2.276250e+01 -1.952249e+01 
2.286286e+01 -1.942857e+01 
2.296322e+01 -1.933279e+01 
2.306357e+01 -1.923510e+01 
2.316392e+01 -1.913548e+01 
2.326304e+01 -1.903514e+01 
2.336025e+01 -1.893479e+01 
2.345560e+01 -1.883444e+01 
2.354911e+01 -1.873408e+01 
2.364081e+01 -1.863373e+01 
2.373076e+01 -1.853337e+01 
2.381901e+01 -1.843302e+01 
2.390562e+01 -1.833267e+01 
2.399064e+01 -1.823232e+01 
2.407412e+01 -1.813198e+01 
2.415610e+01 -1.803163e+01 
2.423663e+01 -1.793129e+01 
2.431575e+01 -1.783096e+01 
2.439349e+01 -1.773062e+01 
2.446990e+01 -1.763029e+01 
2.454501e+01 -1.752996e+01 
2.461886e+01 -1.742964e+01 
2.469148e+01 -1.732932e+01 
2.476291e+01 -1.722900e+01 
2.483319e+01 -1.712869e+01 
2.490234e+01 -1.702838e+01 
2.497039e+01 -1.692807e+01 
2.503734e+01 -1.682776e+01 
2.510322e+01 -1.672745e+01 
2.516805e+01 -1.662714e+01 
2.523184e+01 -1.652683e+01 
2.529461e+01 -1.642652e+01 
2.535638e+01 -1.632622e+01 
2.541716e+01 -1.622591e+01 
2.547697e+01 -1.612561e+01 
2.553583e+01 -1.602530e+01 
2.559369e+01 -1.592498e+01 
2.565059e+01 -1.582467e+01 
2.570647e+01 -1.572433e+01 
2.576134e+01 -1.562399e+01 
2.581524e+01 -1.552366e+01 
2.586818e+01 -1.542333e+01 
2.592019e+01 -1.532301e+01 
2.597127e+01 -1.522269e+01 
2.602145e+01 -1.512237e+01 
2.607074e+01 -1.502205e+01 
2.611915e+01 -1.492173e+01 
2.616670e+01 -1.482141e+01 
2.621339e+01 -1.472110e+01 
2.625926e+01 -1.462079e+01 
2.630430e+01 -1.452048e+01 
2.634853e+01 -1.442017e+01 
2.639197e+01 -1.431987e+01 
2.643462e+01 -1.421957e+01 
2.647664e+01 -1.411933e+01 
2.651813e+01 -1.401913e+01 
2.655916e+01 -1.391895e+01 
2.659964e+01 -1.381873e+01 
2.663951e+01 -1.371848e+01 
2.667873e+01 -1.361821e+01 
2.671723e+01 -1.351792e+01 
2.675504e+01 -1.341764e+01 
2.679214e+01 -1.331735e+01 
2.682837e+01 -1.321697e+01 
2.686367e+01 -1.311659e+01 
2.689810e+01 -1.301622e+01 
2.693170e+01 -1.291588e+01 
2.696452e+01 -1.281554e+01 
2.699661e+01 -1.271523e+01 
2.702799e+01 -1.261493e+01 
2.705873e+01 -1.251465e+01 
2.708886e+01 -1.241439e+01 
2.711842e+01 -1.231414e+01 
2.714744e+01 -1.221391e+01 
2.717598e+01 -1.211369e+01 
2.720405e+01 -1.201349e+01 
2.723171e+01 -1.191330e+01 
2.725898e+01 -1.181313e+01 
2.728590e+01 -1.171298e+01 
2.731243e+01 -1.161280e+01 
2.733867e+01 -1.151268e+01 
2.736450e+01 -1.141248e+01 
2.738995e+01 -1.131231e+01 
2.741501e+01 -1.121214e+01 
2.743970e+01 -1.111196e+01 
2.746402e+01 -1.101180e+01 
2.748797e+01 -1.091163e+01 
2.751158e+01 -1.081147e+01 
2.753485e+01 -1.071131e+01 
2.755779e+01 -1.061116e+01 
2.758042e+01 -1.051102e+01 
2.760273e+01 -1.041088e+01 
2.762475e+01 -1.031074e+01 
2.764659e+01 -1.021066e+01 
2.766844e+01 -1.011067e+01 
2.769028e+01 -1.001067e+01 
2.771208e+01 -9.910649e+00 
2.773381e+01 -9.810614e+00 
2.775543e+01 -9.710560e+00 
2.777690e+01 -9.610486e+00 
2.779819e+01 -9.510404e+00 
2.781929e+01 -9.410313e+00 
2.784017e+01 -9.310214e+00 
2.786077e+01 -9.210071e+00 
2.788098e+01 -9.109888e+00 
2.790079e+01 -9.009696e+00 
2.792017e+01 -8.909496e+00 
2.793911e+01 -8.809287e+00 
2.795755e+01 -8.709046e+00 
2.797542e+01 -8.608773e+00 
2.799271e+01 -8.508494e+00 
2.800940e+01 -8.408208e+00 
2.802579e+01 -8.308079e+00 
2.804190e+01 -8.207937e+00 
2.805775e+01 -8.107821e+00 
2.807335e+01 -8.007698e+00 
2.808868e+01 -7.907564e+00 
2.810370e+01 -7.807418e+00 
2.811840e+01 -7.707260e+00 
2.813275e+01 -7.607091e+00 
2.814673e+01 -7.506911e+00 
2.816032e+01 -7.406720e+00 
2.817350e+01 -7.306518e+00 
2.818623e+01 -7.206302e+00 
2.819850e+01 -7.106074e+00 
2.821027e+01 -7.005832e+00 
2.822152e+01 -6.905576e+00 
2.823229e+01 -6.805342e+00 
2.824305e+01 -6.705346e+00 
2.825396e+01 -6.605426e+00 
2.826385e+01 -6.504894e+00 
2.827356e+01 -6.404831e+00 
2.828340e+01 -6.304898e+00 
2.829316e+01 -6.204856e+00 
2.830247e+01 -6.104622e+00 
2.831106e+01 -6.004264e+00 
2.831919e+01 -5.904045e+00 
2.832712e+01 -5.803947e+00 
2.833486e+01 -5.703856e+00 
2.834243e+01 -5.603773e+00 
2.834985e+01 -5.503695e+00 
2.835713e+01 -5.403628e+00 
2.836429e+01 -5.303567e+00 
2.837133e+01 -5.203512e+00 
2.837828e+01 -5.103463e+00 
2.838514e+01 -5.003419e+00 
2.839192e+01 -4.903381e+00 
2.839863e+01 -4.803349e+00 
2.840529e+01 -4.703323e+00 
2.841191e+01 -4.603302e+00 
2.841854e+01 -4.503309e+00 
2.842531e+01 -4.403375e+00 
2.843168e+01 -4.303176e+00 
2.843801e+01 -4.203156e+00 
2.844424e+01 -4.103108e+00 
2.844992e+01 -4.002825e+00 
2.845497e+01 -3.902514e+00 
2.845982e+01 -3.802422e+00 
2.846473e+01 -3.702452e+00 
2.846958e+01 -3.602419e+00 
2.847432e+01 -3.502368e+00 
2.847898e+01 -3.402325e+00 
2.848357e+01 -3.302291e+00 
2.848810e+01 -3.202264e+00 
2.849259e+01 -3.102245e+00 
2.849707e+01 -3.002234e+00 
2.850153e+01 -2.902231e+00 
2.850601e+01 -2.802235e+00 
2.851051e+01 -2.702248e+00 
2.851505e+01 -2.602268e+00 
2.851964e+01 -2.502296e+00 
2.852431e+01 -2.402331e+00 
2.852870e+01 -2.302189e+00 
2.853262e+01 -2.201956e+00 
2.853602e+01 -2.101696e+00 
2.853945e+01 -2.001711e+00 
2.854296e+01 -1.901758e+00 
2.854640e+01 -1.801716e+00 
2.854956e+01 -1.701575e+00 
2.855192e+01 -1.601176e+00 
2.855328e+01 -1.500674e+00 
2.855420e+01 -1.400459e+00 
2.855498e+01 -1.300389e+00 
2.855559e+01 -1.200306e+00 
2.855604e+01 -1.100224e+00 
2.855632e+01 -1.000143e+00 
2.855645e+01 -9.000622e-01 
2.855641e+01 -7.999818e-01 
2.855621e+01 -6.999010e-01 
2.855585e+01 -5.998193e-01 
2.855532e+01 -4.997361e-01 
2.855462e+01 -3.996509e-01 
2.855375e+01 -2.995631e-01 
2.855269e+01 -1.994719e-01 
2.855144e+01 -9.937656e-02 
2.854999e+01 7.238121e-04 
2.855144e+01 9.927619e-02 
2.855269e+01 1.993766e-01 
2.855375e+01 2.994719e-01 
2.845375e+01 3.005281e-01 
