-1.997700e+00 7.774965e+00 
-2.195668e+00 7.781010e+00 
-2.396712e+00 7.792635e+00 
-2.595778e+00 7.801365e+00 
-2.796614e+00 7.812684e+00 
-2.995677e+00 7.821675e+00 
-3.194187e+00 7.833123e+00 
-3.393912e+00 7.848650e+00 
-3.594555e+00 7.864988e+00 
-3.794652e+00 7.879553e+00 
-3.994315e+00 7.893825e+00 
-4.193678e+00 7.908977e+00 
-4.393700e+00 7.925897e+00 
-4.593556e+00 7.942746e+00 
-4.793348e+00 7.959976e+00 
-4.993654e+00 7.977812e+00 
-5.193858e+00 7.994814e+00 
-5.392878e+00 8.011162e+00 
-5.591645e+00 8.030112e+00 
-5.790853e+00 8.052439e+00 
-5.990665e+00 8.076991e+00 
-6.190396e+00 8.102045e+00 
-6.389979e+00 8.127814e+00 
-6.590486e+00 8.154846e+00 
-6.791090e+00 8.180498e+00 
-6.990679e+00 8.204378e+00 
-7.189880e+00 8.229324e+00 
-7.389699e+00 8.256536e+00 
-7.589366e+00 8.284223e+00 
-7.789362e+00 8.312869e+00 
-7.989198e+00 8.341502e+00 
-8.188787e+00 8.370548e+00 
-8.389078e+00 8.400833e+00 
-8.588263e+00 8.430147e+00 
-8.787858e+00 8.461771e+00 
-8.988217e+00 8.494640e+00 
-9.187174e+00 8.526283e+00 
-9.387260e+00 8.561011e+00 
-9.586802e+00 8.595407e+00 
-9.786558e+00 8.631115e+00 
-9.984097e+00 8.667060e+00 
-1.018392e+01 8.710414e+00 
-1.038336e+01 8.754205e+00 
-1.058298e+01 8.799626e+00 
-1.078130e+01 8.845824e+00 
-1.097880e+01 8.896621e+00 
-1.117567e+01 8.954545e+00 
-1.136923e+01 9.020601e+00 
-1.156323e+01 9.107532e+00 
-1.175391e+01 9.213831e+00 
-1.194463e+01 9.361059e+00 
-1.212041e+01 9.552188e+00 
-1.224840e+01 9.741649e+00 
-1.233552e+01 9.929643e+00 
-1.238692e+01 1.012273e+01 
-1.241932e+01 1.031681e+01 
-1.243603e+01 1.051093e+01 
-1.243743e+01 1.070533e+01 
-1.242423e+01 1.090024e+01 
-1.239744e+01 1.109582e+01 
-1.235832e+01 1.129256e+01 
-1.230995e+01 1.148949e+01 
-1.225269e+01 1.168633e+01 
-1.218588e+01 1.188313e+01 
-1.210888e+01 1.208000e+01 
-1.202119e+01 1.227740e+01 
-1.192430e+01 1.247477e+01 
-1.181758e+01 1.267212e+01 
-1.170024e+01 1.286944e+01 
-1.157108e+01 1.306720e+01 
-1.143106e+01 1.326547e+01 
-1.128243e+01 1.346371e+01 
-1.112442e+01 1.366192e+01 
-1.095615e+01 1.386011e+01 
-1.077665e+01 1.405831e+01 
-1.058485e+01 1.425650e+01 
-1.038670e+01 1.444781e+01 
-1.018851e+01 1.462666e+01 
-9.990336e+00 1.479428e+01 
-9.791844e+00 1.495171e+01 
-9.593101e+00 1.510126e+01 
-9.394361e+00 1.524443e+01 
-9.195623e+00 1.538148e+01 
-8.996884e+00 1.551266e+01 
-8.798141e+00 1.563821e+01 
-8.599393e+00 1.575835e+01 
-8.400638e+00 1.587329e+01 
-8.201873e+00 1.598323e+01 
-8.003098e+00 1.608837e+01 
-7.804311e+00 1.618888e+01 
-7.605512e+00 1.628493e+01 
-7.406699e+00 1.637668e+01 
-7.207871e+00 1.646429e+01 
-7.009030e+00 1.654789e+01 
-6.810087e+00 1.662765e+01 
-6.610921e+00 1.670401e+01 
-6.411754e+00 1.677767e+01 
-6.212587e+00 1.684867e+01 
-6.013421e+00 1.691704e+01 
-5.814254e+00 1.698280e+01 
-5.615087e+00 1.704600e+01 
-5.415919e+00 1.710666e+01 
-5.216751e+00 1.716480e+01 
-5.017585e+00 1.722046e+01 
-4.818464e+00 1.727364e+01 
-4.619345e+00 1.732425e+01 
-4.420223e+00 1.737230e+01 
-4.221095e+00 1.741782e+01 
-4.021961e+00 1.746086e+01 
-3.822822e+00 1.750144e+01 
-3.623676e+00 1.753960e+01 
-3.424523e+00 1.757538e+01 
-3.225363e+00 1.760880e+01 
-3.026181e+00 1.763991e+01 
-2.826867e+00 1.766880e+01 
-2.627550e+00 1.769580e+01 
-2.428230e+00 1.772095e+01 
-2.228909e+00 1.774424e+01 
-2.029585e+00 1.776570e+01 
-1.830259e+00 1.778534e+01 
-1.630932e+00 1.780315e+01 
-1.431602e+00 1.781917e+01 
-1.232271e+00 1.783338e+01 
-1.032937e+00 1.784581e+01 
-8.336021e-01 1.785645e+01 
-6.342652e-01 1.786532e+01 
-4.349266e-01 1.787243e+01 
-4.389448e-01 1.802237e+01 
-6.396062e-01 1.801523e+01 
-8.402692e-01 1.800630e+01 
-1.040934e+00 1.799559e+01 
-1.241601e+00 1.798309e+01 
-1.442269e+00 1.796879e+01 
-1.642940e+00 1.795267e+01 
-1.843612e+00 1.793474e+01 
-2.044286e+00 1.791498e+01 
-2.244963e+00 1.789338e+01 
-2.445641e+00 1.786993e+01 
-2.646322e+00 1.784462e+01 
-2.847004e+00 1.781744e+01 
-3.047690e+00 1.778836e+01 
-3.248508e+00 1.775701e+01 
-3.449348e+00 1.772331e+01 
-3.650195e+00 1.768724e+01 
-3.851049e+00 1.764876e+01 
-4.051910e+00 1.760784e+01 
-4.252777e+00 1.756444e+01 
-4.453649e+00 1.751852e+01 
-4.654526e+00 1.747006e+01 
-4.855407e+00 1.741902e+01 
-5.056286e+00 1.736538e+01 
-5.257120e+00 1.730927e+01 
-5.457952e+00 1.725065e+01 
-5.658785e+00 1.718949e+01 
-5.859618e+00 1.712578e+01 
-6.060451e+00 1.705947e+01 
-6.261284e+00 1.699055e+01 
-6.462117e+00 1.691896e+01 
-6.662951e+00 1.684470e+01 
-6.863784e+00 1.676770e+01 
-7.064842e+00 1.668712e+01 
-7.266000e+00 1.660257e+01 
-7.467173e+00 1.651395e+01 
-7.668360e+00 1.642113e+01 
-7.869560e+00 1.632394e+01 
-8.070773e+00 1.622224e+01 
-8.271998e+00 1.611583e+01 
-8.473234e+00 1.600455e+01 
-8.674478e+00 1.588821e+01 
-8.875730e+00 1.576659e+01 
-9.076987e+00 1.563948e+01 
-9.278248e+00 1.550667e+01 
-9.479510e+00 1.536792e+01 
-9.680770e+00 1.522297e+01 
-9.882027e+00 1.507157e+01 
-1.008354e+01 1.491181e+01 
-1.028536e+01 1.474120e+01 
-1.048718e+01 1.455918e+01 
-1.068902e+01 1.436444e+01 
-1.088443e+01 1.416263e+01 
-1.106731e+01 1.396082e+01 
-1.123875e+01 1.375902e+01 
-1.139971e+01 1.355723e+01 
-1.155107e+01 1.335547e+01 
-1.169360e+01 1.315374e+01 
-1.182581e+01 1.295150e+01 
-1.194649e+01 1.274882e+01 
-1.205623e+01 1.254616e+01 
-1.215582e+01 1.234354e+01 
-1.224595e+01 1.214094e+01 
-1.232555e+01 1.193781e+01 
-1.239471e+01 1.173461e+01 
-1.245397e+01 1.153145e+01 
-1.250398e+01 1.132838e+01 
-1.254454e+01 1.112512e+01 
-1.257283e+01 1.092070e+01 
-1.258708e+01 1.071560e+01 
-1.258602e+01 1.051001e+01 
-1.256878e+01 1.030413e+01 
-1.253490e+01 1.009821e+01 
-1.248053e+01 9.891296e+00 
-1.238482e+01 9.679291e+00 
-1.224506e+01 9.468751e+00 
-1.205537e+01 9.259880e+00 
-1.184609e+01 9.095499e+00 
-1.163677e+01 8.976796e+00 
-1.143077e+01 8.883803e+00 
-1.122433e+01 8.812659e+00 
-1.102120e+01 8.752735e+00 
-1.081870e+01 8.700560e+00 
-1.061702e+01 8.653541e+00 
-1.041664e+01 8.607944e+00 
-1.021608e+01 8.563904e+00 
-1.001590e+01 8.520471e+00 
-9.813442e+00 8.483544e+00 
-9.613198e+00 8.447747e+00 
-9.412740e+00 8.413191e+00 
-9.212826e+00 8.378493e+00 
-9.011783e+00 8.346503e+00 
-8.812142e+00 8.313750e+00 
-8.611737e+00 8.281995e+00 
-8.410922e+00 8.252432e+00 
-8.211213e+00 8.222234e+00 
-8.010802e+00 8.193066e+00 
-7.810638e+00 8.164385e+00 
-7.610634e+00 8.135738e+00 
-7.410301e+00 8.107958e+00 
-7.210120e+00 8.080696e+00 
-7.009321e+00 8.055541e+00 
-6.808910e+00 8.031561e+00 
-6.609514e+00 8.006058e+00 
-6.410021e+00 7.979159e+00 
-6.209604e+00 7.953280e+00 
-6.009335e+00 7.928158e+00 
-5.809147e+00 7.903559e+00 
-5.608355e+00 7.881046e+00 
-5.407122e+00 7.861839e+00 
-5.206142e+00 7.845318e+00 
-5.006346e+00 7.828350e+00 
-4.806652e+00 7.810567e+00 
-4.606444e+00 7.793301e+00 
-4.406300e+00 7.776427e+00 
-4.206322e+00 7.759511e+00 
-4.005685e+00 7.744256e+00 
-3.805348e+00 7.729935e+00 
-3.605445e+00 7.715383e+00 
-3.406088e+00 7.699145e+00 
-3.205813e+00 7.683574e+00 
-3.004323e+00 7.671925e+00 
-2.803386e+00 7.662837e+00 
-2.604222e+00 7.651602e+00 
-2.403288e+00 7.642779e+00 
-2.204332e+00 7.631260e+00 
-2.002300e+00 7.625035e+00 
-1.997700e+00 7.774965e+00 
