-2.234483e+00 5.658121e+00 
-2.241903e+00 5.758039e+00 
-2.249492e+00 5.857979e+00 
-2.257203e+00 5.957944e+00 
-2.264985e+00 6.057910e+00 
-2.272830e+00 6.157814e+00 
-2.280865e+00 6.257667e+00 
-2.289195e+00 6.357512e+00 
-2.297840e+00 6.457373e+00 
-2.306771e+00 6.557284e+00 
-2.315882e+00 6.657196e+00 
-2.325174e+00 6.757135e+00 
-2.334593e+00 6.857118e+00 
-2.344045e+00 6.957082e+00 
-2.353563e+00 7.056983e+00 
-2.363280e+00 7.156856e+00 
-2.373251e+00 7.256716e+00 
-2.383507e+00 7.356584e+00 
-2.394033e+00 7.456460e+00 
-2.404809e+00 7.556331e+00 
-2.415847e+00 7.656196e+00 
-2.427158e+00 7.756037e+00 
-2.438798e+00 7.855923e+00 
-2.450682e+00 7.955909e+00 
-2.462596e+00 8.055912e+00 
-2.474502e+00 8.155887e+00 
-2.486447e+00 8.255770e+00 
-2.498627e+00 8.355628e+00 
-2.511091e+00 8.455434e+00 
-2.523949e+00 8.555215e+00 
-2.537257e+00 8.655016e+00 
-2.550974e+00 8.754813e+00 
-2.565107e+00 8.854611e+00 
-2.579662e+00 8.954453e+00 
-2.594563e+00 9.054420e+00 
-2.609501e+00 9.154179e+00 
-2.624921e+00 9.253841e+00 
-2.641045e+00 9.353534e+00 
-2.657809e+00 9.453241e+00 
-2.675185e+00 9.552965e+00 
-2.693141e+00 9.652704e+00 
-2.711648e+00 9.752457e+00 
-2.730678e+00 9.852232e+00 
-2.750191e+00 9.952052e+00 
-2.770087e+00 1.005188e+01 
-2.790345e+00 1.015175e+01 
-2.810857e+00 1.025144e+01 
-2.832019e+00 1.035109e+01 
-2.853920e+00 1.045078e+01 
-2.876494e+00 1.055043e+01 
-2.899804e+00 1.065006e+01 
-2.923919e+00 1.074965e+01 
-2.948915e+00 1.084920e+01 
-2.974888e+00 1.094870e+01 
-3.001936e+00 1.104816e+01 
-3.030175e+00 1.114756e+01 
-3.059743e+00 1.124689e+01 
-3.090881e+00 1.134637e+01 
-3.123208e+00 1.144583e+01 
-3.156756e+00 1.154517e+01 
-3.191819e+00 1.164447e+01 
-3.228535e+00 1.174371e+01 
-3.267079e+00 1.184287e+01 
-3.307656e+00 1.194195e+01 
-3.350487e+00 1.204086e+01 
-3.396124e+00 1.213972e+01 
-3.444796e+00 1.223853e+01 
-3.496768e+00 1.233726e+01 
-3.552330e+00 1.243581e+01 
-3.612214e+00 1.253417e+01 
-3.677364e+00 1.263238e+01 
-3.748728e+00 1.273040e+01 
-3.827633e+00 1.282818e+01 
-3.916289e+00 1.292583e+01 
-4.014385e+00 1.302050e+01 
-4.112558e+00 1.310589e+01 
-4.210592e+00 1.318333e+01 
-4.308591e+00 1.325320e+01 
-4.407062e+00 1.331643e+01 
-4.505598e+00 1.337481e+01 
-4.604090e+00 1.342877e+01 
-4.702538e+00 1.347843e+01 
-4.800946e+00 1.352388e+01 
-4.899312e+00 1.356522e+01 
-4.997640e+00 1.360254e+01 
-5.095929e+00 1.363589e+01 
-5.194202e+00 1.366536e+01 
-5.292636e+00 1.369105e+01 
-5.391180e+00 1.371340e+01 
-5.489742e+00 1.373270e+01 
-5.588313e+00 1.374902e+01 
-5.687331e+00 1.376247e+01 
-5.786602e+00 1.377396e+01 
-5.885893e+00 1.378397e+01 
-5.985172e+00 1.379257e+01 
-6.084438e+00 1.379971e+01 
-6.183692e+00 1.380539e+01 
-6.282934e+00 1.380958e+01 
-6.382165e+00 1.381226e+01 
-6.481385e+00 1.381342e+01 
-6.580594e+00 1.381302e+01 
-6.679793e+00 1.381106e+01 
-6.778982e+00 1.380751e+01 
-6.878161e+00 1.380235e+01 
-6.977330e+00 1.379554e+01 
-7.076492e+00 1.378708e+01 
-7.175651e+00 1.377693e+01 
-7.274808e+00 1.376509e+01 
-7.373955e+00 1.375153e+01 
-7.473092e+00 1.373623e+01 
-7.572226e+00 1.371915e+01 
-7.671363e+00 1.370026e+01 
-7.770503e+00 1.367956e+01 
-7.869640e+00 1.365704e+01 
-7.968773e+00 1.363266e+01 
-8.067905e+00 1.360638e+01 
-8.167045e+00 1.357819e+01 
-8.266185e+00 1.354806e+01 
-8.365400e+00 1.351595e+01 
-8.464714e+00 1.348198e+01 
-8.564145e+00 1.344634e+01 
-8.663670e+00 1.340930e+01 
-8.763207e+00 1.337110e+01 
-8.862736e+00 1.333176e+01 
-8.962258e+00 1.329126e+01 
-9.061774e+00 1.324955e+01 
-9.161281e+00 1.320661e+01 
-9.260782e+00 1.316240e+01 
-9.360276e+00 1.311688e+01 
-9.459764e+00 1.307001e+01 
-9.559245e+00 1.302176e+01 
-9.658721e+00 1.297208e+01 
-9.758190e+00 1.292094e+01 
-9.857654e+00 1.286828e+01 
-9.957113e+00 1.281407e+01 
-1.005657e+01 1.275825e+01 
-1.015602e+01 1.270078e+01 
-1.025546e+01 1.264160e+01 
-1.035490e+01 1.258068e+01 
-1.045434e+01 1.251794e+01 
-1.055378e+01 1.245333e+01 
-1.065321e+01 1.238680e+01 
-1.075265e+01 1.231829e+01 
-1.085213e+01 1.224770e+01 
-1.095170e+01 1.217510e+01 
-1.105127e+01 1.210086e+01 
-1.115085e+01 1.202497e+01 
-1.125042e+01 1.194736e+01 
-1.134998e+01 1.186798e+01 
-1.144955e+01 1.178677e+01 
-1.154911e+01 1.170367e+01 
-1.164867e+01 1.161861e+01 
-1.174824e+01 1.153151e+01 
-1.184783e+01 1.144237e+01 
-1.194741e+01 1.135125e+01 
-1.204698e+01 1.125801e+01 
-1.214655e+01 1.116254e+01 
-1.224612e+01 1.106475e+01 
-1.234511e+01 1.096517e+01 
-1.244177e+01 1.086560e+01 
-1.253621e+01 1.076602e+01 
-1.262848e+01 1.066644e+01 
-1.271868e+01 1.056685e+01 
-1.280686e+01 1.046727e+01 
-1.289311e+01 1.036768e+01 
-1.297747e+01 1.026810e+01 
-1.306001e+01 1.016851e+01 
-1.314078e+01 1.006891e+01 
-1.321984e+01 9.969320e+00 
-1.329723e+01 9.869725e+00 
-1.337301e+01 9.770128e+00 
-1.344722e+01 9.670528e+00 
-1.351990e+01 9.570927e+00 
-1.359109e+01 9.471317e+00 
-1.366090e+01 9.371649e+00 
-1.372951e+01 9.271983e+00 
-1.379693e+01 9.172321e+00 
-1.386318e+01 9.072662e+00 
-1.392826e+01 8.973007e+00 
-1.399217e+01 8.873355e+00 
-1.405493e+01 8.773706e+00 
-1.411654e+01 8.674061e+00 
-1.417702e+01 8.574399e+00 
-1.423644e+01 8.474711e+00 
-1.429489e+01 8.375023e+00 
-1.435238e+01 8.275336e+00 
-1.440891e+01 8.175649e+00 
-1.446449e+01 8.075963e+00 
-1.451915e+01 7.976277e+00 
-1.457288e+01 7.876591e+00 
-1.462570e+01 7.776904e+00 
-1.467762e+01 7.677218e+00 
-1.472865e+01 7.577532e+00 
-1.477879e+01 7.477845e+00 
-1.482806e+01 7.378158e+00 
-1.487648e+01 7.278471e+00 
-1.492404e+01 7.178783e+00 
-1.497075e+01 7.079095e+00 
-1.501664e+01 6.979406e+00 
-1.506170e+01 6.879716e+00 
-1.510595e+01 6.780025e+00 
-1.514940e+01 6.680334e+00 
-1.519204e+01 6.580646e+00 
-1.523389e+01 6.480977e+00 
-1.527489e+01 6.381319e+00 
-1.531503e+01 6.281663e+00 
-1.535432e+01 6.182007e+00 
-1.539276e+01 6.082350e+00 
-1.543036e+01 5.982694e+00 
-1.546712e+01 5.883038e+00 
-1.550306e+01 5.783381e+00 
-1.553818e+01 5.683724e+00 
-1.557249e+01 5.584067e+00 
-1.560600e+01 5.484410e+00 
-1.563870e+01 5.384753e+00 
-1.567061e+01 5.285095e+00 
-1.570174e+01 5.185436e+00 
-1.573208e+01 5.085778e+00 
-1.576165e+01 4.986114e+00 
-1.579048e+01 4.886420e+00 
-1.581861e+01 4.786713e+00 
-1.584610e+01 4.687007e+00 
-1.587293e+01 4.587300e+00 
-1.589912e+01 4.487593e+00 
-1.592466e+01 4.387886e+00 
-1.594956e+01 4.288179e+00 
-1.597382e+01 4.188471e+00 
-1.599745e+01 4.088763e+00 
-1.602045e+01 3.989055e+00 
-1.604282e+01 3.889346e+00 
-1.606456e+01 3.789638e+00 
-1.608568e+01 3.689929e+00 
-1.610619e+01 3.590219e+00 
-1.612608e+01 3.490509e+00 
-1.614536e+01 3.390799e+00 
-1.616403e+01 3.291089e+00 
-1.618209e+01 3.191378e+00 
-1.619954e+01 3.091667e+00 
-1.621640e+01 2.991955e+00 
-1.623266e+01 2.892243e+00 
-1.624832e+01 2.792530e+00 
-1.626338e+01 2.692817e+00 
-1.627786e+01 2.593104e+00 
-1.629174e+01 2.493390e+00 
-1.630504e+01 2.393676e+00 
-1.631776e+01 2.293962e+00 
-1.632989e+01 2.194247e+00 
-1.634144e+01 2.094531e+00 
-1.635241e+01 1.994816e+00 
-1.636281e+01 1.895100e+00 
-1.637263e+01 1.795383e+00 
-1.638188e+01 1.695666e+00 
-1.639055e+01 1.595949e+00 
-1.639866e+01 1.496231e+00 
-1.640620e+01 1.396513e+00 
-1.641317e+01 1.296794e+00 
-1.641958e+01 1.197075e+00 
-1.642542e+01 1.097356e+00 
-1.643070e+01 9.976634e-01 
-1.643537e+01 8.979797e-01 
-1.643940e+01 7.982960e-01 
-1.653934e+01 8.017040e-01 
-1.653529e+01 9.020203e-01 
-1.653060e+01 1.002337e+00 
-1.652528e+01 1.102644e+00 
-1.651941e+01 1.202925e+00 
-1.651297e+01 1.303206e+00 
-1.650596e+01 1.403487e+00 
-1.649838e+01 1.503769e+00 
-1.649022e+01 1.604051e+00 
-1.648150e+01 1.704334e+00 
-1.647220e+01 1.804617e+00 
-1.646233e+01 1.904900e+00 
-1.645187e+01 2.005184e+00 
-1.644084e+01 2.105469e+00 
-1.642922e+01 2.205753e+00 
-1.641702e+01 2.306038e+00 
-1.640424e+01 2.406324e+00 
-1.639087e+01 2.506610e+00 
-1.637690e+01 2.606896e+00 
-1.636235e+01 2.707183e+00 
-1.634719e+01 2.807470e+00 
-1.633145e+01 2.907757e+00 
-1.631510e+01 3.008045e+00 
-1.629814e+01 3.108333e+00 
-1.628059e+01 3.208622e+00 
-1.626242e+01 3.308911e+00 
-1.624365e+01 3.409201e+00 
-1.622426e+01 3.509491e+00 
-1.620426e+01 3.609781e+00 
-1.618363e+01 3.710071e+00 
-1.616239e+01 3.810362e+00 
-1.614052e+01 3.910654e+00 
-1.611802e+01 4.010945e+00 
-1.609489e+01 4.111237e+00 
-1.607113e+01 4.211529e+00 
-1.604672e+01 4.311821e+00 
-1.602168e+01 4.412114e+00 
-1.599599e+01 4.512407e+00 
-1.596965e+01 4.612700e+00 
-1.594266e+01 4.712993e+00 
-1.591502e+01 4.813287e+00 
-1.588672e+01 4.913580e+00 
-1.585772e+01 5.013886e+00 
-1.582795e+01 5.114222e+00 
-1.579740e+01 5.214564e+00 
-1.576607e+01 5.314905e+00 
-1.573394e+01 5.415247e+00 
-1.570101e+01 5.515590e+00 
-1.566728e+01 5.615933e+00 
-1.563274e+01 5.716276e+00 
-1.559738e+01 5.816619e+00 
-1.556119e+01 5.916962e+00 
-1.552417e+01 6.017306e+00 
-1.548632e+01 6.117650e+00 
-1.544762e+01 6.217993e+00 
-1.540806e+01 6.318337e+00 
-1.536765e+01 6.418681e+00 
-1.532637e+01 6.519023e+00 
-1.528425e+01 6.619354e+00 
-1.524134e+01 6.719666e+00 
-1.519762e+01 6.819975e+00 
-1.515310e+01 6.920284e+00 
-1.510776e+01 7.020594e+00 
-1.506159e+01 7.120905e+00 
-1.501459e+01 7.221217e+00 
-1.496673e+01 7.321529e+00 
-1.491802e+01 7.421842e+00 
-1.486844e+01 7.522155e+00 
-1.481798e+01 7.622468e+00 
-1.476664e+01 7.722782e+00 
-1.471439e+01 7.823096e+00 
-1.466124e+01 7.923409e+00 
-1.460718e+01 8.023723e+00 
-1.455218e+01 8.124037e+00 
-1.449625e+01 8.224351e+00 
-1.443936e+01 8.324664e+00 
-1.438152e+01 8.424977e+00 
-1.432271e+01 8.525289e+00 
-1.426292e+01 8.625601e+00 
-1.420203e+01 8.725939e+00 
-1.413999e+01 8.826294e+00 
-1.407679e+01 8.926645e+00 
-1.401243e+01 9.026993e+00 
-1.394691e+01 9.127338e+00 
-1.388021e+01 9.227679e+00 
-1.381234e+01 9.328017e+00 
-1.374327e+01 9.428351e+00 
-1.367300e+01 9.528683e+00 
-1.360126e+01 9.629073e+00 
-1.352800e+01 9.729472e+00 
-1.345320e+01 9.829872e+00 
-1.337682e+01 9.930275e+00 
-1.329880e+01 1.003068e+01 
-1.321910e+01 1.013109e+01 
-1.313767e+01 1.023149e+01 
-1.305446e+01 1.033190e+01 
-1.296941e+01 1.043232e+01 
-1.288246e+01 1.053273e+01 
-1.279354e+01 1.063315e+01 
-1.270260e+01 1.073356e+01 
-1.260956e+01 1.083398e+01 
-1.251434e+01 1.093440e+01 
-1.241686e+01 1.103483e+01 
-1.231705e+01 1.113525e+01 
-1.221662e+01 1.123388e+01 
-1.211619e+01 1.133019e+01 
-1.201576e+01 1.142424e+01 
-1.191534e+01 1.151615e+01 
-1.181493e+01 1.160602e+01 
-1.171451e+01 1.169388e+01 
-1.161406e+01 1.177970e+01 
-1.151363e+01 1.186354e+01 
-1.141319e+01 1.194547e+01 
-1.131276e+01 1.202555e+01 
-1.121232e+01 1.210384e+01 
-1.111190e+01 1.218039e+01 
-1.101147e+01 1.225527e+01 
-1.091104e+01 1.232850e+01 
-1.081052e+01 1.239984e+01 
-1.070996e+01 1.246915e+01 
-1.060939e+01 1.253644e+01 
-1.050883e+01 1.260179e+01 
-1.040827e+01 1.266525e+01 
-1.030771e+01 1.272687e+01 
-1.020715e+01 1.278671e+01 
-1.010660e+01 1.284483e+01 
-1.000606e+01 1.290127e+01 
-9.905517e+00 1.295608e+01 
-9.804981e+00 1.300931e+01 
-9.704451e+00 1.306101e+01 
-9.603926e+00 1.311122e+01 
-9.503407e+00 1.315998e+01 
-9.402895e+00 1.320734e+01 
-9.302389e+00 1.325333e+01 
-9.201890e+00 1.329799e+01 
-9.101398e+00 1.334137e+01 
-9.000913e+00 1.338348e+01 
-8.900435e+00 1.342438e+01 
-8.799965e+00 1.346410e+01 
-8.699502e+00 1.350266e+01 
-8.599027e+00 1.354006e+01 
-8.498457e+00 1.357611e+01 
-8.397772e+00 1.361057e+01 
-8.296986e+00 1.364320e+01 
-8.196127e+00 1.367387e+01 
-8.095266e+00 1.370257e+01 
-7.994399e+00 1.372932e+01 
-7.893532e+00 1.375414e+01 
-7.792668e+00 1.377708e+01 
-7.691809e+00 1.379815e+01 
-7.590945e+00 1.381738e+01 
-7.490079e+00 1.383477e+01 
-7.389216e+00 1.385036e+01 
-7.288364e+00 1.386416e+01 
-7.187521e+00 1.387623e+01 
-7.086679e+00 1.388656e+01 
-6.985842e+00 1.389518e+01 
-6.885010e+00 1.390211e+01 
-6.784189e+00 1.390737e+01 
-6.683379e+00 1.391100e+01 
-6.582578e+00 1.391300e+01 
-6.481787e+00 1.391342e+01 
-6.381006e+00 1.391225e+01 
-6.280237e+00 1.390954e+01 
-6.179479e+00 1.390530e+01 
-6.078733e+00 1.389955e+01 
-5.977999e+00 1.389231e+01 
-5.877278e+00 1.388360e+01 
-5.776569e+00 1.387345e+01 
-5.675840e+00 1.386181e+01 
-5.574859e+00 1.384811e+01 
-5.473430e+00 1.383136e+01 
-5.371991e+00 1.381155e+01 
-5.270535e+00 1.378858e+01 
-5.168970e+00 1.376212e+01 
-5.067242e+00 1.373169e+01 
-4.965531e+00 1.369724e+01 
-4.863859e+00 1.365873e+01 
-4.762226e+00 1.361608e+01 
-4.660633e+00 1.356922e+01 
-4.559081e+00 1.351807e+01 
-4.457573e+00 1.346252e+01 
-4.356110e+00 1.340248e+01 
-4.254580e+00 1.333736e+01 
-4.152579e+00 1.326478e+01 
-4.050613e+00 1.318440e+01 
-3.948787e+00 1.309597e+01 
-3.846882e+00 1.299782e+01 
-3.753651e+00 1.289547e+01 
-3.670947e+00 1.279325e+01 
-3.596550e+00 1.269127e+01 
-3.528906e+00 1.258948e+01 
-3.466932e+00 1.248784e+01 
-3.409671e+00 1.238639e+01 
-3.356316e+00 1.228512e+01 
-3.306425e+00 1.218393e+01 
-3.259700e+00 1.208279e+01 
-3.215895e+00 1.198170e+01 
-3.174542e+00 1.188078e+01 
-3.135331e+00 1.177994e+01 
-3.098035e+00 1.167918e+01 
-3.062464e+00 1.157848e+01 
-3.028465e+00 1.147782e+01 
-2.995779e+00 1.137728e+01 
-2.964310e+00 1.127676e+01 
-2.934333e+00 1.117609e+01 
-2.905744e+00 1.107549e+01 
-2.878393e+00 1.097495e+01 
-2.852157e+00 1.087445e+01 
-2.826930e+00 1.077400e+01 
-2.802613e+00 1.067359e+01 
-2.779124e+00 1.057322e+01 
-2.756391e+00 1.047287e+01 
-2.734349e+00 1.037255e+01 
-2.713039e+00 1.027221e+01 
-2.692397e+00 1.017190e+01 
-2.672083e+00 1.007177e+01 
-2.652119e+00 9.971597e+00 
-2.632535e+00 9.871417e+00 
-2.613418e+00 9.771192e+00 
-2.594819e+00 9.670945e+00 
-2.576768e+00 9.570684e+00 
-2.559294e+00 9.470408e+00 
-2.542429e+00 9.370115e+00 
-2.526204e+00 9.269808e+00 
-2.510677e+00 9.169470e+00 
-2.495666e+00 9.069229e+00 
-2.480755e+00 8.969196e+00 
-2.466153e+00 8.869037e+00 
-2.451962e+00 8.768835e+00 
-2.438188e+00 8.668633e+00 
-2.424826e+00 8.568434e+00 
-2.411911e+00 8.468215e+00 
-2.399398e+00 8.368021e+00 
-2.387182e+00 8.267879e+00 
-2.375209e+00 8.167762e+00 
-2.363298e+00 8.067737e+00 
-2.351384e+00 7.967740e+00 
-2.339497e+00 7.867726e+00 
-2.327830e+00 7.767612e+00 
-2.316482e+00 7.667453e+00 
-2.305414e+00 7.567317e+00 
-2.294610e+00 7.467188e+00 
-2.284058e+00 7.367065e+00 
-2.273774e+00 7.266932e+00 
-2.263774e+00 7.166792e+00 
-2.254033e+00 7.066666e+00 
-2.244495e+00 6.966567e+00 
-2.235037e+00 6.866531e+00 
-2.225614e+00 6.766514e+00 
-2.216312e+00 6.666453e+00 
-2.207184e+00 6.566365e+00 
-2.198237e+00 6.466276e+00 
-2.189568e+00 6.366137e+00 
-2.181211e+00 6.265982e+00 
-2.173152e+00 6.165835e+00 
-2.165292e+00 6.065738e+00 
-2.157504e+00 5.965705e+00 
-2.149788e+00 5.865670e+00 
-2.142191e+00 5.765610e+00 
-2.134758e+00 5.665528e+00 
-2.234483e+00 5.658121e+00 
