-6.602027e-01 2.525859e+01 
-8.606851e-01 2.525366e+01 
-1.061167e+00 2.524713e+01 
-1.261694e+00 2.523897e+01 
-1.462288e+00 2.522905e+01 
-1.662889e+00 2.521713e+01 
-1.863494e+00 2.520319e+01 
-2.064101e+00 2.518721e+01 
-2.264713e+00 2.516918e+01 
-2.465328e+00 2.514907e+01 
-2.665947e+00 2.512687e+01 
-2.866571e+00 2.510256e+01 
-3.067199e+00 2.507611e+01 
-3.267831e+00 2.504750e+01 
-3.468461e+00 2.501671e+01 
-3.669037e+00 2.498375e+01 
-3.869555e+00 2.494878e+01 
-4.070065e+00 2.491200e+01 
-4.270578e+00 2.487342e+01 
-4.471096e+00 2.483303e+01 
-4.671617e+00 2.479080e+01 
-4.872144e+00 2.474669e+01 
-5.072675e+00 2.470070e+01 
-5.273210e+00 2.465278e+01 
-5.473751e+00 2.460290e+01 
-5.674296e+00 2.455104e+01 
-5.874865e+00 2.449716e+01 
-6.075510e+00 2.444114e+01 
-6.276171e+00 2.438269e+01 
-6.476836e+00 2.432172e+01 
-6.677505e+00 2.425820e+01 
-6.878178e+00 2.419208e+01 
-7.078854e+00 2.412332e+01 
-7.279534e+00 2.405187e+01 
-7.480217e+00 2.397768e+01 
-7.680904e+00 2.390070e+01 
-7.881594e+00 2.382088e+01 
-8.082288e+00 2.373815e+01 
-8.282984e+00 2.365247e+01 
-8.483683e+00 2.356377e+01 
-8.684385e+00 2.347198e+01 
-8.885090e+00 2.337704e+01 
-9.085796e+00 2.327888e+01 
-9.286504e+00 2.317743e+01 
-9.487233e+00 2.307260e+01 
-9.687990e+00 2.296421e+01 
-9.888751e+00 2.285206e+01 
-1.008956e+01 2.273601e+01 
-1.029044e+01 2.261570e+01 
-1.049133e+01 2.249064e+01 
-1.069227e+01 2.236060e+01 
-1.089322e+01 2.222512e+01 
-1.109417e+01 2.208396e+01 
-1.129513e+01 2.193683e+01 
-1.149605e+01 2.178349e+01 
-1.169695e+01 2.162390e+01 
-1.189786e+01 2.145785e+01 
-1.209877e+01 2.128501e+01 
-1.229969e+01 2.110497e+01 
-1.250061e+01 2.091728e+01 
-1.270153e+01 2.072144e+01 
-1.289892e+01 2.052050e+01 
-1.308785e+01 2.031955e+01 
-1.326882e+01 2.011860e+01 
-1.344227e+01 1.991766e+01 
-1.360864e+01 1.971670e+01 
-1.376818e+01 1.951570e+01 
-1.392089e+01 1.931472e+01 
-1.406723e+01 1.911374e+01 
-1.420757e+01 1.891263e+01 
-1.434139e+01 1.871150e+01 
-1.446876e+01 1.851037e+01 
-1.458999e+01 1.830922e+01 
-1.470525e+01 1.810797e+01 
-1.481425e+01 1.790673e+01 
-1.491723e+01 1.770550e+01 
-1.501446e+01 1.750429e+01 
-1.510620e+01 1.730309e+01 
-1.519267e+01 1.710191e+01 
-1.527411e+01 1.690076e+01 
-1.535072e+01 1.669962e+01 
-1.542272e+01 1.649850e+01 
-1.549033e+01 1.629713e+01 
-1.555268e+01 1.609563e+01 
-1.560928e+01 1.589413e+01 
-1.566030e+01 1.569263e+01 
-1.570586e+01 1.549115e+01 
-1.574609e+01 1.528967e+01 
-1.578109e+01 1.508820e+01 
-1.581096e+01 1.488674e+01 
-1.583578e+01 1.468529e+01 
-1.585564e+01 1.448385e+01 
-1.587062e+01 1.428244e+01 
-1.588085e+01 1.408104e+01 
-1.588636e+01 1.387936e+01 
-1.588621e+01 1.367758e+01 
-1.588009e+01 1.347588e+01 
-1.586822e+01 1.327424e+01 
-1.585081e+01 1.307261e+01 
-1.582783e+01 1.287098e+01 
-1.579924e+01 1.266936e+01 
-1.576495e+01 1.246748e+01 
-1.572399e+01 1.226546e+01 
-1.567574e+01 1.206351e+01 
-1.562026e+01 1.186162e+01 
-1.555761e+01 1.165979e+01 
-1.548776e+01 1.145783e+01 
-1.540977e+01 1.125548e+01 
-1.532176e+01 1.105310e+01 
-1.522310e+01 1.085084e+01 
-1.511363e+01 1.064867e+01 
-1.499292e+01 1.044632e+01 
-1.485878e+01 1.024349e+01 
-1.470721e+01 1.004075e+01 
-1.453659e+01 9.838253e+00 
-1.434582e+01 9.635878e+00 
-1.414331e+01 9.443791e+00 
-1.394083e+01 9.272258e+00 
-1.373828e+01 9.118317e+00 
-1.353600e+01 8.980655e+00 
-1.333395e+01 8.856121e+00 
-1.313192e+01 8.742425e+00 
-1.292999e+01 8.638783e+00 
-1.272811e+01 8.544118e+00 
-1.252644e+01 8.457848e+00 
-1.232498e+01 8.378772e+00 
-1.212366e+01 8.305714e+00 
-1.192245e+01 8.237978e+00 
-1.172127e+01 8.174975e+00 
-1.152021e+01 8.116492e+00 
-1.131922e+01 8.061999e+00 
-1.111827e+01 8.011209e+00 
-1.091738e+01 7.963869e+00 
-1.071652e+01 7.919766e+00 
-1.051567e+01 7.878740e+00 
-1.031496e+01 7.840763e+00 
-1.011435e+01 7.805276e+00 
-9.913768e+00 7.771950e+00 
-9.713224e+00 7.740635e+00 
-9.512717e+00 7.711204e+00 
-9.312248e+00 7.683528e+00 
-9.111813e+00 7.657463e+00 
-8.911403e+00 7.632891e+00 
-8.711010e+00 7.609718e+00 
-8.510648e+00 7.587886e+00 
-8.310308e+00 7.567284e+00 
-8.109999e+00 7.547840e+00 
-7.909728e+00 7.529442e+00 
-7.709480e+00 7.511961e+00 
-7.509241e+00 7.495319e+00 
-7.309017e+00 7.479484e+00 
-7.108830e+00 7.464407e+00 
-6.908648e+00 7.449958e+00 
-6.708469e+00 7.436120e+00 
-6.508285e+00 7.422885e+00 
-6.308119e+00 7.410268e+00 
-6.107981e+00 7.398209e+00 
-5.907836e+00 7.386612e+00 
-5.707692e+00 7.375502e+00 
-5.507576e+00 7.364877e+00 
-5.307514e+00 7.354640e+00 
-5.107492e+00 7.344616e+00 
-4.907428e+00 7.334662e+00 
-4.707361e+00 7.324922e+00 
-4.507299e+00 7.315408e+00 
-4.307220e+00 7.306100e+00 
-4.107099e+00 7.297054e+00 
-3.907001e+00 7.288411e+00 
-3.902020e+00 7.408308e+00 
-4.101921e+00 7.416942e+00 
-4.301801e+00 7.425978e+00 
-4.501722e+00 7.435278e+00 
-4.701660e+00 7.444787e+00 
-4.901593e+00 7.454520e+00 
-5.101529e+00 7.464467e+00 
-5.301507e+00 7.474490e+00 
-5.501444e+00 7.484720e+00 
-5.701329e+00 7.495333e+00 
-5.901185e+00 7.506428e+00 
-6.101040e+00 7.518008e+00 
-6.300902e+00 7.530050e+00 
-6.500736e+00 7.542647e+00 
-6.700552e+00 7.555858e+00 
-6.900372e+00 7.569672e+00 
-7.100191e+00 7.584095e+00 
-7.300004e+00 7.599145e+00 
-7.499780e+00 7.614945e+00 
-7.699540e+00 7.631549e+00 
-7.899292e+00 7.648987e+00 
-8.099021e+00 7.667336e+00 
-8.298713e+00 7.686723e+00 
-8.498372e+00 7.707257e+00 
-8.698011e+00 7.729011e+00 
-8.897618e+00 7.752097e+00 
-9.097208e+00 7.776571e+00 
-9.296773e+00 7.802526e+00 
-9.496304e+00 7.830077e+00 
-9.695796e+00 7.859363e+00 
-9.895253e+00 7.890513e+00 
-1.009468e+01 7.923653e+00 
-1.029406e+01 7.958928e+00 
-1.049335e+01 7.996648e+00 
-1.069250e+01 8.037338e+00 
-1.089164e+01 8.081076e+00 
-1.109075e+01 8.128009e+00 
-1.128980e+01 8.178339e+00 
-1.148881e+01 8.232310e+00 
-1.168775e+01 8.290198e+00 
-1.188658e+01 8.352492e+00 
-1.208536e+01 8.419440e+00 
-1.228404e+01 8.491571e+00 
-1.248258e+01 8.569547e+00 
-1.268091e+01 8.654442e+00 
-1.287903e+01 8.747423e+00 
-1.307710e+01 8.849174e+00 
-1.327507e+01 8.960687e+00 
-1.347302e+01 9.082798e+00 
-1.367074e+01 9.217505e+00 
-1.386819e+01 9.367774e+00 
-1.406571e+01 9.535327e+00 
-1.426320e+01 9.722913e+00 
-1.444925e+01 9.920538e+00 
-1.461542e+01 1.011804e+01 
-1.476263e+01 1.031530e+01 
-1.489280e+01 1.051247e+01 
-1.501056e+01 1.071012e+01 
-1.511756e+01 1.090795e+01 
-1.521389e+01 1.110569e+01 
-1.529971e+01 1.130331e+01 
-1.537578e+01 1.150096e+01 
-1.544419e+01 1.169900e+01 
-1.550565e+01 1.189717e+01 
-1.556002e+01 1.209528e+01 
-1.560727e+01 1.229333e+01 
-1.564734e+01 1.249131e+01 
-1.568093e+01 1.268943e+01 
-1.570902e+01 1.288781e+01 
-1.573158e+01 1.308618e+01 
-1.574866e+01 1.328455e+01 
-1.576030e+01 1.348292e+01 
-1.576626e+01 1.368121e+01 
-1.576636e+01 1.387943e+01 
-1.576090e+01 1.407775e+01 
-1.575078e+01 1.427635e+01 
-1.573598e+01 1.447494e+01 
-1.571636e+01 1.467350e+01 
-1.569186e+01 1.487205e+01 
-1.566239e+01 1.507059e+01 
-1.562786e+01 1.526912e+01 
-1.558818e+01 1.546764e+01 
-1.554326e+01 1.566616e+01 
-1.549295e+01 1.586466e+01 
-1.543715e+01 1.606316e+01 
-1.537570e+01 1.626166e+01 
-1.530897e+01 1.646029e+01 
-1.523775e+01 1.665917e+01 
-1.516197e+01 1.685803e+01 
-1.508144e+01 1.705688e+01 
-1.499595e+01 1.725570e+01 
-1.490528e+01 1.745450e+01 
-1.480919e+01 1.765329e+01 
-1.470743e+01 1.785206e+01 
-1.459974e+01 1.805082e+01 
-1.448586e+01 1.824957e+01 
-1.436599e+01 1.844842e+01 
-1.424001e+01 1.864729e+01 
-1.410767e+01 1.884616e+01 
-1.396883e+01 1.904506e+01 
-1.382388e+01 1.924407e+01 
-1.367264e+01 1.944309e+01 
-1.351465e+01 1.964209e+01 
-1.334984e+01 1.984113e+01 
-1.317799e+01 2.004019e+01 
-1.299869e+01 2.023924e+01 
-1.281150e+01 2.043829e+01 
-1.261593e+01 2.063735e+01 
-1.241685e+01 2.083134e+01 
-1.221777e+01 2.101727e+01 
-1.201869e+01 2.119564e+01 
-1.181960e+01 2.136687e+01 
-1.162051e+01 2.153140e+01 
-1.142141e+01 2.168953e+01 
-1.122233e+01 2.184143e+01 
-1.102329e+01 2.198713e+01 
-1.082424e+01 2.212693e+01 
-1.062519e+01 2.226109e+01 
-1.042613e+01 2.238990e+01 
-1.022702e+01 2.251382e+01 
-1.002790e+01 2.263306e+01 
-9.828709e+00 2.274816e+01 
-9.629471e+00 2.285945e+01 
-9.430227e+00 2.296700e+01 
-9.230957e+00 2.307106e+01 
-9.031665e+00 2.317178e+01 
-8.832371e+00 2.326924e+01 
-8.633075e+00 2.336350e+01 
-8.433777e+00 2.345464e+01 
-8.234476e+00 2.354271e+01 
-8.035173e+00 2.362779e+01 
-7.835866e+00 2.370993e+01 
-7.636556e+00 2.378920e+01 
-7.437243e+00 2.386564e+01 
-7.237927e+00 2.393931e+01 
-7.038607e+00 2.401027e+01 
-6.839283e+00 2.407856e+01 
-6.639955e+00 2.414422e+01 
-6.440624e+00 2.420731e+01 
-6.241289e+00 2.426787e+01 
-6.041950e+00 2.432593e+01 
-5.842596e+00 2.438158e+01 
-5.643164e+00 2.443515e+01 
-5.443710e+00 2.448672e+01 
-5.244250e+00 2.453632e+01 
-5.044786e+00 2.458398e+01 
-4.845317e+00 2.462973e+01 
-4.645843e+00 2.467360e+01 
-4.446365e+00 2.471561e+01 
-4.246882e+00 2.475579e+01 
-4.047396e+00 2.479416e+01 
-3.847905e+00 2.483075e+01 
-3.648423e+00 2.486553e+01 
-3.449000e+00 2.489830e+01 
-3.249629e+00 2.492889e+01 
-3.050262e+00 2.495731e+01 
-2.850890e+00 2.498359e+01 
-2.651513e+00 2.500774e+01 
-2.452132e+00 2.502980e+01 
-2.252748e+00 2.504977e+01 
-2.053359e+00 2.506769e+01 
-1.853967e+00 2.508357e+01 
-1.654571e+00 2.509742e+01 
-1.455172e+00 2.510926e+01 
-1.255767e+00 2.511912e+01 
-1.056293e+00 2.512723e+01 
-8.567753e-01 2.513373e+01 
-6.572578e-01 2.513862e+01 
-6.602027e-01 2.525859e+01 
