-2.001941e+00 8.040031e+00 
-1.801798e+00 8.033554e+00 
-1.601615e+00 8.027553e+00 
-1.401460e+00 8.022163e+00 
-1.201339e+00 8.017291e+00 
-1.001226e+00 8.012825e+00 
-8.011148e-01 8.008735e+00 
-6.010055e-01 8.005016e+00 
-4.008991e-01 8.001663e+00 
-2.007877e-01 7.998664e+00 
-6.372465e-04 7.996036e+00 
1.994724e-01 7.993911e+00 
3.995662e-01 7.992151e+00 
5.996535e-01 7.990704e+00 
7.997345e-01 7.989549e+00 
9.998406e-01 7.988664e+00 
1.199952e+00 7.988132e+00 
1.400014e+00 7.987972e+00 
1.600082e+00 7.988017e+00 
1.800143e+00 7.988292e+00 
2.000210e+00 7.988771e+00 
2.200301e+00 7.989470e+00 
2.400389e+00 7.990475e+00 
2.600476e+00 7.991772e+00 
2.800550e+00 7.993359e+00 
3.000665e+00 7.995193e+00 
3.200796e+00 7.997413e+00 
3.400934e+00 8.000067e+00 
3.601082e+00 8.003183e+00 
3.801242e+00 8.006793e+00 
4.001401e+00 8.010938e+00 
4.201540e+00 8.015613e+00 
4.401717e+00 8.020753e+00 
4.601937e+00 8.026487e+00 
4.802200e+00 8.032955e+00 
5.002472e+00 8.040303e+00 
5.202746e+00 8.048560e+00 
5.403055e+00 8.057738e+00 
5.603376e+00 8.067952e+00 
5.803704e+00 8.079243e+00 
6.004040e+00 8.091636e+00 
6.204413e+00 8.105158e+00 
6.404817e+00 8.119940e+00 
6.605241e+00 8.136085e+00 
6.805683e+00 8.153663e+00 
7.006144e+00 8.172736e+00 
7.206625e+00 8.193375e+00 
7.407122e+00 8.215653e+00 
7.607649e+00 8.239629e+00 
7.808221e+00 8.265411e+00 
8.008815e+00 8.293159e+00 
8.209433e+00 8.322958e+00 
8.410079e+00 8.354905e+00 
8.610769e+00 8.389110e+00 
8.811541e+00 8.425744e+00 
9.012369e+00 8.465114e+00 
9.213301e+00 8.507453e+00 
9.414313e+00 8.553160e+00 
9.615399e+00 8.602568e+00 
9.816565e+00 8.655999e+00 
1.001782e+01 8.713824e+00 
1.021919e+01 8.776492e+00 
1.042067e+01 8.844541e+00 
1.062225e+01 8.918526e+00 
1.082401e+01 8.999137e+00 
1.102605e+01 9.087414e+00 
1.122820e+01 9.184911e+00 
1.143061e+01 9.292762e+00 
1.163328e+01 9.413085e+00 
1.183619e+01 9.548488e+00 
1.203930e+01 9.702236e+00 
1.224273e+01 9.878815e+00 
1.244359e+01 1.008300e+01 
1.261018e+01 1.028757e+01 
1.274674e+01 1.049216e+01 
1.285785e+01 1.069583e+01 
1.295149e+01 1.089944e+01 
1.302956e+01 1.110326e+01 
1.309228e+01 1.130725e+01 
1.313990e+01 1.151130e+01 
1.317287e+01 1.171446e+01 
1.319481e+01 1.191738e+01 
1.320677e+01 1.212033e+01 
1.320873e+01 1.232330e+01 
1.320065e+01 1.252600e+01 
1.318348e+01 1.272816e+01 
1.315892e+01 1.293027e+01 
1.312704e+01 1.313235e+01 
1.308785e+01 1.333439e+01 
1.304131e+01 1.353639e+01 
1.298742e+01 1.373835e+01 
1.292612e+01 1.394028e+01 
1.285734e+01 1.414205e+01 
1.278153e+01 1.434364e+01 
1.269906e+01 1.454523e+01 
1.260974e+01 1.474680e+01 
1.251341e+01 1.494834e+01 
1.240988e+01 1.514985e+01 
1.229901e+01 1.535132e+01 
1.218065e+01 1.555274e+01 
1.205477e+01 1.575400e+01 
1.192185e+01 1.595523e+01 
1.178163e+01 1.615646e+01 
1.163373e+01 1.635769e+01 
1.147771e+01 1.655892e+01 
1.131304e+01 1.676016e+01 
1.113914e+01 1.696139e+01 
1.095532e+01 1.716261e+01 
1.076099e+01 1.736381e+01 
1.055986e+01 1.756062e+01 
1.035887e+01 1.774736e+01 
1.015788e+01 1.792590e+01 
9.956899e+00 1.809675e+01 
9.755919e+00 1.826033e+01 
9.554945e+00 1.841705e+01 
9.353975e+00 1.856727e+01 
9.153010e+00 1.871130e+01 
8.952051e+00 1.884943e+01 
8.751097e+00 1.898193e+01 
8.550150e+00 1.910904e+01 
8.349207e+00 1.923098e+01 
8.148271e+00 1.934794e+01 
7.947341e+00 1.946012e+01 
7.746421e+00 1.956768e+01 
7.545484e+00 1.967081e+01 
7.344659e+00 1.976950e+01 
7.143882e+00 1.986438e+01 
6.943106e+00 1.995579e+01 
6.742316e+00 2.004378e+01 
6.541543e+00 2.012836e+01 
6.340774e+00 2.020966e+01 
6.140007e+00 2.028776e+01 
5.939243e+00 2.036271e+01 
5.738482e+00 2.043457e+01 
5.537724e+00 2.050340e+01 
5.336971e+00 2.056926e+01 
5.136221e+00 2.063219e+01 
4.935475e+00 2.069226e+01 
4.734743e+00 2.074949e+01 
4.534091e+00 2.080397e+01 
4.333456e+00 2.085603e+01 
4.132825e+00 2.090576e+01 
3.932196e+00 2.095318e+01 
3.731567e+00 2.099834e+01 
3.530912e+00 2.104124e+01 
3.330237e+00 2.108181e+01 
3.129562e+00 2.111999e+01 
2.928888e+00 2.115580e+01 
2.728215e+00 2.118925e+01 
2.527544e+00 2.122037e+01 
2.326875e+00 2.124916e+01 
2.126217e+00 2.127565e+01 
1.925603e+00 2.129988e+01 
1.724996e+00 2.132202e+01 
1.524389e+00 2.134210e+01 
1.323779e+00 2.136011e+01 
1.123168e+00 2.137607e+01 
9.225551e-01 2.138997e+01 
7.219402e-01 2.140180e+01 
5.213231e-01 2.141157e+01 
3.207037e-01 2.141927e+01 
3.173378e-01 2.129932e+01 
5.167184e-01 2.129166e+01 
7.161013e-01 2.128194e+01 
9.154864e-01 2.127018e+01 
1.114873e+00 2.125636e+01 
1.314262e+00 2.124049e+01 
1.513653e+00 2.122258e+01 
1.713045e+00 2.120262e+01 
1.912438e+00 2.118061e+01 
2.111825e+00 2.115652e+01 
2.311167e+00 2.113019e+01 
2.510497e+00 2.110158e+01 
2.709826e+00 2.107067e+01 
2.909154e+00 2.103743e+01 
3.108480e+00 2.100186e+01 
3.307805e+00 2.096392e+01 
3.507130e+00 2.092362e+01 
3.706474e+00 2.088099e+01 
3.905846e+00 2.083611e+01 
4.105217e+00 2.078897e+01 
4.304585e+00 2.073955e+01 
4.503951e+00 2.068782e+01 
4.703299e+00 2.063369e+01 
4.902567e+00 2.057686e+01 
5.101821e+00 2.051723e+01 
5.301071e+00 2.045476e+01 
5.500317e+00 2.038938e+01 
5.699560e+00 2.032106e+01 
5.898799e+00 2.024973e+01 
6.098035e+00 2.017534e+01 
6.297268e+00 2.009783e+01 
6.496499e+00 2.001714e+01 
6.695725e+00 1.993319e+01 
6.894936e+00 1.984588e+01 
7.094159e+00 1.975517e+01 
7.293383e+00 1.966100e+01 
7.492558e+00 1.956312e+01 
7.691621e+00 1.946092e+01 
7.890700e+00 1.935433e+01 
8.089771e+00 1.924317e+01 
8.288834e+00 1.912727e+01 
8.487892e+00 1.900645e+01 
8.686944e+00 1.888052e+01 
8.885991e+00 1.874925e+01 
9.085031e+00 1.861241e+01 
9.284067e+00 1.846974e+01 
9.483097e+00 1.832094e+01 
9.682122e+00 1.816571e+01 
9.881142e+00 1.800368e+01 
1.008016e+01 1.783447e+01 
1.027917e+01 1.765765e+01 
1.047818e+01 1.747271e+01 
1.067705e+01 1.727805e+01 
1.086900e+01 1.707925e+01 
1.105053e+01 1.688047e+01 
1.122224e+01 1.668170e+01 
1.138483e+01 1.648294e+01 
1.153889e+01 1.628417e+01 
1.168493e+01 1.608540e+01 
1.182339e+01 1.588663e+01 
1.195463e+01 1.568787e+01 
1.207890e+01 1.548912e+01 
1.219554e+01 1.529054e+01 
1.230475e+01 1.509201e+01 
1.240667e+01 1.489352e+01 
1.250147e+01 1.469506e+01 
1.258934e+01 1.449663e+01 
1.267046e+01 1.429822e+01 
1.274502e+01 1.409982e+01 
1.281253e+01 1.390158e+01 
1.287259e+01 1.370351e+01 
1.292536e+01 1.350547e+01 
1.297090e+01 1.330747e+01 
1.300923e+01 1.310951e+01 
1.304038e+01 1.291159e+01 
1.306436e+01 1.271370e+01 
1.308108e+01 1.251587e+01 
1.308883e+01 1.231856e+01 
1.308678e+01 1.212153e+01 
1.307502e+01 1.192448e+01 
1.305357e+01 1.172740e+01 
1.302146e+01 1.153057e+01 
1.297544e+01 1.133461e+01 
1.291488e+01 1.113860e+01 
1.283946e+01 1.094243e+01 
1.274886e+01 1.074603e+01 
1.264144e+01 1.054970e+01 
1.251043e+01 1.035429e+01 
1.235062e+01 1.015886e+01 
1.215727e+01 9.963047e+00 
1.196070e+01 9.792914e+00 
1.176381e+01 9.644205e+00 
1.156672e+01 9.512930e+00 
1.136939e+01 9.395970e+00 
1.117180e+01 9.290831e+00 
1.097395e+01 9.195510e+00 
1.077599e+01 9.109109e+00 
1.057775e+01 9.029967e+00 
1.037933e+01 8.957198e+00 
1.018081e+01 8.890185e+00 
9.982176e+00 8.828407e+00 
9.783435e+00 8.771335e+00 
9.584601e+00 8.718548e+00 
9.385687e+00 8.669696e+00 
9.186699e+00 8.624467e+00 
8.987631e+00 8.582537e+00 
8.788459e+00 8.543503e+00 
8.589231e+00 8.507161e+00 
8.389921e+00 8.473200e+00 
8.190567e+00 8.441466e+00 
7.991185e+00 8.411857e+00 
7.791779e+00 8.384279e+00 
7.592351e+00 8.358650e+00 
7.392878e+00 8.334804e+00 
7.193375e+00 8.312641e+00 
6.993856e+00 8.292106e+00 
6.794317e+00 8.273124e+00 
6.594759e+00 8.255626e+00 
6.395183e+00 8.239553e+00 
6.195587e+00 8.224833e+00 
5.995960e+00 8.211363e+00 
5.796296e+00 8.199014e+00 
5.596624e+00 8.187762e+00 
5.396945e+00 8.177583e+00 
5.197254e+00 8.168435e+00 
4.997528e+00 8.160201e+00 
4.797800e+00 8.152874e+00 
4.598063e+00 8.146424e+00 
4.398283e+00 8.140704e+00 
4.198460e+00 8.135573e+00 
3.998599e+00 8.130905e+00 
3.798758e+00 8.126768e+00 
3.598918e+00 8.123164e+00 
3.399066e+00 8.120053e+00 
3.199204e+00 8.117402e+00 
2.999335e+00 8.115186e+00 
2.799450e+00 8.113354e+00 
2.599524e+00 8.111768e+00 
2.399611e+00 8.110473e+00 
2.199699e+00 8.109469e+00 
1.999790e+00 8.108770e+00 
1.799857e+00 8.108292e+00 
1.599918e+00 8.108017e+00 
1.399986e+00 8.107972e+00 
1.200048e+00 8.108132e+00 
1.000159e+00 8.108663e+00 
8.002655e-01 8.109548e+00 
6.003465e-01 8.110702e+00 
4.004338e-01 8.112148e+00 
2.005276e-01 8.113906e+00 
6.372465e-04 8.116029e+00 
-1.992123e-01 8.118653e+00 
-3.991009e-01 8.121649e+00 
-5.989945e-01 8.124999e+00 
-7.988852e-01 8.128714e+00 
-9.987740e-01 8.132800e+00 
-1.198661e+00 8.137261e+00 
-1.398540e+00 8.142127e+00 
-1.598385e+00 8.147510e+00 
-1.798202e+00 8.153500e+00 
-1.998059e+00 8.159969e+00 
-2.001941e+00 8.040031e+00 
