-8.825404e-01 1.818700e+01 
-1.083374e+00 1.817801e+01 
-1.284184e+00 1.816622e+01 
-1.484954e+00 1.815171e+01 
-1.685731e+00 1.813459e+01 
-1.886514e+00 1.811485e+01 
-2.087342e+00 1.809242e+01 
-2.288162e+00 1.806718e+01 
-2.489081e+00 1.803909e+01 
-2.690011e+00 1.800783e+01 
-2.890912e+00 1.797333e+01 
-3.091809e+00 1.793567e+01 
-3.292703e+00 1.789483e+01 
-3.493594e+00 1.785080e+01 
-3.694482e+00 1.780355e+01 
-3.895367e+00 1.775306e+01 
-4.096250e+00 1.769931e+01 
-4.297131e+00 1.764225e+01 
-4.498009e+00 1.758186e+01 
-4.698887e+00 1.751810e+01 
-4.899762e+00 1.745092e+01 
-5.100637e+00 1.738028e+01 
-5.301495e+00 1.730612e+01 
-5.502351e+00 1.722846e+01 
-5.703231e+00 1.714722e+01 
-5.904081e+00 1.706227e+01 
-6.105003e+00 1.697360e+01 
-6.305979e+00 1.688082e+01 
-6.506974e+00 1.678362e+01 
-6.707991e+00 1.668177e+01 
-6.909025e+00 1.657504e+01 
-7.110073e+00 1.646320e+01 
-7.311133e+00 1.634599e+01 
-7.512204e+00 1.622317e+01 
-7.713284e+00 1.609445e+01 
-7.914370e+00 1.595954e+01 
-8.115464e+00 1.581812e+01 
-8.316561e+00 1.566984e+01 
-8.517874e+00 1.551415e+01 
-8.719370e+00 1.534909e+01 
-8.920930e+00 1.517267e+01 
-9.122536e+00 1.498331e+01 
-9.321690e+00 1.478172e+01 
-9.506827e+00 1.458009e+01 
-9.678933e+00 1.437840e+01 
-9.838772e+00 1.417666e+01 
-9.987115e+00 1.397467e+01 
-1.012344e+01 1.377227e+01 
-1.024630e+01 1.356970e+01 
-1.035595e+01 1.336696e+01 
-1.045260e+01 1.316404e+01 
-1.053640e+01 1.296096e+01 
-1.060743e+01 1.275785e+01 
-1.066626e+01 1.255471e+01 
-1.071350e+01 1.235078e+01 
-1.074666e+01 1.214572e+01 
-1.076214e+01 1.193986e+01 
-1.075740e+01 1.173336e+01 
-1.073001e+01 1.152670e+01 
-1.067837e+01 1.132006e+01 
-1.060049e+01 1.111366e+01 
-1.049376e+01 1.090738e+01 
-1.035255e+01 1.070086e+01 
-1.016607e+01 1.049566e+01 
-9.961471e+00 1.031991e+01 
-9.757754e+00 1.017668e+01 
-9.554468e+00 1.005509e+01 
-9.351712e+00 9.950435e+00 
-9.149411e+00 9.858744e+00 
-8.947388e+00 9.777140e+00 
-8.745614e+00 9.703985e+00 
-8.544082e+00 9.637965e+00 
-8.342752e+00 9.577920e+00 
-8.141663e+00 9.522959e+00 
-7.940641e+00 9.472047e+00 
-7.739713e+00 9.424890e+00 
-7.538874e+00 9.381099e+00 
-7.338093e+00 9.340318e+00 
-7.137360e+00 9.302312e+00 
-6.936669e+00 9.266889e+00 
-6.736019e+00 9.233884e+00 
-6.535493e+00 9.203153e+00 
-6.335043e+00 9.174251e+00 
-6.134613e+00 9.146898e+00 
-5.934193e+00 9.121022e+00 
-5.733765e+00 9.096582e+00 
-5.533410e+00 9.073607e+00 
-5.333134e+00 9.051848e+00 
-5.132773e+00 9.031019e+00 
-4.932440e+00 9.011416e+00 
-4.732162e+00 8.992944e+00 
-4.531959e+00 8.975419e+00 
-4.331780e+00 8.958579e+00 
-4.131624e+00 8.942344e+00 
-3.931465e+00 8.926637e+00 
-3.731286e+00 8.911462e+00 
-3.531088e+00 8.896887e+00 
-3.330852e+00 8.882977e+00 
-3.130589e+00 8.869858e+00 
-2.930325e+00 8.857620e+00 
-2.730071e+00 8.846270e+00 
-2.529837e+00 8.835771e+00 
-2.329623e+00 8.826059e+00 
-2.129429e+00 8.817064e+00 
-1.929254e+00 8.808719e+00 
-1.924605e+00 8.928629e+00 
-2.124430e+00 8.936960e+00 
-2.324236e+00 8.945938e+00 
-2.524023e+00 8.955630e+00 
-2.723788e+00 8.966106e+00 
-2.923534e+00 8.977428e+00 
-3.123270e+00 8.989634e+00 
-3.323007e+00 9.002721e+00 
-3.522772e+00 9.016598e+00 
-3.722573e+00 9.031145e+00 
-3.922394e+00 9.046293e+00 
-4.122236e+00 9.061976e+00 
-4.322079e+00 9.078186e+00 
-4.521900e+00 9.094997e+00 
-4.721697e+00 9.112487e+00 
-4.921419e+00 9.130909e+00 
-5.121086e+00 9.150449e+00 
-5.320725e+00 9.171205e+00 
-5.520449e+00 9.192905e+00 
-5.720094e+00 9.215800e+00 
-5.919667e+00 9.240140e+00 
-6.119246e+00 9.265910e+00 
-6.318816e+00 9.293149e+00 
-6.518366e+00 9.321925e+00 
-6.717840e+00 9.352499e+00 
-6.917190e+00 9.385297e+00 
-7.116499e+00 9.420485e+00 
-7.315766e+00 9.458223e+00 
-7.514985e+00 9.498697e+00 
-7.714146e+00 9.542134e+00 
-7.913218e+00 9.588871e+00 
-8.112196e+00 9.639285e+00 
-8.311108e+00 9.693673e+00 
-8.509777e+00 9.752957e+00 
-8.708245e+00 9.818018e+00 
-8.906471e+00 9.889949e+00 
-9.104448e+00 9.970001e+00 
-9.302147e+00 1.005972e+01 
-9.499391e+00 1.016170e+01 
-9.696105e+00 1.027963e+01 
-9.892389e+00 1.041803e+01 
-1.008779e+01 1.058661e+01 
-1.026361e+01 1.078141e+01 
-1.039454e+01 1.097489e+01 
-1.049381e+01 1.116861e+01 
-1.056601e+01 1.136221e+01 
-1.061354e+01 1.155557e+01 
-1.063841e+01 1.174891e+01 
-1.064217e+01 1.194241e+01 
-1.062701e+01 1.213655e+01 
-1.059506e+01 1.233149e+01 
-1.054937e+01 1.252756e+01 
-1.049218e+01 1.272442e+01 
-1.042314e+01 1.292131e+01 
-1.034169e+01 1.311823e+01 
-1.024763e+01 1.331531e+01 
-1.014077e+01 1.351257e+01 
-1.002086e+01 1.371000e+01 
-9.887605e+00 1.390760e+01 
-9.742067e+00 1.410561e+01 
-9.584888e+00 1.430387e+01 
-9.415556e+00 1.450218e+01 
-9.233311e+00 1.470055e+01 
-9.037182e+00 1.489896e+01 
-8.838788e+00 1.508519e+01 
-8.640348e+00 1.525878e+01 
-8.441843e+00 1.542131e+01 
-8.243157e+00 1.557491e+01 
-8.044254e+00 1.572153e+01 
-7.845347e+00 1.586137e+01 
-7.646434e+00 1.599479e+01 
-7.447513e+00 1.612210e+01 
-7.248584e+00 1.624358e+01 
-7.049645e+00 1.635952e+01 
-6.850693e+00 1.647017e+01 
-6.651726e+00 1.657578e+01 
-6.452744e+00 1.667657e+01 
-6.253738e+00 1.677279e+01 
-6.054714e+00 1.686464e+01 
-5.855637e+00 1.695248e+01 
-5.656486e+00 1.703670e+01 
-5.457366e+00 1.711721e+01 
-5.258222e+00 1.719420e+01 
-5.059080e+00 1.726770e+01 
-4.859956e+00 1.733771e+01 
-4.660831e+00 1.740429e+01 
-4.461708e+00 1.746748e+01 
-4.262587e+00 1.752733e+01 
-4.063467e+00 1.758387e+01 
-3.864350e+00 1.763714e+01 
-3.665235e+00 1.768717e+01 
-3.466124e+00 1.773399e+01 
-3.267014e+00 1.777762e+01 
-3.067909e+00 1.781808e+01 
-2.868806e+00 1.785538e+01 
-2.669706e+00 1.788956e+01 
-2.470636e+00 1.792052e+01 
-2.271555e+00 1.794833e+01 
-2.072376e+00 1.797336e+01 
-1.873203e+00 1.799559e+01 
-1.673987e+00 1.801517e+01 
-1.474764e+00 1.803214e+01 
-1.275534e+00 1.804654e+01 
-1.076344e+00 1.805822e+01 
-8.771773e-01 1.806712e+01 
-8.825404e-01 1.818700e+01 
