-6.001578e+00 5.940021e+00 
-5.801635e+00 5.934760e+00 
-5.601547e+00 5.929306e+00 
-5.401512e+00 5.924145e+00 
-5.201482e+00 5.919101e+00 
-5.001488e+00 5.914161e+00 
-4.801509e+00 5.909201e+00 
-4.601542e+00 5.904169e+00 
-4.401569e+00 5.899028e+00 
-4.201571e+00 5.893795e+00 
-4.001537e+00 5.888557e+00 
-3.801510e+00 5.883430e+00 
-3.601485e+00 5.878396e+00 
-3.401464e+00 5.873443e+00 
-3.201473e+00 5.868561e+00 
-3.001472e+00 5.863651e+00 
-2.801389e+00 5.858742e+00 
-2.601275e+00 5.854109e+00 
-2.401170e+00 5.849854e+00 
-2.201200e+00 5.845953e+00 
-2.001241e+00 5.841955e+00 
-1.801239e+00 5.837817e+00 
-1.601183e+00 5.833684e+00 
-1.401074e+00 5.829739e+00 
-1.201054e+00 5.826158e+00 
-1.001001e+00 5.822643e+00 
-8.009510e-01 5.819305e+00 
-6.009226e-01 5.816134e+00 
-4.009090e-01 5.813058e+00 
-2.008908e-01 5.810028e+00 
-8.726595e-04 5.807057e+00 
1.991455e-01 5.804148e+00 
3.991913e-01 5.801299e+00 
5.992264e-01 5.798602e+00 
7.992827e-01 5.796023e+00 
9.992960e-01 5.793632e+00 
1.199281e+00 5.791285e+00 
1.399248e+00 5.788889e+00 
1.599242e+00 5.786382e+00 
1.799252e+00 5.783854e+00 
1.999259e+00 5.781360e+00 
2.199263e+00 5.778890e+00 
2.399290e+00 5.776434e+00 
2.599283e+00 5.774067e+00 
2.799285e+00 5.771678e+00 
2.999301e+00 5.769294e+00 
3.199335e+00 5.766963e+00 
3.399384e+00 5.764744e+00 
3.599483e+00 5.762691e+00 
3.799593e+00 5.760968e+00 
3.999649e+00 5.759612e+00 
4.199657e+00 5.758441e+00 
4.399616e+00 5.757298e+00 
4.599664e+00 5.756017e+00 
4.799725e+00 5.754899e+00 
4.999798e+00 5.753981e+00 
5.199910e+00 5.753306e+00 
5.400054e+00 5.753005e+00 
5.600169e+00 5.753185e+00 
5.800269e+00 5.753748e+00 
6.000371e+00 5.754644e+00 
6.200475e+00 5.755883e+00 
6.400554e+00 5.757466e+00 
6.600606e+00 5.759315e+00 
6.800763e+00 5.761338e+00 
7.000953e+00 5.763886e+00 
7.201107e+00 5.767065e+00 
7.401237e+00 5.770757e+00 
7.601365e+00 5.774884e+00 
7.801495e+00 5.779437e+00 
8.001692e+00 5.784428e+00 
8.201863e+00 5.790074e+00 
8.402083e+00 5.796293e+00 
8.602200e+00 5.803244e+00 
8.802316e+00 5.810587e+00 
9.002465e+00 5.818317e+00 
9.202605e+00 5.826546e+00 
9.402828e+00 5.835247e+00 
9.603098e+00 5.844697e+00 
9.803375e+00 5.855051e+00 
1.000359e+01 5.866331e+00 
1.020383e+01 5.878346e+00 
1.040414e+01 5.891146e+00 
1.060441e+01 5.904998e+00 
1.080463e+01 5.919742e+00 
1.100489e+01 5.935255e+00 
1.120524e+01 5.951652e+00 
1.140567e+01 5.969228e+00 
1.160617e+01 5.988270e+00 
1.180659e+01 6.008976e+00 
1.200705e+01 6.031134e+00 
1.220755e+01 6.054859e+00 
1.240811e+01 6.080316e+00 
1.260870e+01 6.107671e+00 
1.280931e+01 6.137078e+00 
1.300990e+01 6.168594e+00 
1.321058e+01 6.202175e+00 
1.341129e+01 6.238130e+00 
1.361205e+01 6.276602e+00 
1.381285e+01 6.317762e+00 
1.401365e+01 6.361805e+00 
1.421448e+01 6.408726e+00 
1.441532e+01 6.458679e+00 
1.461618e+01 6.511725e+00 
1.481705e+01 6.567975e+00 
1.501792e+01 6.627519e+00 
1.521865e+01 6.690338e+00 
1.541947e+01 6.756026e+00 
1.562040e+01 6.824959e+00 
1.582136e+01 6.897626e+00 
1.602233e+01 6.974214e+00 
1.622330e+01 7.054809e+00 
1.642425e+01 7.139518e+00 
1.662504e+01 7.228258e+00 
1.682587e+01 7.320508e+00 
1.702674e+01 7.416508e+00 
1.722763e+01 7.516535e+00 
1.742856e+01 7.620777e+00 
1.762955e+01 7.729567e+00 
1.783062e+01 7.843379e+00 
1.803171e+01 7.962728e+00 
1.823263e+01 8.087797e+00 
1.843339e+01 8.217893e+00 
1.863418e+01 8.352398e+00 
1.883501e+01 8.491633e+00 
1.903594e+01 8.636017e+00 
1.923704e+01 8.786497e+00 
1.943819e+01 8.944372e+00 
1.963939e+01 9.110452e+00 
1.984065e+01 9.285655e+00 
2.004182e+01 9.470964e+00 
2.024299e+01 9.666575e+00 
2.043857e+01 9.867507e+00 
2.062588e+01 1.006840e+01 
2.080579e+01 1.026935e+01 
2.097828e+01 1.047035e+01 
2.114337e+01 1.067140e+01 
2.130108e+01 1.087249e+01 
2.145148e+01 1.107363e+01 
2.159466e+01 1.127482e+01 
2.173069e+01 1.147604e+01 
2.185972e+01 1.167729e+01 
2.198187e+01 1.187858e+01 
2.209729e+01 1.207989e+01 
2.220612e+01 1.228121e+01 
2.230853e+01 1.248245e+01 
2.240515e+01 1.268362e+01 
2.249637e+01 1.288459e+01 
2.258332e+01 1.308553e+01 
2.266629e+01 1.328647e+01 
2.274529e+01 1.348745e+01 
2.282029e+01 1.368847e+01 
2.289120e+01 1.388953e+01 
2.295791e+01 1.409059e+01 
2.302048e+01 1.429166e+01 
2.307898e+01 1.449273e+01 
2.313347e+01 1.469380e+01 
2.318401e+01 1.489486e+01 
2.323068e+01 1.509591e+01 
2.327355e+01 1.529696e+01 
2.331268e+01 1.549800e+01 
2.334815e+01 1.569903e+01 
2.338002e+01 1.589996e+01 
2.340861e+01 1.610071e+01 
2.343464e+01 1.630146e+01 
2.345811e+01 1.650221e+01 
2.347900e+01 1.670297e+01 
2.349732e+01 1.690373e+01 
2.351307e+01 1.710450e+01 
2.352624e+01 1.730526e+01 
2.353684e+01 1.750603e+01 
2.354485e+01 1.770680e+01 
2.355028e+01 1.790758e+01 
2.355313e+01 1.810835e+01 
2.355337e+01 1.830913e+01 
2.355102e+01 1.850991e+01 
2.354606e+01 1.871069e+01 
2.353847e+01 1.891148e+01 
2.352824e+01 1.911230e+01 
2.351523e+01 1.931313e+01 
2.349944e+01 1.951396e+01 
2.348086e+01 1.971467e+01 
2.345986e+01 1.991536e+01 
2.343652e+01 2.011606e+01 
2.341075e+01 2.031678e+01 
2.338252e+01 2.051751e+01 
2.335178e+01 2.071824e+01 
2.331849e+01 2.091899e+01 
2.328260e+01 2.111974e+01 
2.324404e+01 2.132051e+01 
2.320274e+01 2.152129e+01 
2.315865e+01 2.172208e+01 
2.311173e+01 2.192283e+01 
2.306209e+01 2.212359e+01 
2.300964e+01 2.232438e+01 
2.295427e+01 2.252513e+01 
2.289607e+01 2.272585e+01 
2.283513e+01 2.292659e+01 
2.277136e+01 2.312735e+01 
2.270463e+01 2.332813e+01 
2.263481e+01 2.352893e+01 
2.256178e+01 2.372975e+01 
2.248540e+01 2.393060e+01 
2.240551e+01 2.413149e+01 
2.232186e+01 2.433239e+01 
2.223430e+01 2.453332e+01 
2.214268e+01 2.473426e+01 
2.204682e+01 2.493521e+01 
2.194656e+01 2.513618e+01 
2.184170e+01 2.533716e+01 
2.173208e+01 2.553812e+01 
2.161760e+01 2.573911e+01 
2.149799e+01 2.594011e+01 
2.137298e+01 2.614112e+01 
2.124232e+01 2.634214e+01 
2.110573e+01 2.654317e+01 
2.096290e+01 2.674421e+01 
2.081351e+01 2.694525e+01 
2.065722e+01 2.714629e+01 
2.049365e+01 2.734733e+01 
2.032235e+01 2.754842e+01 
2.014247e+01 2.774952e+01 
1.995343e+01 2.795059e+01 
1.975478e+01 2.815164e+01 
1.955374e+01 2.834530e+01 
1.935263e+01 2.852996e+01 
1.915155e+01 2.870560e+01 
1.895052e+01 2.887303e+01 
1.874952e+01 2.903297e+01 
1.854854e+01 2.918607e+01 
1.834735e+01 2.933294e+01 
1.814611e+01 2.947251e+01 
1.794495e+01 2.960473e+01 
1.774386e+01 2.973038e+01 
1.754285e+01 2.985012e+01 
1.734188e+01 2.996458e+01 
1.714096e+01 3.007411e+01 
1.694010e+01 3.017915e+01 
1.673930e+01 3.028007e+01 
1.653855e+01 3.037724e+01 
1.633782e+01 3.047100e+01 
1.613708e+01 3.056151e+01 
1.593637e+01 3.064877e+01 
1.573570e+01 3.073298e+01 
1.553507e+01 3.081434e+01 
1.533435e+01 3.089309e+01 
1.513340e+01 3.096895e+01 
1.493253e+01 3.104093e+01 
1.473177e+01 3.110943e+01 
1.453109e+01 3.117492e+01 
1.433049e+01 3.123777e+01 
1.412996e+01 3.129830e+01 
1.392952e+01 3.135679e+01 
1.372899e+01 3.141366e+01 
1.352783e+01 3.146868e+01 
1.332697e+01 3.151935e+01 
1.312630e+01 3.156683e+01 
1.292570e+01 3.161189e+01 
1.272510e+01 3.165477e+01 
1.252455e+01 3.169551e+01 
1.232402e+01 3.173431e+01 
1.212351e+01 3.177122e+01 
1.192328e+01 3.180630e+01 
1.172321e+01 3.184054e+01 
1.152283e+01 3.187462e+01 
1.132212e+01 3.190741e+01 
1.112158e+01 3.193770e+01 
1.092102e+01 3.196615e+01 
1.072037e+01 3.199268e+01 
1.051965e+01 3.201697e+01 
1.031935e+01 3.203879e+01 
1.011945e+01 3.205955e+01 
9.919906e+00 3.208059e+01 
9.719993e+00 3.210323e+01 
9.519689e+00 3.212621e+01 
9.319486e+00 3.214814e+01 
9.120018e+00 3.216931e+01 
8.920543e+00 3.219227e+01 
8.720948e+00 3.221704e+01 
8.521026e+00 3.224323e+01 
8.319539e+00 3.226988e+01 
8.118255e+00 3.229141e+01 
7.917855e+00 3.230851e+01 
7.717822e+00 3.232423e+01 
7.517836e+00 3.233983e+01 
7.317895e+00 3.235548e+01 
7.118012e+00 3.237132e+01 
6.918104e+00 3.238756e+01 
6.717623e+00 3.240415e+01 
6.516730e+00 3.241915e+01 
6.316518e+00 3.243110e+01 
6.116790e+00 3.244231e+01 
5.917003e+00 3.245444e+01 
5.717154e+00 3.246729e+01 
5.516830e+00 3.248067e+01 
5.316004e+00 3.249299e+01 
5.115643e+00 3.250252e+01 
4.915476e+00 3.251083e+01 
4.715471e+00 3.251857e+01 
4.515629e+00 3.252630e+01 
4.315961e+00 3.253454e+01 
4.116258e+00 3.254389e+01 
3.915277e+00 3.255429e+01 
3.715066e+00 3.256138e+01 
3.515482e+00 3.256774e+01 
3.315624e+00 3.257550e+01 
3.115516e+00 3.258375e+01 
2.915114e+00 3.259164e+01 
2.714748e+00 3.259819e+01 
2.514570e+00 3.260351e+01 
2.314534e+00 3.260823e+01 
2.114579e+00 3.261283e+01 
1.914277e+00 3.261758e+01 
1.714127e+00 3.262133e+01 
1.514133e+00 3.262457e+01 
1.314235e+00 3.262783e+01 
1.114050e+00 3.263144e+01 
9.142086e-01 3.263442e+01 
7.142147e-01 3.263794e+01 
5.140424e-01 3.264148e+01 
3.136660e-01 3.264444e+01 
1.131293e-01 3.264615e+01 
-8.689748e-02 3.264607e+01 
-8.679384e-02 3.252607e+01 
1.131794e-01 3.252615e+01 
3.126427e-01 3.252445e+01 
5.122663e-01 3.252149e+01 
7.120940e-01 3.251796e+01 
9.121001e-01 3.251444e+01 
1.112258e+00 3.251145e+01 
1.312073e+00 3.250785e+01 
1.512176e+00 3.250459e+01 
1.712182e+00 3.250134e+01 
1.912031e+00 3.249760e+01 
2.111730e+00 3.249286e+01 
2.311775e+00 3.248826e+01 
2.511739e+00 3.248354e+01 
2.711560e+00 3.247823e+01 
2.911195e+00 3.247170e+01 
3.110793e+00 3.246384e+01 
3.310684e+00 3.245560e+01 
3.510827e+00 3.244783e+01 
3.711242e+00 3.244144e+01 
3.911031e+00 3.243437e+01 
4.110051e+00 3.242405e+01 
4.310348e+00 3.241467e+01 
4.510680e+00 3.240640e+01 
4.710837e+00 3.239866e+01 
4.910833e+00 3.239092e+01 
5.110665e+00 3.238262e+01 
5.310305e+00 3.237313e+01 
5.509479e+00 3.236090e+01 
5.709154e+00 3.234756e+01 
5.909305e+00 3.233469e+01 
6.109518e+00 3.232254e+01 
6.309790e+00 3.231129e+01 
6.509579e+00 3.229936e+01 
6.708686e+00 3.228449e+01 
6.908205e+00 3.226797e+01 
7.108297e+00 3.225172e+01 
7.308413e+00 3.223585e+01 
7.508473e+00 3.222020e+01 
7.708487e+00 3.220459e+01 
7.908453e+00 3.218887e+01 
8.108053e+00 3.217184e+01 
8.306769e+00 3.215056e+01 
8.505282e+00 3.212427e+01 
8.705360e+00 3.209806e+01 
8.905766e+00 3.207319e+01 
9.106290e+00 3.205009e+01 
9.306823e+00 3.202881e+01 
9.506620e+00 3.200692e+01 
9.706316e+00 3.198401e+01 
9.906402e+00 3.196135e+01 
1.010686e+01 3.194021e+01 
1.030696e+01 3.191944e+01 
1.050666e+01 3.189768e+01 
1.070594e+01 3.187355e+01 
1.090529e+01 3.184718e+01 
1.110473e+01 3.181889e+01 
1.130419e+01 3.178875e+01 
1.150348e+01 3.175619e+01 
1.170310e+01 3.172224e+01 
1.190303e+01 3.168802e+01 
1.210280e+01 3.165302e+01 
1.230229e+01 3.161629e+01 
1.250176e+01 3.157770e+01 
1.270121e+01 3.153717e+01 
1.290061e+01 3.149455e+01 
1.310000e+01 3.144975e+01 
1.329934e+01 3.140258e+01 
1.349847e+01 3.135232e+01 
1.369732e+01 3.129791e+01 
1.389678e+01 3.124134e+01 
1.409635e+01 3.118311e+01 
1.429582e+01 3.112289e+01 
1.449521e+01 3.106041e+01 
1.469454e+01 3.099536e+01 
1.489378e+01 3.092736e+01 
1.509291e+01 3.085598e+01 
1.529196e+01 3.078083e+01 
1.549124e+01 3.070263e+01 
1.569061e+01 3.062177e+01 
1.588994e+01 3.053812e+01 
1.608923e+01 3.045146e+01 
1.628849e+01 3.036160e+01 
1.648776e+01 3.026852e+01 
1.668701e+01 3.017206e+01 
1.688621e+01 3.007193e+01 
1.708535e+01 2.996778e+01 
1.728443e+01 2.985922e+01 
1.748346e+01 2.974585e+01 
1.768245e+01 2.962729e+01 
1.788136e+01 2.950297e+01 
1.808020e+01 2.937224e+01 
1.827896e+01 2.923434e+01 
1.847777e+01 2.908916e+01 
1.867679e+01 2.893752e+01 
1.887579e+01 2.877913e+01 
1.907475e+01 2.861339e+01 
1.927368e+01 2.843959e+01 
1.947257e+01 2.825691e+01 
1.967153e+01 2.806522e+01 
1.986806e+01 2.786626e+01 
2.005504e+01 2.766733e+01 
2.023290e+01 2.746843e+01 
2.040230e+01 2.726952e+01 
2.056414e+01 2.707056e+01 
2.071877e+01 2.687160e+01 
2.086657e+01 2.667264e+01 
2.100790e+01 2.647368e+01 
2.114306e+01 2.627471e+01 
2.127236e+01 2.607573e+01 
2.139608e+01 2.587674e+01 
2.151448e+01 2.567774e+01 
2.162780e+01 2.547873e+01 
2.173636e+01 2.527969e+01 
2.184017e+01 2.508068e+01 
2.193944e+01 2.488164e+01 
2.203437e+01 2.468260e+01 
2.212512e+01 2.448353e+01 
2.221185e+01 2.428446e+01 
2.229473e+01 2.408537e+01 
2.237389e+01 2.388626e+01 
2.244961e+01 2.368710e+01 
2.252204e+01 2.348792e+01 
2.259128e+01 2.328872e+01 
2.265748e+01 2.308950e+01 
2.272077e+01 2.289026e+01 
2.278124e+01 2.269100e+01 
2.283902e+01 2.249172e+01 
2.289395e+01 2.229248e+01 
2.294599e+01 2.209326e+01 
2.299524e+01 2.189403e+01 
2.304180e+01 2.169477e+01 
2.308554e+01 2.149556e+01 
2.312649e+01 2.129634e+01 
2.316475e+01 2.109711e+01 
2.320037e+01 2.089787e+01 
2.323340e+01 2.069861e+01 
2.326390e+01 2.049935e+01 
2.329192e+01 2.030007e+01 
2.331749e+01 2.010079e+01 
2.334066e+01 1.990150e+01 
2.336151e+01 1.970218e+01 
2.337995e+01 1.950290e+01 
2.339560e+01 1.930372e+01 
2.340849e+01 1.910455e+01 
2.341863e+01 1.890537e+01 
2.342614e+01 1.870616e+01 
2.343105e+01 1.850694e+01 
2.343338e+01 1.830772e+01 
2.343313e+01 1.810850e+01 
2.343030e+01 1.790928e+01 
2.342490e+01 1.771005e+01 
2.341694e+01 1.751082e+01 
2.340641e+01 1.731159e+01 
2.339333e+01 1.711236e+01 
2.337769e+01 1.691312e+01 
2.335950e+01 1.671388e+01 
2.333875e+01 1.651464e+01 
2.331546e+01 1.631539e+01 
2.328961e+01 1.611614e+01 
2.326122e+01 1.591689e+01 
2.322963e+01 1.571783e+01 
2.319451e+01 1.551885e+01 
2.315576e+01 1.531989e+01 
2.311332e+01 1.512094e+01 
2.306712e+01 1.492200e+01 
2.301709e+01 1.472306e+01 
2.296316e+01 1.452412e+01 
2.290526e+01 1.432519e+01 
2.284333e+01 1.412626e+01 
2.277731e+01 1.392732e+01 
2.270713e+01 1.372838e+01 
2.263286e+01 1.352940e+01 
2.255461e+01 1.333038e+01 
2.247241e+01 1.313132e+01 
2.238624e+01 1.293226e+01 
2.229588e+01 1.273323e+01 
2.220036e+01 1.253440e+01 
2.209918e+01 1.233564e+01 
2.199173e+01 1.213696e+01 
2.187777e+01 1.193827e+01 
2.175714e+01 1.173956e+01 
2.162968e+01 1.154081e+01 
2.149525e+01 1.134203e+01 
2.135372e+01 1.114322e+01 
2.120498e+01 1.094436e+01 
2.104895e+01 1.074546e+01 
2.088555e+01 1.054650e+01 
2.071473e+01 1.034750e+01 
2.053648e+01 1.014845e+01 
2.035080e+01 9.949345e+00 
2.015701e+01 9.750277e+00 
1.995818e+01 9.557003e+00 
1.975935e+01 9.373925e+00 
1.956061e+01 9.200967e+00 
1.936181e+01 9.036923e+00 
1.916296e+01 8.880899e+00 
1.896406e+01 8.732100e+00 
1.876499e+01 8.589087e+00 
1.856582e+01 8.451017e+00 
1.836661e+01 8.317593e+00 
1.816737e+01 8.188504e+00 
1.796829e+01 8.064605e+00 
1.776938e+01 7.946576e+00 
1.757045e+01 7.834000e+00 
1.737144e+01 7.726312e+00 
1.717237e+01 7.623056e+00 
1.697326e+01 7.523931e+00 
1.677413e+01 7.428781e+00 
1.657496e+01 7.337305e+00 
1.637575e+01 7.249278e+00 
1.617670e+01 7.165388e+00 
1.597767e+01 7.085594e+00 
1.577864e+01 7.009761e+00 
1.557960e+01 6.937810e+00 
1.538053e+01 6.869534e+00 
1.518135e+01 6.804392e+00 
1.498208e+01 6.742043e+00 
1.478295e+01 6.683027e+00 
1.458382e+01 6.627280e+00 
1.438468e+01 6.574702e+00 
1.418552e+01 6.525178e+00 
1.398635e+01 6.478658e+00 
1.378715e+01 6.434976e+00 
1.358795e+01 6.394158e+00 
1.338871e+01 6.355986e+00 
1.318942e+01 6.320295e+00 
1.299010e+01 6.286949e+00 
1.279069e+01 6.255624e+00 
1.259130e+01 6.226403e+00 
1.239189e+01 6.199216e+00 
1.219245e+01 6.173904e+00 
1.199295e+01 6.150303e+00 
1.179341e+01 6.128250e+00 
1.159383e+01 6.107635e+00 
1.139433e+01 6.088691e+00 
1.119476e+01 6.071193e+00 
1.099511e+01 6.054856e+00 
1.079537e+01 6.039384e+00 
1.059559e+01 6.024673e+00 
1.039586e+01 6.010860e+00 
1.019617e+01 5.998102e+00 
9.996406e+00 5.986116e+00 
9.796625e+00 5.974861e+00 
9.596902e+00 5.964537e+00 
9.397172e+00 5.955114e+00 
9.197395e+00 5.946433e+00 
8.997535e+00 5.938215e+00 
8.797684e+00 5.930497e+00 
8.597800e+00 5.923163e+00 
8.397917e+00 5.916221e+00 
8.198137e+00 5.910016e+00 
7.998308e+00 5.904380e+00 
7.798505e+00 5.899400e+00 
7.598635e+00 5.894853e+00 
7.398763e+00 5.890732e+00 
7.198893e+00 5.887044e+00 
6.999047e+00 5.883870e+00 
6.799237e+00 5.881328e+00 
6.599394e+00 5.879309e+00 
6.399446e+00 5.877461e+00 
6.199525e+00 5.875879e+00 
5.999629e+00 5.874642e+00 
5.799731e+00 5.873747e+00 
5.599831e+00 5.873184e+00 
5.399946e+00 5.873005e+00 
5.200090e+00 5.873306e+00 
5.000202e+00 5.873980e+00 
4.800275e+00 5.874897e+00 
4.600336e+00 5.876015e+00 
4.400384e+00 5.877296e+00 
4.200343e+00 5.878439e+00 
4.000351e+00 5.879610e+00 
3.800407e+00 5.880965e+00 
3.600517e+00 5.882686e+00 
3.400616e+00 5.884738e+00 
3.200665e+00 5.886955e+00 
3.000699e+00 5.889286e+00 
2.800715e+00 5.891670e+00 
2.600717e+00 5.894059e+00 
2.400710e+00 5.896426e+00 
2.200737e+00 5.898881e+00 
2.000741e+00 5.901351e+00 
1.800748e+00 5.903844e+00 
1.600758e+00 5.906373e+00 
1.400752e+00 5.908880e+00 
1.200719e+00 5.911276e+00 
1.000704e+00 5.913623e+00 
8.007173e-01 5.916014e+00 
6.007736e-01 5.918592e+00 
4.008087e-01 5.921288e+00 
2.008545e-01 5.924136e+00 
8.726595e-04 5.927045e+00 
-1.991092e-01 5.930014e+00 
-3.990910e-01 5.933044e+00 
-5.990774e-01 5.936120e+00 
-7.990490e-01 5.939290e+00 
-9.989988e-01 5.942627e+00 
-1.198946e+00 5.946139e+00 
-1.398926e+00 5.949720e+00 
-1.598817e+00 5.953661e+00 
-1.798761e+00 5.957791e+00 
-1.998759e+00 5.961929e+00 
-2.198800e+00 5.965929e+00 
-2.398830e+00 5.969831e+00 
-2.598725e+00 5.974082e+00 
-2.798611e+00 5.978710e+00 
-2.998528e+00 5.983615e+00 
-3.198527e+00 5.988525e+00 
-3.398536e+00 5.993407e+00 
-3.598515e+00 5.998359e+00 
-3.798490e+00 6.003392e+00 
-3.998463e+00 6.008518e+00 
-4.198429e+00 6.013754e+00 
-4.398431e+00 6.018987e+00 
-4.598458e+00 6.024129e+00 
-4.798491e+00 6.029163e+00 
-4.998512e+00 6.034125e+00 
-5.198518e+00 6.039065e+00 
-5.398488e+00 6.044107e+00 
-5.598453e+00 6.049266e+00 
-5.798365e+00 6.054716e+00 
-5.998422e+00 6.059979e+00 
-6.001578e+00 5.940021e+00 
