-9.996400e-01 8.400011e-01 
-7.998048e-01 8.412002e-01 
-5.999609e-01 8.418506e-01 
-4.000920e-01 8.419810e-01 
-2.002496e-01 8.416749e-01 
-4.196529e-04 8.408437e-01 
1.994108e-01 8.394462e-01 
3.992332e-01 8.374842e-01 
5.990093e-01 8.349313e-01 
7.987633e-01 8.316332e-01 
9.985047e-01 8.275161e-01 
1.198326e+00 8.225349e-01 
1.398098e+00 8.169605e-01 
1.597858e+00 8.106245e-01 
1.797660e+00 8.034884e-01 
1.997455e+00 7.956899e-01 
2.197167e+00 7.872116e-01 
2.396869e+00 7.777727e-01 
2.596610e+00 7.673358e-01 
2.796378e+00 7.560329e-01 
2.996153e+00 7.439524e-01 
3.195886e+00 7.311198e-01 
3.395607e+00 7.173927e-01 
3.595369e+00 7.027287e-01 
3.795096e+00 6.872668e-01 
3.994806e+00 6.708904e-01 
4.194562e+00 6.535332e-01 
4.394309e+00 6.353551e-01 
4.594006e+00 6.163271e-01 
4.793623e+00 5.962876e-01 
4.993245e+00 5.749524e-01 
5.192860e+00 5.523368e-01 
5.392468e+00 5.284162e-01 
5.592067e+00 5.031623e-01 
5.791657e+00 4.765425e-01 
5.991240e+00 4.485214e-01 
6.190652e+00 4.190943e-01 
6.389968e+00 3.876616e-01 
6.589234e+00 3.538716e-01 
6.788442e+00 3.175413e-01 
6.987620e+00 2.784467e-01 
7.186758e+00 2.364593e-01 
7.385844e+00 1.914189e-01 
7.584866e+00 1.431057e-01 
7.783646e+00 9.130656e-02 
7.982191e+00 3.508027e-02 
8.180610e+00 -2.656951e-02 
8.378991e+00 -9.428991e-02 
8.577237e+00 -1.683640e-01 
8.774811e+00 -2.493114e-01 
8.971853e+00 -3.403549e-01 
9.168726e+00 -4.448120e-01 
9.365087e+00 -5.645534e-01 
9.560470e+00 -7.039941e-01 
9.754982e+00 -8.736779e-01 
9.926104e+00 -1.066996e+00 
1.005358e+01 -1.259601e+00 
1.014479e+01 -1.451622e+00 
1.020450e+01 -1.644595e+00 
1.023954e+01 -1.838168e+00 
1.025331e+01 -2.032191e+00 
1.024764e+01 -2.226887e+00 
1.022445e+01 -2.422288e+00 
1.018559e+01 -2.618114e+00 
1.013176e+01 -2.814472e+00 
1.006413e+01 -3.011136e+00 
9.983017e+00 -3.208071e+00 
9.888563e+00 -3.405261e+00 
9.780862e+00 -3.602694e+00 
9.659959e+00 -3.800386e+00 
9.526097e+00 -3.998308e+00 
9.379415e+00 -4.196491e+00 
9.220517e+00 -4.394834e+00 
9.049523e+00 -4.593234e+00 
8.865708e+00 -4.791689e+00 
8.668219e+00 -4.990196e+00 
8.469715e+00 -5.175947e+00 
8.271167e+00 -5.349591e+00 
8.072574e+00 -5.512451e+00 
7.873933e+00 -5.665631e+00 
7.675255e+00 -5.810061e+00 
7.476552e+00 -5.946471e+00 
7.277653e+00 -6.075535e+00 
7.078754e+00 -6.198543e+00 
6.879791e+00 -6.315766e+00 
6.680790e+00 -6.427726e+00 
6.481774e+00 -6.534766e+00 
6.282743e+00 -6.637108e+00 
6.083697e+00 -6.734950e+00 
5.884638e+00 -6.828473e+00 
5.685565e+00 -6.917841e+00 
5.486479e+00 -7.003209e+00 
5.287381e+00 -7.084715e+00 
5.088270e+00 -7.162488e+00 
4.889148e+00 -7.236647e+00 
4.690013e+00 -7.307302e+00 
4.490869e+00 -7.374554e+00 
4.291764e+00 -7.438480e+00 
4.092679e+00 -7.498986e+00 
3.893583e+00 -7.556053e+00 
3.694476e+00 -7.609768e+00 
3.495358e+00 -7.660213e+00 
3.296231e+00 -7.707462e+00 
3.097095e+00 -7.751585e+00 
2.897950e+00 -7.792644e+00 
2.698796e+00 -7.830697e+00 
2.499642e+00 -7.865798e+00 
2.300541e+00 -7.897963e+00 
2.101465e+00 -7.927036e+00 
1.902360e+00 -7.952959e+00 
1.703240e+00 -7.975846e+00 
1.504088e+00 -7.995761e+00 
1.304920e+00 -8.012826e+00 
1.105753e+00 -8.027105e+00 
9.065871e-01 -8.038600e+00 
7.074215e-01 -8.047317e+00 
7.109962e-01 -8.167264e+00 
9.118306e-01 -8.158486e+00 
1.112665e+00 -8.146905e+00 
1.313497e+00 -8.132520e+00 
1.514329e+00 -8.115323e+00 
1.715177e+00 -8.095250e+00 
1.916058e+00 -8.072174e+00 
2.116953e+00 -8.046033e+00 
2.317877e+00 -8.016704e+00 
2.518776e+00 -7.984262e+00 
2.719621e+00 -7.948876e+00 
2.920468e+00 -7.910512e+00 
3.121323e+00 -7.869114e+00 
3.322186e+00 -7.824622e+00 
3.523059e+00 -7.776972e+00 
3.723942e+00 -7.726094e+00 
3.924835e+00 -7.671912e+00 
4.125739e+00 -7.614342e+00 
4.326654e+00 -7.553296e+00 
4.527549e+00 -7.488811e+00 
4.728404e+00 -7.420995e+00 
4.929270e+00 -7.349741e+00 
5.130148e+00 -7.274944e+00 
5.331037e+00 -7.196492e+00 
5.531938e+00 -7.114265e+00 
5.732852e+00 -7.028132e+00 
5.933780e+00 -6.937949e+00 
6.134720e+00 -6.843563e+00 
6.335675e+00 -6.744803e+00 
6.536644e+00 -6.641486e+00 
6.737627e+00 -6.533412e+00 
6.938626e+00 -6.420353e+00 
7.139663e+00 -6.301936e+00 
7.340765e+00 -6.177598e+00 
7.541866e+00 -6.047139e+00 
7.743163e+00 -5.908999e+00 
7.944485e+00 -5.762700e+00 
8.145844e+00 -5.607486e+00 
8.347251e+00 -5.442388e+00 
8.548703e+00 -5.266284e+00 
8.750199e+00 -5.077827e+00 
8.950767e+00 -4.876335e+00 
9.137549e+00 -4.674790e+00 
9.311404e+00 -4.473189e+00 
9.473056e+00 -4.271533e+00 
9.622539e+00 -4.069715e+00 
9.759344e+00 -3.867637e+00 
9.883218e+00 -3.665330e+00 
9.993889e+00 -3.462762e+00 
1.009122e+01 -3.259952e+00 
1.017507e+01 -3.056887e+00 
1.024522e+01 -2.853551e+00 
1.030130e+01 -2.649910e+00 
1.034214e+01 -2.445735e+00 
1.036679e+01 -2.241137e+00 
1.037326e+01 -2.035833e+00 
1.035925e+01 -1.829855e+00 
1.032262e+01 -1.623429e+00 
1.025951e+01 -1.416401e+00 
1.016212e+01 -1.208422e+00 
1.002634e+01 -1.001027e+00 
9.845018e+00 -7.943456e-01 
9.639530e+00 -6.137196e-01 
9.434913e+00 -4.669613e-01 
9.231274e+00 -3.424018e-01 
9.028147e+00 -2.343789e-01 
8.825189e+00 -1.403986e-01 
8.622763e+00 -5.733484e-02 
8.421009e+00 1.811364e-02 
8.219390e+00 8.699137e-02 
8.017809e+00 1.496723e-01 
7.816354e+00 2.067630e-01 
7.615134e+00 2.592258e-01 
7.414156e+00 3.080310e-01 
7.213242e+00 3.535004e-01 
7.012380e+00 3.958643e-01 
6.811558e+00 4.352938e-01 
6.610766e+00 4.719239e-01 
6.410032e+00 5.059722e-01 
6.209348e+00 5.376290e-01 
6.008760e+00 5.672355e-01 
5.808343e+00 5.953769e-01 
5.607933e+00 6.221089e-01 
5.407532e+00 6.474670e-01 
5.207140e+00 6.714842e-01 
5.006755e+00 6.941895e-01 
4.806377e+00 7.156080e-01 
4.605994e+00 7.357269e-01 
4.405691e+00 7.548140e-01 
4.205438e+00 7.730393e-01 
4.005194e+00 7.904399e-01 
3.804904e+00 8.068654e-01 
3.604631e+00 8.223707e-01 
3.404393e+00 8.370707e-01 
3.204114e+00 8.508373e-01 
3.003847e+00 8.637054e-01 
2.803622e+00 8.758140e-01 
2.603390e+00 8.871441e-01 
2.403131e+00 8.976092e-01 
2.202833e+00 9.070777e-01 
2.002545e+00 9.155819e-01 
1.802340e+00 9.233970e-01 
1.602142e+00 9.305480e-01 
1.401902e+00 9.369002e-01 
1.201674e+00 9.424882e-01 
1.001495e+00 9.474788e-01 
8.012367e-01 9.516077e-01 
6.009907e-01 9.549149e-01 
4.007668e-01 9.574744e-01 
2.005892e-01 9.594404e-01 
4.196529e-04 9.608407e-01 
-1.997504e-01 9.616738e-01 
-3.999080e-01 9.619809e-01 
-6.000391e-01 9.618505e-01 
-8.001952e-01 9.611996e-01 
-1.000360e+00 9.599989e-01 
-9.996400e-01 8.400011e-01 
