-7.149509e-01 -2.183767e+01 
-9.160279e-01 -2.183333e+01 
-1.116001e+00 -2.183264e+01 
-1.315754e+00 -2.183188e+01 
-1.515379e+00 -2.183120e+01 
-1.714887e+00 -2.183183e+01 
-1.915147e+00 -2.182955e+01 
-2.115722e+00 -2.182353e+01 
-2.315263e+00 -2.181246e+01 
-2.514651e+00 -2.180277e+01 
-2.714130e+00 -2.179905e+01 
-2.913680e+00 -2.179352e+01 
-3.113353e+00 -2.178455e+01 
-3.313505e+00 -2.177887e+01 
-3.514168e+00 -2.177758e+01 
-3.713895e+00 -2.177709e+01 
-3.913609e+00 -2.177373e+01 
-4.113297e+00 -2.176845e+01 
-4.312859e+00 -2.176156e+01 
-4.512776e+00 -2.175453e+01 
-4.713079e+00 -2.174716e+01 
-4.913079e+00 -2.174044e+01 
-5.112900e+00 -2.173397e+01 
-5.312544e+00 -2.172724e+01 
-5.511997e+00 -2.171890e+01 
-5.711227e+00 -2.170646e+01 
-5.910982e+00 -2.169248e+01 
-6.111090e+00 -2.168003e+01 
-6.310826e+00 -2.166800e+01 
-6.510537e+00 -2.165521e+01 
-6.710296e+00 -2.164048e+01 
-6.910080e+00 -2.162468e+01 
-7.109893e+00 -2.160819e+01 
-7.309922e+00 -2.159243e+01 
-7.510413e+00 -2.157775e+01 
-7.710243e+00 -2.156372e+01 
-7.909290e+00 -2.154982e+01 
-8.108526e+00 -2.153527e+01 
-8.307936e+00 -2.151729e+01 
-8.507535e+00 -2.149550e+01 
-8.707318e+00 -2.147123e+01 
-8.907254e+00 -2.144713e+01 
-9.106964e+00 -2.142297e+01 
-9.306655e+00 -2.139831e+01 
-9.506335e+00 -2.137361e+01 
-9.706006e+00 -2.134916e+01 
-9.905662e+00 -2.132496e+01 
-1.010517e+01 -2.130040e+01 
-1.030497e+01 -2.127482e+01 
-1.050509e+01 -2.124789e+01 
-1.070497e+01 -2.121972e+01 
-1.090459e+01 -2.119018e+01 
-1.110394e+01 -2.115812e+01 
-1.130305e+01 -2.112261e+01 
-1.150283e+01 -2.108455e+01 
-1.170286e+01 -2.104632e+01 
-1.190237e+01 -2.100809e+01 
-1.210169e+01 -2.096963e+01 
-1.230100e+01 -2.092886e+01 
-1.250047e+01 -2.088577e+01 
-1.269992e+01 -2.084042e+01 
-1.289936e+01 -2.079277e+01 
-1.309878e+01 -2.074263e+01 
-1.329827e+01 -2.069079e+01 
-1.349776e+01 -2.063735e+01 
-1.369709e+01 -2.058206e+01 
-1.389627e+01 -2.052471e+01 
-1.409554e+01 -2.046466e+01 
-1.429489e+01 -2.040126e+01 
-1.449419e+01 -2.033502e+01 
-1.469344e+01 -2.026630e+01 
-1.489268e+01 -2.019487e+01 
-1.509199e+01 -2.012045e+01 
-1.529137e+01 -2.004278e+01 
-1.549072e+01 -1.996153e+01 
-1.569009e+01 -1.987643e+01 
-1.588943e+01 -1.978869e+01 
-1.608874e+01 -1.969820e+01 
-1.628800e+01 -1.960478e+01 
-1.648723e+01 -1.950819e+01 
-1.668642e+01 -1.940813e+01 
-1.688557e+01 -1.930431e+01 
-1.708467e+01 -1.919639e+01 
-1.728374e+01 -1.908399e+01 
-1.748276e+01 -1.896669e+01 
-1.768174e+01 -1.884404e+01 
-1.788087e+01 -1.871544e+01 
-1.808003e+01 -1.858064e+01 
-1.827916e+01 -1.844019e+01 
-1.847826e+01 -1.829443e+01 
-1.867736e+01 -1.814300e+01 
-1.887643e+01 -1.798543e+01 
-1.907547e+01 -1.782121e+01 
-1.927449e+01 -1.764973e+01 
-1.947349e+01 -1.747032e+01 
-1.967246e+01 -1.728223e+01 
-1.987142e+01 -1.708458e+01 
-2.006138e+01 -1.688575e+01 
-2.024164e+01 -1.668693e+01 
-2.041276e+01 -1.648809e+01 
-2.057525e+01 -1.628917e+01 
-2.072975e+01 -1.609025e+01 
-2.087723e+01 -1.589131e+01 
-2.101800e+01 -1.569235e+01 
-2.115248e+01 -1.549336e+01 
-2.128102e+01 -1.529439e+01 
-2.140400e+01 -1.509541e+01 
-2.152174e+01 -1.489642e+01 
-2.163444e+01 -1.469741e+01 
-2.174222e+01 -1.449839e+01 
-2.184531e+01 -1.429935e+01 
-2.194390e+01 -1.410029e+01 
-2.203818e+01 -1.390122e+01 
-2.212831e+01 -1.370213e+01 
-2.221446e+01 -1.350303e+01 
-2.229678e+01 -1.330391e+01 
-2.237539e+01 -1.310478e+01 
-2.245043e+01 -1.290563e+01 
-2.252202e+01 -1.270647e+01 
-2.259027e+01 -1.250729e+01 
-2.265529e+01 -1.230810e+01 
-2.271718e+01 -1.210889e+01 
-2.277603e+01 -1.190967e+01 
-2.283193e+01 -1.171044e+01 
-2.288497e+01 -1.151117e+01 
-2.293523e+01 -1.131188e+01 
-2.298283e+01 -1.111255e+01 
-2.302789e+01 -1.091329e+01 
-2.307054e+01 -1.071411e+01 
-2.311087e+01 -1.051494e+01 
-2.314879e+01 -1.031581e+01 
-2.318394e+01 -1.011667e+01 
-2.321636e+01 -9.917524e+00 
-2.324602e+01 -9.718361e+00 
-2.327281e+01 -9.519188e+00 
-2.329676e+01 -9.320004e+00 
-2.331791e+01 -9.120811e+00 
-2.333633e+01 -8.921610e+00 
-2.335204e+01 -8.722401e+00 
-2.336508e+01 -8.523185e+00 
-2.337549e+01 -8.323963e+00 
-2.338330e+01 -8.124735e+00 
-2.338853e+01 -7.925502e+00 
-2.339120e+01 -7.726265e+00 
-2.339132e+01 -7.527024e+00 
-2.338892e+01 -7.327779e+00 
-2.338401e+01 -7.128531e+00 
-2.337659e+01 -6.929280e+00 
-2.336668e+01 -6.730033e+00 
-2.335427e+01 -6.530839e+00 
-2.333939e+01 -6.331720e+00 
-2.332201e+01 -6.132501e+00 
-2.330212e+01 -5.933507e+00 
-2.327939e+01 -5.734555e+00 
-2.325389e+01 -5.535604e+00 
-2.322509e+01 -5.336653e+00 
-2.319269e+01 -5.137703e+00 
-2.315664e+01 -4.938752e+00 
-2.311690e+01 -4.739801e+00 
-2.307344e+01 -4.540848e+00 
-2.302621e+01 -4.341892e+00 
-2.297517e+01 -4.142934e+00 
-2.292025e+01 -3.943971e+00 
-2.286143e+01 -3.745004e+00 
-2.279863e+01 -3.546030e+00 
-2.273182e+01 -3.347049e+00 
-2.266092e+01 -3.148061e+00 
-2.258589e+01 -2.949063e+00 
-2.250672e+01 -2.750055e+00 
-2.242346e+01 -2.551021e+00 
-2.233612e+01 -2.351983e+00 
-2.224498e+01 -2.153185e+00 
-2.215002e+01 -1.954499e+00 
-2.205134e+01 -1.755754e+00 
-2.194756e+01 -1.556984e+00 
-2.183722e+01 -1.358186e+00 
-2.172003e+01 -1.159358e+00 
-2.159605e+01 -9.604979e-01 
-2.146531e+01 -7.616036e-01 
-2.132771e+01 -5.626721e-01 
-2.118312e+01 -3.637014e-01 
-2.103149e+01 -1.647854e-01 
-2.087286e+01 3.394805e-02 
-2.070688e+01 2.327606e-01 
-2.053190e+01 4.316526e-01 
-2.034654e+01 6.306222e-01 
-2.015068e+01 8.296723e-01 
-1.995171e+01 1.021596e+00 
-1.975272e+01 1.204546e+00 
-1.955405e+01 1.379440e+00 
-1.935537e+01 1.547501e+00 
-1.915663e+01 1.708681e+00 
-1.895776e+01 1.861516e+00 
-1.875888e+01 2.007209e+00 
-1.855997e+01 2.146450e+00 
-1.836099e+01 2.279797e+00 
-1.816206e+01 2.407703e+00 
-1.796312e+01 2.530666e+00 
-1.776414e+01 2.649128e+00 
-1.756511e+01 2.763102e+00 
-1.736612e+01 2.872194e+00 
-1.716705e+01 2.976541e+00 
-1.696809e+01 3.076074e+00 
-1.676914e+01 3.171308e+00 
-1.657013e+01 3.262623e+00 
-1.637103e+01 3.349931e+00 
-1.617186e+01 3.433013e+00 
-1.597270e+01 3.512513e+00 
-1.577366e+01 3.588551e+00 
-1.557457e+01 3.661187e+00 
-1.537543e+01 3.730159e+00 
-1.517623e+01 3.795496e+00 
-1.497699e+01 3.857455e+00 
-1.477780e+01 3.916265e+00 
-1.457862e+01 3.971871e+00 
-1.437937e+01 4.024317e+00 
-1.418006e+01 4.073630e+00 
-1.398069e+01 4.120053e+00 
-1.378136e+01 4.163804e+00 
-1.358194e+01 4.204745e+00 
-1.338247e+01 4.242948e+00 
-1.318296e+01 4.278702e+00 
-1.298343e+01 4.312178e+00 
-1.278385e+01 4.343493e+00 
-1.258424e+01 4.372379e+00 
-1.238463e+01 4.399272e+00 
-1.218505e+01 4.424476e+00 
-1.198539e+01 4.448035e+00 
-1.178570e+01 4.470030e+00 
-1.158600e+01 4.490679e+00 
-1.138627e+01 4.510042e+00 
-1.118650e+01 4.527816e+00 
-1.098670e+01 4.543892e+00 
-1.078691e+01 4.558784e+00 
-1.058712e+01 4.572958e+00 
-1.038729e+01 4.586527e+00 
-1.018748e+01 4.599282e+00 
-9.987665e+00 4.610957e+00 
-9.787821e+00 4.621776e+00 
-9.587934e+00 4.632003e+00 
-9.388025e+00 4.641519e+00 
-9.188182e+00 4.650420e+00 
-8.988305e+00 4.658574e+00 
-8.788407e+00 4.666096e+00 
-8.588495e+00 4.672998e+00 
-8.388584e+00 4.679288e+00 
-8.188677e+00 4.684993e+00 
-7.988756e+00 4.690188e+00 
-7.788828e+00 4.694964e+00 
-7.588921e+00 4.699415e+00 
-7.389012e+00 4.703505e+00 
-7.189092e+00 4.707051e+00 
-6.989186e+00 4.710108e+00 
-6.989371e+00 4.830108e+00 
-7.189464e+00 4.827050e+00 
-7.389544e+00 4.823504e+00 
-7.589636e+00 4.819413e+00 
-7.789728e+00 4.814961e+00 
-7.989801e+00 4.810184e+00 
-8.189880e+00 4.804987e+00 
-8.389973e+00 4.799280e+00 
-8.590061e+00 4.792988e+00 
-8.790150e+00 4.786084e+00 
-8.990252e+00 4.778558e+00 
-9.190375e+00 4.770400e+00 
-9.390532e+00 4.761493e+00 
-9.590623e+00 4.751973e+00 
-9.790736e+00 4.741741e+00 
-9.990892e+00 4.730914e+00 
-1.019107e+01 4.719228e+00 
-1.039127e+01 4.706461e+00 
-1.059143e+01 4.692881e+00 
-1.079164e+01 4.678690e+00 
-1.099186e+01 4.663781e+00 
-1.119206e+01 4.647687e+00 
-1.139229e+01 4.629891e+00 
-1.159256e+01 4.610500e+00 
-1.179286e+01 4.589816e+00 
-1.199317e+01 4.567782e+00 
-1.219351e+01 4.544178e+00 
-1.239392e+01 4.518911e+00 
-1.259432e+01 4.491955e+00 
-1.279470e+01 4.463002e+00 
-1.299512e+01 4.431608e+00 
-1.319559e+01 4.398035e+00 
-1.339608e+01 4.362174e+00 
-1.359661e+01 4.323845e+00 
-1.379720e+01 4.282754e+00 
-1.399787e+01 4.238817e+00 
-1.419850e+01 4.192205e+00 
-1.439919e+01 4.142670e+00 
-1.459994e+01 4.089962e+00 
-1.480076e+01 4.034048e+00 
-1.500156e+01 3.974913e+00 
-1.520232e+01 3.912625e+00 
-1.540313e+01 3.846917e+00 
-1.560399e+01 3.777525e+00 
-1.580490e+01 3.704414e+00 
-1.600585e+01 3.627845e+00 
-1.620670e+01 3.547845e+00 
-1.640752e+01 3.464248e+00 
-1.660843e+01 3.376346e+00 
-1.680941e+01 3.284350e+00 
-1.701047e+01 3.188340e+00 
-1.721150e+01 3.088004e+00 
-1.741244e+01 2.982892e+00 
-1.761344e+01 2.872937e+00 
-1.781442e+01 2.758085e+00 
-1.801544e+01 2.638660e+00 
-1.821650e+01 2.514642e+00 
-1.841757e+01 2.385625e+00 
-1.861859e+01 2.251157e+00 
-1.881968e+01 2.110668e+00 
-1.902079e+01 1.963630e+00 
-1.922193e+01 1.809356e+00 
-1.942319e+01 1.646498e+00 
-1.962451e+01 1.476573e+00 
-1.982583e+01 1.299704e+00 
-2.002684e+01 1.115164e+00 
-2.022788e+01 9.215379e-01 
-2.042595e+01 7.205880e-01 
-2.061359e+01 5.195576e-01 
-2.079089e+01 3.184496e-01 
-2.095922e+01 1.172622e-01 
-2.112023e+01 -8.400436e-02 
-2.127378e+01 -2.850884e-01 
-2.142012e+01 -4.861177e-01 
-2.155945e+01 -6.871862e-01 
-2.169190e+01 -8.882919e-01 
-2.181755e+01 -1.089432e+00 
-2.193638e+01 -1.290604e+00 
-2.204831e+01 -1.491806e+00 
-2.215365e+01 -1.693036e+00 
-2.225383e+01 -1.894291e+00 
-2.235026e+01 -2.095604e+00 
-2.244268e+01 -2.296806e+00 
-2.253100e+01 -2.497768e+00 
-2.261519e+01 -2.698735e+00 
-2.269528e+01 -2.899727e+00 
-2.277119e+01 -3.100729e+00 
-2.284293e+01 -3.301740e+00 
-2.291056e+01 -3.502760e+00 
-2.297413e+01 -3.703786e+00 
-2.303369e+01 -3.904819e+00 
-2.308929e+01 -4.105856e+00 
-2.314100e+01 -4.306897e+00 
-2.318884e+01 -4.507942e+00 
-2.323288e+01 -4.708989e+00 
-2.327315e+01 -4.910037e+00 
-2.330970e+01 -5.111087e+00 
-2.334256e+01 -5.312136e+00 
-2.337177e+01 -5.513186e+00 
-2.339766e+01 -5.714235e+00 
-2.342073e+01 -5.915283e+00 
-2.344091e+01 -6.116289e+00 
-2.345850e+01 -6.317069e+00 
-2.347358e+01 -6.517950e+00 
-2.348615e+01 -6.718757e+00 
-2.349619e+01 -6.919510e+00 
-2.350372e+01 -7.120259e+00 
-2.350873e+01 -7.321011e+00 
-2.351121e+01 -7.521766e+00 
-2.351114e+01 -7.722525e+00 
-2.350851e+01 -7.923287e+00 
-2.350330e+01 -8.124055e+00 
-2.349549e+01 -8.324827e+00 
-2.348506e+01 -8.525605e+00 
-2.347197e+01 -8.726389e+00 
-2.345620e+01 -8.927180e+00 
-2.343770e+01 -9.127979e+00 
-2.341644e+01 -9.328786e+00 
-2.339236e+01 -9.529602e+00 
-2.336542e+01 -9.730429e+00 
-2.333557e+01 -9.931266e+00 
-2.330295e+01 -1.013212e+01 
-2.326756e+01 -1.033298e+01 
-2.322937e+01 -1.053385e+01 
-2.318876e+01 -1.073468e+01 
-2.314582e+01 -1.093550e+01 
-2.310047e+01 -1.113624e+01 
-2.305259e+01 -1.133691e+01 
-2.300202e+01 -1.153762e+01 
-2.294864e+01 -1.173835e+01 
-2.289236e+01 -1.193912e+01 
-2.283311e+01 -1.213990e+01 
-2.277078e+01 -1.234069e+01 
-2.270530e+01 -1.254150e+01 
-2.263654e+01 -1.274232e+01 
-2.256441e+01 -1.294316e+01 
-2.248880e+01 -1.314401e+01 
-2.240957e+01 -1.334488e+01 
-2.232660e+01 -1.354576e+01 
-2.223974e+01 -1.374666e+01 
-2.214886e+01 -1.394757e+01 
-2.205379e+01 -1.414850e+01 
-2.195435e+01 -1.434944e+01 
-2.185036e+01 -1.455040e+01 
-2.174162e+01 -1.475138e+01 
-2.162790e+01 -1.495237e+01 
-2.150907e+01 -1.515338e+01 
-2.138495e+01 -1.535439e+01 
-2.125518e+01 -1.555543e+01 
-2.111944e+01 -1.575644e+01 
-2.097733e+01 -1.595748e+01 
-2.082842e+01 -1.615854e+01 
-2.067239e+01 -1.635962e+01 
-2.050829e+01 -1.656070e+01 
-2.033538e+01 -1.676186e+01 
-2.015317e+01 -1.696304e+01 
-1.996118e+01 -1.716421e+01 
-1.976014e+01 -1.736416e+01 
-1.955911e+01 -1.755440e+01 
-1.935811e+01 -1.773580e+01 
-1.915712e+01 -1.790914e+01 
-1.895617e+01 -1.807511e+01 
-1.875524e+01 -1.823429e+01 
-1.855434e+01 -1.838724e+01 
-1.835344e+01 -1.853443e+01 
-1.815257e+01 -1.867623e+01 
-1.795173e+01 -1.881228e+01 
-1.775086e+01 -1.894213e+01 
-1.754984e+01 -1.906619e+01 
-1.734886e+01 -1.918478e+01 
-1.714793e+01 -1.929836e+01 
-1.694703e+01 -1.940737e+01 
-1.674618e+01 -1.951219e+01 
-1.654537e+01 -1.961316e+01 
-1.634459e+01 -1.971060e+01 
-1.614386e+01 -1.980479e+01 
-1.594317e+01 -1.989599e+01 
-1.574251e+01 -1.998438e+01 
-1.554187e+01 -2.007008e+01 
-1.534123e+01 -2.015193e+01 
-1.514061e+01 -2.023016e+01 
-1.493992e+01 -2.030517e+01 
-1.473916e+01 -2.037724e+01 
-1.453841e+01 -2.044657e+01 
-1.433771e+01 -2.051336e+01 
-1.413706e+01 -2.057724e+01 
-1.393633e+01 -2.063783e+01 
-1.373551e+01 -2.069574e+01 
-1.353484e+01 -2.075148e+01 
-1.333433e+01 -2.080524e+01 
-1.313382e+01 -2.085740e+01 
-1.293324e+01 -2.090788e+01 
-1.273268e+01 -2.095586e+01 
-1.253213e+01 -2.100152e+01 
-1.233160e+01 -2.104489e+01 
-1.213090e+01 -2.108602e+01 
-1.193023e+01 -2.112481e+01 
-1.172974e+01 -2.116327e+01 
-1.152977e+01 -2.120149e+01 
-1.132955e+01 -2.123965e+01 
-1.112866e+01 -2.127555e+01 
-1.092801e+01 -2.130787e+01 
-1.072763e+01 -2.133756e+01 
-1.052751e+01 -2.136578e+01 
-1.032763e+01 -2.139266e+01 
-1.012743e+01 -2.141832e+01 
-9.926936e+00 -2.144306e+01 
-9.726592e+00 -2.146738e+01 
-9.526263e+00 -2.149194e+01 
-9.325943e+00 -2.151675e+01 
-9.125634e+00 -2.154151e+01 
-8.925345e+00 -2.156576e+01 
-8.725280e+00 -2.158987e+01 
-8.525063e+00 -2.161421e+01 
-8.324662e+00 -2.163612e+01 
-8.124072e+00 -2.165426e+01 
-7.923308e+00 -2.166899e+01 
-7.722355e+00 -2.168311e+01 
-7.522185e+00 -2.169717e+01 
-7.322676e+00 -2.171175e+01 
-7.122705e+00 -2.172751e+01 
-6.922518e+00 -2.174403e+01 
-6.722302e+00 -2.175988e+01 
-6.522061e+00 -2.177465e+01 
-6.321772e+00 -2.178750e+01 
-6.121508e+00 -2.179958e+01 
-5.921616e+00 -2.181201e+01 
-5.721371e+00 -2.182603e+01 
-5.520601e+00 -2.183859e+01 
-5.320054e+00 -2.184700e+01 
-5.119698e+00 -2.185378e+01 
-4.919519e+00 -2.186027e+01 
-4.719519e+00 -2.186699e+01 
-4.519822e+00 -2.187432e+01 
-4.319739e+00 -2.188136e+01 
-4.119301e+00 -2.188830e+01 
-3.918990e+00 -2.189361e+01 
-3.718703e+00 -2.189700e+01 
-3.518430e+00 -2.189751e+01 
-3.319093e+00 -2.189874e+01 
-3.119245e+00 -2.190440e+01 
-2.918918e+00 -2.191340e+01 
-2.718468e+00 -2.191897e+01 
-2.517947e+00 -2.192272e+01 
-2.317335e+00 -2.193245e+01 
-2.116876e+00 -2.194352e+01 
-1.917451e+00 -2.194952e+01 
-1.717711e+00 -2.195180e+01 
-1.517219e+00 -2.195118e+01 
-1.316844e+00 -2.195188e+01 
-1.116597e+00 -2.195264e+01 
-9.165701e-01 -2.195333e+01 
-7.176472e-01 -2.195764e+01 
-7.149509e-01 -2.183767e+01 
