-6.712527e-01 -1.825116e+01 
-8.708360e-01 -1.824702e+01 
-1.070409e+00 -1.824151e+01 
-1.269975e+00 -1.823460e+01 
-1.469538e+00 -1.822626e+01 
-1.669098e+00 -1.821648e+01 
-1.868654e+00 -1.820525e+01 
-2.068206e+00 -1.819254e+01 
-2.267755e+00 -1.817835e+01 
-2.467301e+00 -1.816267e+01 
-2.666886e+00 -1.814556e+01 
-2.866530e+00 -1.812728e+01 
-3.066156e+00 -1.810783e+01 
-3.265757e+00 -1.808711e+01 
-3.465330e+00 -1.806503e+01 
-3.664875e+00 -1.804151e+01 
-3.864402e+00 -1.801643e+01 
-4.063963e+00 -1.798974e+01 
-4.263537e+00 -1.796154e+01 
-4.463116e+00 -1.793188e+01 
-4.662702e+00 -1.790076e+01 
-4.862294e+00 -1.786820e+01 
-5.061892e+00 -1.783422e+01 
-5.261487e+00 -1.779884e+01 
-5.461001e+00 -1.776209e+01 
-5.660491e+00 -1.772387e+01 
-5.859976e+00 -1.768391e+01 
-6.059455e+00 -1.764215e+01 
-6.258929e+00 -1.759855e+01 
-6.458396e+00 -1.755309e+01 
-6.657856e+00 -1.750573e+01 
-6.857310e+00 -1.745644e+01 
-7.056758e+00 -1.740517e+01 
-7.256207e+00 -1.735188e+01 
-7.455702e+00 -1.729665e+01 
-7.655204e+00 -1.723957e+01 
-7.854710e+00 -1.718063e+01 
-8.054220e+00 -1.711984e+01 
-8.253723e+00 -1.705720e+01 
-8.453194e+00 -1.699269e+01 
-8.652651e+00 -1.692615e+01 
-8.852095e+00 -1.685750e+01 
-9.051527e+00 -1.678667e+01 
-9.250945e+00 -1.671358e+01 
-9.450339e+00 -1.663815e+01 
-9.649661e+00 -1.656033e+01 
-9.848973e+00 -1.647998e+01 
-1.004828e+01 -1.639675e+01 
-1.024757e+01 -1.631055e+01 
-1.044686e+01 -1.622128e+01 
-1.064614e+01 -1.612885e+01 
-1.084542e+01 -1.603319e+01 
-1.104469e+01 -1.593418e+01 
-1.124396e+01 -1.583174e+01 
-1.144326e+01 -1.572574e+01 
-1.164257e+01 -1.561633e+01 
-1.184187e+01 -1.550345e+01 
-1.204116e+01 -1.538696e+01 
-1.224044e+01 -1.526675e+01 
-1.243972e+01 -1.514270e+01 
-1.263900e+01 -1.501467e+01 
-1.283827e+01 -1.488251e+01 
-1.303754e+01 -1.474607e+01 
-1.323680e+01 -1.460520e+01 
-1.343605e+01 -1.445971e+01 
-1.363520e+01 -1.430951e+01 
-1.383431e+01 -1.415421e+01 
-1.403341e+01 -1.399284e+01 
-1.423251e+01 -1.382494e+01 
-1.443159e+01 -1.365010e+01 
-1.463067e+01 -1.346788e+01 
-1.482975e+01 -1.327776e+01 
-1.502883e+01 -1.307918e+01 
-1.521973e+01 -1.288014e+01 
-1.540247e+01 -1.268109e+01 
-1.557754e+01 -1.248204e+01 
-1.574537e+01 -1.228299e+01 
-1.590636e+01 -1.208393e+01 
-1.606088e+01 -1.188487e+01 
-1.620925e+01 -1.168579e+01 
-1.635179e+01 -1.148671e+01 
-1.648878e+01 -1.128762e+01 
-1.662049e+01 -1.108851e+01 
-1.674715e+01 -1.088942e+01 
-1.686890e+01 -1.069049e+01 
-1.698590e+01 -1.049162e+01 
-1.709747e+01 -1.029272e+01 
-1.720362e+01 -1.009382e+01 
-1.730468e+01 -9.894880e+00 
-1.740089e+01 -9.695928e+00 
-1.749250e+01 -9.496965e+00 
-1.757962e+01 -9.297998e+00 
-1.766238e+01 -9.099025e+00 
-1.774089e+01 -8.900046e+00 
-1.781527e+01 -8.701061e+00 
-1.788563e+01 -8.502071e+00 
-1.795205e+01 -8.303074e+00 
-1.801463e+01 -8.104071e+00 
-1.807346e+01 -7.905062e+00 
-1.812861e+01 -7.706045e+00 
-1.818015e+01 -7.507076e+00 
-1.822811e+01 -7.308304e+00 
-1.827247e+01 -7.109536e+00 
-1.831253e+01 -6.910752e+00 
-1.834834e+01 -6.711953e+00 
-1.838000e+01 -6.513136e+00 
-1.840759e+01 -6.314304e+00 
-1.843121e+01 -6.115455e+00 
-1.845093e+01 -5.916590e+00 
-1.846684e+01 -5.717708e+00 
-1.847900e+01 -5.518809e+00 
-1.848747e+01 -5.319895e+00 
-1.849232e+01 -5.120992e+00 
-1.849361e+01 -4.922172e+00 
-1.849131e+01 -4.723598e+00 
-1.848515e+01 -4.525010e+00 
-1.847428e+01 -4.326303e+00 
-1.845877e+01 -4.127549e+00 
-1.843907e+01 -3.928814e+00 
-1.841521e+01 -3.730102e+00 
-1.838711e+01 -3.531410e+00 
-1.835463e+01 -3.332738e+00 
-1.831765e+01 -3.134082e+00 
-1.827605e+01 -2.935440e+00 
-1.822967e+01 -2.736776e+00 
-1.817840e+01 -2.538132e+00 
-1.812228e+01 -2.339516e+00 
-1.806113e+01 -2.140921e+00 
-1.799472e+01 -1.942339e+00 
-1.792284e+01 -1.743763e+00 
-1.784529e+01 -1.545187e+00 
-1.776186e+01 -1.346568e+00 
-1.767252e+01 -1.148187e+00 
-1.757686e+01 -9.499292e-01 
-1.747338e+01 -7.516234e-01 
-1.736168e+01 -5.532308e-01 
-1.724162e+01 -3.547256e-01 
-1.711318e+01 -1.561402e-01 
-1.697622e+01 4.250255e-02 
-1.683063e+01 2.411240e-01 
-1.667625e+01 4.395456e-01 
-1.651117e+01 6.378081e-01 
-1.633330e+01 8.361999e-01 
-1.614067e+01 1.034710e+00 
-1.594221e+01 1.224282e+00 
-1.574387e+01 1.400967e+00 
-1.554565e+01 1.565792e+00 
-1.534733e+01 1.718756e+00 
-1.514890e+01 1.860901e+00 
-1.495044e+01 1.993591e+00 
-1.475204e+01 2.117770e+00 
-1.455356e+01 2.233498e+00 
-1.435507e+01 2.341478e+00 
-1.415649e+01 2.442455e+00 
-1.395783e+01 2.536771e+00 
-1.375928e+01 2.624974e+00 
-1.356065e+01 2.707013e+00 
-1.336192e+01 2.783208e+00 
-1.316315e+01 2.854031e+00 
-1.296438e+01 2.919840e+00 
-1.276552e+01 2.980962e+00 
-1.256657e+01 3.037603e+00 
-1.236755e+01 3.090151e+00 
-1.216847e+01 3.138936e+00 
-1.196940e+01 3.184175e+00 
-1.177011e+01 3.225974e+00 
-1.157076e+01 3.264634e+00 
-1.137139e+01 3.300730e+00 
-1.117200e+01 3.334481e+00 
-1.097261e+01 3.365961e+00 
-1.077320e+01 3.395239e+00 
-1.057382e+01 3.422356e+00 
-1.037424e+01 3.447258e+00 
-1.017469e+01 3.470342e+00 
-9.975080e+00 3.491939e+00 
-9.775425e+00 3.512114e+00 
-9.575752e+00 3.530957e+00 
-9.376037e+00 3.548607e+00 
-9.176324e+00 3.565123e+00 
-8.976611e+00 3.580500e+00 
-8.776857e+00 3.594814e+00 
-8.577094e+00 3.608162e+00 
-8.377303e+00 3.620654e+00 
-8.177493e+00 3.632423e+00 
-7.977727e+00 3.643337e+00 
-7.777909e+00 3.653716e+00 
-7.578142e+00 3.663266e+00 
-7.378343e+00 3.671970e+00 
-7.178535e+00 3.679847e+00 
-6.978732e+00 3.687020e+00 
-6.778933e+00 3.693454e+00 
-6.579105e+00 3.699149e+00 
-6.379251e+00 3.704233e+00 
-6.179378e+00 3.708762e+00 
-5.979491e+00 3.712782e+00 
-5.779660e+00 3.716334e+00 
-5.579854e+00 3.719333e+00 
-5.379935e+00 3.721904e+00 
-5.180055e+00 3.724079e+00 
-4.980170e+00 3.725814e+00 
-4.980533e+00 3.845813e+00 
-5.180648e+00 3.844077e+00 
-5.380768e+00 3.841901e+00 
-5.580849e+00 3.839328e+00 
-5.781043e+00 3.836326e+00 
-5.981212e+00 3.832770e+00 
-6.181325e+00 3.828747e+00 
-6.381452e+00 3.824213e+00 
-6.581598e+00 3.819124e+00 
-6.781770e+00 3.813420e+00 
-6.981971e+00 3.806976e+00 
-7.182168e+00 3.799792e+00 
-7.382360e+00 3.791902e+00 
-7.582561e+00 3.783184e+00 
-7.782794e+00 3.773617e+00 
-7.982976e+00 3.763222e+00 
-8.183210e+00 3.752287e+00 
-8.383400e+00 3.740499e+00 
-8.583609e+00 3.727985e+00 
-8.783846e+00 3.714610e+00 
-8.984092e+00 3.700266e+00 
-9.184379e+00 3.684853e+00 
-9.384666e+00 3.668296e+00 
-9.584951e+00 3.650603e+00 
-9.785278e+00 3.631709e+00 
-9.985623e+00 3.611475e+00 
-1.018602e+01 3.589806e+00 
-1.038646e+01 3.566635e+00 
-1.058688e+01 3.541643e+00 
-1.078750e+01 3.514384e+00 
-1.098809e+01 3.484958e+00 
-1.118870e+01 3.453314e+00 
-1.138931e+01 3.419383e+00 
-1.158995e+01 3.383089e+00 
-1.179060e+01 3.344212e+00 
-1.199130e+01 3.302160e+00 
-1.219223e+01 3.256560e+00 
-1.239315e+01 3.207388e+00 
-1.259413e+01 3.154394e+00 
-1.279519e+01 3.097237e+00 
-1.299632e+01 3.035511e+00 
-1.319755e+01 2.968994e+00 
-1.339879e+01 2.897403e+00 
-1.360005e+01 2.820361e+00 
-1.380142e+01 2.737333e+00 
-1.400287e+01 2.647999e+00 
-1.420421e+01 2.552561e+00 
-1.440563e+01 2.450306e+00 
-1.460715e+01 2.340868e+00 
-1.480866e+01 2.223568e+00 
-1.501026e+01 2.097614e+00 
-1.521181e+01 1.963089e+00 
-1.541337e+01 1.818951e+00 
-1.561505e+01 1.663687e+00 
-1.581684e+01 1.496232e+00 
-1.601849e+01 1.316923e+00 
-1.622003e+01 1.124715e+00 
-1.641592e+01 9.232248e-01 
-1.659706e+01 7.216166e-01 
-1.676539e+01 5.198791e-01 
-1.692252e+01 3.183007e-01 
-1.707036e+01 1.169221e-01 
-1.720940e+01 -8.443514e-02 
-1.733988e+01 -2.858497e-01 
-1.746197e+01 -4.873445e-01 
-1.757572e+01 -6.889520e-01 
-1.768119e+01 -8.906462e-01 
-1.777876e+01 -1.092388e+00 
-1.786974e+01 -1.294007e+00 
-1.795447e+01 -1.495388e+00 
-1.803327e+01 -1.696812e+00 
-1.810632e+01 -1.898237e+00 
-1.817381e+01 -2.099654e+00 
-1.823595e+01 -2.301059e+00 
-1.829297e+01 -2.502444e+00 
-1.834504e+01 -2.703799e+00 
-1.839216e+01 -2.905135e+00 
-1.843444e+01 -3.106493e+00 
-1.847202e+01 -3.307837e+00 
-1.850503e+01 -3.509165e+00 
-1.853360e+01 -3.710474e+00 
-1.855785e+01 -3.911761e+00 
-1.857789e+01 -4.113027e+00 
-1.859367e+01 -4.314272e+00 
-1.860477e+01 -4.515565e+00 
-1.861112e+01 -4.716978e+00 
-1.861355e+01 -4.918403e+00 
-1.861231e+01 -5.119583e+00 
-1.860747e+01 -5.320680e+00 
-1.859896e+01 -5.521766e+00 
-1.858673e+01 -5.722868e+00 
-1.857071e+01 -5.923986e+00 
-1.855082e+01 -6.125120e+00 
-1.852699e+01 -6.326272e+00 
-1.849914e+01 -6.527439e+00 
-1.846718e+01 -6.728623e+00 
-1.843101e+01 -6.929823e+00 
-1.839052e+01 -7.131039e+00 
-1.834570e+01 -7.332271e+00 
-1.829720e+01 -7.533499e+00 
-1.824518e+01 -7.734530e+00 
-1.818953e+01 -7.935514e+00 
-1.813017e+01 -8.136504e+00 
-1.806701e+01 -8.337501e+00 
-1.799996e+01 -8.538505e+00 
-1.792894e+01 -8.739514e+00 
-1.785386e+01 -8.940529e+00 
-1.777459e+01 -9.141551e+00 
-1.769103e+01 -9.342577e+00 
-1.760307e+01 -9.543611e+00 
-1.751056e+01 -9.744648e+00 
-1.741338e+01 -9.945695e+00 
-1.731131e+01 -1.014676e+01 
-1.720406e+01 -1.034786e+01 
-1.709131e+01 -1.054896e+01 
-1.697306e+01 -1.075008e+01 
-1.685005e+01 -1.095116e+01 
-1.672228e+01 -1.115206e+01 
-1.658943e+01 -1.135296e+01 
-1.645124e+01 -1.155387e+01 
-1.630744e+01 -1.175478e+01 
-1.615774e+01 -1.195571e+01 
-1.600183e+01 -1.215664e+01 
-1.583937e+01 -1.235758e+01 
-1.567001e+01 -1.255853e+01 
-1.549333e+01 -1.275948e+01 
-1.530890e+01 -1.296044e+01 
-1.511625e+01 -1.316139e+01 
-1.491533e+01 -1.336188e+01 
-1.471441e+01 -1.355384e+01 
-1.451349e+01 -1.373782e+01 
-1.431257e+01 -1.391432e+01 
-1.411167e+01 -1.408382e+01 
-1.391077e+01 -1.424670e+01 
-1.370988e+01 -1.440344e+01 
-1.350903e+01 -1.455497e+01 
-1.330828e+01 -1.470158e+01 
-1.310754e+01 -1.484353e+01 
-1.290681e+01 -1.498101e+01 
-1.270608e+01 -1.511417e+01 
-1.250536e+01 -1.524316e+01 
-1.230464e+01 -1.536814e+01 
-1.210392e+01 -1.548924e+01 
-1.190321e+01 -1.560658e+01 
-1.170251e+01 -1.572029e+01 
-1.150182e+01 -1.583049e+01 
-1.130112e+01 -1.593725e+01 
-1.110039e+01 -1.604047e+01 
-1.089966e+01 -1.614023e+01 
-1.069894e+01 -1.623662e+01 
-1.049822e+01 -1.632973e+01 
-1.029751e+01 -1.641966e+01 
-1.009680e+01 -1.650650e+01 
-9.896108e+00 -1.659033e+01 
-9.695419e+00 -1.667127e+01 
-9.494742e+00 -1.674964e+01 
-9.294135e+00 -1.682554e+01 
-9.093554e+00 -1.689907e+01 
-8.892985e+00 -1.697032e+01 
-8.692430e+00 -1.703936e+01 
-8.491887e+00 -1.710628e+01 
-8.291357e+00 -1.717114e+01 
-8.090860e+00 -1.723411e+01 
-7.890370e+00 -1.729521e+01 
-7.689876e+00 -1.735445e+01 
-7.489379e+00 -1.741183e+01 
-7.288873e+00 -1.746734e+01 
-7.088323e+00 -1.752095e+01 
-6.887770e+00 -1.757251e+01 
-6.687224e+00 -1.762208e+01 
-6.486685e+00 -1.766971e+01 
-6.286152e+00 -1.771543e+01 
-6.085625e+00 -1.775926e+01 
-5.885104e+00 -1.780125e+01 
-5.684589e+00 -1.784143e+01 
-5.484079e+00 -1.787985e+01 
-5.283593e+00 -1.791678e+01 
-5.083188e+00 -1.795231e+01 
-4.882786e+00 -1.798644e+01 
-4.682378e+00 -1.801913e+01 
-4.481964e+00 -1.805039e+01 
-4.281544e+00 -1.808018e+01 
-4.081117e+00 -1.810851e+01 
-3.880678e+00 -1.813533e+01 
-3.680205e+00 -1.816053e+01 
-3.479751e+00 -1.818416e+01 
-3.279324e+00 -1.820634e+01 
-3.078924e+00 -1.822714e+01 
-2.878551e+00 -1.824668e+01 
-2.678194e+00 -1.826503e+01 
-2.477779e+00 -1.828221e+01 
-2.277326e+00 -1.829797e+01 
-2.076874e+00 -1.831223e+01 
-1.876427e+00 -1.832499e+01 
-1.675983e+00 -1.833628e+01 
-1.475542e+00 -1.834611e+01 
-1.275105e+00 -1.835449e+01 
-1.074671e+00 -1.836143e+01 
-8.742444e-01 -1.836697e+01 
-6.738277e-01 -1.837113e+01 
-6.712527e-01 -1.825116e+01 
