-2.999740e+00 2.440001e+00 
-2.799837e+00 2.440868e+00 
-2.599919e+00 2.441410e+00 
-2.399966e+00 2.441681e+00 
-2.200009e+00 2.441794e+00 
-2.000059e+00 2.441764e+00 
-1.800112e+00 2.441567e+00 
-1.600155e+00 2.441193e+00 
-1.400223e+00 2.440678e+00 
-1.200314e+00 2.439936e+00 
-1.000380e+00 2.438891e+00 
-8.004516e-01 2.437625e+00 
-6.005235e-01 2.436120e+00 
-4.005958e-01 2.434376e+00 
-2.006685e-01 2.432391e+00 
-7.345942e-04 2.430163e+00 
1.992166e-01 2.427715e+00 
3.991334e-01 2.425104e+00 
5.990397e-01 2.422217e+00 
7.989415e-01 2.419017e+00 
9.988394e-01 2.415490e+00 
1.198727e+00 2.411623e+00 
1.398590e+00 2.407382e+00 
1.598469e+00 2.402683e+00 
1.798351e+00 2.397582e+00 
1.998236e+00 2.392088e+00 
2.198078e+00 2.386212e+00 
2.397988e+00 2.379804e+00 
2.597905e+00 2.373095e+00 
2.797821e+00 2.366109e+00 
2.997736e+00 2.358844e+00 
3.197649e+00 2.351295e+00 
3.397560e+00 2.343455e+00 
3.597465e+00 2.335319e+00 
3.797364e+00 2.326867e+00 
3.997241e+00 2.318077e+00 
4.197140e+00 2.308876e+00 
4.397041e+00 2.299336e+00 
4.596936e+00 2.289466e+00 
4.796823e+00 2.279247e+00 
4.996721e+00 2.268647e+00 
5.196638e+00 2.257706e+00 
5.396565e+00 2.246487e+00 
5.596473e+00 2.235025e+00 
5.796286e+00 2.223259e+00 
5.996111e+00 2.210865e+00 
6.195948e+00 2.197885e+00 
6.395790e+00 2.184360e+00 
6.595615e+00 2.170304e+00 
6.795422e+00 2.155661e+00 
6.995179e+00 2.140373e+00 
7.194927e+00 2.124273e+00 
7.394664e+00 2.107324e+00 
7.594389e+00 2.089491e+00 
7.794106e+00 2.070733e+00 
7.993829e+00 2.051020e+00 
8.193464e+00 2.030381e+00 
8.393083e+00 2.008507e+00 
8.592669e+00 1.985344e+00 
8.792245e+00 1.960775e+00 
8.991802e+00 1.934766e+00 
9.191331e+00 1.907248e+00 
9.390831e+00 1.878120e+00 
9.590301e+00 1.847277e+00 
9.789665e+00 1.814624e+00 
9.988957e+00 1.779781e+00 
1.018821e+01 1.742476e+00 
1.038740e+01 1.702544e+00 
1.058656e+01 1.659789e+00 
1.078571e+01 1.614012e+00 
1.098482e+01 1.565190e+00 
1.118378e+01 1.513153e+00 
1.138262e+01 1.457334e+00 
1.158136e+01 1.397204e+00 
1.177996e+01 1.332296e+00 
1.197847e+01 1.261989e+00 
1.217692e+01 1.185714e+00 
1.237535e+01 1.103066e+00 
1.257358e+01 1.013786e+00 
1.277169e+01 9.166734e-01 
1.296962e+01 8.107936e-01 
1.316734e+01 6.947896e-01 
1.336474e+01 5.668077e-01 
1.356215e+01 4.235148e-01 
1.375975e+01 2.629407e-01 
1.395703e+01 8.465210e-02 
1.414897e+01 -1.121082e-01 
1.431509e+01 -3.093420e-01 
1.446239e+01 -5.067340e-01 
1.459393e+01 -7.040971e-01 
1.471114e+01 -9.014439e-01 
1.481520e+01 -1.098792e+00 
1.490718e+01 -1.296250e+00 
1.498839e+01 -1.494073e+00 
1.506075e+01 -1.691908e+00 
1.512469e+01 -1.889835e+00 
1.518084e+01 -2.087828e+00 
1.522965e+01 -2.285824e+00 
1.527133e+01 -2.483790e+00 
1.530591e+01 -2.681750e+00 
1.533355e+01 -2.880059e+00 
1.535547e+01 -3.078501e+00 
1.537217e+01 -3.276912e+00 
1.538358e+01 -3.475291e+00 
1.538961e+01 -3.673642e+00 
1.539018e+01 -3.871971e+00 
1.538524e+01 -4.070283e+00 
1.537469e+01 -4.268581e+00 
1.535849e+01 -4.466873e+00 
1.533656e+01 -4.665162e+00 
1.530882e+01 -4.863630e+00 
1.527581e+01 -5.062183e+00 
1.523778e+01 -5.260750e+00 
1.519470e+01 -5.459334e+00 
1.514655e+01 -5.657940e+00 
1.509332e+01 -5.856569e+00 
1.503500e+01 -6.055220e+00 
1.497156e+01 -6.253913e+00 
1.490304e+01 -6.452618e+00 
1.482938e+01 -6.651349e+00 
1.475049e+01 -6.850250e+00 
1.466700e+01 -7.049156e+00 
1.457883e+01 -7.248051e+00 
1.448580e+01 -7.446936e+00 
1.438773e+01 -7.645813e+00 
1.428442e+01 -7.844682e+00 
1.417568e+01 -8.043519e+00 
1.406114e+01 -8.242331e+00 
1.394044e+01 -8.441109e+00 
1.381313e+01 -8.639865e+00 
1.367876e+01 -8.838614e+00 
1.353686e+01 -9.037421e+00 
1.338723e+01 -9.236472e+00 
1.323128e+01 -9.435561e+00 
1.306898e+01 -9.634643e+00 
1.289998e+01 -9.833719e+00 
1.272389e+01 -1.003279e+01 
1.254025e+01 -1.023186e+01 
1.234857e+01 -1.043092e+01 
1.214955e+01 -1.062871e+01 
1.195053e+01 -1.081771e+01 
1.175153e+01 -1.099842e+01 
1.155252e+01 -1.117125e+01 
1.135349e+01 -1.133666e+01 
1.115429e+01 -1.149528e+01 
1.095509e+01 -1.164850e+01 
1.075593e+01 -1.179642e+01 
1.055678e+01 -1.193904e+01 
1.035762e+01 -1.207655e+01 
1.015846e+01 -1.220913e+01 
9.959298e+00 -1.233696e+01 
9.760131e+00 -1.246019e+01 
9.560960e+00 -1.257900e+01 
9.361785e+00 -1.269353e+01 
9.162604e+00 -1.280391e+01 
8.963418e+00 -1.291028e+01 
8.764226e+00 -1.301277e+01 
8.565027e+00 -1.311149e+01 
8.365822e+00 -1.320655e+01 
8.166610e+00 -1.329806e+01 
7.967392e+00 -1.338612e+01 
7.768164e+00 -1.347083e+01 
7.568878e+00 -1.355230e+01 
7.369510e+00 -1.363083e+01 
7.170138e+00 -1.370677e+01 
6.970762e+00 -1.378018e+01 
6.771382e+00 -1.385109e+01 
6.571998e+00 -1.391955e+01 
6.372610e+00 -1.398561e+01 
6.173218e+00 -1.404931e+01 
5.973823e+00 -1.411067e+01 
5.774424e+00 -1.416975e+01 
5.575021e+00 -1.422658e+01 
5.375615e+00 -1.428118e+01 
5.176205e+00 -1.433360e+01 
4.976792e+00 -1.438385e+01 
4.777375e+00 -1.443198e+01 
4.577956e+00 -1.447800e+01 
4.378553e+00 -1.452194e+01 
4.179195e+00 -1.456375e+01 
3.979852e+00 -1.460329e+01 
3.780501e+00 -1.464052e+01 
3.581143e+00 -1.467549e+01 
3.381775e+00 -1.470823e+01 
3.182374e+00 -1.473881e+01 
2.982970e+00 -1.476732e+01 
2.783566e+00 -1.479380e+01 
2.584161e+00 -1.481825e+01 
2.384755e+00 -1.484068e+01 
2.185349e+00 -1.486110e+01 
1.985939e+00 -1.487952e+01 
1.786501e+00 -1.489596e+01 
1.587038e+00 -1.491051e+01 
1.387570e+00 -1.492327e+01 
1.188099e+00 -1.493424e+01 
9.886239e-01 -1.494346e+01 
7.891465e-01 -1.495092e+01 
5.896665e-01 -1.495665e+01 
5.920669e-01 -1.507662e+01 
7.925868e-01 -1.507087e+01 
9.931094e-01 -1.506338e+01 
1.193635e+00 -1.505412e+01 
1.394163e+00 -1.504309e+01 
1.594695e+00 -1.503027e+01 
1.795233e+00 -1.501564e+01 
1.995795e+00 -1.499911e+01 
2.196384e+00 -1.498059e+01 
2.396978e+00 -1.496005e+01 
2.597573e+00 -1.493750e+01 
2.798168e+00 -1.491291e+01 
2.998763e+00 -1.488628e+01 
3.199359e+00 -1.485760e+01 
3.399959e+00 -1.482685e+01 
3.600591e+00 -1.479390e+01 
3.801232e+00 -1.475871e+01 
4.001881e+00 -1.472125e+01 
4.202538e+00 -1.468146e+01 
4.403181e+00 -1.463939e+01 
4.603778e+00 -1.459519e+01 
4.804358e+00 -1.454890e+01 
5.004942e+00 -1.450050e+01 
5.205528e+00 -1.444996e+01 
5.406119e+00 -1.439724e+01 
5.606712e+00 -1.434232e+01 
5.807310e+00 -1.428516e+01 
6.007910e+00 -1.422573e+01 
6.208515e+00 -1.416400e+01 
6.409123e+00 -1.409992e+01 
6.609736e+00 -1.403346e+01 
6.810352e+00 -1.396458e+01 
7.010972e+00 -1.389324e+01 
7.211596e+00 -1.381938e+01 
7.412223e+00 -1.374297e+01 
7.612855e+00 -1.366395e+01 
7.813570e+00 -1.358191e+01 
8.014341e+00 -1.349656e+01 
8.215123e+00 -1.340782e+01 
8.415911e+00 -1.331560e+01 
8.616706e+00 -1.321979e+01 
8.817508e+00 -1.312029e+01 
9.018315e+00 -1.301699e+01 
9.219129e+00 -1.290976e+01 
9.419948e+00 -1.279849e+01 
9.620773e+00 -1.268303e+01 
9.821602e+00 -1.256325e+01 
1.002244e+01 -1.243900e+01 
1.022327e+01 -1.231012e+01 
1.042411e+01 -1.217645e+01 
1.062496e+01 -1.203780e+01 
1.082580e+01 -1.189398e+01 
1.102664e+01 -1.174483e+01 
1.122745e+01 -1.159039e+01 
1.142824e+01 -1.143054e+01 
1.162921e+01 -1.126354e+01 
1.183021e+01 -1.108902e+01 
1.203120e+01 -1.090656e+01 
1.223218e+01 -1.071573e+01 
1.243316e+01 -1.051603e+01 
1.262669e+01 -1.031509e+01 
1.281209e+01 -1.011416e+01 
1.298986e+01 -9.913231e+00 
1.316046e+01 -9.712307e+00 
1.332428e+01 -9.511389e+00 
1.348170e+01 -9.310478e+00 
1.363278e+01 -9.109529e+00 
1.377643e+01 -8.908336e+00 
1.391254e+01 -8.707085e+00 
1.404149e+01 -8.505841e+00 
1.416370e+01 -8.304619e+00 
1.427965e+01 -8.103431e+00 
1.438970e+01 -7.902268e+00 
1.449422e+01 -7.701137e+00 
1.459342e+01 -7.500014e+00 
1.468752e+01 -7.298899e+00 
1.477670e+01 -7.097794e+00 
1.486113e+01 -6.896700e+00 
1.494093e+01 -6.695601e+00 
1.501556e+01 -6.494332e+00 
1.508500e+01 -6.293037e+00 
1.514931e+01 -6.091730e+00 
1.520846e+01 -5.890382e+00 
1.526246e+01 -5.689010e+00 
1.531132e+01 -5.487617e+00 
1.535505e+01 -5.286200e+00 
1.539366e+01 -5.084767e+00 
1.542719e+01 -4.883320e+00 
1.545541e+01 -4.681788e+00 
1.547776e+01 -4.480077e+00 
1.549429e+01 -4.278369e+00 
1.550507e+01 -4.076667e+00 
1.551015e+01 -3.874979e+00 
1.550961e+01 -3.673308e+00 
1.550352e+01 -3.471659e+00 
1.549198e+01 -3.270038e+00 
1.547505e+01 -3.068449e+00 
1.545282e+01 -2.866892e+00 
1.542476e+01 -2.665200e+00 
1.538954e+01 -2.463160e+00 
1.534708e+01 -2.261126e+00 
1.529735e+01 -2.059122e+00 
1.524014e+01 -1.857115e+00 
1.517494e+01 -1.655042e+00 
1.510110e+01 -1.452877e+00 
1.501819e+01 -1.250700e+00 
1.492400e+01 -1.048158e+00 
1.481731e+01 -8.455062e-01 
1.469712e+01 -6.428530e-01 
1.456227e+01 -4.402161e-01 
1.441129e+01 -2.376081e-01 
1.424079e+01 -3.484191e-02 
1.404297e+01 1.683978e-01 
1.384025e+01 3.519339e-01 
1.363785e+01 5.166190e-01 
1.343526e+01 6.638953e-01 
1.323266e+01 7.954555e-01 
1.303038e+01 9.142784e-01 
1.282831e+01 1.022474e+00 
1.262642e+01 1.121527e+00 
1.242465e+01 1.212474e+00 
1.222308e+01 1.296484e+00 
1.202153e+01 1.373996e+00 
1.182004e+01 1.445407e+00 
1.161864e+01 1.511264e+00 
1.141738e+01 1.572189e+00 
1.121622e+01 1.628685e+00 
1.101518e+01 1.681284e+00 
1.081429e+01 1.730559e+00 
1.061344e+01 1.776739e+00 
1.041260e+01 1.819870e+00 
1.021179e+01 1.860135e+00 
1.001104e+01 1.897731e+00 
9.810335e+00 1.932831e+00 
9.609699e+00 1.965699e+00 
9.409169e+00 1.996710e+00 
9.208669e+00 2.025989e+00 
9.008198e+00 2.053641e+00 
8.807755e+00 2.079768e+00 
8.607331e+00 2.104445e+00 
8.406917e+00 2.127707e+00 
8.206536e+00 2.149667e+00 
8.006171e+00 2.170384e+00 
7.805894e+00 2.190153e+00 
7.605611e+00 2.208965e+00 
7.405336e+00 2.226848e+00 
7.205073e+00 2.243843e+00 
7.004821e+00 2.259986e+00 
6.804578e+00 2.275311e+00 
6.604385e+00 2.289983e+00 
6.404210e+00 2.304064e+00 
6.204052e+00 2.317611e+00 
6.003889e+00 2.330613e+00 
5.803714e+00 2.343029e+00 
5.603527e+00 2.354817e+00 
5.403435e+00 2.366290e+00 
5.203362e+00 2.377518e+00 
5.003279e+00 2.388468e+00 
4.803177e+00 2.399078e+00 
4.603064e+00 2.409310e+00 
4.402959e+00 2.419190e+00 
4.202860e+00 2.428740e+00 
4.002759e+00 2.437950e+00 
3.802636e+00 2.446751e+00 
3.602535e+00 2.455212e+00 
3.402440e+00 2.463356e+00 
3.202351e+00 2.471203e+00 
3.002264e+00 2.478758e+00 
2.802179e+00 2.486030e+00 
2.602095e+00 2.493021e+00 
2.402012e+00 2.499736e+00 
2.201922e+00 2.506150e+00 
2.001764e+00 2.512036e+00 
1.801649e+00 2.517537e+00 
1.601531e+00 2.522644e+00 
1.401410e+00 2.527349e+00 
1.201273e+00 2.531596e+00 
1.001161e+00 2.535468e+00 
8.010585e-01 2.538998e+00 
6.009603e-01 2.542202e+00 
4.008666e-01 2.545092e+00 
2.007834e-01 2.547705e+00 
7.345942e-04 2.550154e+00 
-1.993315e-01 2.552383e+00 
-3.994042e-01 2.554370e+00 
-5.994765e-01 2.556116e+00 
-7.995484e-01 2.557622e+00 
-9.996201e-01 2.558889e+00 
-1.199686e+00 2.559935e+00 
-1.399777e+00 2.560677e+00 
-1.599845e+00 2.561193e+00 
-1.799888e+00 2.561566e+00 
-1.999941e+00 2.561764e+00 
-2.199991e+00 2.561794e+00 
-2.400034e+00 2.561681e+00 
-2.600081e+00 2.561410e+00 
-2.800163e+00 2.560868e+00 
-3.000260e+00 2.559999e+00 
-2.999740e+00 2.440001e+00 
