-1.287607e+00 3.264370e+01 
-1.488261e+00 3.264114e+01 
-1.689242e+00 3.263639e+01 
-1.889665e+00 3.262838e+01 
-2.089619e+00 3.261898e+01 
-2.289092e+00 3.260974e+01 
-2.488555e+00 3.260227e+01 
-2.687867e+00 3.259658e+01 
-2.887607e+00 3.259318e+01 
-3.087756e+00 3.259064e+01 
-3.288274e+00 3.258760e+01 
-3.488478e+00 3.258283e+01 
-3.688493e+00 3.257739e+01 
-3.888851e+00 3.257188e+01 
-4.089630e+00 3.256516e+01 
-4.290147e+00 3.255584e+01 
-4.489636e+00 3.254485e+01 
-4.689316e+00 3.253555e+01 
-4.889233e+00 3.252731e+01 
-5.089385e+00 3.251934e+01 
-5.289791e+00 3.251085e+01 
-5.490668e+00 3.250097e+01 
-5.691352e+00 3.248816e+01 
-5.890570e+00 3.247315e+01 
-6.089980e+00 3.246074e+01 
-6.289966e+00 3.245028e+01 
-6.490463e+00 3.243984e+01 
-6.690373e+00 3.242776e+01 
-6.889682e+00 3.241602e+01 
-7.089363e+00 3.240657e+01 
-7.289310e+00 3.239817e+01 
-7.489568e+00 3.238994e+01 
-7.690180e+00 3.238083e+01 
-7.891184e+00 3.236963e+01 
-8.092919e+00 3.235498e+01 
-8.293962e+00 3.233452e+01 
-8.494327e+00 3.231058e+01 
-8.693207e+00 3.228558e+01 
-8.892691e+00 3.226431e+01 
-9.092978e+00 3.224470e+01 
-9.293787e+00 3.222406e+01 
-9.494888e+00 3.220063e+01 
-9.695000e+00 3.217356e+01 
-9.894197e+00 3.214623e+01 
-1.009352e+01 3.212162e+01 
-1.029303e+01 3.209927e+01 
-1.049295e+01 3.207854e+01 
-1.069341e+01 3.205804e+01 
-1.089411e+01 3.203596e+01 
-1.109486e+01 3.201145e+01 
-1.129565e+01 3.198438e+01 
-1.149603e+01 3.195465e+01 
-1.169618e+01 3.192365e+01 
-1.189674e+01 3.189204e+01 
-1.209737e+01 3.185849e+01 
-1.229803e+01 3.182274e+01 
-1.249869e+01 3.178467e+01 
-1.269892e+01 3.174435e+01 
-1.289895e+01 3.170325e+01 
-1.309906e+01 3.166204e+01 
-1.329953e+01 3.162037e+01 
-1.350022e+01 3.157696e+01 
-1.370074e+01 3.153112e+01 
-1.390131e+01 3.148339e+01 
-1.410196e+01 3.143354e+01 
-1.430270e+01 3.138129e+01 
-1.450358e+01 3.132624e+01 
-1.470464e+01 3.126782e+01 
-1.490581e+01 3.120532e+01 
-1.510655e+01 3.113844e+01 
-1.530723e+01 3.106867e+01 
-1.550792e+01 3.099619e+01 
-1.570863e+01 3.092089e+01 
-1.590935e+01 3.084267e+01 
-1.611009e+01 3.076144e+01 
-1.631083e+01 3.067709e+01 
-1.651158e+01 3.058954e+01 
-1.671237e+01 3.049869e+01 
-1.691334e+01 3.040421e+01 
-1.711431e+01 3.030529e+01 
-1.731523e+01 3.020183e+01 
-1.751611e+01 3.009397e+01 
-1.771704e+01 2.998170e+01 
-1.791804e+01 2.986462e+01 
-1.811909e+01 2.974224e+01 
-1.832021e+01 2.961405e+01 
-1.852138e+01 2.947946e+01 
-1.872246e+01 2.933792e+01 
-1.892349e+01 2.918963e+01 
-1.912455e+01 2.903453e+01 
-1.932564e+01 2.887206e+01 
-1.952675e+01 2.870159e+01 
-1.972789e+01 2.852240e+01 
-1.992898e+01 2.833377e+01 
-2.013010e+01 2.813539e+01 
-2.032343e+01 2.793424e+01 
-2.050681e+01 2.773309e+01 
-2.068098e+01 2.753196e+01 
-2.084662e+01 2.733084e+01 
-2.100432e+01 2.712974e+01 
-2.115465e+01 2.692866e+01 
-2.129812e+01 2.672760e+01 
-2.143510e+01 2.652653e+01 
-2.156590e+01 2.632548e+01 
-2.169081e+01 2.612444e+01 
-2.181012e+01 2.592341e+01 
-2.192409e+01 2.572239e+01 
-2.203294e+01 2.552138e+01 
-2.213691e+01 2.532039e+01 
-2.223620e+01 2.511942e+01 
-2.233101e+01 2.491846e+01 
-2.242152e+01 2.471751e+01 
-2.250791e+01 2.451659e+01 
-2.259033e+01 2.431568e+01 
-2.266893e+01 2.411479e+01 
-2.274387e+01 2.391391e+01 
-2.281527e+01 2.371305e+01 
-2.288326e+01 2.351221e+01 
-2.294797e+01 2.331139e+01 
-2.300950e+01 2.311058e+01 
-2.306796e+01 2.290977e+01 
-2.312335e+01 2.270893e+01 
-2.317562e+01 2.250810e+01 
-2.322486e+01 2.230726e+01 
-2.327104e+01 2.210644e+01 
-2.331425e+01 2.190563e+01 
-2.335458e+01 2.170484e+01 
-2.339210e+01 2.150406e+01 
-2.342689e+01 2.130329e+01 
-2.345901e+01 2.110254e+01 
-2.348852e+01 2.090180e+01 
-2.351548e+01 2.070107e+01 
-2.353994e+01 2.050036e+01 
-2.356196e+01 2.029965e+01 
-2.358157e+01 2.009895e+01 
-2.359882e+01 1.989827e+01 
-2.361376e+01 1.969759e+01 
-2.362641e+01 1.949692e+01 
-2.363682e+01 1.929621e+01 
-2.364484e+01 1.909543e+01 
-2.365026e+01 1.889464e+01 
-2.365304e+01 1.869384e+01 
-2.365313e+01 1.849303e+01 
-2.365050e+01 1.829220e+01 
-2.364511e+01 1.809137e+01 
-2.363691e+01 1.789052e+01 
-2.362586e+01 1.768966e+01 
-2.361192e+01 1.748879e+01 
-2.359505e+01 1.728791e+01 
-2.357519e+01 1.708702e+01 
-2.355229e+01 1.688612e+01 
-2.352634e+01 1.668533e+01 
-2.349766e+01 1.648457e+01 
-2.346633e+01 1.628370e+01 
-2.343195e+01 1.608272e+01 
-2.339409e+01 1.588154e+01 
-2.335205e+01 1.568037e+01 
-2.330579e+01 1.547920e+01 
-2.325528e+01 1.527805e+01 
-2.320051e+01 1.507694e+01 
-2.314159e+01 1.487587e+01 
-2.307857e+01 1.467483e+01 
-2.301153e+01 1.447384e+01 
-2.294057e+01 1.427287e+01 
-2.286572e+01 1.407192e+01 
-2.278698e+01 1.387099e+01 
-2.270435e+01 1.367008e+01 
-2.261781e+01 1.346918e+01 
-2.252736e+01 1.326830e+01 
-2.243298e+01 1.306743e+01 
-2.233449e+01 1.286628e+01 
-2.223059e+01 1.266510e+01 
-2.212095e+01 1.246395e+01 
-2.200555e+01 1.226284e+01 
-2.188433e+01 1.206176e+01 
-2.175718e+01 1.186055e+01 
-2.162312e+01 1.165932e+01 
-2.148171e+01 1.145812e+01 
-2.133281e+01 1.125695e+01 
-2.117621e+01 1.105583e+01 
-2.101174e+01 1.085474e+01 
-2.083919e+01 1.065366e+01 
-2.065792e+01 1.045242e+01 
-2.046623e+01 1.025129e+01 
-2.026517e+01 1.005120e+01 
-2.006408e+01 9.860684e+00 
-1.986300e+01 9.679397e+00 
-1.966193e+01 9.506714e+00 
-1.946088e+01 9.342001e+00 
-1.925994e+01 9.184753e+00 
-1.905890e+01 9.033716e+00 
-1.885779e+01 8.889335e+00 
-1.865673e+01 8.751771e+00 
-1.845573e+01 8.620403e+00 
-1.825478e+01 8.494684e+00 
-1.805389e+01 8.374118e+00 
-1.785309e+01 8.258281e+00 
-1.765232e+01 8.146507e+00 
-1.745122e+01 8.038370e+00 
-1.725017e+01 7.935552e+00 
-1.704919e+01 7.837719e+00 
-1.684830e+01 7.744340e+00 
-1.664747e+01 7.654967e+00 
-1.644668e+01 7.569205e+00 
-1.624579e+01 7.486801e+00 
-1.604492e+01 7.408090e+00 
-1.584406e+01 7.332979e+00 
-1.564321e+01 7.261359e+00 
-1.544237e+01 7.193126e+00 
-1.524148e+01 7.128128e+00 
-1.504062e+01 7.066607e+00 
-1.483982e+01 7.008346e+00 
-1.463907e+01 6.953115e+00 
-1.443835e+01 6.900691e+00 
-1.423763e+01 6.850919e+00 
-1.403686e+01 6.803735e+00 
-1.383608e+01 6.759320e+00 
-1.363533e+01 6.717726e+00 
-1.343464e+01 6.678802e+00 
-1.323396e+01 6.642316e+00 
-1.303329e+01 6.608211e+00 
-1.283266e+01 6.576449e+00 
-1.263211e+01 6.546851e+00 
-1.243163e+01 6.519159e+00 
-1.223112e+01 6.493132e+00 
-1.203062e+01 6.468845e+00 
-1.183015e+01 6.446258e+00 
-1.162975e+01 6.425285e+00 
-1.142941e+01 6.405676e+00 
-1.122914e+01 6.387210e+00 
-1.102888e+01 6.369671e+00 
-1.082864e+01 6.352992e+00 
-1.062841e+01 6.337126e+00 
-1.042806e+01 6.322050e+00 
-1.022774e+01 6.308127e+00 
-1.002752e+01 6.295302e+00 
-9.827371e+00 6.283218e+00 
-9.627226e+00 6.271629e+00 
-9.427046e+00 6.260524e+00 
-9.226873e+00 6.250023e+00 
-9.026707e+00 6.240100e+00 
-8.826558e+00 6.230735e+00 
-8.626412e+00 6.221868e+00 
-8.426308e+00 6.213493e+00 
-8.226245e+00 6.205465e+00 
-8.026171e+00 6.197649e+00 
-7.826094e+00 6.190078e+00 
-7.626010e+00 6.182767e+00 
-7.425965e+00 6.175736e+00 
-7.225912e+00 6.168857e+00 
-7.025860e+00 6.162152e+00 
-6.825799e+00 6.155623e+00 
-6.822006e+00 6.275563e+00 
-7.021945e+00 6.282089e+00 
-7.221893e+00 6.288789e+00 
-7.421840e+00 6.295665e+00 
-7.621795e+00 6.302693e+00 
-7.821712e+00 6.309998e+00 
-8.021634e+00 6.317563e+00 
-8.221560e+00 6.325373e+00 
-8.421497e+00 6.333397e+00 
-8.621394e+00 6.341763e+00 
-8.821247e+00 6.350618e+00 
-9.021098e+00 6.359969e+00 
-9.220932e+00 6.369876e+00 
-9.420759e+00 6.380359e+00 
-9.620579e+00 6.391445e+00 
-9.820434e+00 6.403017e+00 
-1.002029e+01 6.415084e+00 
-1.022007e+01 6.427881e+00 
-1.041974e+01 6.441761e+00 
-1.061940e+01 6.456787e+00 
-1.081916e+01 6.472617e+00 
-1.101892e+01 6.489257e+00 
-1.121867e+01 6.506752e+00 
-1.141839e+01 6.525170e+00 
-1.161806e+01 6.544715e+00 
-1.181766e+01 6.565606e+00 
-1.201718e+01 6.588091e+00 
-1.221669e+01 6.612261e+00 
-1.241618e+01 6.638161e+00 
-1.261569e+01 6.665722e+00 
-1.281514e+01 6.695162e+00 
-1.301452e+01 6.726735e+00 
-1.321385e+01 6.760619e+00 
-1.341317e+01 6.796866e+00 
-1.361248e+01 6.835530e+00 
-1.381173e+01 6.876824e+00 
-1.401094e+01 6.920902e+00 
-1.421017e+01 6.967735e+00 
-1.440946e+01 7.017163e+00 
-1.460874e+01 7.069219e+00 
-1.480799e+01 7.124046e+00 
-1.500718e+01 7.181853e+00 
-1.520633e+01 7.242865e+00 
-1.540543e+01 7.307298e+00 
-1.560460e+01 7.374979e+00 
-1.580375e+01 7.446007e+00 
-1.600289e+01 7.520487e+00 
-1.620201e+01 7.598528e+00 
-1.640113e+01 7.680225e+00 
-1.660033e+01 7.765321e+00 
-1.679951e+01 7.853972e+00 
-1.699861e+01 7.946536e+00 
-1.719764e+01 8.043444e+00 
-1.739658e+01 8.145207e+00 
-1.759548e+01 8.252193e+00 
-1.779472e+01 8.363126e+00 
-1.799392e+01 8.478060e+00 
-1.819303e+01 8.597574e+00 
-1.839208e+01 8.722131e+00 
-1.859108e+01 8.852217e+00 
-1.879002e+01 8.988368e+00 
-1.898891e+01 9.131192e+00 
-1.918786e+01 9.280692e+00 
-1.938692e+01 9.436500e+00 
-1.958588e+01 9.599535e+00 
-1.978481e+01 9.770427e+00 
-1.998372e+01 9.949805e+00 
-2.018263e+01 1.013830e+01 
-2.038158e+01 1.033634e+01 
-2.057104e+01 1.053520e+01 
-2.075002e+01 1.073397e+01 
-2.092067e+01 1.093288e+01 
-2.108332e+01 1.113180e+01 
-2.123812e+01 1.133067e+01 
-2.138526e+01 1.152951e+01 
-2.152494e+01 1.172831e+01 
-2.165731e+01 1.192707e+01 
-2.178289e+01 1.212586e+01 
-2.190277e+01 1.232479e+01 
-2.201687e+01 1.252367e+01 
-2.212522e+01 1.272252e+01 
-2.222786e+01 1.292134e+01 
-2.232521e+01 1.312020e+01 
-2.241875e+01 1.331932e+01 
-2.250839e+01 1.351844e+01 
-2.259414e+01 1.371755e+01 
-2.267600e+01 1.391663e+01 
-2.275400e+01 1.411570e+01 
-2.282812e+01 1.431475e+01 
-2.289838e+01 1.451379e+01 
-2.296473e+01 1.471279e+01 
-2.302709e+01 1.491176e+01 
-2.308535e+01 1.511068e+01 
-2.313950e+01 1.530958e+01 
-2.318940e+01 1.550842e+01 
-2.323510e+01 1.570725e+01 
-2.327662e+01 1.590608e+01 
-2.331402e+01 1.610491e+01 
-2.334804e+01 1.630393e+01 
-2.337909e+01 1.650306e+01 
-2.340754e+01 1.670230e+01 
-2.343328e+01 1.690150e+01 
-2.345596e+01 1.710060e+01 
-2.347563e+01 1.729971e+01 
-2.349235e+01 1.749883e+01 
-2.350615e+01 1.769796e+01 
-2.351709e+01 1.789711e+01 
-2.352521e+01 1.809626e+01 
-2.353054e+01 1.829542e+01 
-2.353314e+01 1.849460e+01 
-2.353304e+01 1.869378e+01 
-2.353027e+01 1.889298e+01 
-2.352488e+01 1.909219e+01 
-2.351691e+01 1.929141e+01 
-2.350657e+01 1.949070e+01 
-2.349399e+01 1.969004e+01 
-2.347915e+01 1.988936e+01 
-2.346201e+01 2.008867e+01 
-2.344253e+01 2.028798e+01 
-2.342066e+01 2.048727e+01 
-2.339636e+01 2.068655e+01 
-2.336959e+01 2.088582e+01 
-2.334029e+01 2.108508e+01 
-2.330840e+01 2.128433e+01 
-2.327387e+01 2.148357e+01 
-2.323662e+01 2.168279e+01 
-2.319660e+01 2.188200e+01 
-2.315373e+01 2.208119e+01 
-2.310791e+01 2.228036e+01 
-2.305907e+01 2.247952e+01 
-2.300722e+01 2.267870e+01 
-2.295228e+01 2.287786e+01 
-2.289428e+01 2.307704e+01 
-2.283323e+01 2.327623e+01 
-2.276904e+01 2.347541e+01 
-2.270161e+01 2.367457e+01 
-2.263080e+01 2.387371e+01 
-2.255650e+01 2.407284e+01 
-2.247858e+01 2.427195e+01 
-2.239689e+01 2.447104e+01 
-2.231128e+01 2.467011e+01 
-2.222160e+01 2.486917e+01 
-2.212767e+01 2.506821e+01 
-2.202932e+01 2.526723e+01 
-2.192636e+01 2.546624e+01 
-2.181857e+01 2.566524e+01 
-2.170574e+01 2.586422e+01 
-2.158762e+01 2.606319e+01 
-2.146397e+01 2.626214e+01 
-2.133451e+01 2.646109e+01 
-2.119895e+01 2.666003e+01 
-2.105697e+01 2.685896e+01 
-2.090822e+01 2.705788e+01 
-2.075220e+01 2.725678e+01 
-2.058836e+01 2.745567e+01 
-2.041610e+01 2.765453e+01 
-2.023476e+01 2.785339e+01 
-2.004359e+01 2.805223e+01 
-1.984471e+01 2.824833e+01 
-1.964580e+01 2.843488e+01 
-1.944694e+01 2.861198e+01 
-1.924805e+01 2.878052e+01 
-1.904914e+01 2.894119e+01 
-1.885020e+01 2.909461e+01 
-1.865123e+01 2.924134e+01 
-1.845231e+01 2.938132e+01 
-1.825349e+01 2.951431e+01 
-1.805460e+01 2.964105e+01 
-1.785565e+01 2.976211e+01 
-1.765665e+01 2.987801e+01 
-1.745758e+01 2.998921e+01 
-1.725846e+01 3.009611e+01 
-1.705938e+01 3.019860e+01 
-1.686035e+01 3.029655e+01 
-1.666132e+01 3.039009e+01 
-1.646211e+01 3.048021e+01 
-1.626286e+01 3.056710e+01 
-1.606360e+01 3.065081e+01 
-1.586434e+01 3.073144e+01 
-1.566506e+01 3.080908e+01 
-1.546577e+01 3.088383e+01 
-1.526647e+01 3.095580e+01 
-1.506714e+01 3.102509e+01 
-1.486788e+01 3.109147e+01 
-1.466905e+01 3.115322e+01 
-1.447011e+01 3.121100e+01 
-1.427099e+01 3.126555e+01 
-1.407173e+01 3.131741e+01 
-1.387238e+01 3.136692e+01 
-1.367295e+01 3.141438e+01 
-1.347348e+01 3.145997e+01 
-1.327416e+01 3.150308e+01 
-1.307463e+01 3.154455e+01 
-1.287474e+01 3.158572e+01 
-1.267477e+01 3.162681e+01 
-1.247500e+01 3.166703e+01 
-1.227566e+01 3.170484e+01 
-1.207632e+01 3.174035e+01 
-1.187695e+01 3.177369e+01 
-1.167751e+01 3.180511e+01 
-1.147766e+01 3.183606e+01 
-1.127804e+01 3.186568e+01 
-1.107883e+01 3.189253e+01 
-1.087958e+01 3.191684e+01 
-1.068029e+01 3.193876e+01 
-1.048074e+01 3.195916e+01 
-1.028066e+01 3.197991e+01 
-1.008017e+01 3.200236e+01 
-9.879494e+00 3.202714e+01 
-9.678691e+00 3.205468e+01 
-9.478803e+00 3.208171e+01 
-9.279905e+00 3.210487e+01 
-9.080713e+00 3.212533e+01 
-8.881000e+00 3.214488e+01 
-8.680484e+00 3.216625e+01 
-8.479364e+00 3.219152e+01 
-8.279730e+00 3.221536e+01 
-8.080772e+00 3.223560e+01 
-7.882507e+00 3.224994e+01 
-7.683511e+00 3.226101e+01 
-7.484124e+00 3.227006e+01 
-7.284381e+00 3.227828e+01 
-7.084328e+00 3.228668e+01 
-6.884009e+00 3.229616e+01 
-6.683318e+00 3.230797e+01 
-6.483228e+00 3.232006e+01 
-6.283725e+00 3.233044e+01 
-6.083712e+00 3.234091e+01 
-5.883121e+00 3.235338e+01 
-5.682340e+00 3.236850e+01 
-5.483023e+00 3.238122e+01 
-5.283901e+00 3.239100e+01 
-5.084306e+00 3.239945e+01 
-4.884459e+00 3.240741e+01 
-4.684375e+00 3.241565e+01 
-4.484055e+00 3.242498e+01 
-4.283544e+00 3.243603e+01 
-4.084061e+00 3.244529e+01 
-3.884841e+00 3.245195e+01 
-3.685198e+00 3.245743e+01 
-3.485214e+00 3.246287e+01 
-3.285417e+00 3.246763e+01 
-3.085935e+00 3.247066e+01 
-2.886084e+00 3.247319e+01 
-2.685824e+00 3.247660e+01 
-2.485136e+00 3.248232e+01 
-2.284600e+00 3.248983e+01 
-2.084072e+00 3.249910e+01 
-1.884026e+00 3.250851e+01 
-1.684449e+00 3.251649e+01 
-1.485431e+00 3.252118e+01 
-1.286084e+00 3.252371e+01 
-1.287607e+00 3.264370e+01 
