-1.431927e+00 -2.111449e+01 
-1.631414e+00 -2.111076e+01 
-1.830894e+00 -2.110562e+01 
-2.030650e+00 -2.109845e+01 
-2.230388e+00 -2.109000e+01 
-2.430106e+00 -2.108090e+01 
-2.629848e+00 -2.107163e+01 
-2.829823e+00 -2.106235e+01 
-3.029930e+00 -2.105318e+01 
-3.230069e+00 -2.104420e+01 
-3.430190e+00 -2.103552e+01 
-3.629857e+00 -2.102650e+01 
-3.829083e+00 -2.101581e+01 
-4.028231e+00 -2.100292e+01 
-4.227862e+00 -2.098766e+01 
-4.427775e+00 -2.097030e+01 
-4.627666e+00 -2.095266e+01 
-4.827533e+00 -2.093452e+01 
-5.027378e+00 -2.091579e+01 
-5.227193e+00 -2.089640e+01 
-5.426926e+00 -2.087625e+01 
-5.626580e+00 -2.085525e+01 
-5.826215e+00 -2.083331e+01 
-6.025804e+00 -2.081040e+01 
-6.225395e+00 -2.078603e+01 
-6.425049e+00 -2.076039e+01 
-6.624728e+00 -2.073370e+01 
-6.824431e+00 -2.070602e+01 
-7.024157e+00 -2.067745e+01 
-7.223836e+00 -2.064809e+01 
-7.423452e+00 -2.061799e+01 
-7.623067e+00 -2.058678e+01 
-7.822679e+00 -2.055422e+01 
-8.022284e+00 -2.052015e+01 
-8.221912e+00 -2.048475e+01 
-8.421630e+00 -2.044834e+01 
-8.621438e+00 -2.041121e+01 
-8.821165e+00 -2.037369e+01 
-9.020530e+00 -2.033529e+01 
-9.219759e+00 -2.029490e+01 
-9.419244e+00 -2.025212e+01 
-9.619090e+00 -2.020679e+01 
-9.818815e+00 -2.016000e+01 
-1.001841e+01 -2.011280e+01 
-1.021798e+01 -2.006474e+01 
-1.041753e+01 -2.001530e+01 
-1.061706e+01 -1.996400e+01 
-1.081656e+01 -1.991074e+01 
-1.101604e+01 -1.985568e+01 
-1.121550e+01 -1.979871e+01 
-1.141495e+01 -1.973973e+01 
-1.161437e+01 -1.967868e+01 
-1.181366e+01 -1.961553e+01 
-1.201295e+01 -1.954967e+01 
-1.221223e+01 -1.948106e+01 
-1.241150e+01 -1.940965e+01 
-1.261077e+01 -1.933540e+01 
-1.281003e+01 -1.925822e+01 
-1.300929e+01 -1.917805e+01 
-1.320864e+01 -1.909475e+01 
-1.340802e+01 -1.900824e+01 
-1.360738e+01 -1.891883e+01 
-1.380674e+01 -1.882668e+01 
-1.400608e+01 -1.873169e+01 
-1.420541e+01 -1.863385e+01 
-1.440475e+01 -1.853309e+01 
-1.460406e+01 -1.842926e+01 
-1.480334e+01 -1.832215e+01 
-1.500260e+01 -1.821155e+01 
-1.520182e+01 -1.809722e+01 
-1.540102e+01 -1.797891e+01 
-1.560019e+01 -1.785635e+01 
-1.579936e+01 -1.772925e+01 
-1.599852e+01 -1.759752e+01 
-1.619765e+01 -1.746086e+01 
-1.639676e+01 -1.731891e+01 
-1.659585e+01 -1.717127e+01 
-1.679502e+01 -1.701741e+01 
-1.699419e+01 -1.685721e+01 
-1.719334e+01 -1.669101e+01 
-1.739247e+01 -1.651837e+01 
-1.759159e+01 -1.633881e+01 
-1.779069e+01 -1.615177e+01 
-1.798977e+01 -1.595665e+01 
-1.818410e+01 -1.575762e+01 
-1.836994e+01 -1.555862e+01 
-1.854768e+01 -1.535965e+01 
-1.871794e+01 -1.516068e+01 
-1.888065e+01 -1.496171e+01 
-1.903623e+01 -1.476273e+01 
-1.918505e+01 -1.456375e+01 
-1.932748e+01 -1.436475e+01 
-1.946383e+01 -1.416574e+01 
-1.959446e+01 -1.396673e+01 
-1.971962e+01 -1.376770e+01 
-1.983957e+01 -1.356865e+01 
-1.995455e+01 -1.336960e+01 
-2.006476e+01 -1.317053e+01 
-2.017042e+01 -1.297145e+01 
-2.027171e+01 -1.277235e+01 
-2.036879e+01 -1.257324e+01 
-2.046184e+01 -1.237412e+01 
-2.055101e+01 -1.217498e+01 
-2.063644e+01 -1.197583e+01 
-2.071826e+01 -1.177666e+01 
-2.079660e+01 -1.157748e+01 
-2.087158e+01 -1.137828e+01 
-2.094331e+01 -1.117907e+01 
-2.101190e+01 -1.097985e+01 
-2.107740e+01 -1.078074e+01 
-2.113992e+01 -1.058174e+01 
-2.119949e+01 -1.038274e+01 
-2.125543e+01 -1.018373e+01 
-2.130775e+01 -9.984716e+00 
-2.135649e+01 -9.785698e+00 
-2.140174e+01 -9.586672e+00 
-2.144355e+01 -9.387640e+00 
-2.148198e+01 -9.188600e+00 
-2.151707e+01 -8.989546e+00 
-2.154889e+01 -8.790474e+00 
-2.157750e+01 -8.591384e+00 
-2.160298e+01 -8.392277e+00 
-2.162540e+01 -8.193154e+00 
-2.164483e+01 -7.994016e+00 
-2.166135e+01 -7.794863e+00 
-2.167500e+01 -7.595695e+00 
-2.168586e+01 -7.396514e+00 
-2.169396e+01 -7.197321e+00 
-2.169936e+01 -6.998114e+00 
-2.170211e+01 -6.798971e+00 
-2.170225e+01 -6.600075e+00 
-2.169981e+01 -6.401218e+00 
-2.169411e+01 -6.202351e+00 
-2.168465e+01 -6.003472e+00 
-2.167145e+01 -5.804581e+00 
-2.165453e+01 -5.605678e+00 
-2.163392e+01 -5.406762e+00 
-2.160962e+01 -5.207833e+00 
-2.158166e+01 -5.008891e+00 
-2.155005e+01 -4.809936e+00 
-2.151481e+01 -4.610966e+00 
-2.147594e+01 -4.411981e+00 
-2.143347e+01 -4.212980e+00 
-2.138741e+01 -4.013959e+00 
-2.133776e+01 -3.814924e+00 
-2.128456e+01 -3.615873e+00 
-2.122781e+01 -3.416807e+00 
-2.116753e+01 -3.217725e+00 
-2.110375e+01 -3.018755e+00 
-2.103655e+01 -2.820019e+00 
-2.096565e+01 -2.621268e+00 
-2.088967e+01 -2.422498e+00 
-2.080853e+01 -2.223681e+00 
-2.072224e+01 -2.024976e+00 
-2.063071e+01 -1.826293e+00 
-2.053384e+01 -1.627598e+00 
-2.043092e+01 -1.428882e+00 
-2.032178e+01 -1.230140e+00 
-2.020625e+01 -1.031385e+00 
-2.008423e+01 -8.326550e-01 
-1.995532e+01 -6.339541e-01 
-1.981933e+01 -4.353558e-01 
-1.967592e+01 -2.366769e-01 
-1.952340e+01 -3.791437e-02 
-1.936172e+01 1.609302e-01 
-1.919084e+01 3.598561e-01 
-1.901078e+01 5.588599e-01 
-1.882166e+01 7.578423e-01 
-1.862371e+01 9.565875e-01 
-1.842518e+01 1.145628e+00 
-1.822653e+01 1.324366e+00 
-1.802777e+01 1.492787e+00 
-1.782892e+01 1.652143e+00 
-1.762998e+01 1.803525e+00 
-1.743097e+01 1.947780e+00 
-1.723224e+01 2.085494e+00 
-1.703351e+01 2.217272e+00 
-1.683470e+01 2.342267e+00 
-1.663581e+01 2.460960e+00 
-1.643685e+01 2.573994e+00 
-1.623795e+01 2.681818e+00 
-1.603903e+01 2.784707e+00 
-1.584008e+01 2.882618e+00 
-1.564113e+01 2.975769e+00 
-1.544225e+01 3.064246e+00 
-1.524334e+01 3.148143e+00 
-1.504436e+01 3.227415e+00 
-1.484535e+01 3.302410e+00 
-1.464636e+01 3.373055e+00 
-1.444734e+01 3.439596e+00 
-1.424829e+01 3.502344e+00 
-1.404916e+01 3.561467e+00 
-1.385003e+01 3.617063e+00 
-1.365093e+01 3.669040e+00 
-1.345173e+01 3.717551e+00 
-1.325247e+01 3.762896e+00 
-1.305317e+01 3.805430e+00 
-1.285389e+01 3.845238e+00 
-1.265457e+01 3.882055e+00 
-1.245511e+01 3.915993e+00 
-1.225563e+01 3.947302e+00 
-1.205613e+01 3.976528e+00 
-1.185657e+01 4.004037e+00 
-1.165698e+01 4.029961e+00 
-1.145741e+01 4.054290e+00 
-1.125792e+01 4.076788e+00 
-1.105833e+01 4.097515e+00 
-1.085858e+01 4.116549e+00 
-1.065879e+01 4.134188e+00 
-1.045898e+01 4.151098e+00 
-1.025929e+01 4.167111e+00 
-1.005957e+01 4.181830e+00 
-9.859768e+00 4.195424e+00 
-9.659949e+00 4.208109e+00 
-9.460172e+00 4.219969e+00 
-9.260356e+00 4.231184e+00 
-9.060557e+00 4.241622e+00 
-8.860743e+00 4.251241e+00 
-8.660921e+00 4.260204e+00 
-8.461090e+00 4.268471e+00 
-8.261242e+00 4.276061e+00 
-8.061358e+00 4.283053e+00 
-7.861453e+00 4.289507e+00 
-7.661559e+00 4.295460e+00 
-7.461683e+00 4.300923e+00 
-7.261841e+00 4.305843e+00 
-7.061968e+00 4.310235e+00 
-6.862073e+00 4.314121e+00 
-6.662158e+00 4.317537e+00 
-6.462236e+00 4.320529e+00 
-6.262323e+00 4.323211e+00 
-6.262985e+00 4.443209e+00 
-6.463072e+00 4.440526e+00 
-6.663150e+00 4.437533e+00 
-6.863235e+00 4.434115e+00 
-7.063340e+00 4.430227e+00 
-7.263467e+00 4.425832e+00 
-7.463625e+00 4.420908e+00 
-7.663748e+00 4.415440e+00 
-7.863855e+00 4.409483e+00 
-8.063950e+00 4.403025e+00 
-8.264066e+00 4.396028e+00 
-8.464218e+00 4.388430e+00 
-8.664387e+00 4.380154e+00 
-8.864565e+00 4.371180e+00 
-9.064751e+00 4.361548e+00 
-9.264952e+00 4.351096e+00 
-9.465135e+00 4.339867e+00 
-9.665359e+00 4.327987e+00 
-9.865540e+00 4.315285e+00 
-1.006574e+01 4.301671e+00 
-1.026601e+01 4.286923e+00 
-1.046633e+01 4.270873e+00 
-1.066652e+01 4.253938e+00 
-1.086673e+01 4.236272e+00 
-1.106698e+01 4.217202e+00 
-1.126739e+01 4.196414e+00 
-1.146790e+01 4.173830e+00 
-1.166833e+01 4.149423e+00 
-1.186874e+01 4.123419e+00 
-1.206918e+01 4.095817e+00 
-1.226968e+01 4.066476e+00 
-1.247020e+01 4.035039e+00 
-1.267074e+01 4.000961e+00 
-1.287142e+01 3.963950e+00 
-1.307214e+01 3.923921e+00 
-1.327283e+01 3.881156e+00 
-1.347358e+01 3.835547e+00 
-1.367438e+01 3.786726e+00 
-1.387528e+01 3.734377e+00 
-1.407614e+01 3.678395e+00 
-1.427702e+01 3.618853e+00 
-1.447797e+01 3.555620e+00 
-1.467895e+01 3.488547e+00 
-1.487995e+01 3.417314e+00 
-1.508095e+01 3.341698e+00 
-1.528197e+01 3.261755e+00 
-1.548306e+01 3.177095e+00 
-1.568417e+01 3.087785e+00 
-1.588523e+01 2.993802e+00 
-1.608628e+01 2.895011e+00 
-1.628736e+01 2.791173e+00 
-1.648845e+01 2.682334e+00 
-1.668950e+01 2.568277e+00 
-1.689061e+01 2.448444e+00 
-1.709179e+01 2.322170e+00 
-1.729307e+01 2.188935e+00 
-1.749434e+01 2.049688e+00 
-1.769533e+01 1.904168e+00 
-1.789638e+01 1.751387e+00 
-1.809754e+01 1.590423e+00 
-1.829878e+01 1.420180e+00 
-1.850013e+01 1.239338e+00 
-1.870160e+01 1.047878e+00 
-1.890239e+01 8.466237e-01 
-1.909370e+01 6.456060e-01 
-1.927580e+01 4.446098e-01 
-1.944876e+01 2.435358e-01 
-1.961258e+01 4.238031e-02 
-1.976726e+01 -1.588571e-01 
-1.991286e+01 -3.601783e-01 
-2.005104e+01 -5.615799e-01 
-2.018185e+01 -7.628790e-01 
-2.030565e+01 -9.641489e-01 
-2.042281e+01 -1.165394e+00 
-2.053352e+01 -1.366652e+00 
-2.063795e+01 -1.567937e+00 
-2.073628e+01 -1.769241e+00 
-2.082919e+01 -1.970558e+00 
-2.091676e+01 -2.171853e+00 
-2.099900e+01 -2.373036e+00 
-2.107606e+01 -2.574266e+00 
-2.114799e+01 -2.775515e+00 
-2.121617e+01 -2.976779e+00 
-2.128069e+01 -3.177809e+00 
-2.134161e+01 -3.378727e+00 
-2.139896e+01 -3.579661e+00 
-2.145275e+01 -3.780610e+00 
-2.150295e+01 -3.981575e+00 
-2.154955e+01 -4.182554e+00 
-2.159253e+01 -4.383553e+00 
-2.163187e+01 -4.584568e+00 
-2.166755e+01 -4.785598e+00 
-2.169957e+01 -4.986643e+00 
-2.172791e+01 -5.187701e+00 
-2.175256e+01 -5.388772e+00 
-2.177349e+01 -5.589856e+00 
-2.179068e+01 -5.790953e+00 
-2.180411e+01 -5.992062e+00 
-2.181376e+01 -6.193183e+00 
-2.181962e+01 -6.394316e+00 
-2.182216e+01 -6.595459e+00 
-2.182208e+01 -6.796563e+00 
-2.181936e+01 -6.997420e+00 
-2.181396e+01 -7.198213e+00 
-2.180583e+01 -7.399020e+00 
-2.179493e+01 -7.599839e+00 
-2.178121e+01 -7.800671e+00 
-2.176460e+01 -8.001518e+00 
-2.174504e+01 -8.202380e+00 
-2.172247e+01 -8.403257e+00 
-2.169682e+01 -8.604150e+00 
-2.166800e+01 -8.805060e+00 
-2.163594e+01 -9.005988e+00 
-2.160057e+01 -9.206934e+00 
-2.156183e+01 -9.407894e+00 
-2.151967e+01 -9.608862e+00 
-2.147404e+01 -9.809836e+00 
-2.142487e+01 -1.001082e+01 
-2.137210e+01 -1.021180e+01 
-2.131566e+01 -1.041280e+01 
-2.125556e+01 -1.061380e+01 
-2.119247e+01 -1.081480e+01 
-2.112642e+01 -1.101568e+01 
-2.105734e+01 -1.121646e+01 
-2.098508e+01 -1.141725e+01 
-2.090954e+01 -1.161805e+01 
-2.083059e+01 -1.181887e+01 
-2.074813e+01 -1.201970e+01 
-2.066202e+01 -1.222055e+01 
-2.057213e+01 -1.242141e+01 
-2.047831e+01 -1.262229e+01 
-2.038041e+01 -1.282318e+01 
-2.027826e+01 -1.302408e+01 
-2.017169e+01 -1.322500e+01 
-2.006050e+01 -1.342594e+01 
-1.994450e+01 -1.362688e+01 
-1.982346e+01 -1.382784e+01 
-1.969715e+01 -1.402881e+01 
-1.956531e+01 -1.422979e+01 
-1.942768e+01 -1.443078e+01 
-1.928390e+01 -1.463179e+01 
-1.913364e+01 -1.483280e+01 
-1.897656e+01 -1.503382e+01 
-1.881227e+01 -1.523485e+01 
-1.864035e+01 -1.543588e+01 
-1.846087e+01 -1.563692e+01 
-1.827329e+01 -1.583791e+01 
-1.807716e+01 -1.603889e+01 
-1.787625e+01 -1.623591e+01 
-1.767535e+01 -1.642474e+01 
-1.747446e+01 -1.660599e+01 
-1.727359e+01 -1.678022e+01 
-1.707275e+01 -1.694793e+01 
-1.687192e+01 -1.710953e+01 
-1.667109e+01 -1.726475e+01 
-1.647018e+01 -1.741383e+01 
-1.626928e+01 -1.755714e+01 
-1.606841e+01 -1.769506e+01 
-1.586757e+01 -1.782798e+01 
-1.566675e+01 -1.795620e+01 
-1.546592e+01 -1.807984e+01 
-1.526511e+01 -1.819917e+01 
-1.506434e+01 -1.831445e+01 
-1.486359e+01 -1.842593e+01 
-1.466287e+01 -1.853386e+01 
-1.446218e+01 -1.863846e+01 
-1.426152e+01 -1.873992e+01 
-1.406086e+01 -1.883846e+01 
-1.386020e+01 -1.893411e+01 
-1.365955e+01 -1.902689e+01 
-1.345892e+01 -1.911691e+01 
-1.325829e+01 -1.920399e+01 
-1.305765e+01 -1.928787e+01 
-1.285691e+01 -1.936869e+01 
-1.265616e+01 -1.944648e+01 
-1.245543e+01 -1.952132e+01 
-1.225471e+01 -1.959329e+01 
-1.205399e+01 -1.966243e+01 
-1.185327e+01 -1.972880e+01 
-1.165256e+01 -1.979244e+01 
-1.145199e+01 -1.985387e+01 
-1.125143e+01 -1.991320e+01 
-1.105089e+01 -1.997051e+01 
-1.085037e+01 -2.002588e+01 
-1.064988e+01 -2.007942e+01 
-1.044941e+01 -2.013099e+01 
-1.024896e+01 -2.018067e+01 
-1.004852e+01 -2.022896e+01 
-9.848120e+00 -2.027637e+01 
-9.647845e+00 -2.032330e+01 
-9.447690e+00 -2.036870e+01 
-9.247176e+00 -2.041172e+01 
-9.046405e+00 -2.045247e+01 
-8.845770e+00 -2.049114e+01 
-8.645496e+00 -2.052877e+01 
-8.445305e+00 -2.056598e+01 
-8.245022e+00 -2.060251e+01 
-8.044651e+00 -2.063804e+01 
-7.844256e+00 -2.067227e+01 
-7.643868e+00 -2.070496e+01 
-7.443482e+00 -2.073631e+01 
-7.243098e+00 -2.076654e+01 
-7.042778e+00 -2.079600e+01 
-6.842504e+00 -2.082465e+01 
-6.642206e+00 -2.085242e+01 
-6.441885e+00 -2.087921e+01 
-6.241539e+00 -2.090494e+01 
-6.041130e+00 -2.092942e+01 
-5.840720e+00 -2.095243e+01 
-5.640355e+00 -2.097445e+01 
-5.440009e+00 -2.099553e+01 
-5.239741e+00 -2.101574e+01 
-5.039557e+00 -2.103517e+01 
-4.839401e+00 -2.105393e+01 
-4.639268e+00 -2.107209e+01 
-4.439159e+00 -2.108976e+01 
-4.239072e+00 -2.110714e+01 
-4.038704e+00 -2.112247e+01 
-3.837852e+00 -2.113549e+01 
-3.637078e+00 -2.114628e+01 
-3.436745e+00 -2.115534e+01 
-3.236866e+00 -2.116401e+01 
-3.037005e+00 -2.117297e+01 
-2.837112e+00 -2.118213e+01 
-2.637087e+00 -2.119141e+01 
-2.436829e+00 -2.120071e+01 
-2.236546e+00 -2.120984e+01 
-2.036284e+00 -2.121832e+01 
-1.836040e+00 -2.122551e+01 
-1.635520e+00 -2.123069e+01 
-1.435008e+00 -2.123445e+01 
-1.431927e+00 -2.111449e+01 
