-4.877433e-01 -8.041520e+00 
-6.870590e-01 -8.031386e+00 
-8.863754e-01 -8.018968e+00 
-1.085688e+00 -8.004264e+00 
-1.284996e+00 -7.987256e+00 
-1.484306e+00 -7.967919e+00 
-1.683617e+00 -7.946253e+00 
-1.882931e+00 -7.922255e+00 
-2.082246e+00 -7.895920e+00 
-2.281562e+00 -7.867245e+00 
-2.480881e+00 -7.836223e+00 
-2.680200e+00 -7.802845e+00 
-2.879520e+00 -7.767103e+00 
-3.078845e+00 -7.728986e+00 
-3.278145e+00 -7.688496e+00 
-3.477321e+00 -7.645557e+00 
-3.676487e+00 -7.599680e+00 
-3.875651e+00 -7.550795e+00 
-4.074816e+00 -7.498866e+00 
-4.273981e+00 -7.443860e+00 
-4.473144e+00 -7.385738e+00 
-4.672309e+00 -7.324456e+00 
-4.871470e+00 -7.259978e+00 
-5.070631e+00 -7.192242e+00 
-5.269796e+00 -7.121200e+00 
-5.468950e+00 -7.046817e+00 
-5.668116e+00 -6.968982e+00 
-5.867281e+00 -6.887691e+00 
-6.066334e+00 -6.802925e+00 
-6.265236e+00 -6.714152e+00 
-6.464148e+00 -6.620525e+00 
-6.663065e+00 -6.521956e+00 
-6.861986e+00 -6.418320e+00 
-7.060907e+00 -6.309469e+00 
-7.259829e+00 -6.195225e+00 
-7.458754e+00 -6.075399e+00 
-7.657682e+00 -5.949791e+00 
-7.856533e+00 -5.818236e+00 
-8.055287e+00 -5.680028e+00 
-8.254023e+00 -5.534174e+00 
-8.452700e+00 -5.380138e+00 
-8.651336e+00 -5.216956e+00 
-8.849930e+00 -5.043654e+00 
-9.048476e+00 -4.859053e+00 
-9.246966e+00 -4.661655e+00 
-9.432507e+00 -4.463286e+00 
-9.604825e+00 -4.264985e+00 
-9.764625e+00 -4.066757e+00 
-9.912494e+00 -3.868620e+00 
-1.004878e+01 -3.670661e+00 
-1.017345e+01 -3.472785e+00 
-1.028675e+01 -3.275380e+00 
-1.038737e+01 -3.078211e+00 
-1.047526e+01 -2.881208e+00 
-1.055061e+01 -2.684358e+00 
-1.061363e+01 -2.487612e+00 
-1.066460e+01 -2.290923e+00 
-1.070379e+01 -2.094540e+00 
-1.073055e+01 -1.899658e+00 
-1.074046e+01 -1.705168e+00 
-1.073251e+01 -1.510828e+00 
-1.070605e+01 -1.316693e+00 
-1.065965e+01 -1.122771e+00 
-1.059104e+01 -9.290250e-01 
-1.049675e+01 -7.354645e-01 
-1.037041e+01 -5.413742e-01 
-1.020622e+01 -3.465342e-01 
-1.001105e+01 -1.642551e-01 
-9.815066e+00 -1.660699e-02 
-9.618454e+00 1.077759e-01 
-9.421299e+00 2.150767e-01 
-9.223813e+00 3.092817e-01 
-9.025821e+00 3.927737e-01 
-8.827528e+00 4.680833e-01 
-8.629226e+00 5.366034e-01 
-8.430718e+00 5.986343e-01 
-8.232003e+00 6.551086e-01 
-8.033150e+00 7.068759e-01 
-7.834202e+00 7.545013e-01 
-7.635169e+00 7.983781e-01 
-7.436052e+00 8.388422e-01 
-7.236892e+00 8.762131e-01 
-7.037700e+00 9.106652e-01 
-6.838457e+00 9.423314e-01 
-6.639132e+00 9.714055e-01 
-6.439757e+00 9.981787e-01 
-6.240325e+00 1.022827e+00 
-6.040867e+00 1.045550e+00 
-5.841362e+00 1.066443e+00 
-5.641846e+00 1.085668e+00 
-5.442324e+00 1.103263e+00 
-5.242735e+00 1.119258e+00 
-5.043110e+00 1.133874e+00 
-4.843469e+00 1.147236e+00 
-4.643816e+00 1.159394e+00 
-4.444137e+00 1.170395e+00 
-4.244421e+00 1.180325e+00 
-4.044672e+00 1.189307e+00 
-3.844906e+00 1.197451e+00 
-3.645114e+00 1.204815e+00 
-3.445307e+00 1.211488e+00 
-3.245487e+00 1.217515e+00 
-3.045657e+00 1.222944e+00 
-2.845824e+00 1.227805e+00 
-2.645954e+00 1.232110e+00 
-2.446039e+00 1.235984e+00 
-2.246153e+00 1.239573e+00 
-2.046296e+00 1.242780e+00 
-1.846466e+00 1.245512e+00 
-1.847766e+00 1.365504e+00 
-2.047936e+00 1.362769e+00 
-2.248079e+00 1.359557e+00 
-2.448193e+00 1.355964e+00 
-2.648278e+00 1.352087e+00 
-2.848408e+00 1.347778e+00 
-3.048575e+00 1.342909e+00 
-3.248745e+00 1.337471e+00 
-3.448925e+00 1.331433e+00 
-3.649119e+00 1.324748e+00 
-3.849326e+00 1.317370e+00 
-4.049560e+00 1.309207e+00 
-4.249811e+00 1.300204e+00 
-4.450095e+00 1.290247e+00 
-4.650417e+00 1.279212e+00 
-4.850763e+00 1.267014e+00 
-5.051123e+00 1.253606e+00 
-5.251497e+00 1.238937e+00 
-5.451908e+00 1.222880e+00 
-5.652386e+00 1.205204e+00 
-5.852870e+00 1.185890e+00 
-6.053365e+00 1.164897e+00 
-6.253907e+00 1.142056e+00 
-6.454475e+00 1.117273e+00 
-6.655101e+00 1.090338e+00 
-6.855775e+00 1.061075e+00 
-7.056532e+00 1.029178e+00 
-7.257340e+00 9.944580e-01 
-7.458180e+00 9.567845e-01 
-7.659063e+00 9.159752e-01 
-7.860031e+00 8.716885e-01 
-8.061082e+00 8.235800e-01 
-8.262229e+00 7.712397e-01 
-8.463514e+00 7.140656e-01 
-8.665006e+00 6.511449e-01 
-8.866704e+00 5.815084e-01 
-9.068412e+00 5.049610e-01 
-9.270420e+00 4.198611e-01 
-9.472933e+00 3.234000e-01 
-9.675778e+00 2.131986e-01 
-9.879166e+00 8.483897e-02 
-1.008318e+01 -6.835172e-02 
-1.028802e+01 -2.587340e-01 
-1.046204e+01 -4.638940e-01 
-1.059719e+01 -6.698037e-01 
-1.069881e+01 -8.762432e-01 
-1.077269e+01 -1.082498e+00 
-1.082271e+01 -1.288575e+00 
-1.085139e+01 -1.494440e+00 
-1.086035e+01 -1.700100e+00 
-1.085040e+01 -1.905610e+00 
-1.082270e+01 -2.110728e+00 
-1.078229e+01 -2.314345e+00 
-1.072981e+01 -2.517656e+00 
-1.066491e+01 -2.720910e+00 
-1.058735e+01 -2.924060e+00 
-1.049698e+01 -3.127057e+00 
-1.039365e+01 -3.329888e+00 
-1.027755e+01 -3.532483e+00 
-1.015032e+01 -3.734607e+00 
-1.001135e+01 -3.936648e+00 
-9.860809e+00 -4.138512e+00 
-9.698261e+00 -4.340283e+00 
-9.523098e+00 -4.541983e+00 
-9.334617e+00 -4.743614e+00 
-9.133106e+00 -4.944128e+00 
-8.931652e+00 -5.131527e+00 
-8.730246e+00 -5.307362e+00 
-8.528883e+00 -5.472854e+00 
-8.327559e+00 -5.629003e+00 
-8.126295e+00 -5.776764e+00 
-7.925050e+00 -5.916752e+00 
-7.723900e+00 -6.049867e+00 
-7.522828e+00 -6.176861e+00 
-7.321753e+00 -6.298013e+00 
-7.120676e+00 -6.413525e+00 
-6.919596e+00 -6.523586e+00 
-6.718517e+00 -6.628376e+00 
-6.517434e+00 -6.728045e+00 
-6.316347e+00 -6.822723e+00 
-6.115248e+00 -6.912504e+00 
-5.914301e+00 -6.998095e+00 
-5.713467e+00 -7.080083e+00 
-5.512633e+00 -7.158584e+00 
-5.311786e+00 -7.233613e+00 
-5.110951e+00 -7.305265e+00 
-4.910113e+00 -7.373586e+00 
-4.709273e+00 -7.438621e+00 
-4.508438e+00 -7.500430e+00 
-4.307602e+00 -7.559053e+00 
-4.106766e+00 -7.614535e+00 
-3.905931e+00 -7.666912e+00 
-3.705095e+00 -7.716220e+00 
-3.504261e+00 -7.762494e+00 
-3.303437e+00 -7.805800e+00 
-3.102738e+00 -7.846583e+00 
-2.902062e+00 -7.884967e+00 
-2.701383e+00 -7.920961e+00 
-2.500702e+00 -7.954574e+00 
-2.300020e+00 -7.985817e+00 
-2.099336e+00 -8.014697e+00 
-1.898651e+00 -8.041220e+00 
-1.697965e+00 -8.065392e+00 
-1.497276e+00 -8.087216e+00 
-1.296586e+00 -8.106695e+00 
-1.095894e+00 -8.123829e+00 
-8.952069e-01 -8.138643e+00 
-6.945233e-01 -8.151154e+00 
-4.938390e-01 -8.161365e+00 
-4.877433e-01 -8.041520e+00 
