-2.315972e-04 -5.999955e-02 
1.994133e-01 -6.076913e-02 
3.990453e-01 -6.272001e-02 
5.986620e-01 -6.589531e-02 
7.982657e-01 -7.034628e-02 
9.978835e-01 -7.611757e-02 
1.197506e+00 -8.316250e-02 
1.397061e+00 -9.146312e-02 
1.596635e+00 -1.012478e-01 
1.796238e+00 -1.124585e-01 
1.995861e+00 -1.249991e-01 
2.195428e+00 -1.387964e-01 
2.394923e+00 -1.540392e-01 
2.594319e+00 -1.709701e-01 
2.793725e+00 -1.899314e-01 
2.993160e+00 -2.109008e-01 
3.192614e+00 -2.337839e-01 
3.392064e+00 -2.585235e-01 
3.591505e+00 -2.851330e-01 
3.790784e+00 -3.136299e-01 
3.990003e+00 -3.445935e-01 
4.189185e+00 -3.782444e-01 
4.388404e+00 -4.147475e-01 
4.587589e+00 -4.539764e-01 
4.786599e+00 -4.960420e-01 
4.985285e+00 -5.415525e-01 
5.183806e+00 -5.917514e-01 
5.382143e+00 -6.473205e-01 
5.580253e+00 -7.090453e-01 
5.778058e+00 -7.779389e-01 
5.975426e+00 -8.554149e-01 
6.172511e+00 -9.438017e-01 
6.368401e+00 -1.044558e+00 
6.563061e+00 -1.164738e+00 
6.756597e+00 -1.315137e+00 
6.939952e+00 -1.505407e+00 
7.058787e+00 -1.693766e+00 
7.126834e+00 -1.881917e+00 
7.153950e+00 -2.070906e+00 
7.145853e+00 -2.261161e+00 
7.105545e+00 -2.452704e+00 
7.034109e+00 -2.645374e+00 
6.930749e+00 -2.839209e+00 
6.793350e+00 -3.035093e+00 
6.628437e+00 -3.231502e+00 
6.433313e+00 -3.428818e+00 
6.235945e+00 -3.603968e+00 
6.038257e+00 -3.760110e+00 
5.840234e+00 -3.901555e+00 
5.641951e+00 -4.031540e+00 
5.443448e+00 -4.152259e+00 
5.244757e+00 -4.265340e+00 
5.045910e+00 -4.372033e+00 
4.847004e+00 -4.473266e+00 
4.648232e+00 -4.569390e+00 
4.449437e+00 -4.660035e+00 
4.250614e+00 -4.745471e+00 
4.051781e+00 -4.825946e+00 
3.853077e+00 -4.901583e+00 
3.654340e+00 -4.972041e+00 
3.455575e+00 -5.037567e+00 
3.256788e+00 -5.098370e+00 
3.057982e+00 -5.154628e+00 
2.859161e+00 -5.206485e+00 
2.660329e+00 -5.254066e+00 
2.461489e+00 -5.297470e+00 
2.262655e+00 -5.336776e+00 
2.063829e+00 -5.372010e+00 
1.865028e+00 -5.403187e+00 
1.666118e+00 -5.430276e+00 
1.467147e+00 -5.453669e+00 
1.268173e+00 -5.473591e+00 
1.069233e+00 -5.490065e+00 
8.703027e-01 -5.502994e+00 
8.759402e-01 -5.622861e+00 
1.077010e+00 -5.609812e+00 
1.278070e+00 -5.593182e+00 
1.479096e+00 -5.573073e+00 
1.680125e+00 -5.549455e+00 
1.881215e+00 -5.522090e+00 
2.082414e+00 -5.490562e+00 
2.283588e+00 -5.454936e+00 
2.484754e+00 -5.415193e+00 
2.685914e+00 -5.371307e+00 
2.887082e+00 -5.323192e+00 
3.088261e+00 -5.270745e+00 
3.289455e+00 -5.213838e+00 
3.490667e+00 -5.152321e+00 
3.691903e+00 -5.086010e+00 
3.893166e+00 -5.014689e+00 
4.094462e+00 -4.938099e+00 
4.295628e+00 -4.856709e+00 
4.496806e+00 -4.770290e+00 
4.698010e+00 -4.678578e+00 
4.899239e+00 -4.581300e+00 
5.100333e+00 -4.478982e+00 
5.301486e+00 -4.371084e+00 
5.502795e+00 -4.256556e+00 
5.704292e+00 -4.134075e+00 
5.906009e+00 -4.001923e+00 
6.107986e+00 -3.857772e+00 
6.310298e+00 -3.698157e+00 
6.512930e+00 -3.518602e+00 
6.713724e+00 -3.315918e+00 
6.885192e+00 -3.112327e+00 
7.028926e+00 -2.908211e+00 
7.139883e+00 -2.702047e+00 
7.217950e+00 -2.494716e+00 
7.263199e+00 -2.286260e+00 
7.273819e+00 -2.076515e+00 
7.245706e+00 -1.865504e+00 
7.171884e+00 -1.653654e+00 
7.041839e+00 -1.442013e+00 
6.843403e+00 -1.232283e+00 
6.636939e+00 -1.070176e+00 
6.431599e+00 -9.425476e-01 
6.227489e+00 -8.371363e-01 
6.024574e+00 -7.459415e-01 
5.821942e+00 -6.662510e-01 
5.619747e+00 -5.957306e-01 
5.417857e+00 -5.327582e-01 
5.216194e+00 -4.762049e-01 
5.014715e+00 -4.252170e-01 
4.813401e+00 -3.790733e-01 
4.612411e+00 -3.365716e-01 
4.411596e+00 -2.970099e-01 
4.210815e+00 -2.602100e-01 
4.009997e+00 -2.262708e-01 
3.809216e+00 -1.950541e-01 
3.608495e+00 -1.663418e-01 
3.407936e+00 -1.395777e-01 
3.207386e+00 -1.146967e-01 
3.006840e+00 -9.168302e-02 
2.806275e+00 -7.058939e-02 
2.605681e+00 -5.150915e-02 
2.405077e+00 -3.446960e-02 
2.204572e+00 -1.914528e-02 
2.004139e+00 -5.284936e-03 
1.803762e+00 7.305360e-03 
1.603365e+00 1.856334e-02 
1.402939e+00 2.839287e-02 
1.202494e+00 3.673378e-02 
1.002117e+00 4.380774e-02 
8.017343e-01 4.960358e-02 
6.013380e-01 5.407485e-02 
4.009547e-01 5.726480e-02 
2.005867e-01 5.922514e-02 
2.315972e-04 5.999955e-02 
-2.315972e-04 -5.999955e-02 
