-4.999915e+00 3.840000e+00 
-4.800022e+00 3.841296e+00 
-4.600085e+00 3.842185e+00 
-4.400132e+00 3.842679e+00 
-4.200218e+00 3.842861e+00 
-4.000299e+00 3.842762e+00 
-3.800373e+00 3.842384e+00 
-3.600425e+00 3.841728e+00 
-3.400445e+00 3.840846e+00 
-3.200471e+00 3.839832e+00 
-3.000521e+00 3.838590e+00 
-2.800563e+00 3.837217e+00 
-2.600591e+00 3.835769e+00 
-2.400604e+00 3.834300e+00 
-2.200631e+00 3.832865e+00 
-2.000646e+00 3.831435e+00 
-1.800638e+00 3.829947e+00 
-1.600657e+00 3.828304e+00 
-1.400682e+00 3.826344e+00 
-1.200669e+00 3.824163e+00 
-1.000661e+00 3.822087e+00 
-8.006666e-01 3.820061e+00 
-6.007165e-01 3.818000e+00 
-4.007854e-01 3.815813e+00 
-2.007959e-01 3.813363e+00 
-8.302639e-04 3.810738e+00 
1.991271e-01 3.808012e+00 
3.990814e-01 3.805172e+00 
5.990184e-01 3.802204e+00 
7.989920e-01 3.799090e+00 
9.990145e-01 3.795788e+00 
1.198976e+00 3.792221e+00 
1.398901e+00 3.788544e+00 
1.598848e+00 3.784775e+00 
1.798780e+00 3.780873e+00 
1.998699e+00 3.776786e+00 
2.198660e+00 3.772465e+00 
2.398667e+00 3.767886e+00 
2.598664e+00 3.763263e+00 
2.798588e+00 3.758393e+00 
2.998515e+00 3.753038e+00 
3.198429e+00 3.747366e+00 
3.398323e+00 3.741404e+00 
3.598227e+00 3.735145e+00 
3.798304e+00 3.728579e+00 
3.998346e+00 3.721921e+00 
4.198309e+00 3.715508e+00 
4.398234e+00 3.709126e+00 
4.598287e+00 3.702757e+00 
4.798383e+00 3.696459e+00 
4.998322e+00 3.690085e+00 
5.198229e+00 3.683597e+00 
5.398178e+00 3.676833e+00 
5.598146e+00 3.669800e+00 
5.798132e+00 3.662556e+00 
5.998119e+00 3.655209e+00 
6.198124e+00 3.647781e+00 
6.398086e+00 3.640171e+00 
6.598037e+00 3.632370e+00 
6.797979e+00 3.624524e+00 
6.997919e+00 3.616439e+00 
7.197879e+00 3.608020e+00 
7.397820e+00 3.599342e+00 
7.597750e+00 3.590339e+00 
7.797649e+00 3.580850e+00 
7.997525e+00 3.570856e+00 
8.197431e+00 3.560484e+00 
8.397315e+00 3.549670e+00 
8.597200e+00 3.538328e+00 
8.797077e+00 3.526369e+00 
8.996871e+00 3.513781e+00 
9.196643e+00 3.500496e+00 
9.396454e+00 3.486492e+00 
9.596294e+00 3.471749e+00 
9.796153e+00 3.456244e+00 
9.995840e+00 3.439943e+00 
1.019562e+01 3.422401e+00 
1.039538e+01 3.403903e+00 
1.059508e+01 3.384339e+00 
1.079474e+01 3.363559e+00 
1.099436e+01 3.341402e+00 
1.119398e+01 3.317683e+00 
1.139354e+01 3.292495e+00 
1.159318e+01 3.265577e+00 
1.179266e+01 3.236866e+00 
1.199210e+01 3.206097e+00 
1.219152e+01 3.173152e+00 
1.239091e+01 3.137900e+00 
1.259026e+01 3.100187e+00 
1.278953e+01 3.059846e+00 
1.298869e+01 3.016466e+00 
1.318791e+01 2.970085e+00 
1.338707e+01 2.920542e+00 
1.358616e+01 2.867613e+00 
1.378518e+01 2.810968e+00 
1.398421e+01 2.750647e+00 
1.418322e+01 2.686534e+00 
1.438220e+01 2.618451e+00 
1.458120e+01 2.546128e+00 
1.478015e+01 2.469029e+00 
1.497912e+01 2.387718e+00 
1.517807e+01 2.302032e+00 
1.537695e+01 2.211640e+00 
1.557579e+01 2.116156e+00 
1.577455e+01 2.015125e+00 
1.597332e+01 1.908154e+00 
1.617220e+01 1.795989e+00 
1.637104e+01 1.678421e+00 
1.656980e+01 1.554752e+00 
1.676845e+01 1.424061e+00 
1.696706e+01 1.285346e+00 
1.716579e+01 1.138233e+00 
1.736443e+01 9.830247e-01 
1.756334e+01 8.208620e-01 
1.776220e+01 6.509719e-01 
1.796095e+01 4.721733e-01 
1.815958e+01 2.829595e-01 
1.835530e+01 8.422848e-02 
1.853947e+01 -1.145632e-01 
1.871319e+01 -3.132847e-01 
1.887760e+01 -5.119633e-01 
1.903395e+01 -7.107215e-01 
1.918230e+01 -9.095300e-01 
1.932259e+01 -1.108270e+00 
1.945485e+01 -1.306940e+00 
1.958022e+01 -1.505781e+00 
1.970024e+01 -1.704775e+00 
1.981475e+01 -1.903719e+00 
1.992368e+01 -2.102607e+00 
2.002695e+01 -2.301438e+00 
2.012450e+01 -2.500213e+00 
2.021627e+01 -2.698931e+00 
2.030222e+01 -2.897595e+00 
2.038231e+01 -3.096205e+00 
2.045659e+01 -3.294763e+00 
2.052638e+01 -3.493411e+00 
2.059174e+01 -3.692259e+00 
2.065237e+01 -3.891043e+00 
2.070810e+01 -4.089753e+00 
2.075944e+01 -4.288489e+00 
2.080745e+01 -4.487491e+00 
2.085217e+01 -4.686564e+00 
2.089356e+01 -4.885618e+00 
2.093158e+01 -5.084653e+00 
2.096622e+01 -5.283671e+00 
2.099743e+01 -5.482671e+00 
2.102518e+01 -5.681654e+00 
2.104946e+01 -5.880621e+00 
2.107023e+01 -6.079571e+00 
2.108746e+01 -6.278506e+00 
2.110112e+01 -6.477427e+00 
2.111117e+01 -6.676333e+00 
2.111758e+01 -6.875225e+00 
2.112032e+01 -7.074104e+00 
2.111947e+01 -7.272976e+00 
2.111525e+01 -7.471917e+00 
2.110769e+01 -7.670894e+00 
2.109675e+01 -7.869871e+00 
2.108236e+01 -8.068824e+00 
2.106461e+01 -8.267776e+00 
2.104394e+01 -8.466805e+00 
2.102054e+01 -8.665966e+00 
2.099435e+01 -8.865139e+00 
2.096533e+01 -9.064298e+00 
2.093341e+01 -9.263443e+00 
2.089851e+01 -9.462574e+00 
2.086058e+01 -9.661692e+00 
2.081953e+01 -9.860796e+00 
2.077530e+01 -1.005989e+01 
2.072780e+01 -1.025896e+01 
2.067695e+01 -1.045803e+01 
2.062266e+01 -1.065708e+01 
2.056484e+01 -1.085612e+01 
2.050340e+01 -1.105515e+01 
2.043823e+01 -1.125416e+01 
2.036923e+01 -1.145316e+01 
2.029628e+01 -1.165216e+01 
2.021925e+01 -1.185114e+01 
2.013835e+01 -1.205016e+01 
2.005353e+01 -1.224924e+01 
1.996467e+01 -1.244828e+01 
1.987164e+01 -1.264733e+01 
1.977429e+01 -1.284636e+01 
1.967249e+01 -1.304539e+01 
1.956611e+01 -1.324442e+01 
1.945499e+01 -1.344344e+01 
1.933925e+01 -1.364247e+01 
1.921891e+01 -1.384156e+01 
1.909380e+01 -1.404067e+01 
1.896368e+01 -1.423977e+01 
1.882834e+01 -1.443885e+01 
1.868752e+01 -1.463793e+01 
1.854094e+01 -1.483700e+01 
1.838832e+01 -1.503607e+01 
1.822935e+01 -1.523513e+01 
1.806369e+01 -1.543419e+01 
1.789101e+01 -1.563323e+01 
1.771057e+01 -1.583223e+01 
1.752178e+01 -1.603123e+01 
1.732414e+01 -1.623023e+01 
1.712511e+01 -1.642161e+01 
1.692606e+01 -1.660460e+01 
1.672700e+01 -1.677979e+01 
1.652792e+01 -1.694778e+01 
1.632883e+01 -1.710891e+01 
1.612975e+01 -1.726351e+01 
1.593066e+01 -1.741196e+01 
1.573155e+01 -1.755461e+01 
1.553243e+01 -1.769177e+01 
1.533330e+01 -1.782373e+01 
1.513414e+01 -1.795079e+01 
1.493503e+01 -1.807314e+01 
1.473591e+01 -1.819057e+01 
1.453675e+01 -1.830352e+01 
1.433754e+01 -1.841239e+01 
1.413828e+01 -1.851752e+01 
1.393898e+01 -1.861922e+01 
1.373961e+01 -1.871779e+01 
1.354023e+01 -1.881349e+01 
1.334084e+01 -1.890649e+01 
1.314145e+01 -1.899686e+01 
1.294206e+01 -1.908464e+01 
1.274266e+01 -1.916988e+01 
1.254327e+01 -1.925256e+01 
1.234387e+01 -1.933244e+01 
1.214447e+01 -1.940935e+01 
1.194512e+01 -1.948323e+01 
1.174584e+01 -1.955415e+01 
1.154657e+01 -1.962219e+01 
1.134731e+01 -1.968736e+01 
1.114810e+01 -1.974952e+01 
1.094872e+01 -1.980894e+01 
1.074918e+01 -1.986625e+01 
1.054960e+01 -1.992150e+01 
1.035008e+01 -1.997536e+01 
1.015056e+01 -2.002763e+01 
9.951049e+00 -2.007809e+01 
9.751565e+00 -2.012679e+01 
9.552084e+00 -2.017380e+01 
9.352582e+00 -2.021918e+01 
9.153061e+00 -2.026298e+01 
8.953523e+00 -2.030515e+01 
8.753966e+00 -2.034567e+01 
8.554395e+00 -2.038461e+01 
8.354806e+00 -2.042208e+01 
8.155201e+00 -2.045815e+01 
7.955582e+00 -2.049288e+01 
7.755941e+00 -2.052640e+01 
7.556298e+00 -2.055886e+01 
7.356644e+00 -2.059030e+01 
7.156978e+00 -2.062077e+01 
6.957303e+00 -2.065029e+01 
6.757619e+00 -2.067893e+01 
6.557929e+00 -2.070682e+01 
6.358233e+00 -2.073400e+01 
6.158528e+00 -2.076047e+01 
5.958821e+00 -2.078598e+01 
5.759181e+00 -2.080973e+01 
5.559491e+00 -2.083179e+01 
5.359831e+00 -2.085286e+01 
5.160156e+00 -2.087331e+01 
4.960454e+00 -2.089279e+01 
4.760726e+00 -2.091136e+01 
4.560973e+00 -2.092910e+01 
4.361185e+00 -2.094610e+01 
4.161176e+00 -2.096325e+01 
3.961463e+00 -2.097994e+01 
3.762132e+00 -2.099502e+01 
3.562716e+00 -2.100766e+01 
3.363107e+00 -2.101795e+01 
3.163331e+00 -2.102651e+01 
2.963532e+00 -2.103394e+01 
2.763756e+00 -2.104086e+01 
2.563980e+00 -2.104783e+01 
2.364189e+00 -2.105457e+01 
2.164434e+00 -2.106099e+01 
1.964677e+00 -2.106706e+01 
1.764883e+00 -2.107290e+01 
1.565052e+00 -2.107858e+01 
1.365186e+00 -2.108418e+01 
1.165284e+00 -2.108976e+01 
9.653449e-01 -2.109540e+01 
7.653725e-01 -2.110117e+01 
5.654448e-01 -2.110691e+01 
3.655909e-01 -2.111073e+01 
1.658636e-01 -2.111298e+01 
-3.402597e-02 -2.111605e+01 
-3.290862e-02 -2.123604e+01 
1.672018e-01 -2.123298e+01 
3.674745e-01 -2.123072e+01 
5.676206e-01 -2.122689e+01 
7.676929e-01 -2.122115e+01 
9.677205e-01 -2.121538e+01 
1.167782e+00 -2.120973e+01 
1.367879e+00 -2.120415e+01 
1.568013e+00 -2.119854e+01 
1.768183e+00 -2.119285e+01 
1.968389e+00 -2.118700e+01 
2.168631e+00 -2.118091e+01 
2.368877e+00 -2.117448e+01 
2.569086e+00 -2.116772e+01 
2.769309e+00 -2.116073e+01 
2.969533e+00 -2.115379e+01 
3.169734e+00 -2.114634e+01 
3.369958e+00 -2.113776e+01 
3.570350e+00 -2.112742e+01 
3.770934e+00 -2.111470e+01 
3.971602e+00 -2.109951e+01 
4.171889e+00 -2.108277e+01 
4.371881e+00 -2.106563e+01 
4.572093e+00 -2.104858e+01 
4.772340e+00 -2.103080e+01 
4.972612e+00 -2.101217e+01 
5.172909e+00 -2.099263e+01 
5.373234e+00 -2.097211e+01 
5.573575e+00 -2.095096e+01 
5.773884e+00 -2.092883e+01 
5.974245e+00 -2.090498e+01 
6.174537e+00 -2.087940e+01 
6.374833e+00 -2.085285e+01 
6.575137e+00 -2.082558e+01 
6.775446e+00 -2.079759e+01 
6.975763e+00 -2.076886e+01 
7.176087e+00 -2.073924e+01 
7.376422e+00 -2.070866e+01 
7.576768e+00 -2.067710e+01 
7.777124e+00 -2.064451e+01 
7.977484e+00 -2.061086e+01 
8.177864e+00 -2.057599e+01 
8.378259e+00 -2.053977e+01 
8.578670e+00 -2.050213e+01 
8.779099e+00 -2.046300e+01 
8.979543e+00 -2.042230e+01 
9.180005e+00 -2.037992e+01 
9.380484e+00 -2.033589e+01 
9.580981e+00 -2.029027e+01 
9.781500e+00 -2.024300e+01 
9.982016e+00 -2.019403e+01 
1.018251e+01 -2.014330e+01 
1.038299e+01 -2.009076e+01 
1.058347e+01 -2.003662e+01 
1.078388e+01 -1.998112e+01 
1.098434e+01 -1.992354e+01 
1.118497e+01 -1.986372e+01 
1.138576e+01 -1.980103e+01 
1.158650e+01 -1.973535e+01 
1.178723e+01 -1.966679e+01 
1.198795e+01 -1.959533e+01 
1.218860e+01 -1.952094e+01 
1.238920e+01 -1.944355e+01 
1.258980e+01 -1.936317e+01 
1.279040e+01 -1.927998e+01 
1.299101e+01 -1.919420e+01 
1.319162e+01 -1.910587e+01 
1.339222e+01 -1.901493e+01 
1.359284e+01 -1.892134e+01 
1.379345e+01 -1.882503e+01 
1.399409e+01 -1.872582e+01 
1.419478e+01 -1.862339e+01 
1.439552e+01 -1.851746e+01 
1.459631e+01 -1.840770e+01 
1.479715e+01 -1.829377e+01 
1.499804e+01 -1.817526e+01 
1.519892e+01 -1.805180e+01 
1.539976e+01 -1.792365e+01 
1.560063e+01 -1.779051e+01 
1.580151e+01 -1.765211e+01 
1.600241e+01 -1.750815e+01 
1.620332e+01 -1.735831e+01 
1.640423e+01 -1.720226e+01 
1.660515e+01 -1.703963e+01 
1.680607e+01 -1.687006e+01 
1.700701e+01 -1.669318e+01 
1.720796e+01 -1.650842e+01 
1.740892e+01 -1.631516e+01 
1.760850e+01 -1.611417e+01 
1.779917e+01 -1.591317e+01 
1.798140e+01 -1.571216e+01 
1.815571e+01 -1.551120e+01 
1.832291e+01 -1.531026e+01 
1.848336e+01 -1.510932e+01 
1.863740e+01 -1.490839e+01 
1.878532e+01 -1.470746e+01 
1.892743e+01 -1.450654e+01 
1.906400e+01 -1.430562e+01 
1.919527e+01 -1.410472e+01 
1.932150e+01 -1.390383e+01 
1.944291e+01 -1.370293e+01 
1.955976e+01 -1.350195e+01 
1.967194e+01 -1.330097e+01 
1.977935e+01 -1.310000e+01 
1.988211e+01 -1.289903e+01 
1.998038e+01 -1.269807e+01 
2.007429e+01 -1.249711e+01 
2.016398e+01 -1.229616e+01 
2.024956e+01 -1.209523e+01 
2.033124e+01 -1.189425e+01 
2.040903e+01 -1.169324e+01 
2.048269e+01 -1.149223e+01 
2.055236e+01 -1.129123e+01 
2.061815e+01 -1.109025e+01 
2.068017e+01 -1.088927e+01 
2.073852e+01 -1.068831e+01 
2.079331e+01 -1.048736e+01 
2.084461e+01 -1.028643e+01 
2.089253e+01 -1.008551e+01 
2.093715e+01 -9.884596e+00 
2.097854e+01 -9.683700e+00 
2.101679e+01 -9.482817e+00 
2.105197e+01 -9.281949e+00 
2.108415e+01 -9.081094e+00 
2.111340e+01 -8.880253e+00 
2.113978e+01 -8.679426e+00 
2.116336e+01 -8.478586e+00 
2.118421e+01 -8.277615e+00 
2.120211e+01 -8.076568e+00 
2.121662e+01 -7.875521e+00 
2.122764e+01 -7.674498e+00 
2.123524e+01 -7.473474e+00 
2.123947e+01 -7.272416e+00 
2.124028e+01 -7.071288e+00 
2.123747e+01 -6.870167e+00 
2.123095e+01 -6.669059e+00 
2.122074e+01 -6.467965e+00 
2.120690e+01 -6.266885e+00 
2.118944e+01 -6.065821e+00 
2.116841e+01 -5.864771e+00 
2.114384e+01 -5.663738e+00 
2.111576e+01 -5.462721e+00 
2.108419e+01 -5.261721e+00 
2.104918e+01 -5.060738e+00 
2.101075e+01 -4.859774e+00 
2.096892e+01 -4.658828e+00 
2.092374e+01 -4.457900e+00 
2.087521e+01 -4.256903e+00 
2.082315e+01 -4.055639e+00 
2.076662e+01 -3.854348e+00 
2.070518e+01 -3.653133e+00 
2.063901e+01 -3.451981e+00 
2.056818e+01 -3.250629e+00 
2.049272e+01 -3.049187e+00 
2.041140e+01 -2.847797e+00 
2.032419e+01 -2.646460e+00 
2.023114e+01 -2.445179e+00 
2.013229e+01 -2.243954e+00 
2.002771e+01 -2.042785e+00 
1.991747e+01 -1.841673e+00 
1.980165e+01 -1.640617e+00 
1.968033e+01 -1.439611e+00 
1.955339e+01 -1.238451e+00 
1.941922e+01 -1.037122e+00 
1.927703e+01 -8.358617e-01 
1.912677e+01 -6.346703e-01 
1.896833e+01 -4.334285e-01 
1.880157e+01 -2.321070e-01 
1.862543e+01 -3.082853e-02 
1.843884e+01 1.703798e-01 
1.824042e+01 3.716487e-01 
1.803905e+01 5.632871e-01 
1.783780e+01 7.441694e-01 
1.763666e+01 9.158624e-01 
1.743557e+01 1.079664e+00 
1.723421e+01 1.236816e+00 
1.703294e+01 1.385644e+00 
1.683155e+01 1.526130e+00 
1.663020e+01 1.658439e+00 
1.642896e+01 1.783520e+00 
1.622780e+01 1.902329e+00 
1.602668e+01 2.015635e+00 
1.582545e+01 2.123798e+00 
1.562421e+01 2.225950e+00 
1.542305e+01 2.322435e+00 
1.522193e+01 2.413725e+00 
1.502088e+01 2.500221e+00 
1.481985e+01 2.582275e+00 
1.461880e+01 2.660088e+00 
1.441780e+01 2.733049e+00 
1.421678e+01 2.801744e+00 
1.401579e+01 2.866419e+00 
1.381482e+01 2.927252e+00 
1.361384e+01 2.984380e+00 
1.341293e+01 3.037724e+00 
1.321209e+01 3.087622e+00 
1.301131e+01 3.134316e+00 
1.281047e+01 3.178005e+00 
1.260974e+01 3.218596e+00 
1.240909e+01 3.256516e+00 
1.220848e+01 3.291949e+00 
1.200790e+01 3.325053e+00 
1.180734e+01 3.355964e+00 
1.160682e+01 3.384799e+00 
1.140646e+01 3.411797e+00 
1.120602e+01 3.437077e+00 
1.100564e+01 3.460870e+00 
1.080526e+01 3.483098e+00 
1.060492e+01 3.503935e+00 
1.040462e+01 3.523547e+00 
1.020438e+01 3.542082e+00 
1.000416e+01 3.559655e+00 
9.803847e+00 3.575997e+00 
9.603706e+00 3.591520e+00 
9.403546e+00 3.606282e+00 
9.203357e+00 3.620308e+00 
9.003129e+00 3.633618e+00 
8.802923e+00 3.646227e+00 
8.602800e+00 3.658197e+00 
8.402685e+00 3.669549e+00 
8.202569e+00 3.680374e+00 
8.002475e+00 3.690754e+00 
7.802351e+00 3.700758e+00 
7.602250e+00 3.710254e+00 
7.402180e+00 3.719263e+00 
7.202121e+00 3.727945e+00 
7.002081e+00 3.736367e+00 
6.802021e+00 3.744456e+00 
6.601963e+00 3.752306e+00 
6.401914e+00 3.760110e+00 
6.201876e+00 3.767722e+00 
6.001881e+00 3.775150e+00 
5.801868e+00 3.782498e+00 
5.601854e+00 3.789743e+00 
5.401822e+00 3.796777e+00 
5.201771e+00 3.803545e+00 
5.001678e+00 3.810038e+00 
4.801617e+00 3.816416e+00 
4.601713e+00 3.822708e+00 
4.401766e+00 3.829074e+00 
4.201691e+00 3.835460e+00 
4.001654e+00 3.841875e+00 
3.801696e+00 3.848531e+00 
3.601773e+00 3.855093e+00 
3.401677e+00 3.861357e+00 
3.201571e+00 3.867325e+00 
3.001485e+00 3.873002e+00 
2.801412e+00 3.878360e+00 
2.601336e+00 3.883233e+00 
2.401333e+00 3.887857e+00 
2.201340e+00 3.892435e+00 
2.001301e+00 3.896758e+00 
1.801220e+00 3.900848e+00 
1.601152e+00 3.904753e+00 
1.401099e+00 3.908524e+00 
1.201024e+00 3.912203e+00 
1.000986e+00 3.915772e+00 
8.010080e-01 3.919074e+00 
6.009816e-01 3.922188e+00 
4.009186e-01 3.925158e+00 
2.008729e-01 3.927999e+00 
8.302639e-04 3.930726e+00 
-1.992041e-01 3.933352e+00 
-3.992146e-01 3.935803e+00 
-5.992835e-01 3.937991e+00 
-7.993334e-01 3.940053e+00 
-9.993392e-01 3.942079e+00 
-1.199331e+00 3.944155e+00 
-1.399318e+00 3.946336e+00 
-1.599343e+00 3.948297e+00 
-1.799362e+00 3.949941e+00 
-1.999354e+00 3.951428e+00 
-2.199369e+00 3.952858e+00 
-2.399396e+00 3.954294e+00 
-2.599409e+00 3.955763e+00 
-2.799437e+00 3.957212e+00 
-2.999479e+00 3.958585e+00 
-3.199529e+00 3.959828e+00 
-3.399555e+00 3.960843e+00 
-3.599575e+00 3.961725e+00 
-3.799627e+00 3.962382e+00 
-3.999701e+00 3.962760e+00 
-4.199782e+00 3.962860e+00 
-4.399868e+00 3.962679e+00 
-4.599915e+00 3.962185e+00 
-4.799978e+00 3.961296e+00 
-5.000085e+00 3.960000e+00 
-4.999915e+00 3.840000e+00 
